Name,Symbol,Rank,Price(BTC),Price(USD),24HVolume,MarketCap,%Change_1h,%Change_24h,%Change_7d,LastUpdated
Bitcoin,BTC,1,2459.13,1.0,1279990000.0,40252023492.0,16368400.0,16368400.0,-1.09,1.48,15.73,1496463266
Ethereum,ETH,2,224.03,0.0913737,420667000.0,20646704045.0,92160443.0,92160443.0,-0.72,-2.1,46.28,1496463270
Ripple,XRP,3,0.299729,0.00012225,254763000.0,11576041701.0,38621693933.0,99994661895.0,-0.81,-8.88,20.49,1496463249
NEM,XEM,4,0.22488,0.00009172,12132000.0,2023920000.0,8999999999.0,8999999999.0,-1.35,-2.83,37.2,1496463266
Ethereum Classic,ETC,5,17.2026,0.00701633,65462600.0,1586443280.0,92221134.0,92221134.0,-0.98,-1.4,29.56,1496463281
Litecoin,LTC,6,27.3384,0.0111503,328960000.0,1404906225.0,51389482.0,51389482.0,-3.68,-7.77,18.88,1496463248
Dash,DASH,7,146.372,0.0596998,40207400.0,1073529826.0,7334257.0,7334257.0,0.32,4.36,34.34,1496463251
Stratis,STRAT,8,9.12568,0.00372204,60152100.0,898052642.0,98409394.0,98409394.0,-0.91,38.3,228.89,1496463282
Monero,XMR,9,43.8469,0.0178836,8965490.0,638638955.0,14565202.0,14565202.0,-0.97,-0.72,19.9,1496463256
Bytecoin,BCN,10,0.00283264,0.00000116,2202630.0,518294118.0,182972110218,182972110218,-21.56,-6.35,16.23,1496463257
Waves,WAVES,11,4.82096,0.0019663,5633320.0,482096000.0,100000000.0,100000000.0,-1.6,31.67,106.23,1496463278
Golem,GNT,12,0.491865,0.00020066,11393300.0,405725666.0,824872000.0,1000000000.0,-0.43,4.68,47.98,1496462978
Stellar Lumens,XLM,13,0.0402762,0.00001643,15096700.0,389264234.0,9664869916.0,102940435314,-0.73,-2.4,11.4,1496463259
Zcash,ZEC,14,240.955,0.0983,15261100.0,347018873.0,1440181.0,1440181.0,-0.9,-5.48,30.9,1496462978
Dogecoin,DOGE,15,0.00291126,0.00000119,33717100.0,319211490.0,109647193868,109647193868,-2.01,-1.04,34.71,1496463252
Steem,STEEM,16,1.31385,0.00053587,6658100.0,307924735.0,234368257.0,251342351.0,3.31,23.35,49.8,1496463277
Gnosis,GNO,17,253.42,0.103385,1646060.0,279925198.0,1104590.0,10000000.0,-0.43,0.62,37.15,1496462989
Augur,REP,18,25.1557,0.0102601,4980670.0,276712700.0,11000000.0,11000000.0,-0.57,3.02,23.25,1496463271
Siacoin,SC,19,0.0101186,0.00000413,41248300.0,268403856.0,26525789690.0,26525789690.0,-0.74,13.6,60.73,1496463271
DigiByte,DGB,20,0.032813,0.00001338,100645000.0,266016038.0,8107031908.0,8107031908.0,-0.06,39.63,162.15,1496463251
BitShares,BTS,21,0.0863883,0.00003523,21895600.0,224802226.0,2602230000.0,2602230000.0,-3.3,3.33,59.56,1496463259
GameCredits,GAME,22,3.05212,0.00124485,2374060.0,192394535.0,63036360.0,63036360.0,1.06,15.73,33.65,1496463261
MaidSafeCoin,MAID,23,0.399116,0.00016279,3173860.0,180620908.0,452552412.0,452552412.0,0.21,1.01,11.24,1496463256
Basic Attention Token,BAT,24,0.166323,0.00006785,3788170.0,166323000.0,1000000000.0,1500000000.0,-1.82,-2.41,,1496462991
DigixDAO,DGD,25,79.9314,0.0326011,1048510.0,159862800.0,2000000.0,2000000.0,-2.45,-5.05,32.94,1496463277
Decred,DCR,26,31.5311,0.0128604,4173230.0,158564788.0,5028838.0,5448838.0,2.61,25.3,55.79,1496463274
BitConnect,BCC,27,24.2622,0.00989802,1616730.0,156260098.0,6440475.0,6440475.0,-0.31,6.55,59.94,1496462981
Lisk,LSK,28,1.38542,0.00056506,2942380.0,149357073.0,107806350.0,107806350.0,-0.71,1.22,37.87,1496463277
Factom,FCT,29,14.85,0.00605677,2782910.0,129985302.0,8753219.0,8753219.0,-1.9,11.08,31.74,1496463271
Ardor,ARDR,30,0.128449,0.00005239,2606700.0,128320486.0,998999495.0,998999495.0,-4.07,-2.97,40.27,1496463281
SingularDTV,SNGLS,31,0.205448,0.00008380,200288.0,123268800.0,600000000.0,1000000000.0,-0.65,13.32,32.77,1496463284
Byteball,GBYTE,32,649.235,0.264862,716610.0,122889713.0,189284.0,1000000.0,0.9,23.55,134.73,1496462981
Iconomi,ICN,33,1.25019,0.00050991,788276.0,108766530.0,87000000.0,100000000.0,1.33,3.46,21.76,1496463283
Tether,USDT,34,1.02829,0.0004194,48180300.0,107963961.0,104993690.0,124951468.0,0.19,-0.48,-3.25,1496463265
Komodo,KMD,35,0.974749,0.00039766,1557220.0,98396535.0,100945510.0,100945510.0,1.87,75.09,116.45,1496462981
Round,ROUND,36,0.107631,0.00004391,360384.0,91486350.0,850000000.0,1000000000.0,-1.06,-0.3,-11.98,1496462979
PIVX,PIVX,37,1.66564,0.00067936,972622.0,89182196.0,53542299.0,53542299.0,-0.94,-2.82,61.54,1496463274
SysCoin,SYS,38,0.154199,0.00006289,7379540.0,80982981.0,525184866.0,525184866.0,0.39,37.38,48.87,1496463260
FirstBlood,1ST,39,0.893551,0.00036445,5160260.0,76450768.0,85558371.0,93468691.0,-3.03,7.0,67.33,1496463283
Aragon,ANT,40,2.17083,0.00088561,792506.0,72951105.0,33605167.0,39609523.0,-1.62,3.36,19.51,1496462990
iExec RLC,RLC,41,0.887999,0.00036227,888178.0,69326786.0,78070793.0,86999785.0,-0.22,36.8,79.72,1496462988
Nxt,NXT,42,0.0670462,0.00002735,4059660.0,66979153.0,998999983.0,998999983.0,-2.56,7.68,40.67,1496463250
Ubiq,UBQ,43,1.74954,0.00071358,2212350.0,64912882.0,37102828.0,37102828.0,0.31,58.98,229.53,1496463261
AntShares,ANS,44,1.22956,0.00050149,5996530.0,61478000.0,50000000.0,100000000.0,-5.21,-8.76,63.24,1496463285
BitcoinDark,BTCD,45,41.1221,0.0167722,1457200.0,53000720.0,1288862.0,1288862.0,-6.85,65.71,109.95,1496463259
ReddCoin,RDD,46,0.00174006,0.00000071,3225740.0,49636891.0,28525965363.0,28525965363.0,-0.21,45.47,57.46,1496463251
Wings,WINGS,47,0.521085,0.00021258,1576230.0,46745667.0,89708333.0,100000000.0,1.35,18.57,105.31,1496462980
Peercoin,PPC,48,1.68899,0.00068888,1491870.0,40748451.0,24125928.0,24125928.0,-1.38,4.43,19.2,1496463247
Ark,ARK,49,0.40707,0.00016607,771358.0,38804251.0,95325744.0,126575744.0,1.81,31.43,68.37,1496462985
Lykke,LKK,50,0.273582,0.00011161,501676.0,37615466.0,137492474.0,1285690000.0,-0.55,5.18,12.89,1496462978
Emercoin,EMC,51,0.855434,0.0003489,898850.0,34355403.0,40161372.0,40161372.0,-1.72,-6.51,27.86,1496463260
Storjcoin X,SJCX,52,0.668019,0.00027246,420657.0,34184632.0,51173144.0,500000000.0,-0.7,5.86,35.85,1496463260
Melon,MLN,53,56.9881,0.0232489,288267.0,34158667.0,599400.0,749400.0,-0.52,3.04,1.33,1496462983
Omni,OMNI,54,60.1303,0.024525,9172020.0,33612160.0,558989.0,615305.0,4.26,20.16,264.13,1496463250
Xaurum,XAUR,55,0.26663,0.00010875,313065.0,30316979.0,113704305.0,113704305.0,1.25,7.37,30.31,1496463266
Counterparty,XCP,56,11.0669,0.00451381,539823.0,28981341.0,2618741.0,2618741.0,-0.93,-0.8,20.07,1496463252
Blocknet,BLOCK,57,7.03653,0.00286995,216898.0,27516466.0,3910516.0,3910516.0,4.15,14.23,134.69,1496463263
WeTrust,TRST,58,0.291042,0.00011873,431674.0,26818793.0,92147500.0,100000000.0,3.13,24.61,28.95,1496462988
Namecoin,NMC,59,1.81747,0.00074128,766337.0,26782965.0,14736400.0,14736400.0,0.24,4.91,23.7,1496463247
Gulden,NLG,60,0.0764852,0.00003120,133449.0,26509078.0,346590945.0,448611100.0,-0.47,4.61,19.87,1496463254
Nexus,NXS,61,0.514671,0.00020992,68513.2,25666583.0,49869883.0,49869883.0,0.96,0.37,18.18,1496463264
Synereo,AMP,62,0.308549,0.00012585,553022.0,25380107.0,82256324.0,949291063.0,-0.2,10.02,45.4,1496463272
Verge,XVG,63,0.00171577,0.00000070,3680660.0,23007570.0,13409472280.0,13409472280.0,-0.89,51.39,90.39,1496463262
Burst,BURST,64,0.0127544,0.00000520,4136340.0,22710746.0,1780620482.0,1780620482.0,1.44,11.05,53.79,1496463261
XtraBYtes,XBY,65,0.0348692,0.00001423,904978.0,22664980.0,650000000.0,650000000.0,9.84,29.83,505.81,1496462987
SuperNET,UNITY,66,26.8189,0.0109385,31569.0,21885858.0,816061.0,816061.0,30.8,101.25,401.06,1496463262
Edgeless,EDG,67,0.269978,0.00011014,469978.0,21445011.0,79432438.0,132046997.0,4.1,11.08,16.99,1496462986
Matchpool,GUP,68,0.284692,0.00011614,319673.0,21351900.0,75000000.0,98855150.0,-1.78,5.21,26.16,1496462986
EarthCoin,EAC,69,0.00228244,0.00000093,5971430.0,21332753.0,9346468332.0,9346468332.0,-3.23,-5.83,42.08,1496463253
YbCoin,YBC,70,6.84495,0.00279181,2898630.0,20673622.0,3020274.0,3020274.0,-4.85,-5.61,28.21,1496463250
NAV Coin,NAV,71,0.331011,0.00013501,1264330.0,20301986.0,61333267.0,61333267.0,0.94,11.18,20.36,1496463257
BitBay,BAY,72,0.0193277,0.00000788,77747.6,19473134.0,1007524662.0,1007524662.0,-0.33,7.14,27.81,1496463263
Shift,SHIFT,73,1.78256,0.00072704,476061.0,19309997.0,10832733.0,10832733.0,5.03,66.07,240.93,1496463270
Humaniq,HMQ,74,0.154668,0.00006310,906194.0,19230601.0,124334708.0,184190414.0,-0.37,28.12,-4.31,1496462989
TokenCard,TKN,75,0.804223,0.00032809,322436.0,19015094.0,23644056.0,39406760.0,0.55,-4.08,-11.53,1496462989
OBITS,OBITS,76,1.28556,0.00052433,631505.0,18960598.0,14748902.0,16443700.0,-0.42,17.66,56.07,1496463272
BCAP,BCAP,77,1.86834,0.00076221,181174.0,18683400.0,10000000.0,10000000.0,-0.18,6.37,-6.97,1496462989
E-Dinar Coin,EDR,78,0.0282481,0.00001152,472785.0,18661677.0,660634755.0,785634755.0,-0.96,-10.19,22.68,1496463284
PotCoin,POT,79,0.0850622,0.00003469,664341.0,18454200.0,216949476.0,216949476.0,0.04,-0.12,8.5,1496463251
BlackCoin,BLK,80,0.240489,0.00009809,1110090.0,18318072.0,76170101.0,76170101.0,-5.07,-5.83,55.69,1496463254
Bankcoin,B@,81,4.09999,0.00167263,10735.4,17486785.0,4265080.0,25000000.0,-0.9,18.75,63.62,1496462985
Swarm City,SWT,82,2.63192,0.00107372,58398.7,17482858.0,6642625.0,6642625.0,8.75,14.51,5.66,1496462983
Nexium,NXC,83,0.260102,0.00010611,1128780.0,17302398.0,66521586.0,66521586.0,-0.01,-2.6,63.39,1496462979
Expanse,EXP,84,2.38673,0.00097346,465363.0,17297124.0,7247206.0,16247206.0,0.11,-0.95,27.36,1496463271
Agoras Tokens,AGRS,85,0.39827,0.00016244,31340.3,16727340.0,42000000.0,42000000.0,-0.86,8.25,32.77,1496463270
TaaS,TAAS,86,2.01936,0.00082382,219577.0,16449708.0,8146001.0,8146001.0,0.93,11.91,48.41,1496462986
Infinitecoin,IFC,87,0.000179658,0.00000007,2635060.0,16276346.0,90596274910.0,90596274910.0,-1.47,-3.28,48.8,1496463248
LBRY Credits,LBC,88,0.234256,0.00009554,894374.0,16052281.0,68524524.0,466424524.0,-1.14,8.37,39.43,1496463280
Unity Ingot,UNY,89,0.079156,0.00003229,126761.0,15989512.0,202000000.0,10000000000.0,-1.55,-2.39,86.11,1496462989
Chronobank,TIME,90,22.4753,0.00916903,502864.0,15959998.0,710113.0,710113.0,0.47,16.35,32.82,1496462983
GridCoin,GRC,91,0.0396016,0.00001615,294562.0,15457010.0,390312753.0,390312753.0,-0.89,6.57,44.8,1496463266
ZCoin,XZC,92,6.87323,0.00280334,974087.0,15380112.0,2237683.0,2237683.0,-2.75,-8.89,39.78,1496463284
Waves Community Token,WCT,93,3.00304,0.00122512,154712.0,15015200.0,5000000.0,10000000.0,4.36,17.27,73.38,1496462982
I/O Coin,IOC,94,0.916444,0.00037379,49680.9,14971447.0,16336456.0,16336456.0,2.89,9.18,25.0,1496463260
Radium,RADS,95,4.56117,0.00186034,393192.0,14811618.0,3247329.0,3247329.0,0.41,11.68,56.01,1496463273
Vertcoin,VTC,96,0.394831,0.00016104,580602.0,13203753.0,33441531.0,33441531.0,0.7,8.49,43.26,1496463250
E-coin,ECN,97,4.6744,0.00190697,122526.0,13063950.0,2794787.0,211083679.0,-0.2,1.41,15.72,1496462986
Golos,GOLOS,98,0.106101,0.00004329,56569.7,13060843.0,123098209.0,123098209.0,-2.09,13.03,87.47,1496462979
MonaCoin,MONA,99,0.253154,0.00010325,31743.2,12802390.0,50571550.0,50571550.0,-3.03,-7.07,18.1,1496463254
Pepe Cash,PEPECASH,100,0.0180917,0.00000738,42799.7,12698275.0,701884009.0,701884009.0,-9.01,-17.29,-9.03,1496463283
DigitalNote,XDN,101,0.00181433,0.00000074,2522500.0,12485421.0,6881560019.0,6881560019.0,-1.47,13.99,34.76,1496463258
Etheroll,DICE,102,1.77881,0.00072568,61881.4,12454556.0,7001623.0,7001623.0,-0.44,-4.38,4.66,1496462990
LuckChain,BASH,103,0.0163899,0.00000669,855169.0,11867395.0,724067581.0,724067581.0,-2.2,19.07,107.33,1496462980
MergeCoin,MGC,104,0.114636,0.00004677,3077990.0,11342059.0,98939770.0,103939770.0,-5.95,-0.85,24.47,1496462988
Clams,CLAM,105,4.86184,0.00198297,730979.0,11197291.0,2303097.0,16208463.0,-4.46,3.91,20.43,1496463258
Mooncoin,MOON,106,0.0000501968,0.00000002,117727.0,11141075.0,221947918437,221947918437,-16.6,22.09,8.82,1496463250
Bitcrystals,BCY,107,0.450623,0.00018379,367635.0,10495650.0,23291422.0,23291422.0,-2.37,13.13,27.63,1496463270
Pluton,PLU,108,12.3401,0.0050331,121722.0,10489079.0,850000.0,20000000.0,0.17,-6.88,55.28,1496463283
FlorinCoin,FLO,109,0.0775759,0.00003164,340760.0,10396590.0,134018299.0,134018299.0,1.75,7.62,34.5,1496463249
Bitland,CADASTRAL,110,0.341229,0.00013918,16209.5,10236870.0,30000000.0,30000000.0,0.49,-13.37,35.98,1496463280
Viacoin,VIA,111,0.444241,0.00018119,328945.0,10061080.0,22647798.0,22647798.0,0.96,8.78,23.37,1496463259
DNotes,NOTE,112,0.0806687,0.00003290,469539.0,9993635.0,123884910.0,123884910.0,-3.89,21.0,66.2,1496463253
Blitzcash,BLITZ,113,2.42481,0.000989,402399.0,9855010.0,4064240.0,4064240.0,9.53,92.2,652.9,1496463263
Energycoin,ENRG,114,0.0794382,0.00003240,8929.61,9607529.0,120943437.0,120943437.0,-0.9,8.98,36.46,1496463257
HEAT,HEAT,115,0.351415,0.00014333,36266.8,9267455.0,26371824.0,26371824.0,-0.01,3.04,7.22,1496463280
vSlice,VSL,116,0.275709,0.00011248,133873.0,9206060.0,33390496.0,33390496.0,-0.95,2.6,4.61,1496462980
Skycoin,SKY,117,1.66445,0.00067903,29403.0,9097552.0,5465801.0,100000000.0,-3.22,21.11,-4.75,1496462986
Crown,CRW,118,0.64834,0.00026443,20126.3,8990330.0,13866690.0,13866690.0,4.84,12.68,5.85,1496463264
Primecoin,XPM,119,0.464807,0.00018958,4909540.0,8987258.0,19335462.0,19335462.0,0.11,11.27,56.11,1496463248
Rubycoin,RBY,120,0.364368,0.00014861,30141.8,8889031.0,24395750.0,24395750.0,-0.9,1.34,16.98,1496463254
VeriCoin,VRC,121,0.284692,0.00011612,537462.0,8601194.0,30212277.0,30212277.0,0.09,-2.18,17.83,1496463256
Creditbit,CRB,122,0.723909,0.00029526,920936.0,8595943.0,11874342.0,11874342.0,17.63,22.58,14.3,1496463273
Pascal Coin,PASC,123,0.856326,0.00034935,217729.0,8583384.0,10023500.0,10023500.0,2.46,10.91,31.27,1496462979
FedoraCoin,TIPS,124,0.0000190330,0.000000008,54774.8,8434820.0,443168182458,443168182458,1.03,-6.64,13.24,1496463250
NeosCoin,NEOS,125,2.48647,0.00101414,586103.0,8324418.0,3347886.0,3347886.0,0.02,4.69,23.23,1496463260
SolarCoin,SLR,126,0.23438,0.00009560,107995.0,8241918.0,35164765.0,98034181496.0,-2.23,6.95,23.38,1496463255
ION,ION,127,0.593357,0.00024201,64741.5,8169189.0,13767747.0,19667747.0,-7.02,66.91,45.55,1496463279
SaluS,SLS,128,7.55161,0.00308003,24965.2,7577700.0,1003455.0,1003455.0,-2.91,-7.74,81.49,1496463275
BelaCoin,BELA,129,0.216266,0.00008821,493682.0,7565233.0,34981150.0,34981150.0,-2.63,4.61,19.42,1496463254
Bitcoin Plus,XBC,130,77.7977,0.0317309,199382.0,7541414.0,96936.0,96936.0,-2.53,7.15,18.1,1496463255
Incent,INCNT,131,0.322867,0.00013172,164236.0,7428625.0,23008312.0,46016625.0,-0.31,11.51,59.08,1496462979
Einsteinium,EMC2,132,0.0351033,0.00001432,423195.0,7419616.0,211365194.0,211365194.0,0.63,10.2,20.31,1496463253
VPNCoin,VASH,133,0.0183561,0.00000749,1802260.0,7348676.0,400339746.0,400339746.0,-4.39,-6.39,28.89,1496463263
Global Currency Reserve,GCR,134,0.067278,0.00002744,32342.6,6909035.0,102693830.0,102693830.0,-1.19,2.56,12.18,1496463270
Asch,XAS,135,0.0901278,0.00003677,57835.5,6759585.0,75000000.0,100000000.0,-0.78,-0.09,43.04,1496462987
Lunyr,LUN,136,2.91465,0.00118906,161518.0,6697437.0,2297853.0,2703356.0,0.42,4.68,6.21,1496462989
Feathercoin,FTC,137,0.0402526,0.00001642,118066.0,6597280.0,163897000.0,163897000.0,0.81,4.05,43.48,1496463247
PinkCoin,PINK,138,0.0204889,0.00000836,2227920.0,6577551.0,321029950.0,371029950.0,0.69,33.3,49.22,1496463257
Novacoin,NVC,139,3.76799,0.00153683,62980.9,6542322.0,1736290.0,1736290.0,-0.38,0.89,-0.17,1496463247
Aeon,AEON,140,0.450911,0.00018391,25472.4,6418246.0,14233952.0,14233952.0,1.71,-2.71,5.26,1496463269
MonetaryUnit,MUE,141,0.0527351,0.00002151,103055.0,6411607.0,121581400.0,121581400.0,-4.3,22.83,38.14,1496463263
FirstCoin,FRST,142,2.00541,0.00081813,128800.0,6390910.0,3186835.0,110000000.0,-0.97,13.79,24.06,1496462981
Safe Exchange Coin,SAFEX,143,0.00294276,0.00000120,33073.1,6319529.0,2147483647.0,2147483647.0,0.57,10.52,32.15,1496463274
ZClassic,ZCL,144,4.11791,0.00167994,323206.0,6101250.0,1481638.0,1481638.0,-0.88,-6.44,49.64,1496462978
WorldCoin,WDC,145,0.0508686,0.00002075,367056.0,5829844.0,114605955.0,114605955.0,-9.19,3.32,55.27,1496463248
SIBCoin,SIB,146,0.391148,0.00015954,31266.9,5733246.0,14657486.0,14657486.0,-0.83,-2.92,34.85,1496463272
RouletteToken,RLT,147,0.549212,0.00022406,143284.0,5542768.0,10092219.0,10092942.0,-9.55,19.51,16.65,1496462990
Darcrus,DAR,148,0.406535,0.00016585,42642.0,5538536.0,13623762.0,13623762.0,-3.62,21.66,49.82,1496462981
FoldingCoin,FLDC,149,0.0111537,0.00000455,458337.0,5462435.0,489741985.0,1000000000.0,2.37,7.76,31.59,1496463261
Janus,JNS,150,0.258523,0.00010547,5340.9,5460546.0,21122091.0,25201489.0,-0.82,8.21,19.12,1496462981
Gambit,GAM,151,4.54026,0.00185181,43260.6,5376379.0,1184157.0,1184157.0,-1.05,-4.53,18.16,1496463267
Auroracoin,AUR,152,0.607735,0.00024787,11036.0,5261854.0,8658139.0,8658139.0,-0.8,3.22,15.13,1496463252
Rise,RISE,153,0.0483054,0.00001970,267378.0,5187382.0,107387215.0,107387215.0,-1.47,90.32,152.15,1496463280
Vcash,XVC,154,0.331465,0.00013519,216001.0,5055527.0,15252068.0,15252068.0,1.39,9.1,14.64,1496463266
APX,APX,155,5.39268,0.0022,389540.0,4853412.0,900000.0,1000000.0,9.8,24.37,34.31,1496462991
Ethereum Movie Venture,EMV,156,0.704246,0.0002873,5041.3,4694973.0,6666666.0,6666666.0,-0.44,49.45,32.89,1496462987
OKCash,OK,157,0.0650982,0.00002655,122815.0,4660031.0,71584644.0,71584644.0,-0.36,-0.88,152.18,1496463264
Sphere,SPHR,158,1.49864,0.00061124,15953.9,4620218.0,3082940.0,3082940.0,-0.9,10.16,140.97,1496463267
FairCoin,FAIR,159,0.0829443,0.00003383,4365.6,4404839.0,53105992.0,53105992.0,2.24,0.87,36.94,1496463254
ICO OpenLedger,ICOO,160,9.28655,0.00378765,12892.8,4381347.0,471795.0,471795.0,-1.98,17.98,70.52,1496463279
Bitmark,BTM,161,1.09522,0.0004467,185102.0,4272650.0,3901180.0,3901180.0,2.3,11.0,25.76,1496463259
bitCNY,BITCNY,162,0.141515,0.00005772,507700.0,4240129.0,29962400.0,29962400.0,1.06,2.28,-0.18,1496463261
CloakCoin,CLOAK,163,0.836375,0.00034113,26407.5,4185002.0,5003738.0,5003738.0,-2.72,-2.3,35.33,1496463257
LoMoCoin,LMC,164,0.0198444,0.00000809,446192.0,4138852.0,208565239.0,293565239.0,-2.88,2.69,24.15,1496463282
SpreadCoin,SPR,165,0.501248,0.00020444,48306.1,4079316.0,8138319.0,8138319.0,-5.53,8.59,56.56,1496463263
Unobtanium,UNO,166,20.4596,0.00834474,87231.9,4045386.0,197726.0,197726.0,2.08,5.41,7.37,1496463250
NautilusCoin,NAUT,167,0.24879,0.00010147,371194.0,4025422.0,16180000.0,16180000.0,0.09,-0.59,24.44,1496463256
ArtByte,ABY,168,0.00518552,0.00000211,147496.0,4008463.0,773010850.0,773010850.0,-1.16,-1.94,65.54,1496463258
Minereum,MNE,169,9.75383,0.00397918,319014.0,3936258.0,403560.0,403560.0,-3.21,13.41,345.08,1496462989
Quark,QRK,170,0.01569,0.00000640,199210.0,3924085.0,250101047.0,250101047.0,-19.3,11.26,38.18,1496463249
BitSend,BSD,171,0.242908,0.00009907,41945.4,3707195.0,15261725.0,15261725.0,-11.68,26.82,58.64,1496463257
Riecoin,RIC,172,0.106288,0.00004335,644190.0,3636753.0,34216025.0,34216025.0,-4.5,2.71,61.55,1496463253
PoSW Coin,POSW,173,0.0885272,0.00003612,72053.2,3629615.0,41000000.0,70000000.0,-2.04,21.3,79.1,1496462980
Circuits of Value,COVAL,174,0.00904713,0.00000369,118695.0,3618852.0,400000000.0,1200000000.0,-3.64,11.69,21.29,1496463264
HunterCoin,HUC,175,0.203554,0.00008302,6149600.0,3593009.0,17651380.0,17651380.0,-2.11,71.58,112.04,1496463252
DubaiCoin,DBIX,176,4.0741,0.00166207,32185.9,3545195.0,870179.0,870179.0,-1.79,-12.19,59.77,1496462986
Wild Beast Block,WBB,177,1.48347,0.00060505,16696.4,3449929.0,2325581.0,2325581.0,0.65,16.22,-1.6,1496463265
BitBean,BITB,178,0.00171025,0.00000070,198757.0,3351524.0,1959669000.0,1959669000.0,3.03,30.27,29.81,1496463265
Musicoin,MUSIC,179,0.018772,0.00000766,97177.5,3242732.0,172743018.0,172743018.0,4.54,9.61,31.71,1496462986
Zennies,ZENI,180,0.00323498,0.00000132,5673.09,3237183.0,1000680851.0,1000680851.0,-0.92,2.48,15.92,1496462987
Ethbits,ETB,181,2.34054,0.00095485,3345.19,3152674.0,1346986.0,1634691.0,2.49,131.37,,1496462991
Diamond,DMD,182,1.47125,0.00060007,7518.55,3126362.0,2124970.0,2124970.0,-5.61,2.13,9.86,1496463250
Myriad,XMY,183,0.0020849,0.00000085,171145.0,3098715.0,1486265750.0,1486265750.0,11.26,36.58,-0.13,1496463253
Zetacoin,ZET,184,0.0178217,0.00000727,276250.0,2961248.0,166159659.0,166159659.0,-0.52,2.43,76.29,1496463249
Megacoin,MEC,185,0.0895074,0.00003651,556823.0,2943581.0,32886450.0,32886450.0,-10.49,0.33,25.53,1496463248
Curecoin,CURE,186,0.123656,0.00005043,17609.4,2931687.0,23708411.0,23708411.0,3.21,4.45,10.53,1496463256
RaiBlocks,XRB,187,0.0370399,0.00001511,41827.5,2785850.0,75212127.0,340282367.0,2.55,8.22,62.32,1496462984
InstantDEX,DEX,188,2.68794,0.00109631,3357.24,2687940.0,1000000.0,1000000.0,-1.98,12.64,,1496463261
Atmos,ATMS,189,0.0264226,0.00001078,139224.0,2644217.0,100074082.0,110074082.0,-3.23,8.37,24.99,1496462987
Steem Dollars,SBD,190,1.81789,0.00074145,262360.0,2593060.0,1426412.0,1426412.0,0.11,10.67,32.71,1496463281
Bata,BTA,191,0.523185,0.00021339,63864.5,2590542.0,4951484.0,4951484.0,-5.68,28.58,93.13,1496463267
ZcCoin,ZCC,192,0.0411936,0.00001680,1920860.0,2539876.0,61657044.0,61657044.0,-3.79,7.6,43.85,1496463260
Zeitcoin,ZEIT,193,0.0000691737,0.00000003,10718.2,2512980.0,36328541387.0,36328541387.0,0.5,2.1,49.26,1496463255
Cryptonite,XCN,194,0.00734784,0.00000300,726342.0,2410470.0,328051564.0,328051564.0,-10.19,-0.65,33.33,1496463259
Spectrecoin,XSPEC,195,0.118018,0.00004815,162636.0,2407306.0,20397785.0,20397785.0,-0.78,-0.74,9.19,1496462980
Mintcoin,MINT,196,0.0000983456,0.00000004,15992.9,2394637.0,24349203463.0,24349203463.0,-1.25,6.44,17.55,1496463254
Veros,VRS,197,0.027347,0.00001116,93368.9,2337811.0,85486938.0,10000000000.0,-0.56,-3.23,9.43,1496462978
Breakout Stake,BRX,198,0.370663,0.00015118,16041.3,2323346.0,6268082.0,6268082.0,-0.9,16.77,71.7,1496463280
Adzcoin,ADZ,199,0.0420188,0.00001714,14622.3,2304644.0,54847920.0,54847920.0,-6.55,9.03,23.07,1496463273
bitUSD,BITUSD,200,1.01347,0.00041336,289969.0,2252609.0,2222670.0,2222670.0,-0.11,1.97,-0.18,1496463261
BlockPay,BLOCKPAY,201,0.405416,0.00016536,23233.7,2200720.0,5428300.0,98928316.0,2.87,20.89,80.73,1496463282
Digitalcoin,DGC,202,0.0634639,0.00002588,225187.0,2182510.0,34389793.0,34389793.0,-6.34,-4.91,37.02,1496463248
BoostCoin,BOST,203,0.181705,0.00007411,146499.0,2154201.0,11855487.0,11855487.0,-5.36,-2.76,43.22,1496463257
Groestlcoin,GRS,204,0.031624,0.00001290,9684.97,2138548.0,67624212.0,67624212.0,4.36,-0.45,22.22,1496463255
FUNCoin,FUNC,205,0.366817,0.00014965,36587.9,2119069.0,5776909.0,100000000.0,-0.51,2.52,43.46,1496462989
iCash,ICASH,206,0.00958449,0.00000391,13898.3,2117784.0,220959445.0,220959445.0,-0.9,5.35,15.15,1496463266
MaxCoin,MAX,207,0.0372695,0.00001520,217935.0,2029051.0,54442678.0,54442678.0,-3.18,4.79,81.29,1496463252
Project Decorum,PDC,208,0.0381254,0.00001555,2659.05,1906270.0,50000000.0,50000000.0,-1.03,0.7,8.73,1496463278
Tickets,TIX,209,0.0000272585,0.00000001,35026.4,1822947.0,66876281414.0,66876281414.0,-1.37,-2.58,27.53,1496463254
GoldCoin,GLD,210,0.0451913,0.00001843,20834.6,1819209.0,40255732.0,40255732.0,2.16,-7.29,2.15,1496463248
Espers,ESP,211,0.0000901383,0.00000004,6616.46,1814410.0,20129179839.0,20129179839.0,-14.83,-22.55,-20.48,1496463278
TransferCoin,TX,212,0.300804,0.00012269,7745.1,1797258.0,5974847.0,5974847.0,-2.24,-2.95,-14.95,1496463270
CryptoCarbon,CCRB,213,0.478293,0.00019513,18420.3,1703733.0,3562111.0,10000150.0,-0.91,7.8,36.88,1496462981
DeepWebCash,DWC,214,1.18661,0.00048409,17809.9,1589212.0,1339288.0,1339288.0,0.49,-7.46,-19.16,1496462980
Startcoin,START,215,0.0342027,0.00001395,50317.2,1541850.0,45079785.0,70782220.0,-1.11,7.73,-13.32,1496463258
Anoncoin,ANC,216,0.723582,0.00029512,225255.0,1526987.0,2110317.0,2110317.0,-18.08,59.34,67.97,1496463249
Bitswift,SWIFT,217,0.375517,0.00015316,11584.2,1524944.0,4060920.0,4060920.0,-6.76,28.2,123.56,1496463262
vTorrent,VTR,218,0.140022,0.00005711,12136.8,1514473.0,10815966.0,10815966.0,-0.9,-8.25,57.66,1496463264
Sequence,SEQ,219,0.0337122,0.00001375,2817.22,1507014.0,44702348.0,44702348.0,-0.47,5.38,43.4,1496463283
Boolberry,XBB,220,0.157377,0.00006419,7462.55,1500193.0,9532480.0,9532480.0,-0.36,13.56,10.69,1496463258
Qwark,QWARK,221,0.0849057,0.00003463,49158.9,1499375.0,17659296.0,250377576.0,-1.94,46.06,117.14,1496463277
2GIVE,2GIVE,222,0.00291653,0.00000119,15208.3,1496180.0,512999896.0,512999896.0,-0.09,10.33,-17.09,1496463278
Breakout,BRK,223,0.0820861,0.00003348,7595.57,1470706.0,17916627.0,17916627.0,-0.54,13.39,25.64,1496463279
Visio,VISIO,224,0.0285195,0.00001163,4595.04,1443169.0,50602874.0,62602874.0,-0.91,11.19,3.55,1496462985
Voxels,VOX,225,0.0453365,0.00001849,541715.0,1428100.0,31500000.0,210000000.0,-3.3,32.32,79.9,1496463277
Pangea Poker,PANGEA,226,1.41152,0.00057571,859.9,1410606.0,999352.0,1000000.0,-1.98,51.82,105.15,1496463264
EB3 Coin,EB3,227,0.294171,0.00012001,39531.9,1378585.0,4686339.0,786000000.0,-0.91,4.3,15.14,1496462986
EuropeCoin,ERC,228,0.13529,0.00005518,1043.9,1332818.0,9851565.0,9851565.0,-0.9,3.11,26.41,1496463268
CacheCoin,CACH,229,0.367769,0.00015,35322.5,1325729.0,3604787.0,3604787.0,-21.76,351.87,,1496463252
Renos,RNS,230,0.0378233,0.00001543,659290.0,1261497.0,33352385.0,33352385.0,0.7,1.45,157.77,1496462983
Stealthcoin,XST,231,0.0474422,0.00001935,3465.65,1242026.0,26179770.0,26179770.0,10.78,5.64,23.36,1496463258
Creativecoin,CREA,232,0.111743,0.00004559,6715.34,1179982.0,10559781.0,12271509.0,1.92,8.06,11.87,1496462990
Dynamic,DYN,233,0.709211,0.00028933,5768.2,1146671.0,1616826.0,4370730.0,-4.17,6.57,22.22,1496462985
ChainCoin,CHC,234,0.0757656,0.00003090,9451.91,1112810.0,14687539.0,14687539.0,-1.65,-14.19,-6.01,1496463268
Inpay,INPAY,235,0.109754,0.00004478,19465.1,1097540.0,10000000.0,10000000.0,-0.46,-4.31,-13.33,1496462987
MediterraneanCoin,MED,236,0.0220662,0.00000900,205641.0,1096836.0,49706598.0,49706598.0,-22.27,29.92,81.0,1496463262
VeriumReserve,VRM,237,0.98005,0.00039973,99613.5,1092204.0,1114437.0,1114437.0,-3.41,20.19,24.56,1496463282
HTMLCOIN,HTML5,238,0.0000263548,0.00000001,3379.4,1071560.0,40659020000.0,40659020000.0,-0.46,25.09,31.56,1496463261
WhiteCoin,XWC,239,0.00426612,0.00000174,15860.5,1058241.0,248057063.0,248057063.0,-0.9,3.07,66.84,1496463255
Ixcoin,IXC,240,0.0503927,0.00002055,1595.34,1058201.0,20999088.0,20999088.0,-1.77,-22.74,0.48,1496463252
TagCoin,TAG,241,0.190824,0.00007783,216057.0,1048193.0,5492984.0,5492984.0,-10.03,-6.6,16.59,1496463249
Yocoin,YOC,242,0.00990075,0.00000404,54462.1,1045706.0,105618830.0,200000000.0,-2.13,-3.65,27.46,1496463274
SecureCoin,SRC,243,0.130054,0.00005304,184675.0,1012587.0,7785896.0,7785896.0,-8.09,-3.8,19.51,1496463249
Triggers,TRIG,244,0.031383,0.00001280,4701.65,1007570.0,32105593.0,100000000.0,-0.9,1.92,3.57,1496463285
Mercury,MER,245,0.00991923,0.00000405,1740.86,991923.0,100000000.0,100000000.0,-0.83,2.94,-6.13,1496462985
DopeCoin,DOPE,246,0.00890002,0.00000363,23288.3,988664.0,111085648.0,111085648.0,-0.07,16.1,6.39,1496463252
CannabisCoin,CANN,247,0.0127192,0.00000519,55808.0,982319.0,77231176.0,91859176.0,-0.9,1.58,63.38,1496463259
DIBCOIN,DIBC,248,0.194389,0.00007930,4328.52,971945.0,5000000.0,5000000000.0,-0.63,7.14,32.43,1496462986
PepeCoin,PEPE,249,0.0704885,0.00002875,21255.5,971481.0,13782124.0,13782124.0,4.41,2.28,47.67,1496463275
AudioCoin,ADC,250,0.00122248,0.00000050,3413.36,969669.0,793198644.0,793198644.0,-2.1,-2.67,-2.76,1496463267
LiteDoge,LDOGE,251,0.0000653941,0.00000003,8634.57,966186.0,14774814159.0,14774814159.0,-16.05,-8.98,-40.28,1496463265
PutinCoin,PUT,252,0.00465751,0.00000190,4375.27,933447.0,200417616.0,200417616.0,4.48,11.41,40.51,1496463279
HiCoin,XHI,253,0.004892,0.00000200,122604.0,928159.0,189729990.0,10189729990.0,1.43,1.53,3.65,1496463278
Hacker Gold,HKG,254,0.057048,0.00002327,2121.81,919094.0,16110893.0,16110893.0,-1.28,1.87,2.74,1496462979
Syndicate,SYNX,255,0.0797888,0.00003254,11207.2,899129.0,11268860.0,11268860.0,-2.57,-14.07,78.71,1496463281
ArcticCoin,ARC,256,0.0383732,0.00001565,9871.79,896538.0,23363649.0,23363649.0,-0.18,16.59,-13.3,1496463284
BlueCoin,BLU,257,0.00152331,0.00000062,1924.35,875421.0,574683675.0,574683675.0,5.69,-0.27,246.76,1496463255
Pesetacoin,PTC,258,0.00647891,0.00000264,2038.15,845852.0,130554669.0,130554669.0,-0.88,11.39,11.17,1496463252
EverGreenCoin,EGC,259,0.063329,0.00002583,10412.7,843625.0,13321301.0,13321301.0,1.97,-1.53,13.3,1496463274
Woodcoin,LOG,260,0.104005,0.00004242,580.364,835700.0,8035193.0,8035193.0,-0.9,1.42,10.78,1496463266
Hush,HUSH,261,0.737984,0.00030107,38050.1,812437.0,1100888.0,1222363.0,2.32,1.58,65.78,1496462979
Centurion,CNT,262,0.0308974,0.00001260,30822.0,798706.0,25850279.0,63389078.0,-0.82,-4.25,8.64,1496462983
GeoCoin,GEO,263,0.321267,0.00013103,4028.37,788736.0,2455079.0,2455079.0,4.31,13.46,48.94,1496463265
Unitus,UIS,264,0.0168574,0.00000688,22526.7,788688.0,46785866.0,46785866.0,0.5,-4.27,-4.51,1496463264
ShadowCash,SDC,265,0.117842,0.00004806,524.198,785692.0,6667338.0,6667338.0,-3.05,-4.12,-5.28,1496463260
e-Gulden,EFL,266,0.0498436,0.00002033,1702.38,764909.0,15346180.0,20385520.0,-2.61,2.73,-31.06,1496463254
ExclusiveCoin,EXCL,267,0.18386,0.00007499,5815.66,751848.0,4089240.0,4089240.0,-0.91,12.51,12.01,1496463262
HempCoin,THC,268,0.00343232,0.00000140,16816.3,727045.0,211823061.0,211823061.0,-0.9,10.12,-0.19,1496463259
ProCurrency,PROC,269,0.25546,0.00010422,1264.83,719172.0,2815205.0,15000053805.0,-0.91,0.6,10.46,1496462989
Tokes,TKS,270,1.10557,0.00045103,9455.97,715994.0,647624.0,50000000.0,-0.91,6.38,24.65,1496462986
Ripto Bux,RBX,271,0.0020848,0.00000085,3006.19,713210.0,342100100.0,1000000000.0,-0.91,-2.87,22.03,1496462986
Version,V,272,0.0016178,0.00000066,558.825,707772.0,437490200.0,437490200.0,-0.91,-7.04,,1496462992
Fantomcoin,FCN,273,0.120138,0.00004900,3564.39,704474.0,5863874.0,5863874.0,-2.88,-5.94,15.05,1496463258
Altcoin,ALT,274,5.4541,0.00222506,2032.42,666356.0,122175.0,134063.0,-0.37,1.19,63.82,1496462988
Synergy,SNRG,275,0.239027,0.00009749,1010.24,663770.0,2776965.0,2776965.0,-0.9,2.79,35.66,1496463268
Tao,XTO,276,0.021244,0.00000866,601.541,644060.0,30317257.0,32317257.0,-10.2,17.18,18.01,1496463282
DT Token,DRACO,277,0.00695527,0.00000284,83140.7,618246.0,88888888.0,88888888.0,2.33,17.56,72.98,1496463280
TrustPlus,TRUST,278,0.0182414,0.00000744,1326.73,585304.0,32086595.0,32086595.0,-0.9,3.84,32.11,1496463258
Moin,MOIN,279,0.0837958,0.00003418,1710.17,582425.0,6950527.0,6950527.0,0.13,-1.75,50.66,1496463274
1337,1337,280,0.0000249069,0.00000001,5817.72,569026.0,22846117122.0,22846117122.0,0.57,12.84,69.01,1496463272
BTSR,BTSR,281,0.171573,0.00006998,18312.9,568047.0,3310819.0,3310819.0,-2.22,8.14,54.22,1496463275
Deutsche eMark,DEM,282,0.0202756,0.00000827,846.396,563528.0,27793416.0,27793416.0,-4.61,-4.83,21.6,1496463249
Magi,XMG,283,0.0793014,0.00003234,4538.1,559606.0,7056692.0,7056692.0,-2.63,-4.77,-5.13,1496463261
ReeCoin,REE,284,0.0442549,0.00001805,2771.78,547332.0,12367704.0,6662367704.0,9.4,18.41,92.42,1496463280
Canada eCoin,CDN,285,0.00541958,0.00000221,756.956,527951.0,97415544.0,97415544.0,-0.09,5.13,27.49,1496463256
TileCoin,XTC,286,0.00526213,0.00000215,15520.1,526213.0,100000000.0,100000000.0,-0.59,-5.47,14.39,1496463263
FujiCoin,FJC,287,0.000532094,0.00000022,3774.44,512752.0,963649471.0,963649471.0,-2.98,-30.47,12.53,1496463268
UniBURST,UNIBURST,288,0.498138,0.00020322,10242.2,498138.0,999999.0,1000000.0,-0.82,-13.13,157.37,1496462983
Elcoin,EL,289,0.0434278,0.00001771,3009.08,486781.0,11208967.0,20935289.0,4.52,4.41,-9.43,1496463278
IncaKoin,NKA,290,0.0000612802,0.00000002,4482.66,461870.0,7537015941.0,7537015941.0,-2.01,-17.61,183.35,1496463264
Capricoin,CPC,291,0.447925,0.00018269,47585.6,441177.0,984935.0,200984935.0,-0.91,-0.89,29.88,1496463269
TrumpCoin,TRUMP,292,0.0673947,0.00002749,4919.61,440731.0,6539557.0,6539557.0,-0.89,10.0,24.46,1496463275
KoreCoin,KORE,293,0.235716,0.00009614,2961.17,431584.0,1830949.0,1830949.0,-0.9,-8.15,5.03,1496463258
Cryptojacks,CJ,294,0.00104064,0.00000042,6218.35,423092.0,406568581.0,406568581.0,50.06,303.41,217.75,1496463280
I0Coin,I0C,295,0.0196634,0.00000802,957.285,412429.0,20974470.0,20974470.0,-0.5,1.35,15.84,1496463249
CasinoCoin,CSC,296,0.0105248,0.00000429,517.588,406270.0,38601187.0,38601187.0,2.78,-11.35,-12.76,1496463273
BitBar,BTB,297,12.0442,0.0049124,943.692,392589.0,32596.0,32596.0,0.08,3.09,8.83,1496463248
NobleCoin,NOBL,298,0.00017084,0.00000007,17584.0,391515.0,2291707727.0,2291707727.0,-0.83,-17.55,-13.03,1496463251
Newbium,NEWB,299,0.0161819,0.00000660,44991.7,388366.0,24000000.0,51000000.0,-0.9,56.89,303.17,1496463278
GCoin,GCN,300,0.0000027135,0.000000001,2798.49,377280.0,139038635000,139038635000,3.61,19.93,87.46,1496463264
PostCoin,POST,301,0.0238022,0.00000971,2939.73,375488.0,15775332.0,15775332.0,-1.3,-1.51,10.78,1496463276
Terracoin,TRC,302,0.0186279,0.00000760,6802.18,374539.0,20106340.0,20106340.0,-0.23,17.48,7.37,1496463247
Virtacoinplus,XVP,303,0.0406717,0.00001659,1124.38,358783.0,8821449.0,10356043.0,3.66,0.12,-23.3,1496462984
Trollcoin,TROLL,304,0.000636466,0.00000026,934.985,352464.0,553782586.0,553782586.0,3.04,2.7,-1.4,1496463262
Master Swiscoin,MSCN,305,0.0337095,0.00001375,11000.0,345841.0,10259460.0,1002585479.0,2.77,-3.3,-9.77,1496462983
Jewels,JWL,306,0.0170645,0.00000696,3429.27,344302.0,20176516.0,20176516.0,-0.9,-1.84,15.32,1496463282
Wyvern,WYV,307,0.313805,0.00012802,2149.61,342246.0,1090631.0,1090631.0,-19.08,2.35,-5.62,1496462987
iTicoin,ITI,308,10.6653,0.00435103,44317.0,341290.0,32000.0,9999992.0,-1.94,-10.96,19.83,1496462989
Dotcoin,DOT,309,0.00147745,0.00000060,36002.9,332440.0,225009500.0,490009500.0,-0.23,5.41,24.81,1496463265
Atomic Coin,ATOM,310,0.0320687,0.00001308,1267.95,322326.0,10051095.0,10051095.0,-2.03,22.13,55.25,1496463284
Bytecent,BYC,311,0.190995,0.00007790,8310.78,309832.0,1622200.0,1622200.0,-0.9,18.44,12.86,1496463264
NuShares,NSR,312,0.000114651,0.00000005,1358.19,309818.0,2702268334.0,3317185701.0,-6.92,-46.41,-65.92,1496463262
MazaCoin,MZC,313,0.000269623,0.00000011,762.275,294595.0,1092618137.0,1092618137.0,-0.87,-21.41,11.12,1496463253
Joincoin,J,314,0.115296,0.00004703,693.051,282291.0,2448402.0,2448402.0,-0.9,-78.4,-28.92,1496463260
Influxcoin,INFX,315,0.161926,0.00006604,8804.65,270964.0,1673383.0,1673383.0,-1.63,0.49,-24.79,1496463270
8Bit,8BIT,316,0.232325,0.00009476,2687.27,270523.0,1164415.0,1164415.0,-0.9,14.39,-18.94,1496463266
ParkByte,PKB,317,0.0565892,0.00002308,2216.08,269592.0,4764026.0,4764026.0,-10.75,-1.51,10.56,1496463267
Asiadigicoin,ADCN,318,0.0107879,0.00000440,915.601,268954.0,24931054.0,210000000.0,-0.9,-12.11,-27.51,1496463275
Quatloo,QTL,319,0.0352282,0.00001437,5949.88,262052.0,7438686.0,7438686.0,-5.03,-6.99,-7.0,1496463259
LiteBar,LTB,320,0.404055,0.0001648,2319.2,261111.0,646227.0,646227.0,-0.96,23.8,30.33,1496463253
Karbowanec,KRB,321,0.0724961,0.00002957,5290.6,256910.0,3543773.0,3543773.0,2.2,-7.91,2.95,1496463281
UltraCoin,UTC,322,0.00593335,0.00000242,3431.95,255754.0,43104517.0,43104517.0,3.93,4.86,49.35,1496463251
Sexcoin,SXC,323,0.00202687,0.00000083,2657.29,248392.0,122549626.0,122549626.0,2.01,-1.49,2.59,1496463274
Torcoin,TOR,324,0.928645,0.00037885,7918.81,244448.0,263231.0,1263231.0,0.33,22.74,31.01,1496462986
Rubies,RBIES,325,0.0228605,0.00000932,2211.38,237145.0,10373576.0,10373576.0,-5.61,2.71,-4.04,1496463274
Zoin,ZOI,326,0.0215008,0.00000877,770.323,231469.0,10765600.0,10765600.0,-1.21,-13.3,-3.87,1496463285
PRCoin,PRC,327,0.0239016,0.00000975,44032.9,226544.0,9478200.0,789478200.0,-0.91,6.24,-2.06,1496462984
Flycoin,FLY,328,0.979811,0.00039963,16270.1,206550.0,210806.0,210806.0,-1.0,48.31,239.1,1496463270
GoldBlocks,GB,329,0.0135875,0.00000554,897.988,202021.0,14868121.0,14868121.0,-0.88,2.15,36.4,1496463279
NuBits,USNBT,330,0.988077,0.000403,80558.9,194426.0,196772.0,838087.0,-0.9,-1.31,-4.32,1496463261
Netko,NETKO,331,0.0694655,0.00002834,906.475,170974.0,2461277.0,2461277.0,-0.91,4.88,-3.34,1496462986
UnbreakableCoin,UNB,332,0.0745651,0.00003041,2408.05,169870.0,2278150.0,2278150.0,-0.88,-1.79,18.45,1496463256
Tattoocoin (Standard Edition),TSE,333,0.00145726,0.00000059,1036.75,166702.0,114394169.0,604394169.0,-0.93,-4.18,34.46,1496462982
Sumokoin,SUMO,334,0.342925,0.0001399,8784.45,160063.0,466759.0,9355648.0,10.9,22.31,,1496462990
Truckcoin,TRK,335,0.00129945,0.00000053,763.735,160026.0,123148861.0,123148861.0,13.56,16.86,88.58,1496463259
bitBTC,BITBTC,336,2468.06,1.00663,68796.9,157166.0,64.0,64.0,-0.67,2.69,13.25,1496463261
Fastcoin,FST,337,0.00122555,0.00000050,1451.76,155356.0,126764507.0,126764507.0,-0.85,-5.4,39.9,1496463248
Piggycoin,PIGGY,338,0.000313264,0.00000013,982.932,151562.0,483814513.0,483814513.0,-9.37,11.67,-10.84,1496463258
Pascal Lite,PASL,339,0.07236,0.00002952,2903.93,143602.0,1984550.0,1984550.0,-1.98,22.54,-14.25,1496462985
TheGCCcoin,GCC,340,0.0196343,0.00000801,2505.15,138284.0,7042981.0,867042981.0,-0.91,-9.02,-18.99,1496462982
BERNcash,BERN,341,0.0018298,0.00000075,883.507,130345.0,71234301.0,71234301.0,-7.54,-4.5,-0.96,1496463277
TEKcoin,TEK,342,0.0000920080,0.00000004,1282.14,130104.0,1414054562.0,1414054562.0,-29.16,-4.85,279.91,1496463256
Phoenixcoin,PXC,343,0.00205903,0.00000084,656.287,119209.0,57895600.0,57895600.0,0.29,21.16,84.63,1496463248
Machinecoin,MAC,344,0.00603142,0.00000246,2381.56,117977.0,19560450.0,19560450.0,-1.2,-3.14,3.64,1496463265
MojoCoin,MOJO,345,0.00977755,0.00000399,2634.63,117882.0,12056354.0,12056354.0,1.91,2.19,-19.23,1496463276
Rimbit,RBT,346,0.00100622,0.00000041,950.177,116218.0,115499623.0,393459356.0,-0.91,6.04,14.73,1496463263
bitEUR,BITEUR,347,1.12983,0.00046082,34831.3,115921.0,102600.0,102600.0,-1.17,0.01,-5.11,1496463268
PipCoin,PIP,348,0.0169419,0.00000691,538.454,111362.0,6573177.0,6999979.0,-0.9,-21.19,-12.67,1496463284
bitSilver,BITSILVER,349,19.486,0.00794765,10292.3,109834.0,5637.0,5637.0,-2.21,-6.53,17.27,1496463264
HoboNickels,HBN,350,0.00213306,0.00000087,534.665,103648.0,48591060.0,48591060.0,-0.9,-21.58,61.22,1496463250
CHNCoin,CNC,351,0.00408691,0.00000167,13563.0,103236.0,25260247.0,170109984.0,1.98,-4.63,12.07,1496463272
Eryllium,ERY,352,0.0216651,0.00000884,4073.67,94347.0,4354781.0,14354781.0,-1.89,0.49,-35.37,1496462982
bitGold,BITGOLD,353,1500.69,0.612078,3604.23,84061.0,56.0,56.0,-2.66,-1.99,24.08,1496463264
Chronos,CRX,354,0.00107025,0.00000044,1214.33,78909.0,73729962.0,73729962.0,56.57,30.34,78.72,1496463281
Freicoin,FRC,355,0.00269698,0.00000110,18090.3,75266.0,27907654.0,100000000.0,-0.9,1.43,18.73,1496463248
Greencoin,GREV2,356,0.0000245180,0.00000001,625.469,75040.0,3060612641.0,3060612641.0,-0.9,-6.37,13.37,1496463258
Gapcoin,GAP,357,0.00671101,0.00000274,10572.7,73062.0,10886873.0,10886873.0,6.61,0.67,36.84,1496463263
Kurrent,KURT,358,0.00664877,0.00000271,2098.28,65952.0,9919485.0,21319485.0,-0.92,-16.71,7.89,1496462979
PonziCoin,PONZI,359,0.0757605,0.00003090,1029.21,65237.0,861099.0,861099.0,-0.9,5.48,75.51,1496463278
MCAP,MCAP,360,6.51931,0.00265962,104796.0,65226.0,10005.0,100000000.0,-0.8,2.6,,1496462991
CrevaCoin,CREVA,361,0.00171626,0.00000070,11856.5,62456.0,36390750.0,6240390800.0,-2.65,0.33,-0.11,1496463268
Wexcoin,WEX,362,0.350182,0.00014283,6019.41,58807.0,167932.0,10000167932.0,-0.38,-3.26,20.45,1496463284
Acoin,ACOIN,363,0.0448679,0.00001830,11535.2,54743.0,1220085.0,1220085.0,2.73,4.13,-15.41,1496463261
PetroDollar,XPD,364,0.000818865,0.00000033,1562.61,52402.0,63993275.0,63993275.0,-10.99,-26.43,-11.43,1496463255
Philosopher Stones,PHS,365,0.019835,0.00000809,2626.95,48184.0,2429219.0,2429219.0,-0.78,1.57,21.33,1496463251
Prime-XI,PXI,366,0.00303758,0.00000124,681.685,44969.0,14804355.0,14804355.0,-0.9,4.61,74.34,1496463262
LevoPlus,LVPS,367,0.0952093,0.00003884,2281.28,39404.0,413872.0,91413872.0,-0.98,125.73,-24.71,1496462985
Digital Rupees,DRS,368,0.0000735366,0.00000003,1117.85,37563.0,510802961.0,510802961.0,-50.46,-56.54,-66.75,1496462982
Independent Money System,IMS,369,0.00692426,0.00000282,860.88,37176.0,5368934.0,5368934.0,1.88,1.24,12.73,1496463276
Rawcoin,XRC,370,0.0514266,0.00002098,1721.06,36250.0,704882.0,704882.0,-0.91,9.1,199.96,1496462979
Bolivarcoin,BOLI,371,0.00495311,0.00000202,675.717,32145.0,6489950.0,6489950.0,-7.18,-16.21,29.31,1496463272
Marijuanacoin,MAR,372,0.0592214,0.00002416,12162.9,30954.0,522690.0,522690.0,3.87,27.47,23.51,1496462983
BeaverCoin,BVC,373,0.00909616,0.00000371,583.489,28337.0,3115258.0,3115258.0,-1.63,3.64,0.61,1496463262
PIECoin,PIE,374,0.000366332,0.00000015,533.728,26402.0,72070355.0,72070355.0,-0.91,12.44,9.27,1496462984
Eurocoin,EUC,375,0.00166722,0.00000068,1430.66,19557.0,11730350.0,11730350.0,2.1,11.13,-14.4,1496463273
Bitvolt,VOLT,376,0.000833414,0.00000034,901.523,12595.0,15112554.0,60132654.0,2.09,19.56,6.85,1496462989
BenjiRolls,BENJI,377,0.000514756,0.00000021,5061.62,9755.0,18950086.0,18950086.0,9.52,12.57,12.03,1496462981
AllSafe,ASAFE,378,0.0000136053,0.000000006,826.837,9660.0,710000000.0,710000000.0,-5.34,-27.93,165.2,1496463285
Beatcoin,XBTS,379,0.00606871,0.00000248,1292.03,9253.0,1524686.0,2524686.0,-0.47,-7.72,24.4,1496462976
Ebittree Coin,EBT,380,0.0104422,0.00000426,1110.4,9116.0,873040.0,810873040.0,-0.73,-11.84,5.97,1496462987
Argus,ARGUS,381,0.00650568,0.00000265,881.872,7471.0,1148324.0,5194373.0,-1.57,28.11,36.23,1496462984
Digital Money Bits,DMB,382,0.0165117,0.00000674,9215.45,5231.0,316800.0,10316800.0,-0.98,4.69,141.76,1496462991
Environ,ENV,383,0.0000244986,0.000000010,3173.8,3212.0,131129509.0,931129509.0,-0.93,1.38,,1496462989
Gold Pressed Latinum,GPL,384,0.18215,0.00007431,6919.43,,,204158.0,-0.31,-6.44,-7.06,1496462989
SnakeEyes,SNAKE,385,0.153273,0.00006253,2356.27,,,10000000.0,0.09,6.57,67.16,1496462989
Arcade Token,ARC,386,3.74133,0.00167261,,10773690.0,2879642.0,2879642.0,,,58.01,1496180681
Scotcoin,SCOT,387,0.00774289,0.00000321,,7742890.0,1000000000.0,1000000000.0,,-7.48,87.64,1496426352
MUSE,MUSE,388,0.00474819,0.00000194,419.697,6528004.0,1374840478.0,1524840478.0,-3.97,102.77,144.82,1496463267
Jinn,JINN,389,56.0427,0.0228523,,3289875.0,58703.0,1000000.0,,15.62,-21.4,1496444660
XCurrency,XC,390,0.517206,0.00021095,201.047,3003373.0,5806918.0,5806918.0,-0.9,18.85,20.01,1496463256
AsiaCoin,AC,391,0.00300081,0.00000122,4.97584,2522112.0,840476997.0,840476997.0,-0.87,6.72,8.65,1496463256
Bitpark Coin,BPC,392,0.0185312,0.00000756,72.168,1389840.0,75000000.0,100000000.0,-0.91,1.92,23.71,1496462980
InsaneCoin,INSANE,393,0.067289,0.00002745,339.144,1234148.0,18341005.0,18341005.0,-5.64,-5.7,44.91,1496462978
NewYorkCoin,NYC,394,0.0000187182,0.000000008,137.42,1117850.0,59719935819.0,59719935819.0,-1.0,-22.57,-11.71,1496463256
GlobalCoin,GLC,395,0.0131416,0.00000536,2.19134,856451.0,65171010.0,65171010.0,-0.9,-2.72,-47.18,1496463249
Devcoin,DVC,396,0.0000609716,0.00000002,8.45114,853949.0,14005677500.0,14005677500.0,-2.85,-9.34,115.09,1496463247
Pandacoin,PND,397,0.0000245180,0.00000001,244.549,797201.0,32514916898.0,32514916898.0,-0.9,1.42,13.37,1496463253
DubaiCoin,DBIC,398,0.148747,0.00006067,267.997,762925.0,5129014.0,6146942.0,-1.26,-9.68,0.49,1496463276
Carboncoin,CARBON,399,0.0000490359,0.00000002,16.8143,754757.0,15391934196.0,15391934196.0,-0.9,1.42,13.37,1496463259
Ultimate Secure Cash,USC,400,0.0680488,0.00002776,14.4675,703836.0,10343113.0,38602656.0,-0.91,-6.16,3.27,1496462986
CageCoin,CAGE,401,0.0000057625,0.000000002,461.592,582977.0,101168328395,101168328395,-5.78,18.14,-39.63,1496463254
Cryptofund,FUND,402,0.5588,0.0002553,,558800.0,1000000.0,1000000.0,,,-0.33,1495948164
E-Currency Coin ,ECC,403,0.0000245180,0.00000001,5.41847,540882.0,22060603799.0,22060603799.0,-0.9,1.42,13.37,1496463254
SmileyCoin,SMLY,404,0.0000181051,0.000000007,125.191,470013.0,25960250000.0,25960250000.0,-77.76,-70.95,25.2,1496463264
Colossuscoin V2,CV2,405,0.0000211460,0.000000009,166.142,469266.0,22191705273.0,22191705273.0,-1.67,10.45,-12.78,1496463265
PayCoin,XPY,406,0.0384467,0.00001568,119.414,449944.0,11703049.0,11753049.0,-0.9,419.28,111.69,1496463263
Happycoin,HPC,407,0.0379939,0.00001550,89.5058,431849.0,11366271.0,11366271.0,-0.91,0.95,124.43,1496462987
Dashcoin,DSH,408,0.0241061,0.00000983,197.836,416833.0,17291579.0,17291579.0,-0.91,0.26,9.81,1496463263
Orbitcoin,ORB,409,0.131457,0.00005362,260.388,388590.0,2956025.0,2956025.0,-0.91,5.08,21.38,1496463250
FuelCoin,FC2,410,0.00377577,0.00000154,160.357,382913.0,101413204.0,101413204.0,0.4,4.82,,1496463257
YashCoin,YASH,411,0.0380184,0.00001551,227.475,380188.0,10000117.0,10000117.0,-0.92,-20.41,9.78,1496462981
LTBcoin,LTBC,412,0.000742106,0.00000032,,366499.0,493863915.0,493863915.0,,,,1496287754
TeslaCoin,TES,413,0.00506374,0.00000207,445.4,363445.0,71774059.0,71774059.0,-0.5,23.03,7.94,1496463251
Mineum,MNM,414,0.0381994,0.00001558,144.086,360464.0,9436367.0,9586367.0,-0.9,-1.19,-5.65,1496463279
RussiaCoin,RC,415,0.0432987,0.00001766,4.3303,355761.0,8216446.0,8216446.0,-0.9,1.3,17.58,1496463273
SuperCoin,SUPER,416,0.00853223,0.00000350,,351149.0,41155630.0,41155630.0,,0.84,,1496441051
Casino,CASINO,417,0.319319,0.00013027,3.83183,319319.0,1000000.0,1000000.0,0.09,-30.69,-36.15,1496462985
Shorty,SHORTY,418,0.00286793,0.00000117,0.286793,286793.0,100000000.0,100000000.0,-0.92,,-2.99,1496462980
SmartCoin,SMC,419,0.0121058,0.00000494,226.74,277160.0,22894774.0,22894774.0,-5.81,16.44,0.16,1496463250
Rare Pepe Party,RAREPEPEPRTY,420,15.296,0.00623869,33.0129,275328.0,18000.0,100000.0,-1.83,,20.0,1496463284
HitCoin,HTC,421,0.0000245180,0.00000001,9.79237,269608.0,10996318099.0,20996318099.0,-0.9,-49.29,-43.32,1496463277
HOdlcoin,HODL,422,0.00289312,0.00000118,319.923,268670.0,92865200.0,250000000.0,-0.9,-7.95,27.4,1496463275
MTMGaming,MTM,423,0.0895372,0.00003653,461.922,268612.0,3000000.0,5000000.0,-0.82,-13.77,172.04,1496462984
Kobocoin,KOBO,424,0.0106653,0.00000435,1.02561,263436.0,24700248.0,24700248.0,-0.9,44.94,-39.28,1496463264
Crypto Bullion,CBX,425,0.261652,0.00010672,309.053,260574.0,995880.0,995880.0,-0.9,-20.67,-35.11,1496463249
BTCtalkcoin,TALK,426,0.00357833,0.00000161,,233631.0,65290635.0,65290635.0,,,-23.04,1496191750
SwagBucks,BUCKS,427,1.12525,0.00045895,1.1317,231552.0,205778.0,205778.0,-1.84,-1.76,-4.64,1496463273
AgrolifeCoin,AGLC,428,0.0472658,0.00001990,,216905.0,4589056.0,204589056.0,,,,1496301878
The Cypherfunks,FUNK,429,0.0000048767,0.000000002,163.327,215371.0,44163645000.0,44163645000.0,-2.79,-1.38,-18.18,1496463268
VirtualCoin,VC,430,0.0213734,0.00000888,,215108.0,10064287.0,10064287.0,,-0.44,4.36,1496433855
BritCoin,BRIT,431,0.00978267,0.00000399,165.539,208059.0,21268092.0,21268092.0,-0.9,1.42,11.69,1496463258
Vault Coin,VLTC,432,0.00695721,0.00000284,29.9651,206821.0,29727630.0,529727630.0,-1.0,36.23,9.16,1496462980
Neutron,NTRN,433,0.0162573,0.00000663,165.266,205129.0,12617684.0,12617684.0,-0.9,-19.12,165.69,1496463266
42-coin,42,434,4676.64,1.90743,264.35,196419.0,42.0,42.0,-0.85,5.94,33.92,1496463254
Pesobit,PSB,435,0.00595786,0.00000243,407.841,194664.0,32673445.0,32673445.0,-0.9,-2.19,15.41,1496463284
Coin(O),CNO,436,0.00188704,0.00000077,436.307,194594.0,103121358.0,103121358.0,-0.9,105.42,131.84,1496463254
NetCoin,NET,437,0.000244933,0.00000010,31.4496,192793.0,787126712.0,787126712.0,-0.89,13.52,9.89,1496463250
BillaryCoin,BLRY,438,0.0198841,0.00000811,11.3011,178622.0,8983158.0,8983158.0,-0.9,-1.85,-3.97,1496463278
Bitz,BITZ,439,0.0892373,0.00003720,,177662.0,1990891.0,1990891.0,,,10.92,1496351362
Zero,ZER,440,0.232866,0.00009500,480.082,174412.0,748980.0,748980.0,-1.14,1.4,15.44,1496462984
Veltor,VLT,441,0.31383,0.000128,371.892,174130.0,554855.0,554855.0,-0.91,-31.59,-36.26,1496463282
KibiCoin,KIC,442,0.0118257,0.00000482,425.418,173367.0,14660200.0,14660200.0,-2.63,-29.63,,1496462991
Tristar Coin,TSTR,443,0.0343849,0.00001500,,172882.0,5027857.0,255027857.0,,,-11.7,1496271895
Bitstar,BITS,444,0.00730635,0.00000298,312.482,168629.0,23079737.0,23079737.0,-0.9,-45.18,40.44,1496463255
DigitalPrice,DP,445,0.00723208,0.00000295,432.573,163887.0,22661144.0,22661144.0,-1.22,33.35,95.91,1496463262
Titcoin,TIT,446,0.00304113,0.00000124,125.739,151747.0,49898202.0,49898202.0,-1.23,2.87,-27.3,1496463259
LottoCoin,LOT,447,0.0000103402,0.000000004,11.2356,149840.0,14491014421.0,14491014421.0,-0.15,3.74,28.2,1496463251
Crave,CRAVE,448,0.114499,0.00004670,266.727,143089.0,1249695.0,1249695.0,-0.9,,151.27,1496463266
GAIA,GAIA,449,0.00588431,0.00000240,58.8431,141820.0,24101381.0,24101381.0,-0.9,,,1496463262
PureVidz,VIDZ,450,0.00112676,0.00000046,29.1271,141054.0,125185230.0,125185230.0,-0.92,11.82,18.45,1496462981
RedCoin,RED,451,0.00188023,0.00000077,222.599,139340.0,74107896.0,74107896.0,-1.26,199.13,107.03,1496463251
Stress,STS,452,0.00024518,0.00000010,2.4518,138560.0,565134332.0,565134332.0,-0.9,1.42,3.06,1496463275
LanaCoin,LANA,453,0.000180411,0.00000007,477.131,135112.0,748910713.0,748910713.0,0.14,24.43,97.16,1496463278
Bottlecaps,CAP,454,0.000959869,0.00000039,497.46,133453.0,139032859.0,139032859.0,-1.16,-15.52,41.99,1496463272
Bitcurrency,BTCR,455,0.000751479,0.00000031,110.848,126505.0,168341252.0,168341252.0,-0.91,5.43,73.46,1496462978
Dollarcoin,DLC,456,0.0134422,0.00000548,6.12831,122414.0,9106714.0,9106714.0,-0.9,25.23,69.3,1496463283
MetalCoin,METAL,457,0.00154592,0.00000064,,118921.0,76925527.0,76925527.0,,-0.09,-15.91,1496430259
Xiaomicoin,MI,458,0.000290695,0.00000012,272.178,118063.0,406141855.0,406141855.0,-0.87,21.41,10.12,1496463270
BitcoinTX,BTX,459,0.00144656,0.00000059,59.5958,117263.0,81063506.0,81063506.0,-0.9,-45.1,-66.05,1496463266
C-Bit,XCT,460,0.000882647,0.00000036,79.7034,116334.0,131801750.0,131801750.0,-0.9,10.64,15.47,1496463275
Universal Currency,UNIT,461,0.00877743,0.00000358,8.09983,114514.0,13046431.0,13046431.0,-0.9,230.68,30.08,1496463267
TittieCoin,TTC,462,0.0000895957,0.00000004,397.389,112874.0,1259816434.0,1259816434.0,-6.84,25.35,20.23,1496463263
HyperStake,HYP,463,0.000290412,0.00000012,346.359,112040.0,385796097.0,385796097.0,-0.9,0.5,39.13,1496463260
Coin2.1,C2,464,0.00109272,0.00000045,393.533,109246.0,99976323.0,99976323.0,14.78,11.35,3.93,1496463257
Emerald Crypto,EMD,465,0.00554132,0.00000226,432.146,105934.0,19117129.0,19117129.0,-0.9,34.83,103.08,1496463248
Swing,SWING,466,0.0462409,0.00001886,47.0683,105410.0,2279576.0,2279576.0,-1.06,6.37,1.31,1496463271
Pakcoin,PAK,467,0.00281208,0.00000115,239.264,103096.0,36662000.0,36662000.0,-0.88,6.75,3.28,1496463270
BigUp,BIGUP,468,0.0000490359,0.00000002,213.777,100757.0,2054759229.0,2054759229.0,-0.9,1.42,34.09,1496463275
Sterlingcoin,SLG,469,0.0254672,0.00001039,347.162,98842.0,3881156.0,3881156.0,-0.9,-0.24,10.56,1496463261
QuazarCoin,QCN,470,0.0171626,0.00000700,90.328,98071.0,5714238.0,5714238.0,-13.29,-5.34,17.23,1496463257
GlobalBoost-Y,BSTY,471,0.00859466,0.00000351,438.908,97966.0,11398430.0,11398430.0,-0.23,2.05,19.49,1496463262
Cannacoin,CCN,472,0.0196389,0.00000801,48.1505,92257.0,4697675.0,4697675.0,-0.9,-32.14,-14.8,1496463255
FlutterCoin,FLT,473,0.000286307,0.00000012,63.3823,92252.0,322214524.0,322214524.0,-0.58,4.63,-5.88,1496463255
CorgiCoin,CORG,474,0.0000732897,0.00000003,4.38241,91748.0,1251855418.0,1251855418.0,-0.91,7.91,-60.57,1496463252
NoLimitCoin,NLC2,475,0.000441323,0.00000018,71.2963,88467.0,200458917.0,200458917.0,-0.9,30.39,7.23,1496463283
WayGuide,WAY,476,0.000882647,0.00000036,2.73532,88301.0,100040708.0,100040708.0,-0.9,,13.37,1496463282
KiloCoin,KLC,477,0.000416805,0.00000017,4.16805,81818.0,196297971.0,10025186872.0,-0.9,1.42,28.85,1496463275
Elementrem,ELE,478,0.00323852,0.00000132,41.2706,81033.0,25021654.0,25021654.0,-0.9,-0.03,27.84,1496463281
BunnyCoin,BUN,479,0.0000007886,0.0000000003,18.173,79974.0,101413591176,101413591176,1.3,-10.72,8.87,1496463260
AmberCoin,AMBER,480,0.00181433,0.00000074,2.7935,79183.0,43643263.0,43643263.0,-0.9,,19.66,1496463264
GameUnits,UNITS,481,0.0225999,0.00000922,17.9072,78340.0,3466408.0,3466408.0,-38.57,3.23,-16.01,1496462981
KushCoin,KUSH,482,0.0139965,0.00000571,83.9788,75497.0,5393962.0,5393962.0,-0.92,41.92,31.47,1496462982
UFO Coin,UFO,483,0.0000229521,0.00000001,,75455.0,3287503762.0,3287503762.0,,,3.17,1496273048
Triangles,TRI,484,1.01777,0.00041511,0.128902,74187.0,72891.0,72891.0,-0.9,1.4,-5.79,1496463259
ChessCoin,CHESS,485,0.0013381,0.00000055,85.7333,72214.0,53967396.0,53967396.0,1.78,16.69,29.91,1496463279
Valorbit,VAL,486,0.0000245180,0.00000001,6.61987,70427.0,2872447947.0,922340072447947,-0.9,1.42,13.37,1496463276
SproutsExtreme,SPEX,487,0.0000245180,0.00000001,22.3113,70283.0,2866607586.0,2866607586.0,-0.9,1.42,13.37,1496463275
Darsek,KED,488,0.00708402,0.00000289,57.8432,69876.0,9863953.0,9863953.0,-0.91,-8.41,-11.24,1496462986
Blakecoin,BLC,489,0.00576066,0.00000235,206.381,68614.0,11910789.0,11910789.0,-0.9,-1.54,12.1,1496463253
Guncoin,GUN,490,0.000367769,0.00000015,23.0361,66988.0,182145928.0,182145928.0,-0.9,-0.77,55.1,1496463256
HempCoin,HMP,491,0.0000490359,0.00000002,168.154,66523.0,1356621746.0,2856621746.0,-0.9,1.42,13.37,1496463274
CCMiner,CCM100,492,0.0270911,0.00001105,62.0656,65462.0,2416354.0,6000000.0,0.09,2.29,58.47,1496462982
Zayedcoin,ZYD,493,0.0102975,0.00000420,89.01,64296.0,6243840.0,6243840.0,-0.9,27.15,19.33,1496463283
Yacoin,YAC,494,0.000539395,0.00000022,86.9875,62636.0,116123460.0,116123460.0,-0.9,-2.99,5.08,1496463248
AquariusCoin,ARCO,495,0.0511184,0.00002085,200.301,62511.0,1222868.0,1222868.0,19.4,17.34,45.62,1496463277
Ratecoin,XRA,496,0.000588428,0.00000024,222.091,62439.0,106111928.0,106111928.0,-0.89,3.44,-3.1,1496463268
Spots,SPT,497,0.0027536,0.00000112,467.192,61697.0,22406021.0,22406021.0,-0.75,-40.43,68.77,1496463253
Evotion,EVO,498,0.0245685,0.00001002,137.557,60665.0,2469220.0,2469220.0,13.35,43.52,-16.77,1496463273
Bitcloud,BTD,499,0.00540268,0.00000222,,60182.0,11139367.0,11139367.0,,0.68,-16.17,1496440775
DigiCube,CUBE,500,0.0000238725,0.000000010,12.8863,57989.0,2429126009.0,2429126009.0,-0.76,24.1,10.38,1496463272
Artex Coin,ATX,501,0.00309404,0.00000126,287.956,57855.0,18698730.0,268698730.0,-0.9,-17.99,21.83,1496463282
Nyancoin,NYAN,502,0.000193893,0.00000008,9.99537,57759.0,297891209.0,297891209.0,-0.5,-19.66,8.08,1496463251
MarteXcoin,MXT,503,0.0206432,0.00000842,0.144388,56318.0,2728161.0,2728161.0,-1.87,-9.33,-14.41,1496463279
MiloCoin,MILO,504,0.00544795,0.00000222,33.64,56077.0,10293177.0,10293177.0,4.21,2.72,55.52,1496462984
RevolverCoin,XRE,505,0.00250083,0.00000102,48.2538,54506.0,21795184.0,21795184.0,-3.27,6.41,14.49,1496463279
Argentum,ARG,506,0.00708568,0.00000289,359.103,53205.0,7508806.0,7508806.0,-1.75,1.61,4.13,1496463252
Debitcoin,DBTC,507,0.00290106,0.00000118,21.8747,52196.0,17992103.0,25992103.0,-3.94,-8.33,14.9,1496463279
Lex4All,LEX,508,0.0510783,0.00002084,40.9137,51080.0,1000043.0,5000000.0,0.09,8.65,-5.07,1496462984
AmsterdamCoin,AMS,509,0.00517329,0.00000211,56.4883,49683.0,9603707.0,16803707.0,-0.43,14.13,54.3,1496463269
SatoshiMadness,MAD,510,0.0000245180,0.00000001,14.956,49053.0,2000683485.0,2000683485.0,-0.9,1.42,13.37,1496463271
CoExistCoin,COXST,511,0.00180345,0.00000074,47.9165,48944.0,27138905.0,27138905.0,-0.91,30.39,16.15,1496463278
AurumCoin,AU,512,0.163044,0.00006650,101.317,48296.0,296216.0,296216.0,-0.85,1.44,-4.9,1496463263
Eternity,ENT,513,0.0154753,0.00000631,228.804,47531.0,3071397.0,3071397.0,-0.95,-5.54,-21.71,1496462979
PayCon,CON,514,0.00205617,0.00000084,128.587,47380.0,23042604.0,23042604.0,-0.91,53.31,59.19,1496463265
ICOBID,ICOB,515,0.000452695,0.00000018,69.0027,47018.0,103862796.0,103862796.0,-1.05,9.77,33.08,1496462982
808Coin,808,516,0.000219871,0.00000009,430.904,45809.0,208344928.0,208344928.0,-0.93,9.27,54.0,1496463280
NevaCoin,NEVA,517,0.0250212,0.00001021,138.734,45436.0,1815895.0,1815895.0,-0.88,-9.53,11.58,1496463276
Aricoin,ARI,518,0.000318733,0.00000013,39.1142,44706.0,140262505.0,140262505.0,-0.9,-13.36,18.0,1496463253
Joulecoin,XJO,519,0.00135814,0.00000055,12.5331,43823.0,32266776.0,32266776.0,3.89,-4.47,24.2,1496463249
Jin Coin,JIN,520,0.00438871,0.00000179,66.8156,43222.0,9848485.0,9848485.0,-0.9,-27.39,,1496463283
Tigercoin,TGC,521,0.000980718,0.00000040,0.765068,42697.0,43536800.0,43536800.0,4.32,-7.89,46.28,1496463249
Sativacoin,STV,522,0.00596983,0.00000243,0.872883,42248.0,7076894.0,7076894.0,-0.9,,13.25,1496463263
UniCoin,UNIC,523,0.0142329,0.00000581,105.698,41448.0,2912142.0,2912142.0,-0.73,0.9,20.03,1496463267
UCoin,U,524,0.0152257,0.00000621,174.935,40954.0,2689812.0,2689812.0,-0.9,1.58,12.28,1496463264
Francs,FRN,525,0.0236173,0.00000963,228.773,40482.0,1714100.0,1714100.0,-0.86,-14.79,21.91,1496463274
MACRON,MCRN,526,0.0000983940,0.00000004,228.622,39497.0,401421401.0,401421401.0,9.88,32.6,106.9,1496462988
BurstOcean,OCEAN,527,0.185205,0.00007556,0.883429,39231.0,211827.0,1000000.0,-0.82,-10.14,51.67,1496462984
HealthyWormCoin,WORM,528,0.00242671,0.00000099,220.424,39218.0,16160839.0,16160839.0,-0.91,43.41,-31.64,1496462986
Franko,FRK,529,0.0610007,0.00002488,6.50981,38854.0,636950.0,636950.0,-0.9,6.51,-32.69,1496463248
OctoCoin,888,530,0.00076004,0.00000031,28.726,36777.0,48388148.0,48388148.0,-0.9,-1.12,38.87,1496463255
WMCoin,WMC,531,0.00311404,0.00000128,,35897.0,11527489.0,911527489.0,,0.63,43.99,1496438372
FlavorCoin,FLVR,532,0.00171628,0.00000070,198.29,35867.0,20898106.0,20898106.0,-0.9,15.83,52.66,1496463275
SpaceCoin,SPACE,533,0.00201047,0.00000082,49.0148,35796.0,17805019.0,17805019.0,-0.9,-0.57,9.39,1496463271
Cypher,CYP,534,0.00559142,0.00000226,,35591.0,6365285.0,6365285.0,0.02,2.34,-13.53,1496459661
Dobbscoin,BOB,535,0.00684051,0.00000279,3.03391,34616.0,5060382.0,5060382.0,-0.63,3.27,15.01,1496463260
GoldPieces,GP,536,0.0278228,0.00001135,320.882,33948.0,1220161.0,1220161.0,3.5,20.75,-6.71,1496463264
PopularCoin,POP,537,0.0000100986,0.000000004,9.51279,33758.0,3342817854.0,3342817854.0,-2.81,-3.28,13.66,1496463255
Allion,ALL,538,0.0053503,0.00000218,129.948,33168.0,6199359.0,7323359.0,-0.9,-16.64,-21.19,1496462983
PlatinumBAR,XPTX,539,0.185846,0.00007580,10.4921,32537.0,175073.0,175073.0,-0.9,,33.82,1496463279
CryptoWorldX Token,CWXT,540,0.000585548,0.00000024,1.12602,32035.0,54709000.0,54709000.0,-1.09,1.46,25.62,1496462983
Creatio,XCRE,541,0.00155364,0.00000063,319.855,31881.0,20520514.0,20520514.0,-0.92,57.96,32.92,1496462979
Uro,URO,542,0.0264058,0.00001077,1.75902,31880.0,1207310.0,1207310.0,-0.9,1.33,3.65,1496463258
Evil Coin,EVIL,543,0.00151312,0.00000062,0.0600837,31806.0,21020383.0,21020383.0,-0.85,1.74,12.23,1496463274
RonPaulCoin,RPC,544,0.0395229,0.00001612,21.2552,31205.0,789544.0,789544.0,-0.9,1.41,57.84,1496463250
Solarflarecoin,SFC,545,0.0022306,0.00000091,166.935,30619.0,13726900.0,13726900.0,-0.91,2.39,-20.02,1496462982
Universe,UNI,546,0.0101971,0.00000416,89.7257,30486.0,2989637.0,14189637.0,-0.92,-14.79,1.9,1496462985
Grantcoin,GRT,547,0.000735539,0.00000030,5.03262,30403.0,41334256.0,10041334256.0,-0.9,21.7,36.04,1496463269
Dreamcoin,DRM,548,0.0120275,0.00000503,,29311.0,2436996.0,2436996.0,,,4.73,1496330352
SixEleven,611,549,0.0708569,0.00002890,9.19298,29203.0,412143.0,412143.0,-0.9,,-63.6,1496463277
Zurcoin,ZUR,550,0.000367769,0.00000015,60.6332,29057.0,79008531.0,79008531.0,-0.9,1.42,23.44,1496463278
NeuCoin,NEU,551,0.0000145092,0.000000006,0.787092,28884.0,1990764588.0,2014638413.0,-1.87,-1.22,,1496463272
LeaCoin,LEA,552,0.000104146,0.00000004,76.6575,28775.0,276292089.0,276292089.0,-3.09,52.26,-6.48,1496463267
Bitzeny,ZNY,553,0.000367769,0.00000015,60.4471,27809.0,75614500.0,75614500.0,-0.9,-0.25,11.21,1496463268
Hexx,HXX,554,0.0205238,0.00000837,149.433,27792.0,1354145.0,1354145.0,-7.02,-2.05,-35.03,1496463268
ParallelCoin,DUO,555,0.0964959,0.00003936,320.138,27742.0,287489.0,287489.0,-0.84,28.47,24.63,1496463271
Honey,HONEY,556,0.403669,0.00016468,287.376,27573.0,68306.0,68306.0,2.72,12.22,-26.36,1496462985
Unrealcoin,URC,557,0.00392287,0.00000160,4.95268,27556.0,7024402.0,7024402.0,-0.9,2.7,9.27,1496463266
BumbaCoin,BUMBA,558,0.00125042,0.00000051,2.80856,27443.0,21946954.0,21946954.0,0.58,3.44,-22.22,1496463276
PX,PX,559,0.000343251,0.00000014,10.9138,26383.0,76861332.0,76861332.0,-0.9,-40.84,-16.47,1496463282
Cannation,CNNC,560,0.0102706,0.00000419,85.5695,25214.0,2454993.0,2454993.0,-0.91,97.89,-1.62,1496462990
Firecoin,FIRE,561,0.255109,0.00010405,0.765206,25106.0,98412.0,98412.0,-0.9,75.64,-1.69,1496463259
SoonCoin,SOON,562,0.00198595,0.00000081,5.6294,24750.0,12462620.0,12462620.0,2.26,-8.73,0.72,1496463264
CryptoEscudo,CESC,563,0.000171626,0.00000007,31.6066,24732.0,144105100.0,594105100.0,-0.9,1.42,13.37,1496463255
Photon,PHO,564,0.0000013527,0.0000000006,33.6961,24142.0,17847634578.0,17847634578.0,-2.38,-31.04,21.82,1496463254
ARbit,ARB,565,0.00357811,0.00000149,,23168.0,6475000.0,6475000.0,,,-0.34,1496362165
Ride My Car,RIDE,566,0.000225104,0.00000009,94.7037,22758.0,101099106.0,101099106.0,-0.92,4.42,-9.95,1496462983
AntiBitcoin,ANTI,567,0.00129945,0.00000053,210.31,22695.0,17465159.0,17465159.0,-0.9,-7.33,9.24,1496463272
BiosCrypto,BIOS,568,0.0010627,0.00000043,,22037.0,20737003.0,20737003.0,,1.4,44.67,1496452465
Theresa May Coin,MAY,569,0.00142171,0.00000058,16.3822,21745.0,15294750.0,15294750.0,-0.91,-15.97,,1496462991
X-Coin,XCO,570,0.00169174,0.00000069,4.36974,20952.0,12384976.0,12384976.0,-0.9,-22.25,-13.23,1496463265
Prototanium,PR,571,0.104108,0.00004246,46.6288,20245.0,194462.0,194462.0,-0.89,4.36,12.16,1496463271
Flaxscript,FLAX,572,0.00367769,0.00000150,2.90841,20216.0,5496825.0,5496825.0,-0.9,-0.24,11.87,1496463269
MindCoin,MND,573,0.00159367,0.00000065,21.9258,19995.0,12546625.0,12546625.0,-0.9,-1.61,5.27,1496463273
Kittehcoin,MEOW,574,0.0000008082,0.0000000003,4.2514,19321.0,23905669976.0,23905669976.0,-1.67,15.0,69.78,1496463252
Destiny,DES,575,0.0118912,0.00000485,205.842,19026.0,1600000.0,1600000.0,-0.9,-23.15,13.28,1496463276
B3Coin,B3,576,0.0616776,0.00002516,96.1602,18965.0,307481.0,307481.0,-0.9,,19.16,1496463282
IslaCoin,ISL,577,0.0124967,0.00000510,323.039,18916.0,1513704.0,1513704.0,-0.9,,-24.67,1496463271
Magnum,MGM,578,0.00516496,0.00000225,,18736.0,3627465.0,253627465.0,,,76.6,1496272491
Alexium,AUM,579,0.000912034,0.00000037,,18512.0,20297336.0,20297336.0,,1.96,13.97,1496454265
Luna Coin,LUNA,580,0.0150404,0.00000614,223.78,18460.0,1227386.0,1227386.0,-0.91,1.87,23.25,1496462980
Sprouts,SPRTS,581,0.0000001044,0.00000000004,67.5896,18324.0,175521902901,175521902901,-1.87,29.23,27.49,1496463269
Halcyon,HAL,582,0.00389836,0.00000159,11.0216,18135.0,4651893.0,4651893.0,-0.9,6.79,-7.17,1496463260
BTCDragon,DRAGON,583,0.0447047,0.00001824,178.819,18067.0,404146.0,1000000.0,0.09,-51.48,-49.5,1496462983
SecretCoin,SCRT,584,0.00424808,0.00000177,,17964.0,4228672.0,4228672.0,,-0.72,18.33,1496414965
BipCoin,BIP,585,0.0133378,0.00000544,54.9811,17925.0,1343889.0,1343889.0,-0.9,4.49,-30.35,1496463285
SongCoin,SONG,586,0.000547852,0.00000022,38.7245,17841.0,32565300.0,32565300.0,-0.7,-10.99,20.36,1496463265
Vector,VEC2,587,0.00110331,0.00000045,26.8591,17482.0,15845030.0,15845030.0,-0.9,3.72,-47.41,1496463273
GameBet Coin,GBT,588,0.000813435,0.00000033,,17296.0,21262780.0,22262780.0,,1.96,7.46,1496454270
DAPPSTER,DLISK,589,0.000171626,0.00000007,0.813849,17163.0,100000000.0,100000000.0,-0.9,-11.26,-20.64,1496463280
GanjaCoin,420G,590,0.0249155,0.00001016,0.000104745,16768.0,672975.0,1741116.0,1191.03,283.75,-17.41,1496463262
PLNcoin,PLNC,591,0.000980718,0.00000040,1.56915,16760.0,17089600.0,19089600.0,-0.9,-11.81,-11.09,1496463255
Litecred,LTCR,592,0.000553183,0.00000023,108.975,16721.0,30227750.0,30227750.0,-3.71,-6.65,36.61,1496463273
Steps,STEPS,593,0.00089215,0.00000037,,16616.0,18625017.0,18625017.0,,-0.26,11.49,1496434766
Sling,SLING,594,0.0153482,0.00000626,10.7623,16485.0,1074095.0,1074095.0,-0.9,1.25,19.27,1496463266
Shilling,SH,595,0.00506857,0.00000207,182.433,16377.0,3231050.0,3231050.0,-0.9,73.27,121.21,1496463283
VIP Tokens,VIP,596,0.000196144,0.00000008,23.0472,16368.0,83450403.0,83450403.0,-0.9,-18.87,-17.55,1496463275
1CRedit,1CR,597,0.183885,0.00007500,9.80718,16221.0,88213.0,88213.0,-0.9,79.75,146.61,1496463276
VapersCoin,VPRC,598,0.0000206940,0.000000008,93.914,16144.0,780124964.0,1635124964.0,-0.72,26.95,15.4,1496463281
Impact,IMX,599,0.000147073,0.00000006,2.45122,16077.0,109314611.0,109314611.0,-0.91,-13.08,-15.07,1496462986
Orlycoin,ORLY,600,0.000431634,0.00000018,,15818.0,36646779.0,36646779.0,,-0.81,17.4,1496410470
Blackstar,BSTAR,601,0.0000245122,0.00000001,107.388,15462.0,630795971.0,630795971.0,-0.92,1.4,13.18,1496462980
AnarchistsPrime,ACP,602,0.00348155,0.00000142,5.99788,15301.0,4394874.0,4394874.0,-0.9,1.25,-38.89,1496463268
BowsCoin,BSC,603,0.00274601,0.00000112,16.4761,15241.0,5550102.0,5550102.0,-0.9,1.42,78.83,1496463268
FuzzBalls,FUZZ,604,0.0031383,0.00000128,310.79,15158.0,4829945.0,4829945.0,0.87,6.12,14.67,1496463278
BitQuark,BTQ,605,0.00205951,0.00000084,17.2742,14737.0,7155671.0,7155671.0,-0.9,4.05,-33.41,1496463257
OsmiumCoin,OS76,606,0.0161328,0.00000658,1.76125,14423.0,894026.0,894026.0,-0.9,8.16,27.51,1496463271
TajCoin,TAJ,607,0.00247868,0.00000101,42.7824,14312.0,5774129.0,5774129.0,-0.62,30.76,55.91,1496463281
GuccioneCoin,GCC,608,0.000700961,0.00000029,,14219.0,20285537.0,23775537.0,,-0.0,-7.4,1496435363
Metal Music Coin,MTLMC3,609,0.000170536,0.00000007,33.0209,13595.0,79719140.0,79719140.0,-0.9,-10.12,52.2,1496463268
BlazeCoin,BLZ,610,0.0000220989,0.000000009,0.401175,13448.0,608557394.0,608557394.0,-2.85,-3.09,31.82,1496463259
BitTokens,BXT,611,0.0257439,0.00001050,33.0461,13384.0,519906.0,519906.0,-0.9,1.42,178.12,1496463281
JobsCoin,JOBS,612,0.00012259,0.00000005,70.9594,12997.0,106019270.0,200019300.0,-0.9,1.42,41.71,1496463284
LetItRide,LIR,613,0.000367769,0.00000015,31.2393,12971.0,35270779.0,35270779.0,-0.9,1.42,28.78,1496463280
Crypto,CTO,614,0.00129945,0.00000053,160.15,12905.0,9931094.0,9931094.0,-0.9,91.97,-33.24,1496463267
MustangCoin,MST,615,0.0200526,0.00000810,,12608.0,628733.0,628733.0,,-13.51,-50.15,1496450376
GPU Coin,GPU,616,0.000310036,0.00000013,32.1662,12549.0,40477042.0,51530001.0,-0.82,-7.67,24.18,1496463279
TAGRcoin,TAGR,617,0.000318733,0.00000013,1.24492,12325.0,38669634.0,38669634.0,-0.9,1.42,-13.31,1496463269
WARP,WARP,618,0.0105936,0.00000443,,11602.0,1095224.0,1095224.0,,-1.08,16.35,1496415568
Bitcoin 21,XBTC21,619,0.0145198,0.00000655,,11516.0,793108.0,7093108.0,,,-23.8,1496220571
Comet,CMT,620,0.0129007,0.00000526,4.15276,11260.0,872830.0,872830.0,-0.9,3.18,19.14,1496463279
Money,$$$,621,0.000241501,0.00000010,64.0159,11082.0,45887218.0,45887218.0,-0.88,1.43,-17.54,1496463272
Solaris,XLR,622,0.0614202,0.00002506,121.761,10468.0,170431.0,270431.0,-0.84,-15.56,-34.34,1496462986
Iconic,ICON,623,0.0176488,0.00000720,0.492695,10464.0,592894.0,592894.0,-0.92,,-3.51,1496462982
Cabbage,CAB,624,0.000980718,0.00000040,236.542,10298.0,10499996.0,10499996.0,-0.9,-12.84,-13.21,1496463276
DPAY,DPAY,625,0.00012259,0.00000005,24.8783,9751.0,79541001.0,79541001.0,-0.9,26.77,41.71,1496463284
Zonecoin,ZNE,626,0.00377577,0.00000154,58.961,9749.0,2581970.0,2581970.0,-0.9,2.08,33.27,1496463281
Cashcoin,CASH,627,0.000269698,0.00000011,1.89556,9664.0,35831128.0,35831128.0,-0.9,,13.37,1496463253
G3N,G3N,628,0.00127493,0.00000052,0.403664,9641.0,7561891.0,7561891.0,-0.9,1.43,9.17,1496463267
Xonecoin,XOC,629,0.0226056,0.00000922,2.89572,9494.0,420000.0,420000.0,-0.9,1.53,13.49,1496463281
High Voltage,HVCO,630,0.00611441,0.00000256,,9136.0,1494171.0,1694171.0,,,24.0,1496333672
EGO,EGO,631,0.000147108,0.00000006,10.1177,8826.0,60000001.0,60000001.0,-0.9,-13.07,-2.83,1496463284
JIO Token,JIO,632,0.00453475,0.00000185,129.58,8653.0,1908128.0,8888888.0,-0.91,31.77,107.88,1496462980
Scorecoin,SCORE,633,0.000512626,0.00000021,20.6474,8536.0,16652010.0,16652010.0,3.41,-39.89,-39.18,1496462987
iBank,IBANK,634,0.00188531,0.00000079,,8534.0,4526324.0,4526324.0,,,8.82,1496357683
Abncoin,ABN,635,0.122561,0.00005000,3.06402,8297.0,67700.0,4734367.0,-0.91,-26.21,53.79,1496462981
Speedcash,SCS,636,0.0308118,0.00001257,300.826,8044.0,261061.0,476148.0,-0.91,-38.12,-17.91,1496462988
Coinonat,CXT,637,0.00369215,0.00000151,366.738,7941.0,2150802.0,8150802.0,-8.34,36.5,27.26,1496462988
Qibuck Asset,QBK,638,0.00536457,0.00000219,2.14583,7812.0,1456187.0,2000000.0,0.09,55.25,28.71,1496462990
Hirocoin,HIRO,639,0.0000245180,0.00000001,2.4518,7639.0,311561915.0,311561915.0,-0.9,1.42,13.33,1496463255
PosEx,PEX,640,0.00284408,0.00000116,9.86245,6977.0,2453240.0,2453240.0,-0.9,0.55,-6.07,1496463276
Hommalicoin,HMC,641,2.86112,0.00116695,172.226,6920.0,2419.0,1000000000.0,-1.83,,-37.6,1496463280
Dix Asset,DIX,642,0.0000000684,0.00000000003,,6844.0,100000000000,100000000000,,0.27,-6.36,1496417087
Future Digital Currency,FDC,643,0.00245122,0.00000100,63.7317,6335.0,2584401.0,1002584401.0,-0.91,-19.69,7.8,1496462980
Printerium,PRX,644,0.000657014,0.00000027,283.215,5962.0,9074428.0,9074428.0,-0.92,0.67,-21.62,1496462981
BioBar,BIOB,645,0.00649573,0.00000265,112.488,5754.0,885756.0,985756.0,23.85,37.22,48.03,1496462984
SydPak,SDP,646,0.0344477,0.00001405,0.848689,5461.0,158538.0,158538.0,-0.9,-15.02,15.5,1496463270
ImpulseCoin,IMPS,647,0.000269698,0.00000011,1.59161,5460.0,20245510.0,20245510.0,-0.9,-25.63,0.22,1496463285
Save and Gain,SANDG,648,0.00141989,0.00000064,,4352.0,3064800.0,3064800.0,,,-0.53,1496226272
Antilitecoin,ALTC,649,0.00012259,0.00000005,1.98931,3863.0,31512613.0,31512613.0,-0.9,-27.56,-29.15,1496463275
GeertCoin,GEERT,650,0.000756159,0.00000031,11.9954,3849.0,5090239.0,5090239.0,-0.87,-7.98,-18.57,1496462984
NodeCoin,NODC,651,0.00221639,0.00000097,,3720.0,1678439.0,5878439.0,,,6.61,1496270080
Revenu,REV,652,0.00279505,0.00000114,30.4096,3342.0,1195525.0,1195525.0,-0.9,,,1496463276
Elysium,ELS,653,0.000833414,0.00000034,52.7535,3338.0,4005012.0,4005012.0,-0.92,-42.57,-23.03,1496462982
Pulse,PULSE,654,0.000224082,0.00000009,67.0466,3204.0,14298972.0,14298972.0,-1.17,34.98,-53.67,1496463275
Concoin,CONX,655,0.00416707,0.00000170,102.813,2866.0,687849.0,1538849.0,-32.62,-45.59,0.04,1496462987
Selfiecoin,SLFI,656,0.0000245180,0.00000001,1.96144,2644.0,107829281.0,107829281.0,-0.9,1.42,13.37,1496463266
Californium,CF,657,0.0201292,0.00000821,17.0834,2237.0,111110.0,111110.0,0.2,0.12,11.62,1496463266
P7Coin,P7C,658,0.0000490359,0.00000002,0.342835,1727.0,35220238.0,35220238.0,-0.9,-32.39,13.37,1496463266
Doubloon,BOAT,659,0.000465727,0.00000019,124.335,1652.0,3547845.0,18547845.0,-0.91,-11.98,-31.58,1496462982
Enigma,XNG,660,0.0966253,0.00003941,45.2603,1607.0,16627.0,66627.0,-0.9,-27.09,15.0,1496463276
Powercoin,PWR,661,0.0000245180,0.00000001,67.3286,1226.0,49983870.0,49983870.0,-0.9,1.42,13.37,1496463279
Dollar Online,DOLLAR,662,0.0118884,0.00000485,218.01,1051.0,88379.0,10088379.0,-0.91,-8.72,4.31,1496462981
23 Skidoo,CHAO,663,3947.47,1.61003,114.266,997.0,0.0,0.0,-0.9,8.13,-27.0,1496463269
Impeachcoin,IMPCH,664,0.0028189,0.00000115,1.45847,869.0,308179.0,2501512.0,-0.91,-14.59,-17.49,1496462982
Digital Credits,DGCS,665,0.000147108,0.00000006,36.2946,857.0,5826388.0,201284316.0,-0.9,52.12,13.37,1496463272
SwapToken,TOKEN,666,0.0000239672,0.000000010,9.18093,842.0,35110531.0,35110531.0,-0.77,88.23,5347.96,1496463280
Zcashshare,ZHS,667,0.000216504,0.00000009,,612.0,2826000.0,2826000.0,,-0.48,-15.85,1496411380
CRTCoin,CRT,668,0.00490359,0.00000200,0.0000000245,389.0,79270.0,10079270.0,-0.9,1.42,13.37,1496463256
PizzaCoin,PIZZA,669,0.00024518,0.00000010,68.5521,338.0,1377917.0,10127917.0,-0.9,12.68,76.3,1496463281
Xenixcoin,XEN,670,0.0272285,0.00001100,,275.0,10100.0,10010100.0,0.06,9.87,-35.36,1496460285
CaliphCoin,CALC,671,0.00100835,0.00000041,15.0601,88.0,87140.0,148587140.0,-0.9,3.91,-35.66,1496463284
MikeTheMug,MUG,672,0.0000051456,0.000000002,,5.0,999279.0,1000000.0,,,-99.38,1496047185
BTCGold,XBG,673,0.138641,0.00005656,28.1265,,,99000001.0,-0.92,1.4,-37.87,1496462988
Soarcoin,SOAR,674,0.018447,0.00000753,141.422,,,5000000000.0,-0.39,-6.71,2.37,1496462986
Project-X,NANOX,675,308854.0,126.0,1087.29,,,1.0,-0.91,1.61,,1496462991
Internet of Things,XOT,676,1217.71,0.496779,1548.04,,,21000000.0,-0.21,1.5,23.24,1496462988
AMIS,AMIS,677,277.548,0.115061,,,,,,-1.82,,1496391890
Bitcoin Unlimited (Futures),BTU,678,147.552,0.0601954,901.679,,,,21.23,22.31,-3.03,1496462985
Malcoin,MALC,679,31.9488,0.0130339,43140.9,,,1000000000.0,-0.92,1.4,13.31,1496462988
GoldUnionCoin,GUC,680,22.8137,0.0093071,19833.4,,,210000000.0,-0.91,11.69,23.71,1496462988
Qtum (Pre-Launch),QTUM,681,12.4729,0.00508846,46919000.0,,,100000000.0,-4.9,36.78,226.24,1496462990
ZenCash,ZEN,682,8.13819,0.00332006,24443.3,,,1394575.0,-10.4,-19.9,,1496462991
Fargocoin,FRGC,683,7.05965,0.00288006,754099.0,,,443958531.0,-0.02,3.59,7.74,1496462980
EcoCoin,ECO,684,3.50464,0.00142975,43523.5,,,1093895.0,-5.4,-11.41,16.73,1496462990
DECENT (Pre-Launch),DCT,685,3.46568,0.00141386,4276.45,,,73290000.0,-0.92,21.06,-5.87,1496462979
Internet of People,IOP,686,3.40817,0.0013904,3735.75,,,2139406.0,-5.0,-7.73,51.32,1496462978
Bitcore,BTX,687,1.05711,0.00043126,14485.2,,,16361766.0,-1.02,1.04,-32.49,1496462988
PRIZM,PZM,688,1.05702,0.00043122,34829.0,,,,-6.89,0.73,15.07,1496462990
DynamicCoin,DMC,689,0.997722,0.00040693,426924.0,,,10541442931.0,-0.01,-0.04,0.01,1496463285
OBITS.WARRANT,WARRANT,690,0.995316,0.00040605,1965.94,,,,-1.59,,,1496462991
Databits,DTB,691,0.862524,0.00035188,135162.0,,,,4.53,6.62,16.82,1496462986
Aeternity (Pre-Launch),AE,692,0.830963,0.000339,1977.28,,,,-0.92,18.81,,1496462991
XDE II,XDE2,693,0.825938,0.00033695,254.116,,,42249.0,-0.91,43.22,61.24,1496462986
GAY Money,GAY,694,0.630136,0.00025701,180.51,,,5603062267.0,-0.9,7.61,70.28,1496463283
TechShares,THS,695,0.629597,0.00025679,7.44264,,,646359158.0,-0.9,4.92,11.07,1496463281
Bitgem,BTG,696,0.553125,0.0002256,25.8863,,,,-0.9,-30.71,-34.48,1496463248
LEOcoin,LEO,697,0.534536,0.00021802,278643.0,,,92930136.0,1.57,12.96,28.29,1496463270
InvisibleCoin,IVZ,698,0.433968,0.000177,164.55,,,,-0.9,110.07,403.13,1496463271
WA Space,WA,699,0.375625,0.00015324,44084.3,,,,-0.91,-4.05,17.01,1496462978
ZenGold,ZENGOLD,700,0.338632,0.00013815,2353.85,,,,-1.98,27.39,,1496462991
ClubCoin,CLUB,701,0.286546,0.00011687,18963.2,,,90899180.0,-0.58,0.29,4.4,1496463273
TeslaCoilCoin,TESLA,702,0.273057,0.00011137,169.346,,,100000000.0,-0.9,-50.87,23.68,1496463278
Yogold,YOG,703,0.269806,0.00011007,32.5979,,,100000000.0,-0.91,1.42,24.53,1496462986
TROPTIONS,TROPTIONS,704,0.248173,0.00010598,,,,1000000001.0,,,,1496287780
Zilbercoin,ZBC,705,0.235827,0.00009621,96362.7,,,9009342.0,3.23,-0.94,-19.53,1496462982
Pabyosi Coin (Special),PCS,706,0.170183,0.00006943,3469.02,,,30993751760.0,-1.54,4.91,23.8,1496462980
Golos Gold,GBG,707,0.165849,0.00006766,4104.81,,,,2.16,2.11,7.77,1496462983
AlpaCoin,APC,708,0.156572,0.00006386,684.985,,,,-0.9,-7.34,31.31,1496463274
EquiTrader,EQT,709,0.129915,0.00005300,91458.9,,,7671040.0,-0.91,1.41,20.04,1496462991
Topaz Coin,TOPAZ,710,0.125911,0.00005137,25119.2,,,38273.0,-0.91,215.09,11.58,1496462989
LandCoin,LDCN,711,0.107838,0.00004399,24542.9,,,19003881978.0,-0.47,14.49,329.63,1496462981
Wowecoin,WEC,712,0.104,0.00004242,11334.2,,,8901692.0,,-0.0,3.4,1496463281
Tattoocoin (Limited Edition),TLE,713,0.0946141,0.00003860,17.8762,,,975532.0,-0.91,-27.52,67.13,1496462988
DeusCoin,DEUS,714,0.0889302,0.00003628,6899.66,,,,-0.91,1.79,-11.13,1496462988
InsaneCoin,INSN,715,0.076899,0.00003137,3484.96,,,18528348.0,-0.88,-11.91,74.33,1496462990
Omicron,OMC,716,0.0756379,0.00003085,0.24518,,,10134130.0,-0.9,4.3,13.33,1496463283
Quartz,QRZ,717,0.0658888,0.00002688,2541.02,,,21000000.0,-0.91,-65.93,,1496462991
WavesGo,WGO,718,0.060827,0.00002481,917.776,,,10000000.0,-0.83,-10.17,62.85,1496462988
Elacoin,ELC,719,0.0507277,0.00002069,47.1164,,,,-0.9,,75.18,1496463248
Fazzcoin,FAZZ,720,0.0458289,0.00001870,739.0,,,1022577370.0,-18.03,16.73,-33.23,1496462987
CryptoBuck,BUK,721,0.0389271,0.00001588,0.991635,,,,-1.87,20.46,45.15,1496463262
International Diamond,XID,722,0.038234,0.00001588,,,,,,,,1496373575
DeltaCredits,DCRE,723,0.0293185,0.00001217,,,,,,-0.35,5.09,1496419764
President Johnson,GARY,724,0.0289685,0.00001182,118.231,,,57968072167.0,-0.89,1.41,79.07,1496463282
IvugeoCoin,IEC,725,0.0243954,0.00000995,0.246338,,,,-0.9,1.42,,1496463267
RHFCoin,RHFC,726,0.0242923,0.00000991,8986.61,,,200157080.0,-0.92,9.74,-5.6,1496462988
EDRCoin,EDRC,727,0.0224087,0.00000914,13641.2,,,3407292.0,-0.32,-1.13,-18.03,1496463276
ShellPay,SHELL,728,0.0201099,0.00000820,12055.6,,,,-4.86,-5.62,2.13,1496463268
Gycoin,GYC,729,0.0192564,0.00000785,4938.27,,,22213403.0,-0.0,5.26,0.89,1496463281
Lepaoquan,HLB,730,0.0183045,0.00000747,962541.0,,,935398804.0,-7.15,-9.17,6.42,1496462980
Avoncoin,ACN,731,0.0178939,0.00000730,2929.76,,,,3.51,-9.02,-4.04,1496462982
KolschCoin,TP1,732,0.0147961,0.00000620,,,,,,,45.87,1496357661
Digitalfund,DTF,733,0.0143852,0.00000587,20163.1,,,54000053.0,0.0,-3.51,-6.33,1496463282
Mind Gene,MG,734,0.0120138,0.00000490,5990.72,,,,-1.9,-7.83,-7.17,1496463283
Sharkcoin,SAK,735,0.0106916,0.00000436,3233.44,,,,9.52,11.61,48.82,1496463265
Opal,OPAL,736,0.00837111,0.00000341,2838.73,,,,27.6,16.69,46.97,1496463261
Tyrocoin,TYC,737,0.00808902,0.00000330,7.35366,,,50134500.0,-0.92,6.91,-62.3,1496462988
Goldpay Coin,GP,738,0.0071794,0.00000293,39223.0,,,,0.03,9.65,8.29,1496462990
9COIN,9COIN,739,0.00669183,0.00000273,255.88,,,350050250.0,-0.92,-30.27,50.08,1496462989
GBCGoldCoin,GBC,740,0.00649,0.00000265,34.9231,,,,,29.93,15.14,1496463272
First Bitcoin,BIT,741,0.00599824,0.00000245,844.93,,,20706894564.0,-23.56,-21.43,-35.38,1496463280
Psilocybin,PSY,742,0.00588431,0.00000240,16.7785,,,,-0.9,,2.67,1496463276
Xaucoin,XAU,743,0.00588431,0.00000240,45.5593,,,,-0.9,1.0,-2.31,1496463265
EggCoin,EGG,744,0.00562322,0.00000237,,,,,,,9.71,1496295864
PiCoin,PI,745,0.00541719,0.00000221,24.5122,,,1378369.0,-0.91,-62.65,-72.81,1496462989
Helleniccoin,HNC,746,0.00514877,0.00000210,600.777,,,,-19.65,-18.48,48.42,1496463269
Slimcoin,SLM,747,0.00502618,0.00000205,127.493,,,13925626.0,-0.9,-23.0,,1496463265
Axiom,AXIOM,748,0.00485456,0.00000198,8.09066,,,,-0.9,0.4,10.66,1496463269
Dashs,DASHS,749,0.00443671,0.00000181,13.1694,,,,-0.92,-39.38,-59.72,1496462988
GoldReserve,XGR,750,0.0043642,0.00000178,1321.58,,,17162397.0,-1.32,-2.07,13.87,1496463258
netBit,NBIT,751,0.00414354,0.00000169,4.14354,,,,-0.9,-2.62,37.69,1496463285
BagCoin,BGC,752,0.003953,0.00000161,77393.0,,,497214120.0,-6.76,-7.76,-7.17,1496463280
Bitcoin Scrypt,BTCS,753,0.00372673,0.00000152,37.1123,,,,-4.66,-10.98,0.22,1496463254
President Trump,PRES,754,0.0031218,0.00000127,391.909,,,57968072167.0,-0.9,13.13,24.18,1496463281
AvatarCoin,AV,755,0.00311378,0.00000127,3.21124,,,,-20.84,,-9.45,1496463273
ZSEcoin,ZSE,756,0.00285055,0.00000116,62.2118,,,6383510.0,17.92,-9.14,-58.19,1496462985
Quotient,XQN,757,0.00269698,0.00000110,71.9064,,,,-0.9,1.43,,1496463263
RoyalCoin 2,RYCN,758,0.00257146,0.00000105,1754.87,,,2500124.0,-0.91,,,1496462978
OCOW,OCOW,759,0.00227517,0.00000099,,,,,,,6.26,1496142268
TrickyCoin,TRICK,760,0.00225565,0.00000092,0.492566,,,,-0.9,2.53,-10.63,1496463266
SportsCoin,SPORT,761,0.00223113,0.00000091,3473.05,,,19800001.0,-11.59,,212.61,1496463282
GameLeagueCoin,GML,762,0.0021821,0.00000089,0.545525,,,,-0.9,,-2.04,1496463258
BitcoinFast,BCF,763,0.00217901,0.00000089,53.2457,,,,-9.84,-5.12,-23.77,1496463264
RichCoin,RICHX,764,0.00210122,0.00000093,,,,5925522.0,,,4.47,1496167172
Condensate,RAIN,765,0.00206259,0.00000084,1390.62,,,42978123.0,-1.78,19.6,15.2,1496462989
Neptune Classic,NTCC,766,0.00198549,0.00000081,1478.99,,,,-0.91,-11.32,66.28,1496462983
Digital Bullion Gold,DBG,767,0.00181433,0.00000074,144.989,,,24523275.0,-0.9,25.08,39.82,1496463279
Mavro,MAVRO,768,0.00168043,0.00000070,,,,15005722.0,,,-21.62,1496349588
MMXVI,MMXVI,769,0.00166722,0.00000068,327.432,,,,-0.9,21.7,-32.87,1496463275
Clinton,CLINT,770,0.00166722,0.00000068,32.5256,,,,-0.9,-36.15,-28.62,1496463277
Advanced Internet Blocks,AIB,771,0.00151353,0.00000062,105.454,,,31411918004.0,-0.9,9.33,-36.23,1496463267
TodayCoin,TODAY,772,0.00134849,0.00000055,16.6779,,,,-0.9,21.26,52.08,1496463281
UR,UR,773,0.00129915,0.00000053,276.813,,,,7.17,-2.28,8.52,1496462984
BestChain,BEST,774,0.00113077,0.00000046,7.08503,,,20042911.0,-0.4,7.9,4.48,1496462986
Skeincoin,SKC,775,0.000980718,0.00000040,0.637467,,,,-0.9,-5.66,,1496463253
True Investment Coin,TIC,776,0.000980487,0.00000040,30.6351,,,,-0.91,-5.66,-16.58,1496462984
RoyalCoin,ROYAL,777,0.000954001,0.00000039,22.6246,,,2500124.0,-0.9,-20.93,5.54,1496463284
The Aladin,ADT,778,0.000892522,0.00000032,,,,,,,,1495722585
Bitcedi,BXC,779,0.000858129,0.00000035,11.9185,,,,-0.9,-16.24,,1496463279
Donationcoin,DON,780,0.000858129,0.00000035,8356.89,,,,-0.9,1.66,,1496463258
Braincoin,BRAIN,781,0.000842028,0.00000035,,,,,,-0.49,34.25,1496420372
IrishCoin,IRL,782,0.000833611,0.00000034,277.237,,,,5.29,4.36,,1496463268
Dubstep,DUB,783,0.000817313,0.00000034,,,,,,-0.57,11.15,1496411064
KashhCoin,KASHH,784,0.000758573,0.00000031,1531.65,,,,2.56,-0.33,192.42,1496462983
FrankyWillCoin,FRWC,785,0.000745197,0.00000031,,,,,,-0.57,7.68,1496411075
Lazaruscoin,LAZ,786,0.000745197,0.00000031,,,,,,-0.57,49.81,1496411078
Motocoin,MOTO,787,0.000735539,0.00000030,16.7375,,,,-0.9,-51.97,0.15,1496463257
WeAreSatoshi,WSX,788,0.000686503,0.00000028,7.28614,,,,-0.9,-11.26,-6.64,1496463261
Quebecoin,QBC,789,0.000686503,0.00000028,2.57586,,,,-0.9,9.22,14.08,1496463256
Opescoin,OPES,790,0.000674759,0.00000028,,,,,,-0.32,11.43,1496432667
RubleBit,RUBIT,791,0.000661985,0.00000027,43.2642,,,,-0.9,-33.21,-9.97,1496463272
Vsync,XVS,792,0.000563354,0.00000023,374.068,,,103334172.0,-7.26,7.84,-23.68,1496462987
BitAlphaCoin,BAC,793,0.000506936,0.00000021,47.9337,,,,-0.9,14.97,-19.53,1496463274
CBD Crystals,CBD,794,0.000490244,0.00000020,11.4876,,,,-2.76,-5.6,-62.28,1496462978
MarxCoin,MARX,795,0.000488628,0.00000020,148.373,,,29332120.0,-0.91,10.56,6.75,1496462984
T-coin,TCOIN,796,0.000465732,0.00000019,1640.91,,,,-0.92,3.68,22.67,1496462980
Alphabet Coin Fund,FUN,797,0.000441323,0.00000018,64.7459,,,20742012.0,-0.9,,-70.51,1496463278
GoldMaxCoin,GMX,798,0.000392287,0.00000016,2.30469,,,84078950.0,-0.9,,-9.31,1496463276
UGAIN,GAIN,799,0.000367769,0.00000015,17.9747,,,,-0.9,1.42,93.65,1496463281
PrismChain,PRM,800,0.000367769,0.00000015,87.1943,,,,-0.9,8.66,-76.71,1496463279
Gambleo,GMB,801,0.000345025,0.00000014,,,,,,1.95,0.04,1496454588
BlazerCoin,BLAZR,802,0.000318658,0.00000013,13.5025,,,,-0.92,-34.08,2.08,1496462987
Sakuracoin,SKR,803,0.000318422,0.00000013,120.91,,,,-5.25,-2.55,22.67,1496462977
Cubits,QBT,804,0.000293748,0.00000012,0.00323123,,,,0.02,-42.13,-31.52,1496462977
VGINA,VGINA,805,0.000293747,0.00000012,0.00293747,,,11603228.0,0.02,,-61.23,1496462989
Operand,OP,806,0.000290011,0.00000012,,,,36309296.0,,-0.03,-7.33,1496423371
DarkLisk,DISK,807,0.000269698,0.00000011,36.7839,,,17888425.0,-0.9,-30.28,-10.93,1496463277
Cycling Coin,CYC,808,0.000269698,0.00000011,5.25498,,,,-0.9,-7.04,13.37,1496463269
TeraCoin,TERA,809,0.000269634,0.00000011,3874.6,,,,-0.91,33.2,41.67,1496462983
The Vegan Initiative,XVE,810,0.000269457,0.00000011,155.247,,,,-0.93,-12.94,24.49,1496462987
Happy Creator Coin,HCC,811,0.000266832,0.00000011,23.2317,,,,-0.9,0.09,28.98,1496463280
Grumfork,GMF,812,0.000245122,0.00000010,7.35366,,,,-0.91,1.4,,1496462988
MobileCash,MBL,813,0.000220662,0.00000009,10.4375,,,1068669648.0,-0.9,1.42,45.76,1496463284
President Sanders,BURN,814,0.00022061,0.00000009,141.7,,,57968072167.0,-0.91,-8.73,-32.05,1496462981
AsicCoin,ASC,815,0.000206611,0.00000008,23.7168,,,,-2.85,,,1496463250
Moneta,MONETA,816,0.000171626,0.00000007,158.193,,,,-0.9,-11.26,-0.81,1496463271
LAthaan,LTH,817,0.00012259,0.00000005,166.58,,,,-0.9,-27.56,-33.48,1496463285
TeamUp,TEAM,818,0.0000980718,0.00000004,0.257537,,,301004896.0,-0.9,1.42,51.15,1496463284
PayPeer,PAYP,819,0.0000980718,0.00000004,124.496,,,,-0.9,102.83,126.73,1496463276
Halloween Coin,HALLO,820,0.0000980628,0.00000004,455.891,,,264606198.0,-20.26,0.09,-9.41,1496462990
Wowcoin,WOW,821,0.0000964807,0.00000004,,,,,,-0.23,123.05,1496426381
TheCreed,TCR,822,0.0000735539,0.00000003,9.35855,,,,-0.9,-23.94,-31.98,1496463277
FireFlyCoin,FFC,823,0.0000735539,0.00000003,3.9991,,,,-0.9,204.25,240.1,1496463263
LinkedCoin,LKC,824,0.0000735539,0.00000003,13.9993,,,,-0.9,-23.94,-20.21,1496463280
LePen,LEPEN,825,0.0000691480,0.00000003,101.682,,,,-1.1,23.1,189.45,1496462982
Cashme,CME,826,0.0000491969,0.00000002,,,,,,1.75,13.74,1496446166
PokeCoin,POKE,827,0.0000490359,0.00000002,6.10254,,,,-0.9,1.42,-24.42,1496463281
CyberCoin,CC,828,0.0000490359,0.00000002,49.0359,,,549267534.0,-0.9,1.42,126.73,1496463266
VegasCoin,VGC,829,0.0000490359,0.00000002,2.4518,,,,-0.9,80.57,126.73,1496463256
X2,X2,830,0.0000490359,0.00000002,7.95301,,,,-0.9,102.83,126.73,1496463274
Tellurion,TELL,831,0.0000490359,0.00000002,4.90357,,,,-0.9,1.42,126.73,1496463283
PinkDog,PDG,832,0.0000490244,0.00000002,0.0000245122,,,,-0.92,1.4,126.37,1496462983
MoneyCoin,MONEY,833,0.0000490244,0.00000002,826.134,,,,-0.91,-32.4,2.72,1496462980
UNCoin,UNC,834,0.0000397280,0.00000002,1165.73,,,,-0.92,1.27,-5.94,1496463266
InflationCoin,IFLT,835,0.0000291829,0.00000001,2256.6,,,3303019999.0,-15.23,-11.25,-19.82,1496462981
SuperTurboStake,STRB,836,0.0000245180,0.00000001,0.24518,,,,-0.9,1.42,13.37,1496463274
President Clinton,HILL,837,0.0000245180,0.00000001,3.92287,,,57968072167.0,-0.9,,-14.98,1496463281
Aces,ACES,838,0.0000245180,0.00000001,3.6786,,,,-0.9,1.42,13.37,1496463282
Rcoin,RCN,839,0.0000245180,0.00000001,89.2108,,,,-50.45,1.42,-15.85,1496463284
ChoofCoin,CHOOF,840,0.0000245180,0.00000001,7.40445,,,,-0.9,1.42,13.37,1496463285
SoulCoin,SOUL,841,0.0000245180,0.00000001,3.9381,,,,-0.9,1.42,13.37,1496463278
Global Business Revolution,GBRC,842,0.0000245122,0.00000001,676.34,,,900096049.0,-0.91,-49.29,13.18,1496462979
Safe Trade Coin,XSTC,843,0.0000245122,0.00000001,392.195,,,604880000.0,-0.91,1.4,13.25,1496462981
Yescoin,YES,844,0.0000245113,0.000000010,974.639,,,,-0.91,1.46,22.7,1496462982
FedoraShare,FEDS,845,0.0000220182,0.000000009,2642.18,,,499001351974,7.32,-9.19,-53.7,1496463283
Virtacoin,VTA,846,0.0000103834,0.000000004,62.3877,,,12423206610.0,-0.52,24.06,-5.42,1496463260
Victoriouscoin,VTY,847,0.0000103047,0.000000004,6.32725,,,10263290326.0,-1.73,-56.75,11.85,1496463284
Dimecoin,DIME,848,0.0000077173,0.000000003,413.288,,,527140297168,3.53,1765.35,88.08,1496463251
XP,XP,849,0.0000008666,0.0000000004,398.998,,,133635560466,2.8,-85.42,-87.55,1496463282
BatCoin,BAT,850,0.0000007919,0.0000000003,576.203,,,,-2.83,-4.98,,1496463253
BitCentavo,NBE,851,0.0000005705,0.0000000002,,,,,,14.36,147.71,1496398156
RabbitCoin,RBBT,852,0.0000004339,0.0000000002,20.7272,,,,0.65,-17.41,58.06,1496463260
StrongHands,SHND,853,0.0000001956,0.00000000008,204.913,,,,-5.11,56.29,,1496463271
Paccoin,PAC,854,0.0000000704,0.00000000003,728.166,,,,0.23,4.41,60.88,1496463273
Bond,BOND,855,,,,,1349.0,1349.0,,,,
bitRUBLE,BITRUBLE,856,,,,,,,,,,
