Name,Symbol,Rank,Price(BTC),Price(USD),24HVolume,MarketCap,%Change_1h,%Change_24h,%Change_7d,LastUpdated
Bitcoin,BTC,1,2434.08,1.0,1298250000.0,39842299332.0,16368525.0,16368525.0,-1.15,0.35,16.32,1496466851
Ethereum,ETH,2,223.37,0.091371,423663000.0,20586139216.0,92161612.0,92161612.0,-0.41,-2.37,49.26,1496466563
Ripple,XRP,3,0.30638,0.00012537,252021000.0,11832914587.0,38621693933.0,99994661895.0,2.17,-4.32,27.19,1496466842
NEM,XEM,4,0.228302,0.00009339,12275000.0,2054718000.0,8999999999.0,8999999999.0,1.5,-0.74,42.1,1496466561
Ethereum Classic,ETC,5,16.9468,0.00693219,64347900.0,1562853114.0,92221134.0,92221134.0,-1.67,-2.62,31.8,1496466574
Litecoin,LTC,6,27.2175,0.0111374,340961000.0,1398717052.0,51390357.0,51390357.0,0.11,-8.17,21.04,1496466841
Dash,DASH,7,147.582,0.0603905,41649800.0,1082412784.0,7334314.0,7334314.0,0.9,4.78,38.85,1496466846
Stratis,STRAT,8,9.10515,0.00372452,60219700.0,896032852.0,98409455.0,98409455.0,0.32,38.24,238.72,1496466574
Monero,XMR,9,43.6807,0.0178742,8621780.0,636244411.0,14565802.0,14565802.0,-0.44,-0.77,22.8,1496466850
Bytecoin,BCN,10,0.00264102,0.00000108,2131330.0,483233590.0,182972332667,182972332667,-6.47,-15.56,8.71,1496466851
Waves,WAVES,11,4.78366,0.00195679,5646300.0,478366000.0,100000000.0,100000000.0,-0.79,29.15,112.4,1496466572
Golem,GNT,12,0.486107,0.00019885,10824300.0,400976053.0,824872000.0,1000000000.0,-1.32,3.94,51.22,1496466579
Stellar Lumens,XLM,13,0.0402147,0.00001646,14798300.0,388669905.0,9664871416.0,102940435314,-0.28,-0.96,16.29,1496466853
Zcash,ZEC,14,241.552,0.0988086,15423200.0,347948108.0,1440469.0,1440469.0,-0.11,-4.86,34.41,1496466578
Dogecoin,DOGE,15,0.00288053,0.00000118,34101000.0,315842031.0,109647193868,109647193868,-1.13,-2.74,38.6,1496466844
Steem,STEEM,16,1.26718,0.00051835,6754990.0,296986581.0,234368110.0,251342204.0,-3.12,19.3,48.73,1496466571
Gnosis,GNO,17,252.459,0.10327,1611610.0,278863687.0,1104590.0,10000000.0,-0.45,0.67,40.85,1496466591
Augur,REP,18,24.9055,0.0101878,5152560.0,273960500.0,11000000.0,11000000.0,-0.75,1.38,24.62,1496466565
DigiByte,DGB,19,0.0330169,0.00001351,96127100.0,267669062.0,8107031908.0,8107031908.0,0.76,33.06,172.51,1496466844
Siacoin,SC,20,0.00990102,0.00000405,40974000.0,262647599.0,26527327422.0,26527327422.0,-2.55,8.74,62.41,1496466565
BitShares,BTS,21,0.0864167,0.00003536,22535800.0,224876129.0,2602230000.0,2602230000.0,-0.5,1.35,66.73,1496466853
GameCredits,GAME,22,2.99582,0.00122589,2361260.0,188846882.0,63036792.0,63036792.0,-1.05,13.84,34.66,1496466855
MaidSafeCoin,MAID,23,0.397798,0.00016278,2509200.0,180024444.0,452552412.0,452552412.0,-0.36,1.77,13.39,1496466849
Basic Attention Token,BAT,24,0.165576,0.00006773,3880110.0,165576000.0,1000000000.0,1500000000.0,-0.55,-2.9,,1496466592
BitConnect,BCC,25,24.2181,0.00990657,2833990.0,155978589.0,6440579.0,6440579.0,-0.26,6.26,61.84,1496466582
Decred,DCR,26,30.9503,0.0126604,4310310.0,155650244.0,5029038.0,5449038.0,-1.95,22.8,56.16,1496466568
DigixDAO,DGD,27,76.4069,0.0312547,1098230.0,152813800.0,2000000.0,2000000.0,-5.45,-9.37,28.91,1496466570
Lisk,LSK,28,1.39486,0.00057058,2569060.0,150377276.0,107808150.0,107808150.0,0.53,3.0,44.53,1496466569
Factom,FCT,29,15.0373,0.0061511,2772410.0,131624780.0,8753219.0,8753219.0,1.21,10.79,36.98,1496466565
Byteball,GBYTE,30,685.075,0.280235,694557.0,129673647.0,189284.0,1000000.0,5.39,29.27,152.43,1496466581
Ardor,ARDR,31,0.126438,0.00005172,2804000.0,126311498.0,998999495.0,998999495.0,-1.11,-5.65,43.17,1496466574
SingularDTV,SNGLS,32,0.204897,0.00008381,196806.0,122938200.0,600000000.0,1000000000.0,-0.37,12.92,34.61,1496466578
Iconomi,ICN,33,1.25132,0.00051186,792484.0,108864840.0,87000000.0,100000000.0,0.96,4.01,23.96,1496466577
Tether,USDT,34,1.02852,0.00042072,48773400.0,107988110.0,104993690.0,124951468.0,0.17,-0.38,-3.54,1496466559
Komodo,KMD,35,0.976788,0.00039956,1633040.0,98602363.0,100945510.0,100945510.0,0.07,73.64,118.53,1496466583
Round,ROUND,36,0.105162,0.00004302,385830.0,89387700.0,850000000.0,1000000000.0,-2.28,-1.71,-11.79,1496466580
PIVX,PIVX,37,1.65776,0.00067812,949215.0,88760722.0,53542565.0,53542565.0,-0.41,-3.13,65.51,1496466568
SysCoin,SYS,38,0.1488,0.00006089,7568040.0,78147645.0,525185784.0,525185784.0,-3.04,31.84,49.64,1496466854
FirstBlood,1ST,39,0.876132,0.00035839,5538420.0,74960426.0,85558371.0,93468691.0,-3.09,4.35,71.23,1496466577
Aragon,ANT,40,2.21277,0.00090515,805143.0,74360505.0,33605167.0,39609523.0,1.39,4.95,25.61,1496466592
iExec RLC,RLC,41,0.86938,0.00035563,898684.0,67873186.0,78070793.0,86999785.0,-1.56,37.1,81.14,1496466589
Nxt,NXT,42,0.066048,0.00002703,4039760.0,65981951.0,998999983.0,998999983.0,-1.85,5.94,42.35,1496466844
Ubiq,UBQ,43,1.72033,0.00070396,2222600.0,63829590.0,37103108.0,37103108.0,-1.71,53.14,225.45,1496466855
AntShares,ANS,44,1.26226,0.00051634,6301430.0,63113000.0,50000000.0,100000000.0,-0.88,-8.12,73.68,1496466576
BitcoinDark,BTCD,45,38.5218,0.0157631,1550270.0,49649291.0,1288862.0,1288862.0,-8.66,56.52,97.23,1496466853
Wings,WINGS,46,0.536366,0.0002194,1583780.0,48116500.0,89708333.0,100000000.0,3.25,21.33,115.84,1496466581
ReddCoin,RDD,47,0.00168622,0.00000069,3233530.0,48101095.0,28525990219.0,28525990219.0,-3.12,40.65,58.9,1496466845
Peercoin,PPC,48,1.66157,0.00067992,1569480.0,40087180.0,24126085.0,24126085.0,-1.93,3.04,20.14,1496466840
Ark,ARK,49,0.410858,0.00016806,786045.0,39165713.0,95326642.0,126576642.0,0.82,31.63,73.8,1496466586
Lykke,LKK,50,0.274434,0.00011226,503214.0,37732610.0,137492474.0,1285690000.0,0.08,5.17,13.26,1496466579
Emercoin,EMC,51,0.860325,0.00035204,903038.0,34551883.0,40161430.0,40161430.0,0.3,-5.91,34.61,1496466854
Storjcoin X,SJCX,52,0.668054,0.00027337,418963.0,34186424.0,51173144.0,500000000.0,0.02,5.44,38.98,1496466854
Melon,MLN,53,56.3726,0.0230596,265994.0,33789736.0,599400.0,749400.0,-1.09,1.96,2.69,1496466584
Omni,OMNI,54,58.1098,0.0237785,9013020.0,32482742.0,558989.0,615305.0,-2.36,16.62,259.05,1496466846
Xaurum,XAUR,55,0.260277,0.00010647,311130.0,29594615.0,113704305.0,113704305.0,-3.09,5.94,28.34,1496466562
Counterparty,XCP,56,11.2037,0.00458454,528044.0,29339579.0,2618740.0,2618740.0,1.47,0.77,25.68,1496466846
Blocknet,BLOCK,57,7.05535,0.00288705,224550.0,27590061.0,3910516.0,3910516.0,0.42,12.93,136.98,1496466857
WeTrust,TRST,58,0.291063,0.00011906,434526.0,26820728.0,92147500.0,100000000.0,-0.11,24.4,35.82,1496466589
Namecoin,NMC,59,1.80451,0.00073841,745957.0,26591981.0,14736400.0,14736400.0,-0.33,5.02,27.01,1496466841
Gulden,NLG,60,0.076236,0.00003120,134136.0,26422867.0,346593045.0,448613200.0,-0.33,4.06,21.94,1496466850
Nexus,NXS,61,0.513039,0.00020994,68024.7,25585195.0,49869883.0,49869883.0,-0.11,-0.51,19.79,1496466858
Synereo,AMP,62,0.305937,0.00012515,549452.0,25165253.0,82256324.0,949291063.0,-0.81,9.2,49.3,1496466566
Burst,BURST,63,0.0128573,0.00000526,4109620.0,22894303.0,1780646242.0,1780646242.0,0.89,11.39,61.84,1496466855
Verge,XVG,64,0.0016868,0.00000069,3711590.0,22619098.0,13409472280.0,13409472280.0,-1.61,50.53,95.23,1496466857
XtraBYtes,XBY,65,0.03476,0.00001422,947152.0,22594000.0,650000000.0,650000000.0,0.75,22.32,515.67,1496466589
Matchpool,GUP,66,0.291598,0.00011928,324762.0,21869850.0,75000000.0,98855150.0,1.84,7.8,34.59,1496466588
Edgeless,EDG,67,0.270525,0.00011066,502088.0,21488460.0,79432438.0,132046997.0,0.22,11.14,21.42,1496466586
SuperNET,UNITY,68,26.3167,0.0107688,30977.9,21476032.0,816061.0,816061.0,-2.01,97.33,404.43,1496466856
EarthCoin,EAC,69,0.00228553,0.00000094,6600170.0,21361634.0,9346468332.0,9346468332.0,-0.09,-5.79,48.98,1496466845
YbCoin,YBC,70,6.73656,0.0027566,2985160.0,20346254.0,3020274.0,3020274.0,-2.85,-7.07,30.09,1496466844
NAV Coin,NAV,71,0.32749,0.00013401,1236540.0,20086096.0,61333463.0,61333463.0,-1.13,10.32,23.49,1496466851
BitBay,BAY,72,0.0192571,0.00000788,85181.5,19402005.0,1007524749.0,1007524749.0,-0.38,6.78,31.87,1496466857
Humaniq,HMQ,73,0.154865,0.00006335,902116.0,19255094.0,124334708.0,184190414.0,0.08,27.02,0.08,1496466590
TokenCard,TKN,74,0.812075,0.00033218,321795.0,19200747.0,23644056.0,39406760.0,0.93,-3.06,-8.71,1496466590
BCAP,BCAP,75,1.88073,0.00076932,185199.0,18807300.0,10000000.0,10000000.0,0.54,7.6,-3.88,1496466591
OBITS,OBITS,76,1.26648,0.00051806,619577.0,18679189.0,14748902.0,16443700.0,-1.97,11.8,62.75,1496466567
PotCoin,POT,77,0.0853892,0.00003494,667627.0,18525143.0,216949483.0,216949483.0,0.18,0.36,11.91,1496466846
BlackCoin,BLK,78,0.241924,0.00009900,1179740.0,18427396.0,76170185.0,76170185.0,-0.82,-4.5,63.84,1496466847
E-Dinar Coin,EDR,79,0.0276255,0.00001130,457245.0,18250365.0,660634755.0,785634755.0,-2.33,-10.09,21.57,1496466576
Shift,SHIFT,80,1.67235,0.00068408,474449.0,18116340.0,10832864.0,10832864.0,-6.63,56.83,223.02,1496466564
Expanse,EXP,81,2.44472,0.00100003,497339.0,17718151.0,7247517.0,16247517.0,2.13,1.77,33.69,1496466564
Swarm City,SWT,82,2.62363,0.00107322,57292.7,17427791.0,6642625.0,6642625.0,-0.44,14.75,10.58,1496466584
Nexium,NXC,83,0.259542,0.00010617,1065720.0,17265145.0,66521586.0,66521586.0,-0.29,-1.78,68.58,1496466581
Bankcoin,B@,84,4.04044,0.00165277,10628.7,17232800.0,4265080.0,25000000.0,-1.5,15.45,63.65,1496466586
Agoras Tokens,AGRS,85,0.397133,0.00016245,31201.5,16679586.0,42000000.0,42000000.0,-0.39,8.97,34.16,1496466563
TaaS,TAAS,86,2.02178,0.00082702,215541.0,16469421.0,8146001.0,8146001.0,0.31,10.34,53.14,1496466586
LBRY Credits,LBC,87,0.234379,0.00009587,885399.0,16060709.0,68524524.0,466424524.0,-0.0,9.2,42.9,1496466572
Chronobank,TIME,88,22.3701,0.00915064,511734.0,15885295.0,710113.0,710113.0,-0.5,14.31,33.63,1496466584
Unity Ingot,UNY,89,0.0784421,0.00003209,123311.0,15845304.0,202000000.0,10000000000.0,-1.14,-3.42,87.62,1496466590
Infinitecoin,IFC,90,0.000174175,0.00000007,2996780.0,15779606.0,90596274910.0,90596274910.0,-3.46,-6.07,50.28,1496466841
GridCoin,GRC,91,0.0395851,0.00001620,298503.0,15450569.0,390312753.0,390312753.0,-0.4,7.35,49.57,1496466859
ZCoin,XZC,92,6.86383,0.00280769,996915.0,15361138.0,2237983.0,2237983.0,-0.92,-9.01,42.98,1496466578
Mooncoin,MOON,93,0.0000690997,0.00000003,118494.0,15336554.0,221948204933,221948204933,28.09,49.13,49.99,1496466845
I/O Coin,IOC,94,0.913452,0.00037379,48687.7,14922577.0,16336466.0,16336466.0,-0.25,8.48,26.83,1496466853
Waves Community Token,WCT,95,2.95613,0.00120922,149236.0,14780650.0,5000000.0,10000000.0,-1.61,16.78,76.29,1496466583
Radium,RADS,96,4.55059,0.00186145,388392.0,14777459.0,3247372.0,3247372.0,0.05,11.7,59.96,1496466567
Pepe Cash,PEPECASH,97,0.0208706,0.00000854,40374.1,14648740.0,701884009.0,701884009.0,10.1,-3.96,8.61,1496466577
Golos,GOLOS,98,0.106866,0.00004371,56959.1,13155216.0,123100111.0,123100111.0,0.8,14.64,92.44,1496466580
Blitzcash,BLITZ,99,3.22579,0.00131999,577873.0,13110454.0,4064262.0,4064262.0,32.67,152.97,917.59,1496466857
E-coin,ECN,100,4.67892,0.00191394,156037.0,13081241.0,2795782.0,211084674.0,0.26,0.87,17.56,1496466587
Vertcoin,VTC,101,0.389882,0.00015954,579867.0,13038251.0,33441531.0,33441531.0,-1.66,5.98,45.51,1496466846
DigitalNote,XDN,102,0.00188973,0.00000077,2563440.0,13004300.0,6881565269.0,6881565269.0,2.99,18.98,46.34,1496466852
MonaCoin,MONA,103,0.254716,0.00010423,34647.2,12881854.0,50573400.0,50573400.0,-1.9,-5.73,22.41,1496466848
Etheroll,DICE,104,1.77932,0.00072784,61819.8,12458127.0,7001623.0,7001623.0,0.01,2.03,9.34,1496466591
MergeCoin,MGC,105,0.115956,0.00004743,3203970.0,11473331.0,98945560.0,103945560.0,0.6,-0.84,31.43,1496466589
LuckChain,BASH,106,0.0156195,0.00000639,816084.0,11309565.0,724067051.0,724067051.0,-4.92,13.69,106.51,1496466579
Clams,CLAM,107,4.82418,0.00197405,758338.0,11110875.0,2303163.0,16208529.0,-0.73,1.07,24.76,1496466853
Bitcrystals,BCY,108,0.461763,0.00018889,385039.0,10755117.0,23291422.0,23291422.0,1.81,15.75,33.86,1496466566
Pluton,PLU,109,12.264,0.00501666,126061.0,10424394.0,850000.0,20000000.0,-0.39,-7.63,56.85,1496466577
FlorinCoin,FLO,110,0.0769598,0.00003149,344511.0,10314077.0,134019025.0,134019025.0,-1.34,6.8,37.24,1496466843
Bitland,CADASTRAL,111,0.339834,0.00013901,16151.9,10195020.0,30000000.0,30000000.0,0.13,-14.89,40.69,1496466573
DNotes,NOTE,112,0.0806569,0.00003300,501863.0,9992304.0,123886539.0,123886539.0,0.51,21.32,74.34,1496466848
Viacoin,VIA,113,0.437961,0.00017921,328330.0,9918891.0,22647887.0,22647887.0,-1.33,8.22,24.97,1496466852
Energycoin,ENRG,114,0.0791788,0.00003240,8842.17,9576166.0,120943561.0,120943561.0,-0.3,8.63,36.25,1496466851
HEAT,HEAT,115,0.351569,0.00014381,30512.0,9271842.0,26372752.0,26372752.0,-0.06,11.96,10.4,1496466573
Skycoin,SKY,116,1.65963,0.00067888,27361.1,9071207.0,5465801.0,100000000.0,-0.4,20.61,-3.02,1496466588
vSlice,VSL,117,0.270762,0.00011076,130845.0,9040877.0,33390496.0,33390496.0,-1.67,0.56,4.29,1496466581
Rubycoin,RBY,118,0.363179,0.00014861,30002.4,8860085.0,24395918.0,24395918.0,-0.34,1.01,19.0,1496466849
Creditbit,CRB,119,0.74178,0.00030343,1345740.0,8808149.0,11874342.0,11874342.0,16.52,26.63,16.53,1496466567
Primecoin,XPM,120,0.455161,0.00018625,5100580.0,8800975.0,19335960.0,19335960.0,-2.33,8.62,59.81,1496466842
Pascal Coin,PASC,121,0.875102,0.00035797,249675.0,8772635.0,10024700.0,10024700.0,3.36,13.56,39.16,1496466580
VeriCoin,VRC,122,0.287028,0.00011745,545935.0,8671777.0,30212305.0,30212305.0,0.97,-1.4,20.81,1496466850
Crown,CRW,123,0.619607,0.00025354,19798.5,8592182.0,13867149.0,13867149.0,-4.36,6.43,2.7,1496466857
FedoraCoin,TIPS,124,0.0000187567,0.000000008,53420.5,8312373.0,443168182458,443168182458,-1.55,-7.42,15.6,1496466844
NeosCoin,NEOS,125,2.47849,0.0010142,566237.0,8297846.0,3347944.0,3347944.0,-0.1,5.26,26.07,1496466854
SolarCoin,SLR,126,0.22975,0.00009401,105240.0,8079110.0,35164787.0,98034181518.0,-1.94,5.28,23.53,1496466848
ION,ION,127,0.584831,0.00023923,61756.1,8052352.0,13768682.0,19668682.0,4.83,45.76,46.92,1496466572
Bitcoin Plus,XBC,128,80.061,0.032761,198236.0,7760868.0,96937.0,96937.0,3.11,9.65,23.84,1496466849
BelaCoin,BELA,129,0.217784,0.00008912,477680.0,7618335.0,34981150.0,34981150.0,0.75,6.44,23.25,1496466849
SaluS,SLS,130,7.52963,0.00308004,24772.5,7555645.0,1003455.0,1003455.0,-0.4,-5.97,84.32,1496466567
Einsteinium,EMC2,131,0.0353039,0.00001445,392671.0,7462016.0,211365194.0,211365194.0,0.19,10.21,23.9,1496466848
VPNCoin,VASH,132,0.0185018,0.00000757,1831860.0,7407006.0,400339746.0,400339746.0,0.25,-7.2,34.9,1496466857
Incent,INCNT,133,0.32122,0.0001314,126655.0,7390730.0,23008312.0,46016625.0,-0.5,7.21,62.0,1496466581
Global Currency Reserve,GCR,134,0.0670818,0.00002744,32237.5,6888897.0,102693982.0,102693982.0,0.53,2.28,14.82,1496466563
PinkCoin,PINK,135,0.020762,0.00000850,2366220.0,6665253.0,321031350.0,371031350.0,1.33,36.16,56.86,1496466851
Lunyr,LUN,136,2.90041,0.00118643,162468.0,6664716.0,2297853.0,2703356.0,-0.54,3.47,8.29,1496466589
Novacoin,NVC,137,3.77544,0.00154491,63455.8,6555257.0,1736290.0,1736290.0,0.23,1.4,2.98,1496466840
Feathercoin,FTC,138,0.0396185,0.00001621,121154.0,6493547.0,163901880.0,163901880.0,-1.55,0.64,44.93,1496466841
Safe Exchange Coin,SAFEX,139,0.00300718,0.00000123,33777.4,6457870.0,2147483647.0,2147483647.0,5.35,12.84,40.17,1496466568
Aeon,AEON,140,0.453351,0.00018545,25407.1,6453093.0,14234210.0,14234210.0,2.21,-2.28,7.35,1496466564
MonetaryUnit,MUE,141,0.0516239,0.00002112,104515.0,6276700.0,121585160.0,121585160.0,-2.1,20.33,37.52,1496466857
Asch,XAS,142,0.0836691,0.00003423,62040.5,6275183.0,75000000.0,100000000.0,-7.77,-7.76,37.04,1496466587
FirstCoin,FRST,143,1.95453,0.00079951,123611.0,6228764.0,3186835.0,110000000.0,-2.01,10.47,22.17,1496466583
RouletteToken,RLT,144,0.613054,0.00025077,160161.0,6187075.0,10092219.0,10092942.0,11.49,33.38,35.11,1496466591
WorldCoin,WDC,145,0.0517844,0.00002119,393595.0,5934802.0,114605987.0,114605987.0,0.92,4.33,64.24,1496466842
ZClassic,ZCL,146,3.93797,0.00161085,310506.0,5835185.0,1481775.0,1481775.0,-3.68,-9.0,47.62,1496466579
SIBCoin,SIB,147,0.394387,0.00016133,31770.9,5780818.0,14657730.0,14657730.0,0.78,-1.43,38.9,1496466567
Darcrus,DAR,148,0.405445,0.00016585,42263.9,5523686.0,13623762.0,13623762.0,-0.35,25.76,51.78,1496466583
FoldingCoin,FLDC,149,0.0112362,0.00000460,458101.0,5502839.0,489741985.0,1000000000.0,1.24,8.59,36.75,1496466855
Gambit,GAM,150,4.54299,0.00185834,43434.2,5379657.0,1184167.0,1184167.0,-0.05,-1.25,20.81,1496466561
Janus,JNS,151,0.25246,0.00010327,5686.22,5332483.0,21122091.0,25201489.0,-2.53,5.66,17.8,1496466583
Auroracoin,AUR,152,0.606587,0.00024822,10909.3,5251915.0,8658139.0,8658139.0,-0.2,3.02,16.43,1496466846
Rise,RISE,153,0.0488882,0.00002000,280787.0,5249968.0,107387215.0,107387215.0,2.12,92.79,163.81,1496466572
Vcash,XVC,154,0.327745,0.00013411,218395.0,4998796.0,15252090.0,15252090.0,-1.2,7.91,16.62,1496466859
APX,APX,155,5.15855,0.00211014,388902.0,4642695.0,900000.0,1000000.0,-3.36,16.28,29.13,1496466591
Sphere,SPHR,156,1.49427,0.00061124,15907.3,4606745.0,3082940.0,3082940.0,-0.4,8.09,143.68,1496466561
OKCash,OK,157,0.0623668,0.00002552,115858.0,4464526.0,71584979.0,71584979.0,-4.17,-2.37,145.47,1496466858
FairCoin,FAIR,158,0.0826735,0.00003383,4351.34,4390460.0,53106011.0,53106011.0,-0.3,0.16,38.36,1496466849
ICO OpenLedger,ICOO,159,9.27871,0.00379552,12881.5,4377648.0,471795.0,471795.0,-0.93,16.03,74.9,1496466572
Ethereum Movie Venture,EMV,160,0.642632,0.00026287,2805.99,4284213.0,6666666.0,6666666.0,-6.78,-3.22,24.54,1496466588
bitCNY,BITCNY,161,0.14129,0.00005782,506140.0,4243363.0,30033000.0,30033000.0,-0.45,1.24,0.44,1496466855
CloakCoin,CLOAK,162,0.843693,0.00034524,27373.7,4221627.0,5003748.0,5003748.0,-0.14,-1.36,38.36,1496466851
Bitmark,BTM,163,1.07537,0.00044004,233937.0,4195212.0,3901180.0,3901180.0,-1.95,8.95,20.22,1496466854
Quark,QRK,164,0.0166106,0.00000680,212785.0,4154328.0,250101047.0,250101047.0,1.45,15.97,51.6,1496466841
Minereum,MNE,165,10.2172,0.00417942,318619.0,4126367.0,403865.0,403865.0,3.06,16.18,368.84,1496466591
SpreadCoin,SPR,166,0.499612,0.00020444,48601.6,4066126.0,8138567.0,8138567.0,-2.79,12.14,57.34,1496466856
Unobtanium,UNO,167,20.4042,0.00834941,88351.0,4034432.0,197726.0,197726.0,-0.27,5.01,9.37,1496466842
NautilusCoin,NAUT,168,0.248878,0.00010184,322332.0,4026846.0,16180000.0,16180000.0,0.24,2.66,27.67,1496466851
LoMoCoin,LMC,169,0.0192382,0.00000787,467917.0,4012428.0,208565663.0,293565663.0,-5.17,-1.37,21.88,1496466575
ArtByte,ABY,170,0.0050433,0.00000206,136957.0,3898572.0,773020050.0,773020050.0,-2.73,-8.05,64.25,1496466851
BitSend,BSD,171,0.249378,0.00010205,43960.7,3806113.0,15262425.0,15262425.0,-0.72,29.76,65.08,1496466851
Riecoin,RIC,172,0.109177,0.00004468,707482.0,3735701.0,34216925.0,34216925.0,0.94,6.03,70.65,1496466848
Circuits of Value,COVAL,173,0.00931085,0.00000381,119136.0,3724340.0,400000000.0,1200000000.0,2.87,14.95,26.95,1496466858
PoSW Coin,POSW,174,0.0889584,0.00003639,75641.1,3647294.0,41000000.0,70000000.0,0.19,22.39,85.71,1496466581
DubaiCoin,DBIX,175,4.10105,0.00167756,30980.3,3568724.0,870198.0,870198.0,0.28,-13.67,64.12,1496466587
HunterCoin,HUC,176,0.199912,0.00008180,6168610.0,3528811.0,17651820.0,17651820.0,-0.57,70.37,116.03,1496466846
BitBean,BITB,177,0.00173144,0.00000071,199242.0,3393165.0,1959736000.0,1959736000.0,1.92,30.77,37.42,1496466858
Diamond,DMD,178,1.53959,0.00063,8070.87,3271630.0,2125001.0,2125001.0,3.03,7.6,18.07,1496466844
Musicoin,MUSIC,179,0.0188616,0.00000772,98797.1,3259329.0,172802364.0,172802364.0,2.55,10.32,36.88,1496466586
Zennies,ZENI,180,0.00322633,0.00000132,5809.95,3228527.0,1000680880.0,1000680880.0,-0.4,2.9,17.48,1496466589
Myriad,XMY,181,0.00205477,0.00000084,177894.0,3053962.0,1486279000.0,1486279000.0,0.46,33.55,3.35,1496466847
Megacoin,MEC,182,0.0906831,0.00003711,595450.0,2982245.0,32886450.0,32886450.0,0.49,1.22,31.38,1496466842
Curecoin,CURE,183,0.121456,0.00004970,17222.2,2879529.0,23708417.0,23708417.0,0.15,5.59,10.7,1496466850
Wild Beast Block,WBB,184,1.20138,0.0004916,33630.1,2793917.0,2325590.0,2325590.0,-17.25,-5.87,-18.32,1496466859
Zetacoin,ZET,185,0.016288,0.00000667,304516.0,2706411.0,166159790.0,166159790.0,-8.95,-6.58,67.51,1496466843
RaiBlocks,XRB,186,0.0359302,0.00001470,41365.8,2703001.0,75229227.0,340282367.0,-3.26,4.39,60.52,1496466585
Atmos,ATMS,187,0.0265716,0.00001087,136742.0,2659130.0,100074130.0,110074130.0,1.95,8.96,29.48,1496466589
InstantDEX,DEX,188,2.63761,0.00107931,3294.37,2637610.0,1000000.0,1000000.0,-2.03,10.44,,1496466855
Ethbits,ETB,189,1.91277,0.00078243,3515.94,2576474.0,1346986.0,1634691.0,-18.26,-0.99,,1496466593
Steem Dollars,SBD,190,1.80087,0.00073666,261036.0,2569656.0,1426897.0,1426897.0,-0.48,10.63,35.15,1496466573
Bata,BTA,191,0.513632,0.00021011,63042.8,2543248.0,4951499.0,4951499.0,-1.74,25.6,95.25,1496466561
ZcCoin,ZCC,192,0.0405065,0.00001658,1954120.0,2497511.0,61657044.0,61657044.0,-1.84,4.51,47.35,1496466854
Cryptonite,XCN,193,0.00755175,0.00000309,853983.0,2477602.0,328083143.0,328083143.0,2.85,2.53,42.53,1496466853
Adzcoin,ADZ,194,0.0441493,0.00001806,14671.2,2421499.0,54847960.0,54847960.0,4.91,15.47,32.52,1496466566
Spectrecoin,XSPEC,195,0.118568,0.00004850,159272.0,2418539.0,20397903.0,20397903.0,0.29,4.47,11.81,1496466582
Mintcoin,MINT,196,0.0000981886,0.00000004,10197.3,2390825.0,24349308799.0,24349308799.0,-0.14,-8.32,29.46,1496466847
Breakout Stake,BRX,197,0.369533,0.00015116,15546.4,2316263.0,6268082.0,6268082.0,-0.41,18.41,73.95,1496466574
Veros,VRS,198,0.026949,0.00001102,70831.7,2303787.0,85486938.0,10000000000.0,-1.64,-3.89,10.61,1496466579
bitUSD,BITUSD,199,1.00541,0.00041141,288671.0,2244749.0,2232670.0,2232670.0,-0.48,0.7,0.06,1496466856
BlockPay,BLOCKPAY,200,0.40519,0.00016575,23220.4,2199493.0,5428300.0,98928316.0,1.43,18.73,86.09,1496466575
Digitalcoin,DGC,201,0.0633241,0.00002591,234625.0,2177703.0,34389793.0,34389793.0,-1.59,-5.02,42.28,1496466841
Groestlcoin,GRS,202,0.0315209,0.00001290,9641.14,2131587.0,67624555.0,67624555.0,-0.3,-0.42,23.84,1496466849
FUNCoin,FUNC,203,0.366756,0.00015002,35825.8,2118716.0,5776909.0,100000000.0,-0.08,2.81,46.38,1496466590
iCash,ICASH,204,0.00955319,0.00000391,13815.0,2110868.0,220959445.0,220959445.0,-0.32,7.09,16.76,1496466859
BoostCoin,BOST,205,0.176078,0.00007205,145962.0,2087490.0,11855487.0,11855487.0,-2.58,-6.44,43.58,1496466851
Espers,ESP,206,0.000102005,0.00000004,6592.5,2053287.0,20129276411.0,20129276411.0,12.99,-16.98,-5.83,1496466570
Zeitcoin,ZEIT,207,0.0000556668,0.00000002,10775.6,2022299.0,36328628597.0,36328628597.0,-11.12,-16.83,26.31,1496466847
MaxCoin,MAX,208,0.0350676,0.00001435,216109.0,1909174.0,54442678.0,54442678.0,-7.25,-1.17,77.04,1496466846
Project Decorum,PDC,209,0.0380143,0.00001555,2651.3,1900715.0,50000000.0,50000000.0,-0.4,0.41,10.42,1496466572
TransferCoin,TX,210,0.312767,0.00012794,8047.26,1868753.0,5974904.0,5974904.0,-0.13,2.38,-9.66,1496466563
Tickets,TIX,211,0.0000273172,0.00000001,33336.6,1826873.0,66876281414.0,66876281414.0,0.13,-1.76,37.93,1496466845
GoldCoin,GLD,212,0.0440573,0.00001803,20954.6,1773563.0,40255816.0,40255816.0,-2.75,-6.35,2.53,1496466842
CryptoCarbon,CCRB,213,0.47899,0.00019593,18532.9,1706216.0,3562111.0,10000150.0,0.01,8.77,41.34,1496466582
Anoncoin,ANC,214,0.797168,0.0003262,256896.0,1682277.0,2110317.0,2110317.0,10.16,75.0,86.46,1496466843
Bitswift,SWIFT,215,0.391911,0.00016037,11589.9,1591520.0,4060922.0,4060922.0,4.45,33.78,138.37,1496466856
DeepWebCash,DWC,216,1.17238,0.00047957,17575.9,1570520.0,1339600.0,1339600.0,-0.95,-8.61,-21.83,1496466580
Startcoin,START,217,0.0343032,0.00001404,46873.4,1546381.0,45079785.0,70782220.0,0.38,10.01,-12.71,1496466852
Qwark,QWARK,218,0.0871273,0.00003564,53562.4,1538607.0,17659296.0,250377576.0,1.69,48.6,126.79,1496466570
Visio,VISIO,219,0.0303247,0.00001240,4584.44,1534525.0,50603134.0,62603134.0,6.19,17.93,12.67,1496466585
vTorrent,VTR,220,0.14042,0.00005746,12206.7,1518778.0,10815966.0,10815966.0,0.36,-7.59,70.7,1496466858
2GIVE,2GIVE,221,0.00293242,0.00000120,16030.5,1504331.0,512999900.0,512999900.0,0.86,11.61,-14.72,1496466571
Sequence,SEQ,222,0.0336139,0.00001375,2793.16,1502623.0,44702444.0,44702444.0,-0.4,6.43,44.93,1496466576
Breakout,BRK,223,0.083387,0.00003411,6910.47,1494025.0,17916767.0,17916767.0,1.48,14.14,29.95,1496466572
Boolberry,XBB,224,0.155983,0.00006383,6828.21,1486905.0,9532480.0,9532480.0,-0.71,12.33,14.2,1496466852
Voxels,VOX,225,0.0442857,0.00001812,523631.0,1395000.0,31500000.0,210000000.0,-1.05,19.81,84.45,1496466569
EB3 Coin,EB3,226,0.29744,0.00012167,248436.0,1393899.0,4686319.0,786000000.0,0.98,3.96,15.87,1496466587
Pangea Poker,PANGEA,227,1.38509,0.00056678,843.799,1384193.0,999352.0,1000000.0,-2.03,48.86,106.53,1496466857
Renos,RNS,228,0.0410462,0.00001679,676778.0,1368989.0,33352391.0,33352391.0,8.84,4.29,183.95,1496466584
EuropeCoin,ERC,229,0.134896,0.00005518,820.27,1328938.0,9851575.0,9851575.0,-0.4,5.44,29.04,1496466562
Yocoin,YOC,230,0.0114144,0.00000467,58891.3,1205576.0,105618830.0,200000000.0,3.69,9.78,47.48,1496466567
Stealthcoin,XST,231,0.0459433,0.00001880,3568.1,1202795.0,26179996.0,26179996.0,-0.99,2.87,22.41,1496466853
Creativecoin,CREA,232,0.113862,0.00004658,6896.92,1202362.0,10559820.0,12271548.0,1.59,1.75,12.22,1496466592
VeriumReserve,VRM,233,1.07435,0.00043947,101649.0,1197344.0,1114483.0,1114483.0,9.28,33.67,40.17,1496466577
ChainCoin,CHC,234,0.0787881,0.00003223,9652.42,1157229.0,14687867.0,14687867.0,3.15,-14.29,0.79,1496466563
Dynamic,DYN,235,0.707286,0.00028932,6138.0,1143604.0,1616891.0,4370795.0,-0.4,7.43,23.98,1496466586
Inpay,INPAY,236,0.111436,0.00004558,20363.3,1114360.0,10000000.0,10000000.0,1.89,0.13,-10.96,1496466588
MediterraneanCoin,MED,237,0.0222385,0.00000910,215974.0,1105400.0,49706598.0,49706598.0,-3.43,31.09,91.21,1496466856
TagCoin,TAG,238,0.199632,0.00008169,237675.0,1096575.0,5492984.0,5492984.0,2.26,-2.62,27.61,1496466844
HTMLCOIN,HTML5,239,0.0000267003,0.00000001,3356.63,1085608.0,40659020000.0,40659020000.0,1.33,28.17,36.69,1496466855
WhiteCoin,XWC,240,0.0042522,0.00000174,15741.5,1054789.0,248057183.0,248057183.0,-0.3,4.34,69.67,1496466850
Ixcoin,IXC,241,0.0501644,0.00002053,1588.42,1053407.0,20999088.0,20999088.0,-0.47,-23.81,-0.47,1496466844
SecureCoin,SRC,242,0.134898,0.00005520,192431.0,1050302.0,7785896.0,7785896.0,2.11,-0.02,28.57,1496466843
DopeCoin,DOPE,243,0.00906647,0.00000371,28817.9,1007155.0,111085648.0,111085648.0,2.37,17.28,11.86,1496466846
Triggers,TRIG,244,0.0312915,0.00001280,4675.9,1004632.0,32105593.0,100000000.0,-0.4,0.77,4.7,1496466577
Mercury,MER,245,0.00984242,0.00000403,1731.57,984242.0,100000000.0,100000000.0,-0.86,2.45,-6.44,1496466587
CannabisCoin,CANN,246,0.0126835,0.00000519,55966.5,979562.0,77231176.0,91859176.0,-0.2,1.33,65.29,1496466853
AudioCoin,ADC,247,0.00123311,0.00000050,2640.76,978101.0,793198644.0,793198644.0,0.76,-0.56,0.86,1496466561
DIBCOIN,DIBC,248,0.194893,0.00007972,4371.13,974465.0,5000000.0,5000000000.0,0.91,8.13,31.6,1496466587
PepeCoin,PEPE,249,0.0701008,0.00002868,18953.4,966187.0,13782829.0,13782829.0,-0.65,4.4,48.79,1496466568
LiteDoge,LDOGE,250,0.0000647592,0.00000003,8521.75,956807.0,14774839659.0,14774839659.0,-1.09,-10.87,-26.12,1496466561
Woodcoin,LOG,251,0.116781,0.00004777,3303.62,938358.0,8035193.0,8035193.0,12.17,13.86,26.2,1496466561
PutinCoin,PUT,252,0.00465652,0.00000190,4445.77,933249.0,200417616.0,200417616.0,-0.13,11.07,42.83,1496466573
HiCoin,XHI,253,0.00489286,0.00000200,114357.0,928322.0,189729990.0,10189729990.0,0.15,3.81,5.4,1496466570
Hacker Gold,HKG,254,0.0568797,0.00002327,2008.19,916383.0,16110893.0,16110893.0,-0.42,0.53,4.37,1496466580
ArcticCoin,ARC,255,0.0383864,0.00001570,8135.79,896868.0,23364218.0,23364218.0,-0.87,25.92,-12.53,1496466578
Pesetacoin,PTC,256,0.00648108,0.00000265,1776.3,846139.0,130555239.0,130555239.0,0.04,10.87,13.88,1496466846
EverGreenCoin,EGC,257,0.0634181,0.00002594,10474.3,844812.0,13321301.0,13321301.0,0.03,-0.74,17.07,1496466566
Syndicate,SYNX,258,0.0738575,0.00003021,11668.2,832290.0,11268860.0,11268860.0,-7.53,-20.37,70.43,1496466572
GeoCoin,GEO,259,0.337014,0.00013791,3788.17,827396.0,2455079.0,2455079.0,5.15,15.6,59.73,1496466859
Hush,HUSH,260,0.735689,0.00030094,36276.1,809911.0,1100888.0,1222363.0,-0.96,1.21,69.87,1496466580
BlueCoin,BLU,261,0.00139249,0.00000057,1943.85,800241.0,574683675.0,574683675.0,-8.51,-1.07,217.23,1496466850
Centurion,CNT,262,0.0306951,0.00001256,30544.9,793477.0,25850279.0,63389078.0,-0.78,-3.94,10.4,1496466584
Unitus,UIS,263,0.0168012,0.00000688,22089.4,786059.0,46785866.0,46785866.0,-0.33,0.51,-2.55,1496466857
ShadowCash,SDC,264,0.117457,0.00004806,522.487,783127.0,6667353.0,6667353.0,-0.34,-4.43,-4.44,1496466853
e-Gulden,EFL,265,0.0498138,0.00002038,1702.37,764455.0,15346257.0,20385597.0,-0.31,2.44,-30.22,1496466848
ExclusiveCoin,EXCL,266,0.18326,0.00007499,5792.73,749405.0,4089298.0,4089298.0,-0.3,15.73,15.55,1496466856
Version,V,267,0.00166236,0.00000068,638.204,727279.0,437498176.0,437498176.0,1.85,5.96,,1496466593
ProCurrency,PROC,268,0.257147,0.00010519,1228.72,723922.0,2815205.0,15000053805.0,0.53,1.26,9.69,1496466589
Tokes,TKS,269,1.10261,0.00045103,9430.62,714077.0,647624.0,50000000.0,-0.4,6.07,25.82,1496466587
Ripto Bux,RBX,270,0.00207682,0.00000085,2990.87,710480.0,342100100.0,1000000000.0,-0.5,-3.24,28.69,1496466588
HempCoin,THC,271,0.00334792,0.00000137,17496.1,709167.0,211823061.0,211823061.0,-2.62,6.5,0.11,1496466852
Fantomcoin,FCN,272,0.119746,0.00004900,3546.55,702199.0,5864069.0,5864069.0,-0.32,-7.35,20.61,1496466851
Altcoin,ALT,273,5.74144,0.00234857,2241.81,701462.0,122175.0,134063.0,5.21,7.4,81.17,1496466589
Synergy,SNRG,274,0.23833,0.00009749,1007.3,661855.0,2777055.0,2777055.0,-0.4,2.49,38.07,1496466561
DT Token,DRACO,275,0.0073093,0.00000299,81505.8,649716.0,88888888.0,88888888.0,6.57,23.62,87.82,1496466572
CacheCoin,CACH,276,0.171701,0.00007026,35059.9,618980.0,3604987.0,3604987.0,-53.31,95.42,,1496466846
Tao,XTO,277,0.0201978,0.00000826,760.151,612346.0,30317478.0,32317478.0,-14.9,10.34,14.8,1496466576
Moin,MOIN,278,0.0846632,0.00003463,1682.72,588460.0,6950605.0,6950605.0,0.14,1.86,54.32,1496466567
TrustPlus,TRUST,279,0.0181818,0.00000744,1322.4,583392.0,32086595.0,32086595.0,-0.32,0.24,36.44,1496466852
Magi,XMG,280,0.0824475,0.00003374,4603.35,581809.0,7056715.0,7056715.0,4.05,-0.44,-0.2,1496466855
Deutsche eMark,DEM,281,0.0205174,0.00000840,890.232,570249.0,27793416.0,27793416.0,0.95,-5.39,25.52,1496466843
BTSR,BTSR,282,0.171572,0.00007018,18312.9,568044.0,3310819.0,3310819.0,-1.07,6.17,60.41,1496466570
UniBURST,UNIBURST,283,0.560382,0.00022923,11466.0,560381.0,999999.0,1000000.0,12.61,-2.22,185.32,1496466585
1337,1337,284,0.0000242071,0.000000010,5695.17,553070.0,22847442416.0,22847442416.0,-1.31,8.44,47.85,1496466566
Cryptojacks,CJ,285,0.00129322,0.00000053,8859.51,525783.0,406568581.0,406568581.0,15.02,223.51,303.27,1496466573
Canada eCoin,CDN,286,0.00533784,0.00000218,920.946,519989.0,97415544.0,97415544.0,-1.48,3.63,26.74,1496466850
ReeCoin,REE,287,0.0419257,0.00001715,3003.93,518525.0,12367704.0,6662367704.0,-5.56,13.77,87.69,1496466574
FujiCoin,FJC,288,0.000535595,0.00000022,4054.22,516148.0,963690415.0,963690415.0,-0.18,-24.05,14.53,1496466562
TileCoin,XTC,289,0.00515987,0.00000211,16407.2,515987.0,100000000.0,100000000.0,-4.41,-6.39,16.95,1496466856
Elcoin,EL,290,0.0439149,0.00001796,2934.13,492241.0,11208967.0,20935289.0,0.29,1.85,-7.81,1496466571
IncaKoin,NKA,291,0.0000612846,0.00000003,4489.44,461903.0,7537016256.0,7537016256.0,-0.04,-17.56,187.59,1496466858
NuShares,NSR,292,0.000163952,0.00000007,1618.87,443042.0,2702268334.0,3317185701.0,46.9,-18.62,-50.28,1496466856
KoreCoin,KORE,293,0.241935,0.00009900,3115.48,442971.0,1830949.0,1830949.0,2.72,-0.75,10.76,1496466852
Capricoin,CPC,294,0.446544,0.00018266,42995.2,439828.0,984959.0,200984959.0,-0.41,-1.49,30.06,1496466563
TrumpCoin,TRUMP,295,0.0658634,0.00002694,1951.1,430718.0,6539566.0,6539566.0,-2.37,2.96,22.35,1496466569
Terracoin,TRC,296,0.0211556,0.00000866,7718.38,425372.0,20106840.0,20106840.0,12.59,33.38,24.83,1496466841
I0Coin,I0C,297,0.0195014,0.00000798,925.124,409032.0,20974472.0,20974472.0,-0.6,0.49,16.73,1496466843
Newbium,NEWB,298,0.0169659,0.00000694,22180.9,407182.0,24000000.0,51000000.0,4.73,59.21,329.02,1496466571
NobleCoin,NOBL,299,0.000170284,0.00000007,17541.9,390242.0,2291710644.0,2291710644.0,3.39,-13.16,-11.96,1496466847
BitBar,BTB,300,11.9608,0.00489435,937.893,389878.0,32596.0,32596.0,-0.48,2.39,11.3,1496466842
PostCoin,POST,301,0.0233273,0.00000954,2741.84,367996.0,15775332.0,15775332.0,-1.41,-2.73,10.23,1496466569
Virtacoinplus,XVP,302,0.0414125,0.00001694,1437.13,365325.0,8821620.0,10356214.0,1.69,2.02,-17.5,1496466585
Jewels,JWL,303,0.0176748,0.00000723,3416.58,356616.0,20176545.0,20176545.0,3.47,2.68,22.08,1496466576
GCoin,GCN,304,0.0000025581,0.000000001,2617.74,355685.0,139040510000,139040510000,-4.42,9.88,76.68,1496466858
Trollcoin,TROLL,305,0.000634667,0.00000026,1015.19,351470.0,553785865.0,553785865.0,-0.21,1.42,0.22,1496466855
iTicoin,ITI,306,10.8259,0.00442839,45780.8,346429.0,32000.0,9999992.0,0.88,-6.71,21.69,1496466592
Wyvern,WYV,307,0.312964,0.00012802,2138.55,341328.0,1090631.0,1090631.0,-0.4,1.92,-4.42,1496466588
Dotcoin,DOT,308,0.00147545,0.00000060,33324.9,332012.0,225024250.0,490024250.0,0.37,5.39,26.56,1496466858
Atomic Coin,ATOM,309,0.0316542,0.00001295,1246.82,318160.0,10051115.0,10051115.0,-0.97,20.55,58.68,1496466577
Master Swiscoin,MSCN,310,0.0305144,0.00001248,10584.4,313081.0,10260100.0,1002586109.0,-8.76,-12.99,-16.6,1496466584
Bytecent,BYC,311,0.191276,0.00007827,8195.83,310300.0,1622265.0,1622265.0,0.22,18.49,14.92,1496466857
Influxcoin,INFX,312,0.181329,0.00007417,13222.3,303433.0,1673383.0,1673383.0,11.86,5.74,-13.91,1496466564
MazaCoin,MZC,313,0.000268789,0.00000011,697.952,293684.0,1092618137.0,1092618137.0,-5.79,-24.0,12.42,1496466847
Asiadigicoin,ADCN,314,0.0113921,0.00000466,2018.03,284017.0,24931054.0,210000000.0,5.49,-4.88,-22.22,1496466568
Joincoin,J,315,0.11492,0.00004703,690.789,281370.0,2448402.0,2448402.0,-0.3,-79.43,-28.1,1496466854
Quatloo,QTL,316,0.0366375,0.00001499,5738.81,272538.0,7438779.0,7438779.0,4.03,-3.08,-2.05,1496466853
ParkByte,PKB,317,0.0564243,0.00002308,2209.62,268807.0,4764026.0,4764026.0,-8.01,-5.03,12.84,1496466561
8Bit,8BIT,318,0.230178,0.00009416,2703.11,268023.0,1164415.0,1164415.0,-1.03,13.64,-17.66,1496466561
Sexcoin,SXC,319,0.00217629,0.00000089,2953.84,266704.0,122549914.0,122549914.0,5.73,5.16,15.71,1496466857
Karbowanec,KRB,320,0.0745984,0.00003051,5434.15,264398.0,3544290.0,3544290.0,2.56,-5.04,6.61,1496466574
Torcoin,TOR,321,0.888353,0.00036339,9028.28,233896.0,263292.0,1263292.0,-4.46,18.89,30.95,1496466587
Zoin,ZOI,322,0.0215114,0.00000880,771.133,231627.0,10767650.0,10767650.0,-0.06,-13.28,-0.89,1496466579
UltraCoin,UTC,323,0.00525415,0.00000215,3138.03,226479.0,43104820.0,43104820.0,-9.47,-8.25,33.95,1496466845
Rubies,RBIES,324,0.021603,0.00000884,2156.89,224100.0,10373576.0,10373576.0,-8.74,-3.17,-8.12,1496466569
PRCoin,PRC,325,0.0233783,0.00000956,26736.9,221608.0,9479200.0,789479200.0,-2.32,3.48,-3.64,1496466585
Flycoin,FLY,326,0.976955,0.00039963,16222.7,205948.0,210806.0,210806.0,-0.4,33.82,249.32,1496466565
GoldBlocks,GB,327,0.0135479,0.00000554,895.369,201433.0,14868181.0,14868181.0,-0.38,2.44,37.45,1496466572
NuBits,USNBT,328,1.00497,0.00041123,79588.4,197750.0,196772.0,838087.0,1.79,0.84,-2.38,1496466856
LiteBar,LTB,329,0.305275,0.00012492,1701.68,197277.0,646227.0,646227.0,-24.43,-6.45,0.99,1496466848
Piggycoin,PIGGY,330,0.00037195,0.00000015,1008.78,179955.0,483814694.0,483814694.0,12.88,29.7,10.46,1496466851
Netko,NETKO,331,0.0692793,0.00002834,904.046,170551.0,2461795.0,2461795.0,-0.4,4.3,-1.33,1496466587
UnbreakableCoin,UNB,332,0.0743218,0.00003041,2359.82,169316.0,2278150.0,2278150.0,-0.32,-1.68,20.69,1496466850
Tattoocoin (Standard Edition),TSE,333,0.00147224,0.00000060,1002.16,168416.0,114394354.0,604394354.0,0.9,-1.03,42.14,1496466583
Truckcoin,TRK,334,0.00131965,0.00000054,777.653,162524.0,123156907.0,123156907.0,1.58,18.68,93.22,1496466853
Sumokoin,SUMO,335,0.339293,0.00013879,9129.16,158390.0,466823.0,9355712.0,2.44,31.77,,1496466592
Fastcoin,FST,336,0.00122016,0.00000050,1415.67,154673.0,126764507.0,126764507.0,-0.46,-4.98,42.09,1496466842
bitBTC,BITBTC,337,2426.37,0.992873,68321.3,154511.0,64.0,64.0,-1.48,-0.28,13.69,1496466855
TEKcoin,TEK,338,0.000105522,0.00000004,1594.69,149214.0,1414054562.0,1414054562.0,14.7,9.12,343.67,1496466850
Pascal Lite,PASL,339,0.0728505,0.00002980,2922.89,144594.0,1984800.0,1984800.0,0.03,23.12,-11.94,1496466585
BERNcash,BERN,340,0.00193628,0.00000079,927.147,137930.0,71234301.0,71234301.0,5.62,0.46,6.47,1496466570
TheGCCcoin,GCC,341,0.0195816,0.00000801,2478.87,137918.0,7043250.0,867043250.0,-0.4,-7.75,-19.42,1496466584
Machinecoin,MAC,342,0.00632942,0.00000259,2481.77,123809.0,19560925.0,19560925.0,4.95,3.58,11.21,1496466858
Phoenixcoin,PXC,343,0.00205227,0.00000084,655.307,118820.0,57896825.0,57896825.0,-0.35,27.71,87.69,1496466842
Rimbit,RBT,344,0.0010029,0.00000041,981.008,115835.0,115499623.0,393459356.0,-0.32,5.25,15.56,1496466856
bitEUR,BITEUR,345,1.12367,0.00045965,34556.7,115289.0,102600.0,102600.0,-0.24,-1.44,-2.76,1496466563
Digital Rupees,DRS,346,0.000220018,0.00000009,1132.44,112386.0,510802961.0,510802961.0,138.98,30.0,14.49,1496466583
MojoCoin,MOJO,347,0.00928569,0.00000380,2532.08,111952.0,12056374.0,12056374.0,-5.13,-3.0,-22.02,1496466569
bitSilver,BITSILVER,348,19.4857,0.00797355,10292.2,109833.0,5637.0,5637.0,-0.48,-5.62,16.79,1496466859
HoboNickels,HBN,349,0.0021261,0.00000087,532.92,103313.0,48592718.0,48592718.0,-0.3,-22.18,58.78,1496466845
CHNCoin,CNC,350,0.00395007,0.00000162,13291.5,99780.0,25260247.0,170109984.0,-3.09,-8.87,13.88,1496466856
Eryllium,ERY,351,0.0218166,0.00000892,3937.94,95007.0,4354781.0,14354781.0,-0.34,1.59,-34.08,1496466583
PipCoin,PIP,352,0.0134456,0.00000550,615.458,88380.0,6573177.0,6999979.0,-20.72,-37.47,-29.97,1496466578
bitGold,BITGOLD,353,1500.0,0.613799,3602.56,84023.0,56.0,56.0,-0.33,-5.43,25.87,1496466858
Freicoin,FRC,354,0.00268817,0.00000110,18031.2,75021.0,27907791.0,100000000.0,-0.3,1.09,20.57,1496466842
Greencoin,GREV2,355,0.0000244379,0.00000001,619.028,74797.0,3060704641.0,3060704641.0,-0.25,-35.39,14.68,1496466852
Kurrent,KURT,356,0.00734759,0.00000301,2370.76,72884.0,9919485.0,21319485.0,7.39,-4.03,20.92,1496466580
Gapcoin,GAP,357,0.00664371,0.00000272,10382.1,72331.0,10887142.0,10887142.0,-1.16,-1.32,37.55,1496466857
Chronos,CRX,358,0.000901134,0.00000037,1084.8,66441.0,73729962.0,73729962.0,-15.84,9.59,53.76,1496466575
MCAP,MCAP,359,6.58828,0.00269498,105895.0,65916.0,10005.0,100000000.0,0.93,4.33,,1496466592
PonziCoin,PONZI,360,0.0755396,0.00003090,1025.89,65047.0,861099.0,861099.0,-0.4,1.07,77.47,1496466571
Wexcoin,WEX,361,0.375455,0.00015358,3035.45,63060.0,167955.0,10000167955.0,7.17,6.48,25.93,1496466576
CrevaCoin,CREVA,362,0.00171125,0.00000070,11832.3,62274.0,36390750.0,6240390800.0,-0.4,-1.3,0.43,1496466562
Acoin,ACOIN,363,0.0445503,0.00001823,11153.1,54355.0,1220085.0,1220085.0,-0.81,3.45,-14.83,1496466855
PetroDollar,XPD,364,0.000823018,0.00000034,1883.42,52668.0,63993275.0,63993275.0,0.53,-27.5,-10.34,1496466849
Philosopher Stones,PHS,365,0.019697,0.00000806,2462.77,47848.0,2429219.0,2429219.0,-0.67,0.86,22.46,1496466845
LevoPlus,LVPS,366,0.0945347,0.00003867,1538.53,39141.0,414037.0,91414037.0,-0.81,72.34,-23.61,1496466585
Independent Money System,IMS,367,0.00678251,0.00000277,838.802,36415.0,5368934.0,5368934.0,-0.67,-0.33,13.43,1496466569
Bolivarcoin,BOLI,368,0.00541245,0.00000221,678.149,35131.0,6490750.0,6490750.0,6.42,-11.57,42.95,1496466564
SixEleven,611,369,0.0802823,0.00003284,3713.58,33088.0,412145.0,412145.0,13.18,14.81,-58.19,1496466570
Rawcoin,XRC,370,0.0444926,0.00001820,1522.62,31362.0,704882.0,704882.0,-13.59,-5.63,165.99,1496466579
Marijuanacoin,MAR,371,0.0573026,0.00002344,11438.5,29951.0,522690.0,522690.0,-1.7,53.04,21.81,1496466584
BeaverCoin,BVC,372,0.00957966,0.00000392,611.502,29843.0,3115258.0,3115258.0,5.87,9.34,7.86,1496466856
Eurocoin,EUC,373,0.00166236,0.00000068,1432.41,19500.0,11730350.0,11730350.0,2.62,11.71,-12.26,1496466564
Bitvolt,VOLT,374,0.000831181,0.00000034,898.423,12561.0,15112554.0,60132654.0,-0.4,24.26,8.21,1496466589
BenjiRolls,BENJI,375,0.000586716,0.00000024,5611.3,11119.0,18950586.0,18950586.0,5.07,29.07,32.99,1496466583
Ebittree Coin,EBT,376,0.0103898,0.00000425,1112.32,9072.0,873120.0,810873120.0,-0.63,-12.3,7.02,1496466588
AllSafe,ASAFE,377,0.0000127505,0.000000005,786.896,9053.0,710000000.0,710000000.0,-8.48,-32.41,149.54,1496466578
Beatcoin,XBTS,378,0.00559586,0.00000229,1190.13,8532.0,1524686.0,2524686.0,-7.91,-16.08,18.07,1496466577
Argus,ARGUS,379,0.00648335,0.00000265,838.055,7445.0,1148324.0,5194373.0,-0.64,19.32,37.89,1496466585
Digital Money Bits,DMB,380,0.0164362,0.00000672,8933.97,5207.0,316800.0,10316800.0,0.34,7.3,158.34,1496466592
Environ,ENV,381,0.0000244329,0.000000010,3165.29,3204.0,131129509.0,931129509.0,-0.41,1.08,,1496466590
Gold Pressed Latinum,GPL,382,0.180904,0.00007400,6808.04,,,204172.0,-0.83,-7.12,-6.26,1496466590
SnakeEyes,SNAKE,383,0.141995,0.00005808,2188.85,,,10000000.0,-7.26,-1.21,61.62,1496466591
Arcade Token,ARC,384,3.74133,0.00167261,,10773690.0,2879642.0,2879642.0,,,58.13,1496180681
Scotcoin,SCOT,385,0.00774289,0.00000321,,7742890.0,1000000000.0,1000000000.0,,-7.21,94.11,1496426352
MUSE,MUSE,386,0.00473413,0.00000194,418.954,6508674.0,1374840478.0,1524840478.0,-1.95,81.24,175.47,1496466561
Jinn,JINN,387,56.0427,0.0228523,,3289875.0,58703.0,1000000.0,,15.53,-19.36,1496444660
XCurrency,XC,388,0.515518,0.00021095,200.391,2993576.0,5806928.0,5806928.0,-0.3,18.47,21.49,1496466851
AsiaCoin,AC,389,0.0029982,0.00000123,9.13919,2520088.0,840533495.0,840533495.0,-0.13,6.63,15.79,1496466849
Bitpark Coin,BPC,390,0.0184815,0.00000756,71.9745,1386113.0,75000000.0,100000000.0,-0.4,-9.96,28.75,1496466582
InsaneCoin,INSANE,391,0.0689317,0.00002820,337.705,1264277.0,18341005.0,18341005.0,2.35,-3.8,51.04,1496466579
NewYorkCoin,NYC,392,0.0000185989,0.000000008,137.421,1110725.0,59719935819.0,59719935819.0,-0.59,-23.07,-11.41,1496466850
Devcoin,DVC,393,0.0000612995,0.00000003,8.49659,858541.0,14005677500.0,14005677500.0,0.19,-9.1,110.16,1496466840
GlobalCoin,GLC,394,0.0130987,0.00000536,1.87387,853656.0,65171010.0,65171010.0,-0.32,7.08,-46.39,1496466842
Pandacoin,PND,395,0.0000244379,0.00000001,243.75,794596.0,32514916898.0,32514916898.0,-0.34,1.09,14.68,1496466848
Carboncoin,CARBON,396,0.0000488758,0.00000002,16.7594,752293.0,15391934233.0,15391934233.0,-0.25,1.09,14.68,1496466853
DubaiCoin,DBIC,397,0.143107,0.00005854,273.898,733998.0,5129014.0,6146942.0,-4.16,-12.21,-2.02,1496466568
Ultimate Secure Cash,USC,398,0.0678664,0.00002776,14.4287,701950.0,10343113.0,38602656.0,-0.4,-6.43,3.26,1496466587
CageCoin,CAGE,399,0.0000066086,0.000000003,489.347,668579.0,101168328395,101168328395,11.92,22.59,-30.82,1496466847
Cryptofund,FUND,400,0.5588,0.0002553,,558800.0,1000000.0,1000000.0,,,2.14,1495948164
E-Currency Coin ,ECC,401,0.0000244379,0.00000001,5.40078,539115.0,22060603799.0,22060603799.0,-0.34,1.08,14.68,1496466847
SmileyCoin,SMLY,402,0.0000182025,0.000000007,113.498,472541.0,25960250000.0,25960250000.0,0.27,-36.15,44.95,1496466858
Colossuscoin V2,CV2,403,0.0000210621,0.000000009,165.443,467407.0,22191845273.0,22191845273.0,-0.67,9.88,-1.73,1496466560
PayCoin,XPY,404,0.0383212,0.00001568,119.024,448475.0,11703061.0,11753061.0,-0.3,417.25,93.38,1496466858
Happycoin,HPC,405,0.0367431,0.00001503,80.3947,417632.0,11366271.0,11366271.0,-3.42,-7.51,112.83,1496466588
Dashcoin,DSH,406,0.0239958,0.00000982,314.345,414925.0,17291579.0,17291579.0,-0.27,-0.22,11.96,1496466857
CasinoCoin,CSC,407,0.0102419,0.00000419,497.647,395349.0,38601187.0,38601187.0,-1.05,-13.5,-13.45,1496466857
BitcoinTX,BTX,408,0.0048404,0.00000198,105.192,392380.0,81063615.0,81063615.0,234.26,83.67,15.26,1496466561
Orbitcoin,ORB,409,0.13106,0.00005363,258.714,387420.0,2956047.0,2956047.0,-0.3,4.74,22.88,1496466844
FuelCoin,FC2,410,0.00378788,0.00000155,164.261,384141.0,101413296.0,101413296.0,0.35,5.16,,1496466852
YashCoin,YASH,411,0.0379165,0.00001551,226.865,379169.0,10000117.0,10000117.0,-0.4,-17.83,10.75,1496466582
LTBcoin,LTBC,412,0.000742106,0.00000032,,366499.0,493863915.0,493863915.0,,,,1496287754
TeslaCoin,TES,413,0.00504063,0.00000206,411.97,361786.0,71774059.0,71774059.0,-0.35,4.6,9.29,1496466845
Mineum,MNM,414,0.038088,0.00001558,143.666,359412.0,9436367.0,9586367.0,-0.35,-1.54,-4.31,1496466574
RussiaCoin,RC,415,0.0431725,0.00001766,4.31768,354724.0,8216446.0,8216446.0,-0.4,1.0,18.96,1496466566
SuperCoin,SUPER,416,0.00853223,0.00000350,,351149.0,41155630.0,41155630.0,,0.84,,1496441051
Casino,CASINO,417,0.311393,0.00012738,3.73671,311393.0,1000000.0,1000000.0,-2.38,-37.39,-35.18,1496466585
Shorty,SHORTY,418,0.00286024,0.00000117,0.286024,286024.0,100000000.0,100000000.0,-0.4,,4.81,1496466581
Rare Pepe Party,RAREPEPEPRTY,419,15.4101,0.00630359,33.2591,277382.0,18000.0,100000.0,0.48,,24.1,1496466578
SmartCoin,SMC,420,0.0120663,0.00000494,226.002,276255.0,22894782.0,22894782.0,-0.3,15.95,1.58,1496466846
HitCoin,HTC,421,0.0000244465,0.00000001,9.76383,268821.0,10996318099.0,20996318099.0,-0.4,-49.44,-42.66,1496466570
HOdlcoin,HODL,422,0.00288469,0.00000118,318.99,267927.0,92879115.0,250000000.0,-0.4,-8.22,27.25,1496466568
Kobocoin,KOBO,423,0.0106305,0.00000435,1.02226,262576.0,24700248.0,24700248.0,-0.32,44.46,-38.4,1496466858
MTMGaming,MTM,424,0.0871901,0.00003567,445.454,261570.0,3000000.0,5000000.0,-2.52,-8.22,178.12,1496466586
Crypto Bullion,CBX,425,0.260798,0.00010672,308.044,259724.0,995882.0,995882.0,-0.3,-20.93,-32.68,1496466843
BTCtalkcoin,TALK,426,0.00357833,0.00000161,,233631.0,65290635.0,65290635.0,,,-21.82,1496191750
SwagBucks,BUCKS,427,1.12244,0.00045914,1.12509,231002.0,205803.0,205803.0,-0.23,-1.72,-3.46,1496466568
The Cypherfunks,FUNK,428,0.0000049390,0.000000002,164.114,218123.0,44163645000.0,44163645000.0,0.76,-1.11,-3.39,1496466562
AgrolifeCoin,AGLC,429,0.0472658,0.00001990,,216908.0,4589116.0,204589116.0,,,,1496301878
VirtualCoin,VC,430,0.0213734,0.00000888,,215108.0,10064287.0,10064287.0,,-0.44,5.91,1496433855
Vault Coin,VLTC,431,0.00693926,0.00000284,29.8185,206289.0,29727850.0,529727850.0,-0.35,35.48,20.73,1496466580
Neutron,NTRN,432,0.01621,0.00000663,164.784,204533.0,12617684.0,12617684.0,-0.4,-18.6,155.07,1496466560
BritCoin,BRIT,433,0.00933528,0.00000382,6.40684,198544.0,21268092.0,21268092.0,-4.5,-3.22,8.0,1496466852
42-coin,42,434,4665.07,1.90895,257.806,195933.0,42.0,42.0,-0.24,4.73,36.07,1496466844
Pesobit,PSB,435,0.00598939,0.00000245,393.718,195695.0,32673681.0,32673681.0,0.42,-1.35,19.67,1496466577
Coin(O),CNO,436,0.00188088,0.00000077,434.888,193960.0,103122066.0,103122066.0,-0.25,98.23,136.18,1496466848
NetCoin,NET,437,0.00024361,0.00000010,31.2724,191752.0,787126712.0,787126712.0,-0.56,12.89,12.44,1496466844
BillaryCoin,BLRY,438,0.0198261,0.00000811,11.2682,178101.0,8983158.0,8983158.0,-0.4,-2.14,-2.84,1496466572
Bitz,BITZ,439,0.0892373,0.00003720,,177662.0,1990891.0,1990891.0,,,12.57,1496351362
KibiCoin,KIC,440,0.0119633,0.00000489,423.526,175388.0,14660500.0,14660500.0,0.27,-34.1,,1496466593
Zero,ZER,441,0.232242,0.00009500,478.795,174019.0,749300.0,749300.0,-0.4,1.11,19.08,1496466586
Veltor,VLT,442,0.312915,0.000128,366.907,173622.0,554855.0,554855.0,-0.4,-27.86,-38.78,1496466576
Tristar Coin,TSTR,443,0.0343849,0.00001500,,172882.0,5027857.0,255027857.0,,,-10.34,1496271895
Bitstar,BITS,444,0.0072825,0.00000298,311.462,168078.0,23079737.0,23079737.0,-0.3,-45.98,42.03,1496466851
DigitalPrice,DP,445,0.0072096,0.00000295,412.883,163382.0,22661745.0,22661745.0,-0.29,31.97,98.55,1496466855
LottoCoin,LOT,446,0.0000104290,0.000000004,11.3268,151127.0,14491014421.0,14491014421.0,0.65,4.18,32.86,1496466845
Titcoin,TIT,447,0.00301695,0.00000123,124.876,150540.0,49898202.0,49898202.0,-0.65,1.61,-27.69,1496466854
Crave,CRAVE,448,0.114165,0.00004670,265.95,142671.0,1249695.0,1249695.0,-0.4,,154.17,1496466560
GAIA,GAIA,449,0.0058651,0.00000240,58.651,141357.0,24101381.0,24101381.0,-0.25,,,1496466856
PureVidz,VIDZ,450,0.00112374,0.00000046,29.049,140676.0,125185282.0,125185282.0,-0.33,13.99,21.37,1496466583
Stress,STS,451,0.000244465,0.00000010,2.44465,138156.0,565134332.0,565134332.0,-0.4,1.11,4.25,1496466569
Bottlecaps,CAP,452,0.000977725,0.00000040,476.525,135952.0,139049232.0,139049232.0,1.85,-48.78,44.38,1496466856
LanaCoin,LANA,453,0.000179887,0.00000007,475.754,134730.0,748971883.0,748971883.0,-0.4,24.06,99.37,1496466571
RedCoin,RED,454,0.00177602,0.00000073,209.632,131617.0,74107896.0,74107896.0,-5.57,190.32,98.66,1496466846
Bitcurrency,BTCR,455,0.000749465,0.00000031,110.551,126170.0,168347127.0,168347127.0,-0.4,5.12,75.27,1496466579
Dollarcoin,DLC,456,0.0134031,0.00000548,6.11045,122058.0,9106714.0,9106714.0,-0.4,24.95,79.53,1496466576
MetalCoin,METAL,457,0.00154592,0.00000064,,118921.0,76925527.0,76925527.0,,-0.09,-14.65,1496430259
TittieCoin,TTC,458,0.0000931740,0.00000004,404.402,117382.0,1259816434.0,1259816434.0,4.07,30.32,29.33,1496466857
C-Bit,XCT,459,0.000880074,0.00000036,80.0603,115996.0,131802500.0,131802500.0,-0.4,10.3,12.85,1496466568
HyperStake,HYP,460,0.000296657,0.00000012,351.65,114449.0,385796097.0,385796097.0,2.44,11.54,43.98,1496466854
Universal Currency,UNIT,461,0.00875184,0.00000358,8.07621,114180.0,13046431.0,13046431.0,-0.33,229.71,31.58,1496466562
QuazarCoin,QCN,462,0.0195503,0.00000800,102.974,111719.0,5714456.0,5714456.0,8.82,14.84,32.38,1496466851
Emerald Crypto,EMD,463,0.0055721,0.00000228,434.719,106523.0,19117129.0,19117129.0,0.58,32.96,103.44,1496466843
Swing,SWING,464,0.0461061,0.00001886,48.2534,105112.0,2279785.0,2279785.0,-0.4,6.05,1.61,1496466564
Pakcoin,PAK,465,0.00284757,0.00000116,245.663,104398.0,36662000.0,36662000.0,1.27,6.89,6.6,1496466566
Xiaomicoin,MI,466,0.000248648,0.00000010,308.062,100986.0,406141855.0,406141855.0,-14.55,9.44,-5.41,1496466564
BigUp,BIGUP,467,0.0000488930,0.00000002,213.154,100464.0,2054779849.0,2054779849.0,-0.4,1.11,32.32,1496466568
FlutterCoin,FLT,468,0.000310223,0.00000013,69.8746,99958.0,322214524.0,322214524.0,8.43,12.84,3.01,1496466848
Sterlingcoin,SLG,469,0.025384,0.00001039,345.922,98519.0,3881156.0,3881156.0,-0.25,-0.87,12.86,1496466855
Coin2.1,C2,470,0.000985232,0.00000040,355.752,98500.0,99976323.0,99976323.0,-9.77,2.25,-2.34,1496466851
GlobalBoost-Y,BSTY,471,0.00853402,0.00000349,437.238,97274.0,11398430.0,11398430.0,-0.72,1.55,20.37,1496466855
HealthyWormCoin,WORM,472,0.00581826,0.00000238,322.698,94178.0,16186690.0,16186690.0,115.53,243.78,66.27,1496466586
Cannacoin,CCN,473,0.0195748,0.00000801,47.9933,91956.0,4697675.0,4697675.0,-0.32,-32.36,-9.31,1496466849
CorgiCoin,CORG,474,0.0000730542,0.00000003,4.36859,91453.0,1251855418.0,1251855418.0,-0.3,4.94,-57.8,1496466848
BunnyCoin,BUN,475,0.0000008878,0.0000000004,21.203,90036.0,101413800735,101413800735,9.59,1.11,27.54,1496466855
NoLimitCoin,NLC2,476,0.000440037,0.00000018,71.0884,88209.0,200458932.0,200458932.0,-0.4,30.0,3.81,1496466576
WayGuide,WAY,477,0.000880074,0.00000036,2.72735,88043.0,100040708.0,100040708.0,-0.4,1.03,14.57,1496466575
AmberCoin,AMBER,478,0.00180841,0.00000074,2.78438,78925.0,43643263.0,43643263.0,-0.25,,23.22,1496466858
GameUnits,UNITS,479,0.0225393,0.00000922,17.8592,78131.0,3466425.0,3466425.0,-0.4,2.93,-15.04,1496466581
Guncoin,GUN,480,0.000415445,0.00000017,26.5048,75673.0,182148328.0,182148328.0,12.99,5.43,77.82,1496466850
UFO Coin,UFO,481,0.0000229521,0.00000001,,75456.0,3287551262.0,3287551262.0,,,4.43,1496273048
KushCoin,KUSH,482,0.0139589,0.00000571,83.7537,75294.0,5393986.0,5393986.0,-0.4,41.51,32.94,1496466583
Triangles,TRI,483,1.01444,0.00041511,0.128482,73944.0,72891.0,72891.0,-0.3,1.07,-6.19,1496466853
Elementrem,ELE,484,0.00289303,0.00000118,6.28101,72389.0,25021980.0,25021980.0,-10.76,-11.56,17.81,1496466575
KiloCoin,KLC,485,0.000366697,0.00000015,261.716,71982.0,196297971.0,10025186872.0,-12.11,-10.78,18.72,1496466568
ChessCoin,CHESS,486,0.00133239,0.00000055,116.963,71906.0,53967453.0,53967453.0,0.51,15.2,32.51,1496466573
Valorbit,VAL,487,0.0000244465,0.00000001,6.60058,70222.0,2872457928.0,922340072457928,-0.4,1.11,14.57,1496466569
SproutsExtreme,SPEX,488,0.0000244465,0.00000001,22.2463,70079.0,2866607586.0,2866607586.0,-0.4,1.11,14.57,1496466568
Darsek,KED,489,0.00706503,0.00000289,57.6882,69690.0,9864112.0,9864112.0,-0.4,-8.67,-7.24,1496466587
HempCoin,HMP,490,0.0000488930,0.00000002,167.664,66329.0,1356621794.0,2856621794.0,-0.4,1.11,14.68,1496466567
Blakecoin,BLC,491,0.00547357,0.00000224,195.962,65195.0,11910789.0,11910789.0,-4.96,-6.44,11.7,1496466847
Zayedcoin,ZYD,492,0.0102675,0.00000420,88.7506,64109.0,6243840.0,6243840.0,-0.4,26.77,20.71,1496466576
CCMiner,CCM100,493,0.0264186,0.00001081,66.8654,63837.0,2416354.0,6000000.0,-2.38,-0.16,60.07,1496466583
Nyancoin,NYAN,494,0.000209661,0.00000009,11.0756,62456.0,297891209.0,297891209.0,8.06,11.63,16.65,1496466846
Yacoin,YAC,495,0.000537634,0.00000022,86.7035,62432.0,116124077.0,116124077.0,-0.3,-3.31,7.12,1496466842
Ratecoin,XRA,496,0.00058675,0.00000024,226.057,62262.0,106113828.0,106113828.0,-2.07,4.18,-1.7,1496466562
Spots,SPT,497,0.00273823,0.00000112,465.63,61353.0,22406021.0,22406021.0,-0.55,-34.36,87.66,1496466845
AquariusCoin,ARCO,498,0.0493958,0.00002021,305.314,60407.0,1222926.0,1222926.0,-1.67,13.85,39.02,1496466572
Bitcloud,BTD,499,0.00540268,0.00000222,,60183.0,11139400.0,11139400.0,,0.66,-14.95,1496440775
Evotion,EVO,500,0.0241447,0.00000988,256.535,59619.0,2469220.0,2469220.0,-1.89,40.55,-17.4,1496466566
DigiCube,CUBE,501,0.0000238397,0.000000010,12.8752,57910.0,2429126009.0,2429126009.0,-0.25,23.52,11.83,1496466565
MiloCoin,MILO,502,0.00543335,0.00000222,33.5499,55928.0,10293393.0,10293393.0,-0.4,5.94,54.66,1496466586
MarteXcoin,MXT,503,0.0201432,0.00000824,0.166409,54954.0,2728161.0,2728161.0,-2.67,-0.57,-15.36,1496466571
RevolverCoin,XRE,504,0.00249354,0.00000102,23.5716,54347.0,21795284.0,21795284.0,-0.4,-1.89,15.81,1496466572
Debitcoin,DBTC,505,0.00289261,0.00000118,21.8109,52044.0,17992108.0,25992108.0,-1.18,-18.61,24.87,1496466572
Argentum,ARG,506,0.00689148,0.00000282,352.835,51748.0,7509010.0,7509010.0,-2.56,-0.26,5.25,1496466844
808Coin,808,507,0.000243467,0.00000010,483.644,50735.0,208386468.0,208386468.0,10.61,25.42,73.56,1496466574
Lex4All,LEX,508,0.0498104,0.00002038,39.8981,49813.0,1000043.0,5000000.0,-2.38,3.14,-13.76,1496466585
SatoshiMadness,MAD,509,0.0000244465,0.00000001,14.9124,48910.0,2000683485.0,2000683485.0,-0.4,1.12,14.68,1496466564
Eternity,ENT,510,0.0157385,0.00000644,270.853,48346.0,3071802.0,3071802.0,1.57,-4.04,-19.16,1496466580
AurumCoin,AU,511,0.162243,0.00006639,99.4442,48059.0,296216.0,296216.0,-0.72,0.87,-1.63,1496466856
Aricoin,ARI,512,0.000342131,0.00000014,45.1287,47988.0,140262505.0,140262505.0,3.39,-7.46,25.68,1496466847
CoExistCoin,COXST,513,0.00176794,0.00000072,56.1224,47980.0,27138905.0,27138905.0,-2.07,28.84,22.76,1496466569
Artex Coin,ATX,514,0.00256075,0.00000105,289.561,47883.0,18698935.0,268698935.0,-17.32,-32.06,-2.82,1496466576
PayCon,CON,515,0.00204927,0.00000084,128.252,47221.0,23042604.0,23042604.0,-0.31,52.78,61.8,1496466859
ICOBID,ICOB,516,0.000451849,0.00000018,70.819,46930.0,103862796.0,103862796.0,-0.32,9.55,32.99,1496466582
Prime-XI,PXI,517,0.00311819,0.00000128,482.28,46165.0,14804930.0,14804930.0,2.43,0.3,82.68,1496466857
Tigercoin,TGC,518,0.00105083,0.00000043,3.2947,45750.0,43536800.0,43536800.0,7.16,-1.21,59.07,1496466843
NevaCoin,NEVA,519,0.0250583,0.00001025,142.34,45508.0,1816070.0,1816070.0,0.04,-11.83,13.27,1496466568
Joulecoin,XJO,520,0.00137502,0.00000056,12.895,44368.0,32267424.0,32267424.0,1.27,-2.08,28.54,1496466844
Jin Coin,JIN,521,0.00437592,0.00000179,66.6208,43096.0,9848485.0,9848485.0,-0.4,-27.6,,1496466576
Sativacoin,STV,522,0.00595046,0.00000243,0.870039,42111.0,7076897.0,7076897.0,-0.3,,14.57,1496466857
UniCoin,UNIC,523,0.014191,0.00000580,105.182,41326.0,2912143.0,2912143.0,-0.4,0.55,21.75,1496466562
AmsterdamCoin,AMS,524,0.00427814,0.00000175,78.4933,41086.0,9603707.0,16803707.0,-17.39,-5.63,28.89,1496466563
UCoin,U,525,0.0152004,0.00000622,168.598,40886.0,2689812.0,2689812.0,-0.14,1.41,13.74,1496466858
Francs,FRN,526,0.023309,0.00000953,222.968,39954.0,1714100.0,1714100.0,-1.4,-15.65,21.7,1496466567
MACRON,MCRN,527,0.0000981328,0.00000004,228.033,39393.0,401421401.0,401421401.0,-0.32,28.89,104.0,1496466589
Franko,FRK,528,0.0608015,0.00002488,6.48856,38727.0,636950.0,636950.0,-0.32,6.03,-27.37,1496466840
BurstOcean,OCEAN,529,0.180608,0.00007388,0.861499,38258.0,211827.0,1000000.0,-2.38,-12.3,74.7,1496466585
Allion,ALL,530,0.00611296,0.00000250,426.664,37896.0,6199359.0,7323359.0,14.11,-4.93,-5.4,1496466584
OctoCoin,888,531,0.000757559,0.00000031,28.2668,36658.0,48389388.0,48389388.0,-0.32,-1.43,40.85,1496466848
WMCoin,WMC,532,0.00311404,0.00000128,,35897.0,11527489.0,911527489.0,,0.62,45.94,1496438372
PopularCoin,POP,533,0.0000107074,0.000000004,9.66271,35793.0,3342827457.0,3342827457.0,5.74,2.2,26.04,1496466850
FlavorCoin,FLVR,534,0.00171126,0.00000070,197.236,35762.0,20898106.0,20898106.0,-0.4,15.88,57.14,1496466568
SpaceCoin,SPACE,535,0.00200461,0.00000082,48.8719,35693.0,17805611.0,17805611.0,-0.35,-1.44,10.91,1496466567
Cypher,CYP,536,0.00559142,0.00000226,,35591.0,6365285.0,6365285.0,,2.34,-12.28,1496459661
Dobbscoin,BOB,537,0.00691593,0.00000283,4.2111,34997.0,5060382.0,5060382.0,1.18,4.4,17.88,1496466854
GoldPieces,GP,538,0.028099,0.00001150,362.616,34285.0,1220161.0,1220161.0,1.07,21.72,-4.22,1496466858
Evil Coin,EVIL,539,0.00156407,0.00000064,3.86355,32877.0,21020383.0,21020383.0,3.26,4.23,18.34,1496466567
Creatio,XCRE,540,0.00159048,0.00000065,252.618,32637.0,20520514.0,20520514.0,1.98,25.19,38.16,1496466579
PlatinumBAR,XPTX,541,0.185304,0.00007580,10.4615,32450.0,175115.0,175115.0,-0.4,,42.39,1496466572
CryptoWorldX Token,CWXT,542,0.000583965,0.00000024,1.1231,31950.0,54711500.0,54711500.0,-0.4,0.64,32.22,1496466584
Uro,URO,543,0.0263196,0.00001077,1.75327,31776.0,1207310.0,1207310.0,-0.3,1.08,4.85,1496466852
RonPaulCoin,RPC,544,0.0393939,0.00001612,20.435,31105.0,789597.0,789597.0,-0.3,1.11,59.83,1496466845
Zurcoin,ZUR,545,0.000391144,0.00000016,62.9535,30905.0,79010589.0,79010589.0,6.24,7.85,34.6,1496466570
Solarflarecoin,SFC,546,0.00224907,0.00000092,169.523,30873.0,13726900.0,13726900.0,0.7,2.65,-16.9,1496466582
Universe,UNI,547,0.0101697,0.00000416,89.4852,30417.0,2990921.0,14190921.0,-0.4,-12.55,4.01,1496466587
Grantcoin,GRT,548,0.000733395,0.00000030,5.01795,30315.0,41334656.0,10041334656.0,-0.4,21.33,37.62,1496466563
Dreamcoin,DRM,549,0.0120275,0.00000503,,29311.0,2436996.0,2436996.0,,,6.29,1496330352
LeaCoin,LEA,550,0.000103621,0.00000004,76.3088,28630.0,276297889.0,276297889.0,-1.19,42.94,-4.25,1496466561
BumbaCoin,BUMBA,551,0.00129566,0.00000053,6.07034,28436.0,21947066.0,21947066.0,3.51,7.19,-18.21,1496466570
Hexx,HXX,552,0.0208542,0.00000853,110.442,28241.0,1354217.0,1354217.0,1.5,8.88,-32.85,1496466563
NeuCoin,NEU,553,0.0000141578,0.000000006,0.768029,28185.0,1990764588.0,2014638413.0,-2.67,-3.0,,1496466565
Bitzeny,ZNY,554,0.000366697,0.00000015,27.0341,27728.0,75614500.0,75614500.0,-0.4,-3.44,13.67,1496466563
ParallelCoin,DUO,555,0.0963855,0.00003943,313.246,27710.0,287489.0,287489.0,-0.59,28.12,25.97,1496466566
Unrealcoin,URC,556,0.00391144,0.00000160,4.93824,27476.0,7024402.0,7024402.0,-0.4,2.39,10.53,1496466560
Honey,HONEY,557,0.394668,0.00016144,293.109,26958.0,68306.0,68306.0,-2.3,-0.52,-24.29,1496466586
PX,PX,558,0.000342251,0.00000014,10.882,26307.0,76865157.0,76865157.0,-0.4,-41.01,-15.5,1496466576
PIECoin,PIE,559,0.000364435,0.00000015,317.034,26265.0,72070577.0,72070577.0,-0.65,15.95,10.3,1496466585
Firecoin,FIRE,560,0.254276,0.00010405,0.762707,25024.0,98412.0,98412.0,-0.25,75.06,-0.55,1496466853
SoonCoin,SOON,561,0.00197947,0.00000081,5.61102,24669.0,12462620.0,12462620.0,-0.25,-8.69,3.95,1496466858
CryptoEscudo,CESC,562,0.000171065,0.00000007,93.1394,24651.0,144105100.0,594105100.0,-0.32,-2.41,14.68,1496466848
Photon,PHO,563,0.0000013590,0.0000000006,33.86,24256.0,17848355474.0,17848355474.0,0.17,-30.93,22.68,1496466847
Cannation,CNNC,564,0.0097786,0.00000400,104.362,24006.0,2454993.0,2454993.0,-4.91,92.99,-4.84,1496466590
BitQuark,BTQ,565,0.00332356,0.00000136,16.9116,23782.0,7155671.0,7155671.0,61.42,67.66,7.99,1496466850
GanjaCoin,420G,566,0.0345383,0.00001413,0.000145199,23243.0,672975.0,1741116.0,100.24,490.31,16.19,1496466856
ARbit,ARB,567,0.00357811,0.00000149,,23169.0,6475295.0,6475295.0,,,1.02,1496362165
AntiBitcoin,ANTI,568,0.00129566,0.00000053,209.696,22629.0,17465159.0,17465159.0,-0.4,-7.6,10.51,1496466566
Ride My Car,RIDE,569,0.000221678,0.00000009,90.7306,22411.0,101099294.0,101099294.0,-1.59,2.81,-9.13,1496466585
BiosCrypto,BIOS,570,0.0010627,0.00000043,,22037.0,20737003.0,20737003.0,,1.42,46.72,1496452465
Theresa May Coin,MAY,571,0.0014179,0.00000058,16.3383,21688.0,15295900.0,15295900.0,-0.4,-14.81,,1496466592
X-Coin,XCO,572,0.00168622,0.00000069,4.35547,20884.0,12384976.0,12384976.0,-0.25,-22.5,-11.16,1496466859
Flaxscript,FLAX,573,0.00369142,0.00000151,6.87317,20291.0,5496825.0,5496825.0,0.27,1.04,13.84,1496466563
Prototanium,PR,574,0.103873,0.00004249,46.3367,20199.0,194462.0,194462.0,-0.22,18.69,13.53,1496466568
MindCoin,MND,575,0.00158902,0.00000065,21.8619,19937.0,12546625.0,12546625.0,-0.4,-1.9,6.49,1496466567
Kittehcoin,MEOW,576,0.0000008229,0.0000000003,4.28125,19672.0,23905669976.0,23905669976.0,1.83,-9.72,77.82,1496466846
Destiny,DES,577,0.0118565,0.00000485,205.242,18970.0,1600000.0,1600000.0,-0.4,-23.38,14.63,1496466568
B3Coin,B3,578,0.0614978,0.00002516,95.8799,18910.0,307496.0,307496.0,-0.4,,29.26,1496466576
Halcyon,HAL,579,0.00405669,0.00000166,11.6594,18872.0,4652064.0,4652064.0,4.09,11.13,-0.77,1496466854
IslaCoin,ISL,580,0.0124658,0.00000510,322.341,18870.0,1513704.0,1513704.0,-0.35,-0.55,-23.64,1496466565
Magnum,MGM,581,0.00516496,0.00000225,,18736.0,3627490.0,253627490.0,,,79.47,1496272491
Alexium,AUM,582,0.000912034,0.00000037,,18512.0,20297336.0,20297336.0,,1.96,15.63,1496454265
Luna Coin,LUNA,583,0.015004,0.00000614,221.017,18416.0,1227386.0,1227386.0,-0.38,1.35,23.01,1496466581
SecretCoin,SCRT,584,0.00424808,0.00000177,,17964.0,4228672.0,4228672.0,,-0.73,20.05,1496414965
SongCoin,SONG,585,0.000551187,0.00000023,33.3435,17950.0,32565300.0,32565300.0,0.53,-10.46,22.76,1496466560
Sprouts,SPRTS,586,0.0000001019,0.00000000004,65.9527,17883.0,175552785903,175552785903,-2.7,26.9,35.97,1496466564
BipCoin,BIP,587,0.0132989,0.00000544,58.6474,17872.0,1343889.0,1343889.0,-0.4,4.17,-29.64,1496466579
BTCDragon,DRAGON,588,0.043595,0.00001783,174.38,17619.0,404146.0,1000000.0,-2.38,-52.65,-49.5,1496466584
Vector,VEC2,589,0.00110009,0.00000045,3.4007,17431.0,15845213.0,15845213.0,-0.4,3.42,-46.8,1496466564
GameBet Coin,GBT,590,0.000813435,0.00000033,,17296.0,21262780.0,22262780.0,,1.95,9.02,1496454270
DAPPSTER,DLISK,591,0.000171125,0.00000007,0.811477,17113.0,100000000.0,100000000.0,-0.4,-11.53,-19.73,1496466573
PLNcoin,PLNC,592,0.000977517,0.00000040,1.56403,16705.0,17089600.0,19089600.0,-0.34,-12.1,-10.05,1496466849
Steps,STEPS,593,0.00089215,0.00000037,,16616.0,18625017.0,18625017.0,,-0.27,13.11,1496434766
Sling,SLING,594,0.0153035,0.00000626,10.7309,16437.0,1074095.0,1074095.0,-0.4,0.95,20.65,1496466561
Shilling,SH,595,0.0050538,0.00000207,181.901,16329.0,3231050.0,3231050.0,-0.4,72.75,111.2,1496466576
VIP Tokens,VIP,596,0.000195572,0.00000008,22.98,16321.0,83450403.0,83450403.0,-0.4,-19.11,-16.6,1496466569
Litecred,LTCR,597,0.000538931,0.00000022,127.183,16291.0,30227750.0,30227750.0,-2.68,-1.76,30.31,1496466567
VapersCoin,VPRC,598,0.0000206377,0.000000008,93.6004,16100.0,780124964.0,1635124964.0,-0.34,26.62,16.65,1496466574
Impact,IMX,599,0.000146679,0.00000006,2.44465,16034.0,109314611.0,109314611.0,-0.33,-13.33,-13.99,1496466588
Orlycoin,ORLY,600,0.000431634,0.00000018,,15818.0,36646779.0,36646779.0,,-0.81,18.99,1496410470
Blackstar,BSTAR,601,0.0000244465,0.00000001,107.1,15421.0,630795971.0,630795971.0,-0.4,1.12,14.68,1496466582
FuzzBalls,FUZZ,602,0.00317804,0.00000130,308.137,15350.0,4829945.0,4829945.0,0.57,7.22,17.8,1496466570
AnarchistsPrime,ACP,603,0.0034714,0.00000142,13.103,15256.0,4394874.0,4394874.0,-0.4,0.95,-36.14,1496466563
BowsCoin,BSC,604,0.00273801,0.00000112,16.428,15196.0,5550102.0,5550102.0,-0.4,1.11,80.9,1496466562
GPU Coin,GPU,605,0.000362625,0.00000015,66.3749,14678.0,40477042.0,51530001.0,16.87,8.5,48.5,1496466571
OsmiumCoin,OS76,606,0.0160858,0.00000658,1.75611,14381.0,894026.0,894026.0,-0.4,7.83,28.87,1496466565
TajCoin,TAJ,607,0.00248342,0.00000102,42.6948,14340.0,5774129.0,5774129.0,0.03,31.16,57.69,1496466575
GuccioneCoin,GCC,608,0.000700961,0.00000029,,14219.0,20285537.0,23775537.0,,-0.03,-6.05,1496435363
Metal Music Coin,MTLMC3,609,0.000170039,0.00000007,32.9246,13555.0,79719140.0,79719140.0,-0.4,-10.2,54.15,1496466562
BlazeCoin,BLZ,610,0.0000222177,0.000000009,0.314982,13521.0,608557394.0,608557394.0,0.27,-3.58,36.33,1496466852
BitTokens,BXT,611,0.0256688,0.00001050,32.9498,13347.0,519963.0,519963.0,-0.4,1.11,181.33,1496466575
JobsCoin,JOBS,612,0.000122232,0.00000005,64.641,12959.0,106019270.0,200019300.0,-0.4,1.11,43.35,1496466578
LetItRide,LIR,613,0.000366697,0.00000015,31.1482,12934.0,35271042.0,35271042.0,-0.4,1.11,34.71,1496466573
Crypto,CTO,614,0.00129566,0.00000053,40.4916,12868.0,9931620.0,9931620.0,-0.4,51.19,-32.47,1496466561
MustangCoin,MST,615,0.0200526,0.00000810,,12608.0,628733.0,628733.0,,-13.79,-49.44,1496450376
TAGRcoin,TAGR,616,0.000317804,0.00000013,1.24129,12289.0,38669634.0,38669634.0,-0.4,1.11,-12.39,1496466562
WARP,WARP,617,0.0105936,0.00000443,,11602.0,1095224.0,1095224.0,,-1.09,18.04,1496415568
Bitcoin 21,XBTC21,618,0.0145198,0.00000655,,11516.0,793108.0,7093108.0,,,-22.76,1496220571
Comet,CMT,619,0.0129799,0.00000531,4.42835,11329.0,872830.0,872830.0,0.51,3.8,21.58,1496466572
Money,$$$,620,0.000241187,0.00000010,64.5244,11067.0,45887218.0,45887218.0,-0.25,0.92,-17.71,1496466565
Iconic,ICON,621,0.0176015,0.00000720,0.491374,10436.0,592894.0,592894.0,-0.4,,-2.38,1496466583
Solaris,XLR,622,0.0608165,0.00002488,120.899,10372.0,170547.0,270547.0,-1.11,-16.36,-33.46,1496466587
Cabbage,CAB,623,0.000977859,0.00000040,235.853,10268.0,10499996.0,10499996.0,-0.4,-14.63,-5.35,1496466569
DPAY,DPAY,624,0.000122232,0.00000005,24.8057,9722.0,79541001.0,79541001.0,-0.4,26.39,43.35,1496466578
Zonecoin,ZNE,625,0.00376476,0.00000154,58.7892,9720.0,2581970.0,2581970.0,-0.4,1.78,34.81,1496466575
Cashcoin,CASH,626,0.000268817,0.00000011,1.88937,9632.0,35831128.0,35831128.0,-0.3,,14.79,1496466848
G3N,G3N,627,0.00127122,0.00000052,0.402487,9613.0,7561891.0,7561891.0,-0.4,1.12,10.43,1496466561
Xonecoin,XOC,628,0.0225397,0.00000922,2.88728,9467.0,420000.0,420000.0,-0.4,1.22,14.8,1496466576
JIO Token,JIO,629,0.00486485,0.00000199,398.585,9283.0,1908128.0,8888888.0,7.14,42.7,128.93,1496466581
1CRedit,1CR,630,0.103873,0.00004249,9.77859,9163.0,88213.0,88213.0,-43.57,,44.54,1496466569
High Voltage,HVCO,631,0.00611441,0.00000256,,9136.0,1494171.0,1694171.0,,,25.8,1496333672
EGO,EGO,632,0.000146679,0.00000006,10.0882,8801.0,60000001.0,60000001.0,-0.4,-13.33,-1.8,1496466577
iBank,IBANK,633,0.00188531,0.00000079,,8534.0,4526324.0,4526324.0,,,10.55,1496357683
Scorecoin,SCORE,634,0.000511252,0.00000021,20.5921,8513.0,16652010.0,16652010.0,-0.33,-39.38,-38.12,1496466588
Abncoin,ABN,635,0.122232,0.00005000,3.05581,8275.0,67700.0,4734367.0,-0.4,-26.43,55.56,1496466582
Speedcash,SCS,636,0.0307292,0.00001257,300.02,8022.0,261061.0,476148.0,-0.4,-38.3,-16.87,1496466590
Coinonat,CXT,637,0.00369325,0.00000151,368.667,7949.0,2152302.0,8152302.0,-0.1,38.48,30.98,1496466588
Qibuck Asset,QBK,638,0.0052314,0.00000214,2.09256,7618.0,1456187.0,2000000.0,-2.38,51.57,30.67,1496466591
Hirocoin,HIRO,639,0.0000244379,0.00000001,2.44379,7614.0,311565177.0,311565177.0,-0.32,1.08,14.68,1496466848
Hommalicoin,HMC,640,2.88246,0.00117909,173.511,6972.0,2419.0,1000000000.0,0.48,,-35.25,1496466572
PosEx,PEX,641,0.00283579,0.00000116,7.68099,6957.0,2453240.0,2453240.0,-0.4,0.25,-4.98,1496466569
Future Digital Currency,FDC,642,0.00268911,0.00000110,63.5609,6950.0,2584401.0,1002584401.0,9.56,-24.88,20.03,1496466581
Dix Asset,DIX,643,0.0000000684,0.00000000003,,6844.0,100000000000,100000000000,,0.31,-3.76,1496417087
Printerium,PRX,644,0.000655253,0.00000027,282.456,5946.0,9074428.0,9074428.0,-0.4,-0.01,-16.43,1496466583
SydPak,SDP,645,0.0343473,0.00001405,0.846215,5445.0,158538.0,158538.0,-0.33,-15.28,16.84,1496466565
ImpulseCoin,IMPS,646,0.000268911,0.00000011,1.58697,5444.0,20245510.0,20245510.0,-0.4,-25.85,6.2,1496466578
BioBar,BIOB,647,0.00515821,0.00000211,111.883,4569.0,885756.0,985756.0,-16.44,3.14,20.19,1496466586
Save and Gain,SANDG,648,0.00141989,0.00000064,,4352.0,3064800.0,3064800.0,,,0.83,1496226272
Antilitecoin,ALTC,649,0.000122232,0.00000005,1.98351,3852.0,31512613.0,31512613.0,-0.4,-27.77,-28.33,1496466569
GeertCoin,GEERT,650,0.000754567,0.00000031,11.9684,3841.0,5090239.0,5090239.0,-0.34,-8.2,-17.45,1496466586
NodeCoin,NODC,651,0.00221639,0.00000097,,3720.0,1678439.0,5878439.0,,,8.3,1496270080
Revenu,REV,652,0.0027869,0.00000114,30.3209,3332.0,1195525.0,1195525.0,-0.4,-0.51,,1496466569
Elysium,ELS,653,0.000831181,0.00000034,52.6121,3329.0,4005012.0,4005012.0,-0.4,-44.19,-22.02,1496466584
Pulse,PULSE,654,0.000222127,0.00000009,66.1658,3176.0,14298972.0,14298972.0,-1.02,29.53,-53.12,1496466568
Concoin,CONX,655,0.0041559,0.00000170,102.538,2859.0,687849.0,1538849.0,-19.39,-45.15,1.46,1496466589
Selfiecoin,SLFI,656,0.0000244465,0.00000001,1.95572,2636.0,107829281.0,107829281.0,-0.4,1.11,14.68,1496466560
Californium,CF,657,0.0200706,0.00000821,16.9952,2230.0,111110.0,111110.0,-0.4,2.3,9.21,1496466561
Doubloon,BOAT,658,0.000488576,0.00000020,124.002,1733.0,3547845.0,18547845.0,4.77,-7.69,-28.21,1496466583
P7Coin,P7C,659,0.0000488930,0.00000002,0.341835,1722.0,35220238.0,35220238.0,-0.4,-32.59,14.68,1496466560
Enigma,XNG,660,0.0963436,0.00003941,45.1283,1602.0,16627.0,66627.0,-0.4,-27.31,16.33,1496466570
Powercoin,PWR,661,0.0000244465,0.00000001,64.6877,1222.0,49983870.0,49983870.0,-0.4,1.11,14.68,1496466572
Digital Credits,DGCS,662,0.000195572,0.00000008,73.6718,1139.0,5826388.0,201284316.0,32.96,102.24,52.96,1496466567
Dollar Online,DOLLAR,663,0.0118565,0.00000485,216.607,1048.0,88379.0,10088379.0,-0.4,-13.35,14.35,1496466581
23 Skidoo,CHAO,664,3935.96,1.61003,110.216,994.0,0.0,0.0,-0.4,7.81,-26.25,1496466562
Impeachcoin,IMPCH,665,0.00281135,0.00000115,1.45456,866.0,308179.0,2501512.0,-0.4,-4.69,9.55,1496466584
SwapToken,TOKEN,666,0.0000237828,0.000000010,9.22323,835.0,35110531.0,35110531.0,-0.75,90.14,5291.92,1496466574
Zcashshare,ZHS,667,0.000216504,0.00000009,,612.0,2826000.0,2826000.0,,-0.5,-9.15,1496411380
CRTCoin,CRT,668,0.00488758,0.00000200,0.0000000244,387.0,79270.0,10079270.0,-0.3,1.09,14.68,1496466850
PizzaCoin,PIZZA,669,0.000220018,0.00000009,162.947,303.0,1377917.0,10127917.0,-10.36,1.12,64.01,1496466575
Xenixcoin,XEN,670,0.0272285,0.00001100,,275.0,10100.0,10010100.0,,2.38,-25.67,1496460285
CaliphCoin,CALC,671,0.0012055,0.00000049,24.0004,105.0,87140.0,148587140.0,19.43,20.89,-21.05,1496466577
MikeTheMug,MUG,672,0.0000051456,0.000000002,,5.0,999279.0,1000000.0,,,-99.36,1496047185
BTCGold,XBG,673,0.138269,0.00005656,0.99485,,,99000001.0,-0.4,1.11,-37.32,1496466590
Soarcoin,SOAR,674,0.0122232,0.00000500,88.7584,,,5000000000.0,-33.74,-38.86,-30.75,1496466588
Project-X,NANOX,675,308026.0,126.0,1084.62,,,1.0,-0.4,1.72,,1496466591
Internet of Things,XOT,676,1201.88,0.491635,1537.06,,,21000000.0,-1.33,0.17,22.6,1496466588
AMIS,AMIS,677,277.548,0.115061,,,,,,-1.81,,1496391890
Bitcoin Unlimited (Futures),BTU,678,147.185,0.0602072,907.041,,,,-0.25,16.54,-2.08,1496466586
Malcoin,MALC,679,31.8632,0.0130339,41836.1,,,1000000000.0,-0.4,1.11,14.8,1496466590
GoldUnionCoin,GUC,680,22.7521,0.0093069,7201.24,,,210000000.0,-0.4,12.94,24.89,1496466589
Qtum (Pre-Launch),QTUM,681,11.4442,0.00468132,48716300.0,,,100000000.0,-10.96,24.11,207.63,1496466591
ZenCash,ZEN,682,8.11653,0.00332012,22270.4,,,1394900.0,-2.98,-26.47,,1496466592
Fargocoin,FRGC,683,6.96611,0.00284954,895169.0,,,443962178.0,-1.33,2.21,6.27,1496466581
Internet of People,IOP,684,3.85054,0.00157509,3201.77,,,2139406.0,12.83,4.22,73.58,1496466579
EcoCoin,ECO,685,3.70485,0.0015155,43439.3,,,1093895.0,4.01,-8.06,23.43,1496466592
DECENT (Pre-Launch),DCT,686,2.72315,0.00111392,4293.88,,,73290000.0,-21.53,-4.69,-24.93,1496466580
PRIZM,PZM,687,1.16868,0.00047806,34818.8,,,,8.67,11.35,29.65,1496466591
Bitcore,BTX,688,1.05425,0.00043125,13051.7,,,16361891.0,-0.4,0.72,-31.12,1496466589
OBITS.WARRANT,WARRANT,689,0.99969,0.00040893,1974.58,,,,0.24,,,1496466592
DynamicCoin,DMC,690,0.997499,0.00040803,427028.0,,,10541442931.0,-0.02,-0.07,-0.04,1496466578
Databits,DTB,691,0.880031,0.00035998,142270.0,,,,2.9,9.49,20.96,1496466588
XDE II,XDE2,692,0.823735,0.00033695,253.423,,,42249.0,-0.4,42.82,63.13,1496466587
Aeternity (Pre-Launch),AE,693,0.733395,0.0003,1749.02,,,,-11.86,4.73,,1496466592
GAY Money,GAY,694,0.628299,0.00025701,179.984,,,5603062342.0,-0.4,14.69,72.28,1496466577
TechShares,THS,695,0.627761,0.00025679,7.42094,,,646359158.0,-0.4,4.61,12.35,1496466575
TeslaCoilCoin,TESLA,696,0.561976,0.00022988,150.881,,,100000000.0,105.59,1.11,158.24,1496466573
Bitgem,BTG,697,0.551319,0.0002256,25.8017,,,,-0.3,-30.95,-33.64,1496466842
LEOcoin,LEO,698,0.534386,0.00021859,275161.0,,,92931347.0,0.46,12.83,28.64,1496466563
InvisibleCoin,IVZ,699,0.432703,0.000177,163.274,,,,-0.4,153.13,408.63,1496466566
WA Space,WA,700,0.371562,0.00015199,38249.2,,,,-1.21,-4.33,15.61,1496466579
ZenGold,ZENGOLD,701,0.333983,0.00013662,2321.49,,,,-0.83,10.42,,1496466593
Topaz Coin,TOPAZ,702,0.32637,0.0001335,25169.2,,,38283.0,159.03,716.57,183.6,1496466591
ClubCoin,CLUB,703,0.288964,0.0001182,18960.4,,,90899180.0,0.74,0.72,6.1,1496466566
Yogold,YOG,704,0.269082,0.00011007,21.526,,,100000000.0,-0.4,1.11,25.92,1496466586
TROPTIONS,TROPTIONS,705,0.248173,0.00010598,,,,1000000001.0,,,,1496287780
Zilbercoin,ZBC,706,0.228682,0.00009354,92678.9,,,9009360.0,-3.15,-3.95,-21.02,1496466583
Pabyosi Coin (Special),PCS,707,0.1686,0.00006897,3870.88,,,30993751760.0,-1.06,1.43,22.97,1496466581
Golos Gold,GBG,708,0.16538,0.00006765,4199.81,,,,-0.41,3.89,9.75,1496466584
AlpaCoin,APC,709,0.159122,0.00006509,1375.78,,,,1.52,-3.19,33.69,1496466568
LandCoin,LDCN,710,0.131885,0.00005395,23281.1,,,19003881978.0,22.19,37.32,338.37,1496466582
EquiTrader,EQT,711,0.129566,0.00005300,91959.9,,,7671600.0,-0.4,1.11,21.45,1496466591
Quartz,QRZ,712,0.121744,0.00004980,2067.84,,,21000000.0,84.53,-35.35,,1496466592
Wowecoin,WEC,713,0.104,0.00004254,11334.2,,,8901692.0,,-0.0,2.78,1496466574
InsaneCoin,INSN,714,0.0767262,0.00003139,3479.42,,,18528352.0,-0.34,-12.84,91.79,1496466592
Omicron,OMC,715,0.0754174,0.00003085,0.244465,,,10134130.0,-0.4,3.98,14.64,1496466577
Tattoocoin (Limited Edition),TLE,716,0.0732971,0.00002998,1735.25,,,975532.0,-22.63,-43.86,57.59,1496466590
DeusCoin,DEUS,717,0.0636587,0.00002604,9759.02,,,,-28.51,-26.97,-35.22,1496466590
WavesGo,WGO,718,0.0600303,0.00002456,904.717,,,10000000.0,-1.37,-11.38,77.35,1496466589
CryptoBuck,BUK,719,0.0524046,0.00002144,8.33757,,,,33.65,63.38,101.34,1496466856
Elacoin,ELC,720,0.050562,0.00002069,46.9626,,,,-0.34,,76.01,1496466842
Fazzcoin,FAZZ,721,0.0453038,0.00001853,750.797,,,1022577370.0,-1.27,19.27,-33.01,1496466588
International Diamond,XID,722,0.038234,0.00001588,,,,,,,,1496373575
DeltaCredits,DCRE,723,0.0293185,0.00001217,,,,,,-0.35,6.61,1496419764
President Johnson,GARY,724,0.0288469,0.00001180,222.068,,,57968072167.0,-0.52,0.97,80.91,1496466575
IvugeoCoin,IEC,725,0.0243243,0.00000995,5.3759,,,,-0.4,1.11,,1496466562
EDRCoin,EDRC,726,0.0213918,0.00000875,13639.6,,,3407292.0,-5.44,-4.8,-20.95,1496466570
RHFCoin,RHFC,727,0.021024,0.00000860,6925.89,,,200157080.0,-13.57,-11.48,-18.83,1496466588
ShellPay,SHELL,728,0.0198164,0.00000811,10338.6,,,,-2.53,-8.65,-2.3,1496466562
Lepaoquan,HLB,729,0.0185393,0.00000758,958762.0,,,935398817.0,-0.45,-8.84,12.94,1496466581
Gycoin,GYC,730,0.0175138,0.00000716,5116.91,,,22213403.0,-9.05,-4.34,-6.44,1496466574
Avoncoin,ACN,731,0.0173326,0.00000709,2840.38,,,,-2.26,-12.39,-8.33,1496466583
KolschCoin,TP1,732,0.0147961,0.00000620,,,,,,,47.99,1496357661
Digitalfund,DTF,733,0.0139449,0.00000570,16545.2,,,54000053.0,-3.06,-3.9,-8.44,1496466575
Mind Gene,MG,734,0.0119788,0.00000490,6007.72,,,,-0.4,-8.81,-7.2,1496466577
Sharkcoin,SAK,735,0.0102019,0.00000417,3025.57,,,,1.38,6.68,43.26,1496466859
Dashs,DASHS,736,0.00926522,0.00000379,13.1433,,,,108.56,-2.49,-7.64,1496466589
9COIN,9COIN,737,0.00899631,0.00000368,1006.45,,,350050250.0,34.26,-6.27,97.25,1496466591
Opal,OPAL,738,0.00846442,0.00000346,2837.05,,,,18.06,19.53,51.33,1496466854
Tyrocoin,TYC,739,0.00806734,0.00000330,7.33395,,,50134500.0,-0.4,4.94,-51.83,1496466589
Goldpay Coin,GP,740,0.00664949,0.00000272,42123.1,,,,-7.39,-1.8,3.21,1496466591
First Bitcoin,BIT,741,0.00653211,0.00000267,767.842,,,20706894564.0,-4.79,-14.6,-28.31,1496466574
GBCGoldCoin,GBC,742,0.00649,0.00000265,34.9231,,,,,30.1,14.46,1496466566
Psilocybin,PSY,743,0.00586716,0.00000240,16.7296,,,,-0.4,1.04,3.86,1496466569
Xaucoin,XAU,744,0.0058651,0.00000240,45.4106,,,,-0.25,0.66,0.87,1496466859
EggCoin,EGG,745,0.00562322,0.00000237,,,,,,,11.3,1496295864
PiCoin,PI,746,0.00540267,0.00000221,24.4465,,,1378369.0,-0.4,-62.76,-72.14,1496466591
Helleniccoin,HNC,747,0.00513376,0.00000210,599.025,,,,-0.4,-18.65,50.35,1496466562
Slimcoin,SLM,748,0.00500977,0.00000205,127.077,,,13925626.0,-0.25,-23.25,,1496466858
RoyalCoin 2,RYCN,749,0.00498294,0.00000204,1896.53,,,2500124.0,93.53,,,1496466579
Axiom,AXIOM,750,0.0048404,0.00000198,8.06707,,,,-0.4,0.11,12.44,1496466564
GoldReserve,XGR,751,0.0044477,0.00000182,1284.07,,,17162436.0,0.95,0.75,17.54,1496466852
netBit,NBIT,752,0.00413146,0.00000169,4.13146,,,,-0.4,-2.91,39.44,1496466579
BagCoin,BGC,753,0.00385025,0.00000157,73996.3,,,497214120.0,-5.47,-19.6,-9.66,1496466573
Bitcoin Scrypt,BTCS,754,0.00371456,0.00000152,36.9912,,,,-0.34,-7.97,-5.82,1496466848
President Trump,PRES,755,0.0031219,0.00000128,351.053,,,57968072167.0,-0.1,13.09,25.83,1496466575
AvatarCoin,AV,756,0.0031047,0.00000127,3.20188,,,,-9.47,,-8.37,1496466568
ZSEcoin,ZSE,757,0.0028752,0.00000118,58.9711,,,6383660.0,0.76,-8.07,-57.16,1496466586
Quotient,XQN,758,0.00268817,0.00000110,71.6716,,,,-0.25,1.08,,1496466857
Neptune Classic,NTCC,759,0.0024691,0.00000101,925.612,,,,24.2,33.67,108.67,1496466584
OCOW,OCOW,760,0.00227517,0.00000099,,,,,,,7.71,1496142268
TrickyCoin,TRICK,761,0.00224908,0.00000092,0.49113,,,,-0.4,2.22,-10.77,1496466560
SportsCoin,SPORT,762,0.00222463,0.00000091,3462.93,,,19800001.0,-0.4,155.46,216.23,1496466577
GameLeagueCoin,GML,763,0.00217497,0.00000089,0.543744,,,,-0.25,,-0.91,1496466852
BitcoinFast,BCF,764,0.00217248,0.00000089,53.0879,,,,-0.28,-5.29,-22.4,1496466858
Condensate,RAIN,765,0.00213529,0.00000087,1514.67,,,42978123.0,3.27,18.75,20.78,1496466590
RichCoin,RICHX,766,0.00210122,0.00000093,,,,5925522.0,,,5.89,1496167172
Digital Bullion Gold,DBG,767,0.00180904,0.00000074,144.567,,,24523275.0,-0.33,24.71,41.49,1496466574
Advanced Internet Blocks,AIB,768,0.00172138,0.00000070,117.011,,,31411918055.0,13.61,24.51,-22.06,1496466561
Mavro,MAVRO,769,0.00168043,0.00000070,,,,15005722.0,,,-20.38,1496349588
MMXVI,MMXVI,770,0.00166236,0.00000068,314.423,,,,-0.4,20.36,-32.02,1496466568
Clinton,CLINT,771,0.00166236,0.00000068,32.4308,,,,-0.4,-36.33,-27.8,1496466571
TodayCoin,TODAY,772,0.00134456,0.00000055,16.6293,,,,-0.4,17.7,53.84,1496466575
UR,UR,773,0.00129566,0.00000053,277.257,,,,-0.28,-2.56,9.96,1496466586
BestChain,BEST,774,0.00113327,0.00000046,7.09796,,,20042911.0,0.09,7.88,6.22,1496466587
CBD Crystals,CBD,775,0.00107504,0.00000044,14.3781,,,,119.0,101.6,-17.29,1496466579
True Investment Coin,TIC,776,0.000977859,0.00000040,31.9834,,,,-0.4,-5.67,-15.12,1496466585
Skeincoin,SKC,777,0.000977517,0.00000040,0.635386,,,,-0.3,-5.97,,1496466849
Alphabet Coin Fund,FUN,778,0.000953413,0.00000039,65.5106,,,20742012.0,115.81,,-29.1,1496466571
RoyalCoin,ROYAL,779,0.00094291,0.00000039,36.0023,,,2500124.0,-1.27,-21.85,8.49,1496466579
The Aladin,ADT,780,0.000892522,0.00000032,,,,,,,,1495722585
Donationcoin,DON,781,0.000879765,0.00000036,7841.68,,,,1.82,5.42,,1496466852
Bitcedi,BXC,782,0.000855627,0.00000035,11.8838,,,,-0.4,-16.52,,1496466571
Braincoin,BRAIN,783,0.000842028,0.00000035,,,,,,-0.5,36.08,1496420372
Dubstep,DUB,784,0.000817313,0.00000034,,,,,,-0.58,12.66,1496411064
IrishCoin,IRL,785,0.000806734,0.00000033,257.779,,,,-1.14,1.12,,1496466562
Quebecoin,QBC,786,0.000782013,0.00000032,12.0037,,,,13.92,24.41,31.13,1496466849
KashhCoin,KASHH,787,0.00077856,0.00000032,1398.53,,,,3.94,1.87,207.46,1496466584
FrankyWillCoin,FRWC,788,0.000745197,0.00000031,,,,,,-0.58,9.24,1496411075
Lazaruscoin,LAZ,789,0.000745197,0.00000031,,,,,,-0.58,51.99,1496411078
WeAreSatoshi,WSX,790,0.000733137,0.00000030,10.8154,,,,6.8,-5.24,1.19,1496466854
Motocoin,MOTO,791,0.000733137,0.00000030,20.924,,,,-0.3,-52.13,2.45,1496466852
Opescoin,OPES,792,0.000674759,0.00000028,,,,,,-0.33,12.94,1496432667
RubleBit,RUBIT,793,0.000660055,0.00000027,43.1381,,,,-0.4,-32.87,-8.93,1496466565
Cubits,QBT,794,0.00063525,0.00000026,3.08401,,,,115.95,25.12,58.45,1496466578
Vsync,XVS,795,0.00056162,0.00000023,372.9,,,103334172.0,-0.43,1.7,-22.96,1496466588
BitAlphaCoin,BAC,796,0.000505981,0.00000021,46.3303,,,,-0.29,4.98,-18.53,1496466567
MarxCoin,MARX,797,0.000487318,0.00000020,147.976,,,29332120.0,-0.4,11.84,4.25,1496466586
T-coin,TCOIN,798,0.000464483,0.00000019,1993.16,,,,-0.33,3.29,25.52,1496466582
GoldMaxCoin,GMX,799,0.000391144,0.00000016,2.29797,,,84078950.0,-0.4,9.96,-8.34,1496466570
President Sanders,BURN,800,0.000391144,0.00000016,269.074,,,57968072167.0,77.07,61.78,22.21,1496466582
UGAIN,GAIN,801,0.000366697,0.00000015,17.9223,,,,-0.4,1.11,102.5,1496466575
PrismChain,PRM,802,0.000366697,0.00000015,86.9401,,,,-0.4,8.33,-76.44,1496466571
Gambleo,GMB,803,0.000345025,0.00000014,,,,,,1.93,24.5,1496454588
BlazerCoin,BLAZR,804,0.000317804,0.00000013,13.4663,,,,-0.4,-34.28,-0.17,1496466588
Sakuracoin,SKR,805,0.000317594,0.00000013,117.98,,,,-4.05,-2.08,24.3,1496466578
VGINA,VGINA,806,0.000296393,0.00000012,0.00296393,,,11603228.0,0.76,,-60.28,1496466591
Operand,OP,807,0.000290011,0.00000012,,,,36309296.0,,-0.04,-4.06,1496423371
Happy Creator Coin,HCC,808,0.000279882,0.00000011,14.12,,,,4.78,4.97,37.04,1496466573
DarkLisk,DISK,809,0.000268911,0.00000011,36.6767,,,17888425.0,-0.4,-30.48,-9.9,1496466571
Cycling Coin,CYC,810,0.000268911,0.00000011,5.23966,,,,-0.4,-7.32,14.68,1496466562
The Vegan Initiative,XVE,811,0.000268911,0.00000011,145.645,,,,-0.33,-5.87,26.14,1496466588
Grumfork,GMF,812,0.000244465,0.00000010,7.33395,,,,-0.4,1.11,,1496466589
MobileCash,MBL,813,0.000220018,0.00000009,8.68532,,,1068669648.0,-0.4,1.11,47.31,1496466577
AsicCoin,ASC,814,0.000207722,0.00000008,23.8444,,,,0.19,,,1496466844
TeraCoin,TERA,815,0.000171125,0.00000007,6801.5,,,,-36.62,-14.1,-8.56,1496466585
Moneta,MONETA,816,0.000171125,0.00000007,157.732,,,,-0.28,-11.52,0.38,1496466567
LAthaan,LTH,817,0.000122232,0.00000005,166.094,,,,-0.4,-27.78,-34.33,1496466578
Halloween Coin,HALLO,818,0.0000977956,0.00000004,454.716,,,264606198.0,-0.4,-5.38,-7.45,1496466591
TeamUp,TEAM,819,0.0000977860,0.00000004,0.256786,,,301004896.0,-0.4,1.11,52.9,1496466578
PayPeer,PAYP,820,0.0000977860,0.00000004,99.7353,,,,-0.4,102.24,129.14,1496466569
Wowcoin,WOW,821,0.0000964807,0.00000004,,,,,,-0.24,126.29,1496426381
TheCreed,TCR,822,0.0000733395,0.00000003,9.33127,,,,-0.4,-24.16,-31.19,1496466571
LinkedCoin,LKC,823,0.0000733395,0.00000003,15.4253,,,,-0.4,-24.17,-16.17,1496466573
FireFlyCoin,FFC,824,0.0000733137,0.00000003,3.98604,,,,-0.3,203.26,244.04,1496466857
LePen,LEPEN,825,0.0000680862,0.00000003,107.289,,,,-1.66,21.12,201.59,1496466583
Cashme,CME,826,0.0000491969,0.00000002,,,,,,1.75,15.43,1496446166
PinkDog,PDG,827,0.0000490794,0.00000002,,,,,0.1,1.5,130.17,1496464184
PokeCoin,POKE,828,0.0000488930,0.00000002,6.08476,,,,-0.4,1.12,-23.55,1496466575
CyberCoin,CC,829,0.0000488930,0.00000002,48.8929,,,549267534.0,-0.4,1.11,129.35,1496466560
X2,X2,830,0.0000488930,0.00000002,7.92983,,,,-0.4,102.22,129.14,1496466566
MoneyCoin,MONEY,831,0.0000488930,0.00000002,823.92,,,,-0.4,-32.59,12.09,1496466580
Tellurion,TELL,832,0.0000488930,0.00000002,4.88927,,,,-0.4,1.11,129.14,1496466576
VegasCoin,VGC,833,0.0000488758,0.00000002,2.44379,,,,-0.25,79.28,129.36,1496466850
UNCoin,UNC,834,0.0000380450,0.00000002,749.128,,,,9.84,3.83,-1.77,1496466859
InflationCoin,IFLT,835,0.0000290047,0.00000001,2241.76,,,3305193407.0,-0.73,-26.07,-18.56,1496466582
President Clinton,HILL,836,0.0000244465,0.00000001,19.8017,,,57968072167.0,-0.4,1.22,-2.54,1496466575
SuperTurboStake,STRB,837,0.0000244465,0.00000001,0.244465,,,,-0.4,1.11,14.57,1496466567
Aces,ACES,838,0.0000244465,0.00000001,3.66788,,,,-0.4,1.11,14.68,1496466575
Global Business Revolution,GBRC,839,0.0000244465,0.00000001,1013.55,,,900096049.0,-0.4,-49.44,14.68,1496466579
Safe Trade Coin,XSTC,840,0.0000244465,0.00000001,391.144,,,604880000.0,-0.4,1.11,14.68,1496466582
Rcoin,RCN,841,0.0000244465,0.00000001,83.5725,,,,-0.4,1.11,-3.71,1496466578
ChoofCoin,CHOOF,842,0.0000244465,0.00000001,7.38286,,,,-0.4,1.11,14.68,1496466578
SoulCoin,SOUL,843,0.0000244465,0.00000001,3.92662,,,,-0.4,1.11,14.57,1496466571
Yescoin,YES,844,0.0000244456,0.000000010,972.27,,,,-0.4,1.16,25.46,1496466582
FedoraShare,FEDS,845,0.0000220182,0.000000009,2612.82,,,499001352194,-0.0,-6.39,-54.39,1496466576
Victoriouscoin,VTY,846,0.0000100876,0.000000004,6.17923,,,10263290326.0,-2.33,-57.66,13.04,1496466577
Virtacoin,VTA,847,0.0000098893,0.000000004,54.2575,,,12423206610.0,-4.79,15.9,-9.99,1496466853
Dimecoin,DIME,848,0.0000069818,0.000000003,461.211,,,527141744016,-7.52,1589.68,79.05,1496466845
XP,XP,849,0.0000009965,0.0000000004,537.397,,,133635560466,10.29,-82.25,-87.68,1496466575
BatCoin,BAT,850,0.0000007961,0.0000000003,579.348,,,,0.3,-3.98,,1496466848
BitCentavo,NBE,851,0.0000005705,0.0000000002,,,,,,10.08,154.12,1496398156
RabbitCoin,RBBT,852,0.0000004354,0.0000000002,20.5389,,,,2.51,-17.39,64.3,1496466854
StrongHands,SHND,853,0.0000001947,0.00000000008,205.093,,,,-1.37,55.01,,1496466565
Paccoin,PAC,854,0.0000000767,0.00000000003,421.288,,,,8.78,28.48,78.68,1496466565
Bond,BOND,855,,,,,1349.0,1349.0,,,,
bitRUBLE,BITRUBLE,856,,,,,,,,,,
