Name,Symbol,Rank,Price(BTC),Price(USD),24HVolume,MarketCap,%Change_1h,%Change_24h,%Change_7d,LastUpdated
Bitcoin,BTC,1,2440.32,1.0,1290270000.0,39944834260.0,16368687.0,16368687.0,0.27,0.54,18.41,1496470451
Ethereum,ETH,2,221.488,0.0906814,430728000.0,20412934596.0,92162711.0,92162711.0,-0.88,-2.63,52.04,1496470164
Ripple,XRP,3,0.306159,0.00012534,240899000.0,11824379193.0,38621693933.0,99994661895.0,-0.28,-3.63,32.66,1496470443
NEM,XEM,4,0.231198,0.00009466,11922700.0,2080782000.0,8999999999.0,8999999999.0,1.95,1.87,47.44,1496470160
Ethereum Classic,ETC,5,16.758,0.00686101,68979400.0,1545695010.0,92236246.0,92236246.0,-0.9,-3.48,34.42,1496470174
Litecoin,LTC,6,27.2232,0.0111447,341598000.0,1399024950.0,51390907.0,51390907.0,0.25,-7.83,23.31,1496470441
Dash,DASH,7,147.435,0.0603569,41859100.0,1081347920.0,7334404.0,7334404.0,-0.12,4.7,43.12,1496470448
Stratis,STRAT,8,9.0337,0.00369856,60291000.0,889001930.0,98409503.0,98409503.0,-0.26,34.89,248.73,1496470174
Monero,XMR,9,43.4007,0.0177674,8523670.0,632171448.0,14565927.0,14565927.0,-0.63,-1.27,26.01,1496470453
Waves,WAVES,10,4.83731,0.00198048,5785720.0,483731000.0,100000000.0,100000000.0,1.49,30.88,123.3,1496470172
Bytecoin,BCN,11,0.00250421,0.00000103,2048640.0,458201417.0,182972441027,182972441027,-4.66,-25.17,5.3,1496470452
Golem,GNT,12,0.487627,0.00019964,10777700.0,402229859.0,824872000.0,1000000000.0,0.82,4.13,56.22,1496470180
Stellar Lumens,XLM,13,0.0403868,0.00001653,14394600.0,390333289.0,9664872916.0,102940435314,0.28,-0.36,23.02,1496470455
Zcash,ZEC,14,239.257,0.0979561,15509300.0,344711018.0,1440756.0,1440756.0,-0.85,-5.87,37.25,1496470179
Dogecoin,DOGE,15,0.00288479,0.00000118,33942100.0,316309128.0,109647193868,109647193868,0.75,-4.21,42.66,1496470444
Steem,STEEM,16,1.2557,0.00051411,6760960.0,294297556.0,234369321.0,251343415.0,-0.73,17.37,53.55,1496470170
Gnosis,GNO,17,252.118,0.103222,1594030.0,278487022.0,1104590.0,10000000.0,0.19,0.92,45.68,1496470190
Augur,REP,18,24.9377,0.01021,5127200.0,274314700.0,11000000.0,11000000.0,0.29,0.66,28.23,1496470165
DigiByte,DGB,19,0.0328615,0.00001345,89498400.0,266409229.0,8107031908.0,8107031908.0,-0.28,24.99,182.73,1496470448
Siacoin,SC,20,0.00987779,0.00000404,39759500.0,262044660.0,26528672885.0,26528672885.0,0.1,5.61,67.05,1496470168
BitShares,BTS,21,0.0860147,0.00003521,21130700.0,223830033.0,2602230000.0,2602230000.0,-0.19,-2.54,73.25,1496470454
GameCredits,GAME,22,3.03619,0.00124296,2402240.0,191392989.0,63037224.0,63037224.0,1.26,15.6,40.46,1496470455
MaidSafeCoin,MAID,23,0.397792,0.00016285,2397120.0,180021729.0,452552412.0,452552412.0,0.33,1.7,16.66,1496470451
Basic Attention Token,BAT,24,0.16396,0.00006713,4029770.0,163960000.0,1000000000.0,1500000000.0,-0.78,-3.43,,1496470192
DigixDAO,DGD,25,79.5733,0.0325788,1132770.0,159146600.0,2000000.0,2000000.0,3.83,-6.14,35.61,1496470170
BitConnect,BCC,26,24.1627,0.00989266,2801580.0,155628833.0,6440871.0,6440871.0,0.07,5.98,63.42,1496470183
Decred,DCR,27,30.8359,0.0126248,4379240.0,155086515.0,5029414.0,5449414.0,-0.38,22.44,58.98,1496470167
Lisk,LSK,28,1.41377,0.00057882,2551890.0,152418466.0,107809945.0,107809945.0,2.01,4.41,51.16,1496470170
Byteball,GBYTE,29,781.461,0.319944,838818.0,147917962.0,189284.0,1000000.0,16.37,46.56,193.49,1496470181
Factom,FCT,30,15.2626,0.00624877,2850990.0,133596880.0,8753219.0,8753219.0,1.91,11.55,43.6,1496470165
Ardor,ARDR,31,0.129596,0.00005306,2855040.0,129466339.0,998999495.0,998999495.0,3.08,-4.75,51.11,1496470174
SingularDTV,SNGLS,32,0.206879,0.00008470,198335.0,124127400.0,600000000.0,1000000000.0,1.26,13.25,38.86,1496470177
Iconomi,ICN,33,1.24742,0.00051072,748971.0,108525540.0,87000000.0,100000000.0,0.04,3.77,26.31,1496470177
Tether,USDT,34,1.02804,0.0004209,48060700.0,107937713.0,104993690.0,124951468.0,-0.13,-0.34,-3.8,1496470159
Komodo,KMD,35,0.916679,0.0003753,1706870.0,92534629.0,100945510.0,100945510.0,-5.9,64.67,104.58,1496470184
Round,ROUND,36,0.10378,0.00004249,386880.0,88213000.0,850000000.0,1000000000.0,-0.91,-2.68,-10.44,1496470179
PIVX,PIVX,37,1.63999,0.00067144,933350.0,87809654.0,53542799.0,53542799.0,-0.22,-3.06,67.91,1496470167
SysCoin,SYS,38,0.143049,0.00005856,7819500.0,75127433.0,525186702.0,525186702.0,-3.64,24.61,51.02,1496470456
Aragon,ANT,39,2.19083,0.00089697,803929.0,73623208.0,33605167.0,39609523.0,-0.07,4.41,28.32,1496470192
FirstBlood,1ST,40,0.848871,0.00034754,5523880.0,72628020.0,85558371.0,93468691.0,-1.2,0.16,73.58,1496470178
iExec RLC,RLC,41,0.870023,0.0003562,926064.0,67923386.0,78070793.0,86999785.0,-0.91,38.14,87.53,1496470189
Nxt,NXT,42,0.0669891,0.00002742,4109420.0,66922110.0,998999983.0,998999983.0,1.75,7.15,48.74,1496470444
AntShares,ANS,43,1.21833,0.00049881,6060510.0,60916500.0,50000000.0,100000000.0,-0.25,-11.35,74.05,1496470176
Ubiq,UBQ,44,1.63494,0.00066931,2265470.0,60661879.0,37103428.0,37103428.0,-4.76,37.46,217.09,1496470455
ReddCoin,RDD,45,0.00168535,0.00000069,3291380.0,48076307.0,28526007858.0,28526007858.0,0.66,39.73,63.89,1496470447
BitcoinDark,BTCD,46,37.2674,0.0152566,1649970.0,48032543.0,1288862.0,1288862.0,-3.79,51.73,90.12,1496470454
Wings,WINGS,47,0.523243,0.00021422,1628410.0,46939257.0,89708333.0,100000000.0,-2.11,20.34,116.24,1496470182
Ark,ARK,48,0.437286,0.00017903,826134.0,41685400.0,95327542.0,126577542.0,6.09,39.03,90.55,1496470187
Peercoin,PPC,49,1.66181,0.00068031,1581450.0,40093228.0,24126241.0,24126241.0,-0.25,3.33,24.16,1496470444
Lykke,LKK,50,0.274028,0.00011219,465808.0,37676788.0,137492474.0,1285690000.0,0.04,4.59,12.91,1496470179
Melon,MLN,51,57.2395,0.0234349,268730.0,34309356.0,599400.0,749400.0,1.75,4.56,7.07,1496470185
Storjcoin X,SJCX,52,0.666851,0.000273,422667.0,34124862.0,51173144.0,500000000.0,-0.22,6.64,41.52,1496470455
Emercoin,EMC,53,0.832779,0.00034092,895881.0,33445626.0,40161466.0,40161466.0,-2.89,-9.5,35.43,1496470455
Omni,OMNI,54,59.7316,0.024453,9671150.0,33389329.0,558989.0,615305.0,3.85,20.9,277.61,1496470446
Xaurum,XAUR,55,0.271387,0.00011111,304499.0,30857870.0,113704303.0,113704303.0,4.69,10.57,35.79,1496470160
Counterparty,XCP,56,11.2311,0.0045978,525941.0,29411322.0,2618739.0,2618739.0,0.42,1.64,30.12,1496470447
Blocknet,BLOCK,57,7.05223,0.00288705,217490.0,27577861.0,3910516.0,3910516.0,-0.03,6.64,138.55,1496470458
WeTrust,TRST,58,0.295846,0.00012113,443008.0,27261469.0,92147500.0,100000000.0,1.36,25.7,45.98,1496470189
SuperNET,UNITY,59,33.3467,0.0136515,37786.2,27212941.0,816061.0,816061.0,26.91,130.7,556.73,1496470458
Namecoin,NMC,60,1.80251,0.00073791,743602.0,26562508.0,14736400.0,14736400.0,0.01,4.76,31.65,1496470440
Gulden,NLG,61,0.075236,0.00003080,136207.0,26076470.0,346595645.0,448615800.0,-0.67,3.47,22.63,1496470451
Synereo,AMP,62,0.309907,0.00012688,547747.0,25491811.0,82256324.0,949291063.0,1.37,10.46,57.11,1496470166
Nexus,NXS,63,0.510938,0.00020919,68494.1,25480418.0,49869883.0,49869883.0,-0.18,-0.78,21.41,1496470158
Verge,XVG,64,0.0016859,0.00000069,3761620.0,22607029.0,13409472280.0,13409472280.0,-1.37,44.92,101.63,1496470457
XtraBYtes,XBY,65,0.0346375,0.00001418,901524.0,22514375.0,650000000.0,650000000.0,0.85,16.14,526.85,1496470190
Burst,BURST,66,0.012589,0.00000515,4035750.0,22416880.0,1780672002.0,1780672002.0,-1.32,8.84,67.21,1496470457
Matchpool,GUP,67,0.291264,0.00011925,321728.0,21844800.0,75000000.0,98855150.0,0.24,6.88,40.49,1496470188
Edgeless,EDG,68,0.270919,0.00011092,525085.0,21519757.0,79432438.0,132046997.0,0.1,11.53,24.87,1496470188
YbCoin,YBC,69,6.97538,0.00285559,2969910.0,21067560.0,3020274.0,3020274.0,2.87,-3.78,38.43,1496470446
EarthCoin,EAC,70,0.0022416,0.00000092,6628620.0,20951043.0,9346468332.0,9346468332.0,-1.63,-8.38,51.14,1496470445
NAV Coin,NAV,71,0.330532,0.00013531,1274250.0,20272734.0,61333649.0,61333649.0,0.82,12.58,30.25,1496470453
Humaniq,HMQ,72,0.156282,0.00006398,908207.0,19431277.0,124334708.0,184190414.0,1.16,27.18,6.19,1496470191
BitBay,BAY,73,0.0191753,0.00000785,84485.4,19319591.0,1007524824.0,1007524824.0,0.54,7.0,36.07,1496470458
Shift,SHIFT,74,1.72127,0.00070472,475821.0,18646513.0,10832997.0,10832997.0,2.73,61.11,237.1,1496470164
TokenCard,TKN,75,0.783827,0.00032091,360502.0,18532849.0,23644056.0,39406760.0,-3.16,-6.23,-9.27,1496470191
PotCoin,POT,76,0.0853703,0.00003495,676246.0,18521043.0,216949488.0,216949488.0,0.28,1.08,15.28,1496470447
BlackCoin,BLK,77,0.242693,0.00009935,1144690.0,18485991.0,76170268.0,76170268.0,0.73,-3.99,71.55,1496470449
E-Dinar Coin,EDR,78,0.0279582,0.00001145,456195.0,18470159.0,660634755.0,785634755.0,0.91,-5.15,24.02,1496470175
BCAP,BCAP,79,1.83776,0.00075241,207645.0,18377600.0,10000000.0,10000000.0,-0.69,5.91,-3.21,1496470191
OBITS,OBITS,80,1.21553,0.00049766,519563.0,17927732.0,14748902.0,16443700.0,-4.4,6.05,66.59,1496470166
Bankcoin,B@,81,4.10498,0.00168065,10711.8,17508068.0,4265080.0,25000000.0,1.4,16.73,68.08,1496470188
Nexium,NXC,82,0.262308,0.00010739,1033650.0,17449144.0,66521586.0,66521586.0,1.31,-1.01,75.98,1496470180
Expanse,EXP,83,2.40712,0.00098552,509114.0,17446701.0,7247956.0,16247956.0,-1.25,0.12,35.17,1496470164
Swarm City,SWT,84,2.62103,0.0010731,56937.5,17410520.0,6642625.0,6642625.0,0.17,12.76,16.46,1496470186
Agoras Tokens,AGRS,85,0.396782,0.00016245,30922.0,16664844.0,42000000.0,42000000.0,0.18,9.53,35.67,1496470163
LBRY Credits,LBC,86,0.238417,0.00009761,902891.0,16337411.0,68524524.0,466424524.0,1.55,11.95,48.89,1496470173
Chronobank,TIME,87,22.3863,0.00916535,525152.0,15896798.0,710113.0,710113.0,0.03,14.73,35.51,1496470185
TaaS,TAAS,88,1.94507,0.00079635,212518.0,15844542.0,8146001.0,8146001.0,-3.62,4.62,51.77,1496470187
Infinitecoin,IFC,89,0.000173227,0.00000007,3128590.0,15693721.0,90596274910.0,90596274910.0,0.43,-6.96,54.91,1496470443
Unity Ingot,UNY,90,0.0773712,0.00003168,122016.0,15628982.0,202000000.0,10000000000.0,-1.19,-3.3,87.37,1496470192
GridCoin,GRC,91,0.0398746,0.00001633,301690.0,15563565.0,390312753.0,390312753.0,1.3,8.64,55.41,1496470159
ZCoin,XZC,92,6.85766,0.00280765,1017510.0,15349731.0,2238334.0,2238334.0,-0.12,-8.05,45.91,1496470178
Mooncoin,MOON,93,0.0000688192,0.00000003,120666.0,15274302.0,221948258651,221948258651,-0.33,52.28,53.83,1496470446
Waves Community Token,WCT,94,3.0044,0.00123006,150214.0,15022000.0,5000000.0,10000000.0,1.41,19.21,79.87,1496470184
Radium,RADS,95,4.5091,0.00184611,384870.0,14642926.0,3247417.0,3247417.0,-0.65,10.87,63.21,1496470166
Pepe Cash,PEPECASH,96,0.0208147,0.00000852,43480.8,14609505.0,701884009.0,701884009.0,-0.06,-6.08,11.46,1496470177
I/O Coin,IOC,97,0.889435,0.00036412,53749.8,14530231.0,16336474.0,16336474.0,-0.81,6.59,25.53,1496470454
DigitalNote,XDN,98,0.00196168,0.00000080,2695800.0,13499431.0,6881566319.0,6881566319.0,4.8,24.09,59.2,1496470453
E-coin,ECN,99,4.67003,0.001912,155719.0,13057088.0,2795932.0,211084824.0,-0.02,0.53,19.23,1496470189
Vertcoin,VTC,100,0.388846,0.00015919,581232.0,13003606.0,33441531.0,33441531.0,0.33,4.31,49.77,1496470446
Golos,GOLOS,101,0.102804,0.00004209,57066.9,12655380.0,123102016.0,123102016.0,-3.72,9.0,89.35,1496470181
MonaCoin,MONA,102,0.248794,0.00010185,39328.8,12582918.0,50575650.0,50575650.0,-2.54,-8.33,23.73,1496470451
Etheroll,DICE,103,1.7659,0.00072299,56502.4,12364165.0,7001623.0,7001623.0,-0.73,11.39,14.08,1496470192
Blitzcash,BLITZ,104,2.93125,0.0012,774888.0,11913413.0,4064277.0,4064277.0,-10.66,125.31,834.15,1496470459
LuckChain,BASH,105,0.016015,0.00000656,833971.0,11595834.0,724060801.0,724060801.0,3.47,17.74,122.73,1496470181
MergeCoin,MGC,106,0.116837,0.00004783,3268450.0,11561445.0,98953630.0,103953630.0,1.3,-1.04,37.18,1496470190
Clams,CLAM,107,4.88384,0.00199935,721650.0,11248545.0,2303217.0,16208583.0,1.49,1.44,32.58,1496470454
Bitcrystals,BCY,108,0.467009,0.0001912,386694.0,10877304.0,23291422.0,23291422.0,1.42,16.45,38.19,1496470164
Pluton,PLU,109,12.3014,0.00503642,127180.0,10456184.0,850000.0,20000000.0,0.27,-7.35,60.25,1496470177
Viacoin,VIA,110,0.452554,0.00018527,344117.0,10249431.0,22647973.0,22647973.0,3.36,13.2,32.74,1496470454
FlorinCoin,FLO,111,0.0762539,0.00003122,352209.0,10219473.0,134019025.0,134019025.0,-0.31,6.89,40.29,1496470443
DNotes,NOTE,112,0.0795349,0.00003256,522459.0,9853326.0,123886817.0,123886817.0,-0.43,19.37,80.34,1496470449
Energycoin,ENRG,113,0.0791438,0.00003240,8838.26,9571941.0,120943661.0,120943661.0,-0.03,8.67,33.73,1496470451
Bitland,CADASTRAL,114,0.313171,0.00012822,18476.7,9395130.0,30000000.0,30000000.0,-7.79,-25.62,31.82,1496470173
HEAT,HEAT,115,0.353093,0.00014456,20328.4,9312356.0,26373664.0,26373664.0,0.66,19.54,13.97,1496470174
Skycoin,SKY,116,1.65955,0.00067945,25226.5,9070770.0,5465801.0,100000000.0,0.22,20.54,-0.7,1496470189
Crown,CRW,117,0.648034,0.00026529,18044.5,8986775.0,13867752.0,13867752.0,4.28,10.33,9.12,1496470458
vSlice,VSL,118,0.26861,0.00010997,128325.0,8969021.0,33390496.0,33390496.0,-0.56,-0.32,4.95,1496470181
Pascal Coin,PASC,119,0.884112,0.00036197,263799.0,8863930.0,10025800.0,10025800.0,1.88,14.87,45.89,1496470180
Rubycoin,RBY,120,0.363018,0.00014861,29997.6,8856207.0,24396054.0,24396054.0,-0.03,0.94,21.9,1496470449
Creditbit,CRB,121,0.743141,0.00030426,1351610.0,8824310.0,11874342.0,11874342.0,0.11,28.76,16.35,1496470167
Primecoin,XPM,122,0.450618,0.00018447,5126260.0,8713413.0,19336584.0,19336584.0,-0.4,6.36,64.39,1496470457
VeriCoin,VRC,123,0.285596,0.00011692,545899.0,8628532.0,30212369.0,30212369.0,-0.33,-2.22,24.4,1496470452
NeosCoin,NEOS,124,2.50391,0.00102505,536912.0,8383083.0,3347997.0,3347997.0,1.04,8.04,31.31,1496470455
FedoraCoin,TIPS,125,0.0000186798,0.000000008,56517.9,8278293.0,443168182458,443168182458,-0.43,-7.37,21.48,1496470446
SolarCoin,SLR,126,0.232582,0.00009521,97061.1,8178704.0,35164819.0,98034181550.0,1.24,8.12,27.79,1496470450
Bitcoin Plus,XBC,127,82.0914,0.0336067,216659.0,7957790.0,96938.0,96938.0,2.4,13.39,30.21,1496470451
ION,ION,128,0.565703,0.00023161,56697.4,7789456.0,13769515.0,19669515.0,-2.15,31.04,45.14,1496470172
BelaCoin,BELA,129,0.218557,0.00008947,464025.0,7645375.0,34981150.0,34981150.0,0.71,6.58,26.94,1496470450
Einsteinium,EMC2,130,0.035777,0.00001465,383983.0,7562013.0,211365194.0,211365194.0,1.5,10.41,30.02,1496470449
SaluS,SLS,131,7.52297,0.00308004,24924.8,7548963.0,1003455.0,1003455.0,0.18,-4.47,87.17,1496470168
VPNCoin,VASH,132,0.0185045,0.00000758,1818590.0,7408087.0,400339746.0,400339746.0,0.82,-9.11,38.62,1496470157
Incent,INCNT,133,0.320905,0.00013139,132936.0,7383482.0,23008312.0,46016625.0,0.2,5.1,65.69,1496470180
Global Currency Reserve,GCR,134,0.0670471,0.00002745,28838.2,6885342.0,102694107.0,102694107.0,0.16,3.61,17.83,1496470163
Lunyr,LUN,135,2.89442,0.00118503,159814.0,6650952.0,2297853.0,2703356.0,-0.04,2.27,11.75,1496470190
Safe Exchange Coin,SAFEX,136,0.00305351,0.00000125,34472.3,6557363.0,2147483647.0,2147483647.0,1.81,13.74,48.1,1496470168
Novacoin,NVC,137,3.75237,0.00153615,66201.9,6515201.0,1736290.0,1736290.0,-0.24,1.03,6.57,1496470440
Asch,XAS,138,0.0867517,0.00003552,65981.1,6506378.0,75000000.0,100000000.0,4.1,-3.92,45.78,1496470188
PinkCoin,PINK,139,0.0202585,0.00000829,2422060.0,6503675.0,321034400.0,371034400.0,-1.32,29.08,58.53,1496470452
Aeon,AEON,140,0.456083,0.00018673,25364.5,6492003.0,14234257.0,14234257.0,0.87,-3.11,9.58,1496470163
Feathercoin,FTC,141,0.0394493,0.00001615,122668.0,6466001.0,163906600.0,163906600.0,-0.78,-0.88,47.82,1496470440
MonetaryUnit,MUE,142,0.0506536,0.00002074,104760.0,6158888.0,121588360.0,121588360.0,-1.95,18.1,37.86,1496470458
ZClassic,ZCL,143,4.09191,0.0016753,312755.0,6065131.0,1482225.0,1482225.0,3.86,-3.86,59.57,1496470180
FirstCoin,FRST,144,1.95928,0.00080216,116747.0,6035039.0,3080233.0,110000000.0,0.55,8.62,23.99,1496470183
WorldCoin,WDC,145,0.0513297,0.00002101,392107.0,5882693.0,114606020.0,114606020.0,1.27,2.94,68.09,1496470441
Darcrus,DAR,146,0.424749,0.0001739,43648.1,5786679.0,13623762.0,13623762.0,5.04,32.97,61.97,1496470182
RouletteToken,RLT,147,0.565754,0.00023163,147880.0,5709713.0,10092219.0,10092942.0,-7.48,23.11,29.67,1496470192
SIBCoin,SIB,148,0.388294,0.00015898,31359.0,5691710.0,14658249.0,14658249.0,-1.25,-2.8,39.47,1496470164
FoldingCoin,FLDC,149,0.0112479,0.00000460,447561.0,5508569.0,489741985.0,1000000000.0,0.12,8.91,41.69,1496470456
Rise,RISE,150,0.0512536,0.00002098,291698.0,5503981.0,107387215.0,107387215.0,5.15,92.24,187.99,1496470173
Gambit,GAM,151,4.61628,0.00188999,41449.6,5466490.0,1184176.0,1184176.0,1.89,0.32,26.33,1496470161
Janus,JNS,152,0.253799,0.00010391,7578.01,5360766.0,21122091.0,25201489.0,0.63,8.01,20.08,1496470183
Auroracoin,AUR,153,0.614644,0.00025162,11025.9,5321673.0,8658139.0,8658139.0,1.34,4.26,19.63,1496470450
Vcash,XVC,154,0.327549,0.0001341,216340.0,4995815.0,15252114.0,15252114.0,0.18,7.48,20.14,1496470159
APX,APX,155,5.20959,0.0021329,391335.0,4688631.0,900000.0,1000000.0,0.07,17.56,33.41,1496470192
Bitmark,BTM,156,1.18401,0.00048471,268535.0,4619036.0,3901180.0,3901180.0,10.11,19.95,25.71,1496470455
bitCNY,BITCNY,157,0.152611,0.00006248,581574.0,4583671.0,30035000.0,30035000.0,8.84,10.14,8.82,1496470457
OKCash,OK,158,0.063367,0.00002594,110414.0,4536149.0,71585359.0,71585359.0,1.84,-0.34,153.41,1496470158
Sphere,SPHR,159,1.46415,0.00059945,5350.45,4513887.0,3082940.0,3082940.0,-1.75,0.54,142.36,1496470161
Quark,QRK,160,0.017578,0.00000720,224562.0,4396276.0,250101047.0,250101047.0,7.82,22.26,67.57,1496470458
CloakCoin,CLOAK,161,0.85553,0.00035024,29357.9,4280863.0,5003756.0,5003756.0,2.35,0.12,41.41,1496470454
Ethereum Movie Venture,EMV,162,0.637785,0.00026112,2784.82,4251900.0,6666666.0,6666666.0,-0.74,-5.74,27.48,1496470189
FairCoin,FAIR,163,0.0799744,0.00003274,4107.06,4247123.0,53106026.0,53106026.0,-3.25,-3.44,35.32,1496470450
ICO OpenLedger,ICOO,164,8.93336,0.00365748,10441.9,4214714.0,471795.0,471795.0,-3.66,9.46,67.24,1496470172
Minereum,MNE,165,10.1878,0.00417108,300996.0,4117374.0,404148.0,404148.0,3.84,18.76,371.72,1496470191
SpreadCoin,SPR,166,0.499391,0.00020444,48268.3,4064489.0,8138892.0,8138892.0,-0.03,13.91,58.24,1496470459
NautilusCoin,NAUT,167,0.249744,0.00010224,312298.0,4040858.0,16180000.0,16180000.0,0.41,4.0,31.74,1496470452
Unobtanium,UNO,168,20.2623,0.00829501,87974.7,4006376.0,197726.0,197726.0,-0.61,2.45,10.9,1496470444
LoMoCoin,LMC,169,0.0188979,0.00000774,432118.0,3941458.0,208565902.0,293565902.0,-0.67,-6.58,20.21,1496470175
Circuits of Value,COVAL,170,0.00959985,0.00000393,131417.0,3839940.0,400000000.0,1200000000.0,2.92,17.6,32.58,1496470459
BitSend,BSD,171,0.25067,0.00010262,46976.6,3825939.0,15262850.0,15262850.0,-0.41,28.1,67.21,1496470452
HunterCoin,HUC,172,0.212119,0.00008684,6230880.0,3744371.0,17652220.0,17652220.0,6.45,80.81,139.38,1496470448
ArtByte,ABY,173,0.0048362,0.00000198,123991.0,3738480.0,773020050.0,773020050.0,-3.78,-7.87,57.17,1496470453
Riecoin,RIC,174,0.107175,0.00004388,718845.0,3667354.0,34218375.0,34218375.0,-1.68,4.69,72.16,1496470448
PoSW Coin,POSW,175,0.0872253,0.00003571,78984.9,3576237.0,41000000.0,70000000.0,-1.88,20.19,85.77,1496470183
DubaiCoin,DBIX,176,4.09268,0.00167562,29989.3,3561596.0,870236.0,870236.0,0.25,-11.72,68.2,1496470188
BitBean,BITB,177,0.0018039,0.00000074,208368.0,3535298.0,1959808000.0,1959808000.0,3.42,35.55,51.17,1496470159
Musicoin,MUSIC,178,0.0189577,0.00000776,98165.9,3276989.0,172857942.0,172857942.0,0.52,10.52,43.11,1496470186
Zennies,ZENI,179,0.00322352,0.00000132,5964.75,3225715.0,1000680901.0,1000680901.0,0.18,2.8,19.21,1496470189
Diamond,DMD,180,1.50977,0.00061807,8226.68,3208341.0,2125053.0,2125053.0,-1.45,6.2,18.78,1496470445
Wild Beast Block,WBB,181,1.37011,0.00056095,33889.5,3186376.0,2325635.0,2325635.0,7.98,7.38,-4.05,1496470159
Myriad,XMY,182,0.00200781,0.00000082,181266.0,2984180.0,1486286000.0,1486286000.0,-1.78,29.57,6.75,1496470449
Curecoin,CURE,183,0.125027,0.00005118,17949.9,2964192.0,23708418.0,23708418.0,2.18,6.32,15.63,1496470451
Megacoin,MEC,184,0.0880434,0.00003604,586012.0,2895435.0,32886450.0,32886450.0,-2.56,-1.02,33.01,1496470442
RaiBlocks,XRB,185,0.0366032,0.00001499,40742.3,2754256.0,75246327.0,340282367.0,2.13,7.51,67.46,1496470186
Zetacoin,ZET,186,0.0164492,0.00000673,334880.0,2733201.0,166160123.0,166160123.0,-0.14,-6.68,74.61,1496470445
Cryptonite,XCN,187,0.00826423,0.00000338,973504.0,2711568.0,328108925.0,328108925.0,7.46,13.17,60.76,1496470454
InstantDEX,DEX,188,2.67242,0.00109404,3337.85,2672420.0,1000000.0,1000000.0,1.61,11.69,,1496470456
Atmos,ATMS,189,0.0265727,0.00001088,133406.0,2659241.0,100074191.0,110074191.0,0.5,8.99,37.57,1496470189
Bata,BTA,190,0.532348,0.00021795,63562.7,2635928.0,4951513.0,4951513.0,3.8,31.69,107.11,1496470161
Ethbits,ETB,191,1.89834,0.00077722,3489.42,2557037.0,1346986.0,1634691.0,-0.74,-14.42,,1496470192
Steem Dollars,SBD,192,1.78848,0.00073224,254646.0,2552726.0,1427316.0,1427316.0,-0.43,10.57,39.5,1496470173
ZcCoin,ZCC,193,0.0409303,0.00001676,1904480.0,2523641.0,61657044.0,61657044.0,-0.09,-2.72,54.86,1496470454
Spectrecoin,XSPEC,194,0.118877,0.00004867,152621.0,2424855.0,20398013.0,20398013.0,0.6,7.23,13.57,1496470182
Mintcoin,MINT,195,0.0000981372,0.00000004,10198.5,2389586.0,24349443405.0,24349443405.0,-0.03,-16.96,31.7,1496470447
Adzcoin,ADZ,196,0.0430784,0.00001764,14048.7,2362764.0,54848000.0,54848000.0,-2.28,14.25,32.49,1496470166
Breakout Stake,BRX,197,0.369207,0.00015116,12261.9,2314220.0,6268082.0,6268082.0,0.18,17.89,77.62,1496470173
Veros,VRS,198,0.0268465,0.00001099,70598.2,2295025.0,85486938.0,10000000000.0,-0.29,-7.61,13.86,1496470180
bitUSD,BITUSD,199,1.02971,0.00042155,198733.0,2289725.0,2223660.0,2223660.0,1.81,3.56,3.0,1496470456
Digitalcoin,DGC,200,0.0622988,0.00002550,232108.0,2142443.0,34389793.0,34389793.0,-1.53,-6.49,45.3,1496470441
FUNCoin,FUNC,201,0.365793,0.00014976,33398.3,2113153.0,5776909.0,100000000.0,-0.13,2.82,49.53,1496470191
iCash,ICASH,202,0.00952381,0.00000390,14094.2,2104376.0,220959445.0,220959445.0,-0.07,8.18,20.61,1496470160
BlockPay,BLOCKPAY,203,0.386799,0.00015836,22109.2,2099661.0,5428300.0,98928316.0,-4.53,10.48,86.53,1496470176
Groestlcoin,GRS,204,0.030974,0.00001268,9613.19,2094613.0,67624887.0,67624887.0,-0.93,-1.94,23.52,1496470450
Espers,ESP,205,0.000102321,0.00000004,6524.56,2059661.0,20129410593.0,20129410593.0,0.23,-13.25,-0.43,1496470171
BoostCoin,BOST,206,0.171709,0.00007029,150717.0,2035694.0,11855487.0,11855487.0,-2.08,-8.0,42.26,1496470452
Zeitcoin,ZEIT,207,0.0000557683,0.00000002,10017.1,2025990.0,36328697437.0,36328697437.0,0.38,-16.95,31.28,1496470448
MaxCoin,MAX,208,0.0359789,0.00001473,227252.0,1958788.0,54442678.0,54442678.0,3.2,0.57,89.32,1496470447
Project Decorum,PDC,209,0.0379807,0.00001555,2648.95,1899035.0,50000000.0,50000000.0,0.18,0.33,12.19,1496470172
TransferCoin,TX,210,0.312264,0.00012785,8002.1,1865766.0,5974963.0,5974963.0,1.13,2.23,-8.09,1496470163
GoldCoin,GLD,211,0.0447034,0.00001830,7911.16,1799574.0,40255856.0,40255856.0,1.42,-1.63,6.99,1496470457
Tickets,TIX,212,0.0000267741,0.00000001,34661.2,1790552.0,66876281414.0,66876281414.0,1.87,-3.76,44.75,1496470443
Anoncoin,ANC,213,0.816798,0.00033438,262541.0,1723703.0,2110317.0,2110317.0,2.32,76.97,95.48,1496470445
Qwark,QWARK,214,0.097089,0.00003975,61410.3,1714523.0,17659296.0,250377576.0,11.73,62.97,157.4,1496470171
CryptoCarbon,CCRB,215,0.476106,0.00019493,18517.6,1695942.0,3562111.0,10000150.0,-0.35,8.1,44.98,1496470183
DeepWebCash,DWC,216,1.17677,0.00048179,17210.3,1576857.0,1339988.0,1339988.0,0.62,-8.39,-23.26,1496470180
Sequence,SEQ,217,0.0350253,0.00001434,3850.66,1565720.0,44702554.0,44702554.0,4.48,11.79,53.5,1496470177
Bitswift,SWIFT,218,0.384629,0.00015746,10788.0,1561949.0,4060924.0,4060924.0,-1.76,28.69,136.27,1496470457
Visio,VISIO,219,0.0303789,0.00001244,4594.51,1537276.0,50603400.0,62603400.0,0.45,18.04,15.92,1496470186
vTorrent,VTR,220,0.140345,0.00005746,12153.5,1517967.0,10815966.0,10815966.0,0.14,-5.83,78.36,1496470157
Boolberry,XBB,221,0.157152,0.00006434,9293.81,1498048.0,9532480.0,9532480.0,0.71,9.16,21.16,1496470453
Breakout,BRK,222,0.0833133,0.00003411,6893.98,1492713.0,17916867.0,17916867.0,0.18,13.48,32.1,1496470172
2GIVE,2GIVE,223,0.0029055,0.00000119,15435.3,1490521.0,512999909.0,512999909.0,-0.65,9.38,-12.52,1496470171
Startcoin,START,224,0.0322253,0.00001319,51327.1,1452710.0,45079785.0,70782220.0,-5.48,3.02,-15.24,1496470454
Pangea Poker,PANGEA,225,1.40337,0.00057451,857.741,1402461.0,999352.0,1000000.0,1.48,50.54,115.0,1496470459
Voxels,VOX,226,0.0436414,0.00001787,490445.0,1374704.0,31500000.0,210000000.0,-1.72,14.44,87.34,1496470170
Renos,RNS,227,0.04101,0.00001679,643823.0,1367782.0,33352399.0,33352399.0,0.18,-3.99,187.15,1496470186
EuropeCoin,ERC,228,0.134777,0.00005518,819.546,1327769.0,9851596.0,9851596.0,0.18,6.2,30.85,1496470162
InsaneCoin,INSANE,229,0.0720515,0.00002950,951.977,1321497.0,18341005.0,18341005.0,4.72,-0.07,59.6,1496470179
EB3 Coin,EB3,230,0.273559,0.000112,257807.0,1281001.0,4682722.0,786000000.0,-7.78,-4.91,5.77,1496470188
MediterraneanCoin,MED,231,0.0256485,0.00001050,253932.0,1274900.0,49706598.0,49706598.0,15.35,53.29,124.5,1496470457
Stealthcoin,XST,232,0.047926,0.00001962,3524.02,1254712.0,26180199.0,26180199.0,1.95,5.91,30.86,1496470454
Creativecoin,CREA,233,0.114835,0.00004702,7158.63,1212640.0,10559850.0,12271578.0,1.09,2.32,12.68,1496470191
Dynamic,DYN,234,0.742321,0.00030392,5600.33,1200282.0,1616931.0,4370835.0,5.24,14.59,32.71,1496470187
ChainCoin,CHC,235,0.077844,0.00003187,9386.47,1143390.0,14688227.0,14688227.0,-0.15,-18.43,3.47,1496470163
VeriumReserve,VRM,236,1.01437,0.0004153,101878.0,1130584.0,1114568.0,1114568.0,-5.06,27.91,36.38,1496470177
Inpay,INPAY,237,0.111315,0.00004557,20614.9,1113150.0,10000000.0,10000000.0,0.34,5.76,-10.19,1496470189
TagCoin,TAG,238,0.195228,0.00007992,238780.0,1072384.0,5492984.0,5492984.0,-1.85,-4.72,29.4,1496470443
Yocoin,YOC,239,0.0101293,0.00000415,53197.7,1069845.0,105618830.0,200000000.0,-11.24,-5.52,31.29,1496470166
HTMLCOIN,HTML5,240,0.0000262455,0.00000001,3410.57,1067116.0,40659020000.0,40659020000.0,-1.63,25.33,37.35,1496470457
WhiteCoin,XWC,241,0.00425032,0.00000174,13933.2,1054323.0,248057283.0,248057283.0,0.52,5.14,73.76,1496470450
Ixcoin,IXC,242,0.0501429,0.00002053,1586.86,1052955.0,20999088.0,20999088.0,0.06,-24.93,-1.25,1496470444
SecureCoin,SRC,243,0.130935,0.00005360,183848.0,1019446.0,7785896.0,7785896.0,-2.06,-2.39,28.08,1496470443
PepeCoin,PEPE,244,0.0733505,0.00003003,19505.9,1011042.0,13783708.0,13783708.0,4.92,15.73,58.93,1496470169
DopeCoin,DOPE,245,0.00906246,0.00000371,28824.9,1006709.0,111085648.0,111085648.0,-0.03,8.88,15.21,1496470448
Triggers,TRIG,246,0.0312639,0.00001280,4668.68,1003746.0,32105593.0,100000000.0,0.18,1.33,6.32,1496470178
CannabisCoin,CANN,247,0.0126804,0.00000519,55889.3,979322.0,77231176.0,91859176.0,-0.01,1.26,68.72,1496470456
AudioCoin,ADC,248,0.0012335,0.00000051,1911.69,978411.0,793198644.0,793198644.0,0.25,4.31,2.81,1496470161
Mercury,MER,249,0.00971203,0.00000398,1825.91,971203.0,100000000.0,100000000.0,-1.25,0.63,-5.87,1496470187
LiteDoge,LDOGE,250,0.0000647043,0.00000003,8909.78,955998.0,14774868660.0,14774868660.0,-0.07,-15.46,5.41,1496470159
Woodcoin,LOG,251,0.116678,0.00004777,3296.91,937530.0,8035193.0,8035193.0,0.18,13.8,27.88,1496470159
PutinCoin,PUT,252,0.00465134,0.00000190,4438.8,932210.0,200417616.0,200417616.0,3.03,4.31,45.6,1496470174
DIBCOIN,DIBC,253,0.184309,0.00007546,4091.28,921545.0,5000000.0,5000000000.0,-5.79,0.78,24.11,1496470188
Hacker Gold,HKG,254,0.0568295,0.00002327,2006.42,915574.0,16110893.0,16110893.0,0.18,-0.48,6.47,1496470181
HiCoin,XHI,255,0.00481791,0.00000197,111778.0,914102.0,189729990.0,10189729990.0,-1.36,1.42,5.2,1496470171
Syndicate,SYNX,256,0.0773614,0.00003167,11688.2,871775.0,11268860.0,11268860.0,5.03,-14.85,84.1,1496470174
ArcticCoin,ARC,257,0.0367082,0.00001503,6477.14,857677.0,23364728.0,23364728.0,-3.23,25.3,-15.38,1496470179
Pesetacoin,PTC,258,0.00656883,0.00000269,1794.64,857599.0,130555779.0,130555779.0,1.46,12.14,17.6,1496470447
EverGreenCoin,EGC,259,0.063362,0.00002594,10365.6,844064.0,13321301.0,13321301.0,0.18,-0.54,20.84,1496470167
GeoCoin,GEO,260,0.339238,0.00013889,3671.4,832856.0,2455079.0,2455079.0,0.9,16.99,64.69,1496470159
Joincoin,J,261,0.336631,0.00013781,550.982,824208.0,2448402.0,2448402.0,192.97,-42.97,113.91,1496470455
ShadowCash,SDC,262,0.119944,0.00004910,522.879,799711.0,6667367.0,6667367.0,2.22,-2.42,2.35,1496470454
Centurion,CNT,263,0.0307133,0.00001257,30507.2,793947.0,25850279.0,63389078.0,0.16,-3.87,12.48,1496470185
Hush,HUSH,264,0.720901,0.00029515,33526.2,793631.0,1100888.0,1222363.0,0.99,-1.08,68.72,1496470180
Unitus,UIS,265,0.016874,0.00000691,22769.8,789465.0,46785866.0,46785866.0,0.47,1.7,-0.63,1496470158
BlueCoin,BLU,266,0.00137056,0.00000056,1948.32,787638.0,574683675.0,574683675.0,-1.48,-5.07,213.7,1496470450
e-Gulden,EFL,267,0.0497921,0.00002038,1699.24,764123.0,15346262.0,20385602.0,-0.03,1.62,-29.42,1496470450
Tokes,TKS,268,1.16624,0.00047748,9427.08,755285.0,647624.0,50000000.0,6.06,12.2,34.34,1496470187
ExclusiveCoin,EXCL,269,0.181567,0.00007433,5512.94,742492.0,4089356.0,4089356.0,-0.82,16.27,19.16,1496470456
HempCoin,THC,270,0.00346841,0.00000142,18474.4,734689.0,211823061.0,211823061.0,3.7,12.15,6.87,1496470453
ProCurrency,PROC,271,0.257004,0.00010522,1231.86,723519.0,2815205.0,15000053805.0,0.18,1.21,8.32,1496470191
Fantomcoin,FCN,272,0.119693,0.00004900,3502.37,701898.0,5864153.0,5864153.0,-0.03,-6.68,26.79,1496470453
Altcoin,ALT,273,5.6731,0.00232267,2264.91,693113.0,122175.0,134063.0,-0.93,7.69,89.38,1496470190
Synergy,SNRG,274,0.238133,0.00009750,1016.54,661337.0,2777175.0,2777175.0,0.19,2.43,41.37,1496470161
Ripto Bux,RBX,275,0.00192993,0.00000079,2814.95,660229.0,342100100.0,1000000000.0,-6.86,-10.0,20.45,1496470188
DT Token,DRACO,276,0.00730284,0.00000299,81050.4,649141.0,88888888.0,88888888.0,3.02,22.53,94.68,1496470172
CacheCoin,CACH,277,0.171625,0.00007026,35004.1,618776.0,3605398.0,3605398.0,-0.04,102.07,,1496470447
Tao,XTO,278,0.0200577,0.00000821,764.857,608101.0,30317567.0,32317567.0,-0.72,7.12,17.34,1496470177
ReeCoin,REE,279,0.0488498,0.00002000,5084.51,604160.0,12367704.0,6662367704.0,16.83,37.3,127.11,1496470173
Moin,MOIN,280,0.0842902,0.00003451,1677.24,585874.0,6950680.0,6950680.0,0.69,7.95,54.55,1496470166
Magi,XMG,281,0.0829573,0.00003396,4567.64,585418.0,7056856.0,7056856.0,1.73,0.09,1.82,1496470456
TrustPlus,TRUST,282,0.0181738,0.00000744,1039.06,583135.0,32086595.0,32086595.0,0.06,-2.16,42.21,1496470453
Deutsche eMark,DEM,283,0.0205062,0.00000839,875.959,569937.0,27793416.0,27793416.0,0.05,-5.49,28.63,1496470444
UniBURST,UNIBURST,284,0.560856,0.00022963,11475.1,560855.0,999999.0,1000000.0,-1.16,-2.6,195.68,1496470186
1337,1337,285,0.0000243554,0.000000010,5876.84,556495.0,22848930963.0,22848930963.0,-0.01,9.36,42.37,1496470165
Elcoin,EL,286,0.0461387,0.00001889,2925.11,517167.0,11208967.0,20935289.0,4.82,2.48,-1.11,1496470171
FujiCoin,FJC,287,0.000529817,0.00000022,3530.9,510607.0,963742448.0,963742448.0,-0.81,-12.18,15.83,1496470162
TileCoin,XTC,288,0.00508719,0.00000208,16486.0,508719.0,100000000.0,100000000.0,-1.68,-5.72,18.97,1496470459
Canada eCoin,CDN,289,0.00499741,0.00000205,982.389,486825.0,97415544.0,97415544.0,-6.36,-3.17,19.93,1496470452
IncaKoin,NKA,290,0.0000609925,0.00000002,4460.21,459701.0,7537016663.0,7537016663.0,-0.14,-17.84,190.41,1496470159
NobleCoin,NOBL,291,0.000194516,0.00000008,20012.8,445775.0,2291713216.0,2291713216.0,14.25,0.79,2.0,1496470446
NuShares,NSR,292,0.000163846,0.00000007,1618.19,442756.0,2702268334.0,3317185701.0,0.05,-10.17,-49.51,1496470458
Capricoin,CPC,293,0.447097,0.00018305,40638.3,440385.0,984987.0,200984987.0,0.39,-2.02,30.1,1496470162
Terracoin,TRC,294,0.0215037,0.00000880,7677.39,432384.0,20107420.0,20107420.0,7.81,35.62,30.28,1496470440
TrumpCoin,TRUMP,295,0.0656,0.00002686,1632.43,428996.0,6539567.0,6539567.0,-0.19,0.03,22.56,1496470168
KoreCoin,KORE,296,0.225218,0.00009220,2429.47,412363.0,1830949.0,1830949.0,-6.18,-0.76,6.12,1496470454
I0Coin,I0C,297,0.0194928,0.00000798,904.346,408851.0,20974474.0,20974474.0,0.03,0.44,18.45,1496470443
CasinoCoin,CSC,298,0.0105749,0.00000433,518.116,408204.0,38601187.0,38601187.0,1.82,-10.99,-8.81,1496470443
BitBar,BTB,299,11.9549,0.00489409,940.737,389691.0,32597.0,32597.0,0.05,2.32,16.68,1496470441
iTicoin,ITI,300,11.6565,0.00477238,49436.6,373008.0,32000.0,9999992.0,6.06,4.58,30.79,1496470192
Newbium,NEWB,301,0.0154854,0.00000634,21804.2,371650.0,24000000.0,51000000.0,-8.38,35.22,296.05,1496470172
PostCoin,POST,302,0.0234404,0.00000960,3113.77,369780.0,15775332.0,15775332.0,0.34,-1.29,12.75,1496470170
Jewels,JWL,303,0.0176592,0.00000723,3153.39,356302.0,20176569.0,20176569.0,0.18,6.6,23.53,1496470176
GCoin,GCN,304,0.0000025384,0.000000001,2596.4,352946.0,139042085000,139042085000,-0.53,9.84,78.27,1496470458
SuperCoin,SUPER,305,0.00854949,0.00000350,781.561,351860.0,41155630.0,41155630.0,,1.02,,1496470453
Trollcoin,TROLL,306,0.00063434,0.00000026,1014.67,351291.0,553789388.0,553789388.0,0.05,1.68,2.95,1496470456
Wyvern,WYV,307,0.317572,0.00013002,2221.34,346354.0,1090631.0,1090631.0,1.35,2.13,-1.51,1496470189
Virtacoinplus,XVP,308,0.0383014,0.00001568,1449.02,337888.0,8821820.0,10356414.0,-7.03,-6.07,-21.46,1496470186
Dotcoin,DOT,309,0.00147097,0.00000060,30726.5,331004.0,225024250.0,490024250.0,-0.75,5.9,29.2,1496470158
Bytecent,BYC,310,0.201597,0.00008253,8206.16,327060.0,1622347.0,1622347.0,5.41,24.18,23.03,1496470459
Master Swiscoin,MSCN,311,0.0315641,0.00001292,10845.8,323877.0,10260930.0,1002586917.0,1.33,-8.97,-11.98,1496470185
Atomic Coin,ATOM,312,0.0318946,0.00001306,1253.78,320578.0,10051182.0,10051182.0,0.13,21.81,62.3,1496470178
Influxcoin,INFX,313,0.189292,0.00007750,12615.2,316758.0,1673383.0,1673383.0,4.71,3.98,-8.51,1496470164
Cryptojacks,CJ,314,0.000748259,0.00000031,58992.1,304219.0,406568581.0,406568581.0,-49.2,38.18,139.34,1496470173
MazaCoin,MZC,315,0.000268566,0.00000011,695.578,293440.0,1092618137.0,1092618137.0,-0.06,-25.3,14.01,1496470449
ParkByte,PKB,316,0.0602972,0.00002469,1744.82,287257.0,4764026.0,4764026.0,7.15,-2.38,24.31,1496470161
Asiadigicoin,ADCN,317,0.0109668,0.00000449,1915.59,273414.0,24931054.0,210000000.0,-3.47,-7.01,-22.0,1496470168
Quatloo,QTL,318,0.0366204,0.00001499,5434.19,272416.0,7438911.0,7438911.0,-0.03,-2.45,-0.24,1496470455
8Bit,8BIT,319,0.230323,0.00009430,2709.27,268192.0,1164415.0,1164415.0,0.33,14.63,-15.21,1496470160
Sexcoin,SXC,320,0.00207155,0.00000085,2750.08,253870.0,122550639.0,122550639.0,-4.21,-0.15,14.75,1496470443
Rubies,RBIES,321,0.0238682,0.00000977,2386.3,247599.0,10373576.0,10373576.0,7.3,6.16,2.99,1496470167
Karbowanec,KRB,322,0.069639,0.00002851,5078.06,246838.0,3544536.0,3544536.0,-5.15,-10.98,0.39,1496470175
Torcoin,TOR,323,0.887703,0.00036344,9012.44,233778.0,263352.0,1263352.0,0.2,19.15,32.16,1496470189
Zoin,ZOI,324,0.0215168,0.00000881,771.764,231712.0,10768900.0,10768900.0,0.27,-13.25,3.53,1496470180
UltraCoin,UTC,325,0.00530068,0.00000217,3146.89,228486.0,43105108.0,43105108.0,-0.83,-8.12,38.48,1496470447
PRCoin,PRC,326,0.0233911,0.00000958,21320.1,221776.0,9481200.0,789481200.0,0.32,2.04,-3.7,1496470185
Flycoin,FLY,327,0.976092,0.00039963,16208.4,205766.0,210806.0,210806.0,0.18,33.53,261.2,1496470164
GoldBlocks,GB,328,0.0135252,0.00000554,893.74,201096.0,14868242.0,14868242.0,0.1,6.64,38.46,1496470173
NuBits,USNBT,329,1.0032,0.00041069,79629.9,197401.0,196772.0,838087.0,-0.16,0.71,-2.31,1496470457
LiteBar,LTB,330,0.305135,0.00012492,1681.44,197186.0,646227.0,646227.0,-0.03,-6.55,3.81,1496470449
Zero,ZER,331,0.232036,0.00009500,525.234,173927.0,749570.0,749570.0,0.18,0.64,21.35,1496470187
TEKcoin,TEK,332,0.000121687,0.00000005,1863.39,172072.0,1414054562.0,1414054562.0,15.34,38.25,424.42,1496470451
LanaCoin,LANA,333,0.000229061,0.00000009,736.324,171570.0,749012600.0,749012600.0,27.68,58.01,162.17,1496470171
UnbreakableCoin,UNB,334,0.074292,0.00003041,2358.64,169248.0,2278150.0,2278150.0,-0.02,-1.94,23.67,1496470453
Fastcoin,FST,335,0.00128248,0.00000053,1467.78,162573.0,126764507.0,126764507.0,4.1,-0.05,51.64,1496470442
Netko,NETKO,336,0.0651362,0.00002667,1080.28,160453.0,2463349.0,2463349.0,-5.73,-1.45,-4.34,1496470187
Sumokoin,SUMO,337,0.341949,0.00014,9515.12,159728.0,467111.0,9356000.0,1.05,48.94,,1496470192
Truckcoin,TRK,338,0.00129464,0.00000053,769.974,159453.0,123163633.0,123163633.0,-1.42,16.41,87.12,1496470454
bitBTC,BITBTC,339,2401.49,0.983125,52328.9,152927.0,64.0,64.0,-1.25,-2.79,15.5,1496470456
Pascal Lite,PASL,340,0.0722733,0.00002959,2897.87,143481.0,1985250.0,1985250.0,-0.97,19.23,-11.89,1496470187
BERNcash,BERN,341,0.00194306,0.00000080,937.701,138413.0,71234301.0,71234301.0,-0.04,1.65,10.6,1496470170
TheGCCcoin,GCC,342,0.0195643,0.00000801,2484.01,137802.0,7043538.0,867043538.0,0.14,-7.11,-18.27,1496470185
HoboNickels,HBN,343,0.00268698,0.00000110,676.357,130573.0,48594719.0,48594719.0,26.51,-2.29,97.82,1496470444
Machinecoin,MAC,344,0.00630162,0.00000258,2438.57,123266.0,19560975.0,19560975.0,-0.97,4.19,13.17,1496470158
Phoenixcoin,PXC,345,0.00205137,0.00000084,664.663,118770.0,57898025.0,57898025.0,-0.03,25.12,99.67,1496470442
MojoCoin,MOJO,346,0.00966895,0.00000396,2762.52,116573.0,12056384.0,12056384.0,3.59,1.25,-17.5,1496470169
Rimbit,RBT,347,0.00100151,0.00000041,965.412,115674.0,115499623.0,393459356.0,-0.12,3.26,16.97,1496470458
Piggycoin,PIGGY,348,0.000235088,0.00000010,794.731,113739.0,483814863.0,483814863.0,-36.67,-18.74,-27.43,1496470452
bitEUR,BITEUR,349,1.09443,0.00044808,39836.4,112289.0,102600.0,102600.0,-2.6,-3.79,-1.69,1496470162
Digital Rupees,DRS,350,0.000219824,0.00000009,1131.44,112287.0,510802961.0,510802961.0,0.18,29.91,6.3,1496470183
bitSilver,BITSILVER,351,18.5563,0.0075973,4832.16,104594.0,5637.0,5637.0,-4.77,-9.27,11.61,1496470158
Eryllium,ERY,352,0.023889,0.00000978,4571.26,104031.0,4354782.0,14354782.0,10.16,11.16,-26.84,1496470185
CHNCoin,CNC,353,0.00394908,0.00000162,13153.0,99755.0,25260247.0,170109984.0,-0.02,-7.83,21.09,1496470456
PipCoin,PIP,354,0.0146549,0.00000600,861.112,96329.0,6573177.0,6999979.0,9.29,-31.85,-22.65,1496470179
Freicoin,FRC,355,0.00268698,0.00000110,18023.2,74988.0,27907929.0,100000000.0,0.06,1.03,24.35,1496470442
Greencoin,GREV2,356,0.0000244271,0.00000001,618.754,74767.0,3060828641.0,3060828641.0,-0.03,-49.49,4.1,1496470453
Gapcoin,GAP,357,0.0065431,0.00000268,10132.9,71237.0,10887346.0,10887346.0,-1.93,-1.07,37.81,1496470458
MCAP,MCAP,358,6.6814,0.00273549,74168.5,66847.0,10005.0,100000000.0,1.69,4.1,,1496470192
Chronos,CRX,359,0.000892829,0.00000037,1084.58,65828.0,73729962.0,73729962.0,-0.66,8.07,55.33,1496470174
Kurrent,KURT,360,0.00658961,0.00000270,1913.24,65366.0,9919485.0,21319485.0,-10.07,-5.33,10.02,1496470181
AquariusCoin,ARCO,361,0.0527088,0.00002158,549.978,64462.0,1222979.0,1222979.0,5.57,21.32,46.17,1496470170
Wexcoin,WEX,362,0.375312,0.00015366,3034.0,63044.0,167979.0,10000167979.0,0.08,10.27,21.43,1496470177
CrevaCoin,CREVA,363,0.00170974,0.00000070,11866.1,62219.0,36390750.0,6240390800.0,0.18,-3.48,1.2,1496470162
PonziCoin,PONZI,364,0.0683897,0.00002800,772.676,58890.0,861099.0,861099.0,-9.22,-9.57,63.02,1496470171
Acoin,ACOIN,365,0.0442619,0.00001812,11190.2,54003.0,1220085.0,1220085.0,-1.27,3.54,-13.8,1496470458
PetroDollar,XPD,366,0.000838172,0.00000034,1944.36,53637.0,63993275.0,63993275.0,1.86,-23.92,-7.15,1496470451
Philosopher Stones,PHS,367,0.0197615,0.00000809,2373.2,48005.0,2429219.0,2429219.0,0.22,1.2,25.2,1496470445
LevoPlus,LVPS,368,0.0975939,0.00003996,3390.07,40410.0,414067.0,91414067.0,3.53,105.12,-14.84,1496470186
Bolivarcoin,BOLI,369,0.00617149,0.00000253,702.158,40061.0,6491275.0,6491275.0,17.11,2.36,65.15,1496470164
Allion,ALL,370,0.00610693,0.00000250,807.274,37859.0,6199359.0,7323359.0,0.17,-4.83,0.37,1496470185
Independent Money System,IMS,371,0.00670356,0.00000274,820.048,35991.0,5368934.0,5368934.0,-0.72,-2.04,15.54,1496470169
SixEleven,611,372,0.0802113,0.00003284,3701.14,33059.0,412148.0,412148.0,0.18,14.7,-57.56,1496470171
Marijuanacoin,MAR,373,0.0600852,0.00002460,11824.7,31406.0,522690.0,522690.0,3.78,59.09,30.93,1496470185
Rawcoin,XRC,374,0.0444533,0.00001820,1527.06,31334.0,704882.0,704882.0,-3.49,-5.22,173.29,1496470180
BeaverCoin,BVC,375,0.009551,0.00000391,597.31,29754.0,3115258.0,3115258.0,0.61,7.64,10.01,1496470457
Eurocoin,EUC,376,0.00173417,0.00000071,1514.28,20342.0,11730350.0,11730350.0,5.77,17.84,-4.07,1496470164
Bitvolt,VOLT,377,0.000806022,0.00000033,985.216,12181.0,15112554.0,60132654.0,-2.77,17.84,6.66,1496470191
BenjiRolls,BENJI,378,0.000561773,0.00000023,5246.59,10646.0,18950686.0,18950686.0,0.15,24.76,31.61,1496470184
AllSafe,ASAFE,379,0.0000132005,0.000000005,847.679,9372.0,710000000.0,710000000.0,3.68,-29.91,158.44,1496470178
Beatcoin,XBTS,380,0.00597351,0.00000245,1234.72,9108.0,1524686.0,2524686.0,3.31,-10.17,29.34,1496470177
Ebittree Coin,EBT,381,0.010405,0.00000426,1113.78,9086.0,873210.0,810873210.0,0.42,-12.16,9.3,1496470189
Argus,ARGUS,382,0.0062158,0.00000254,807.517,7138.0,1148324.0,5194373.0,-3.87,11.6,34.31,1496470185
Digital Money Bits,DMB,383,0.016287,0.00000667,10004.1,5173.0,317600.0,10317600.0,-0.61,10.73,181.54,1496470193
Environ,ENV,384,0.0000244118,0.000000010,3294.4,3201.0,131129509.0,931129509.0,0.14,1.0,,1496470192
Gold Pressed Latinum,GPL,385,0.181037,0.00007412,6765.49,,,204187.0,-0.03,-7.03,-4.75,1496470191
SnakeEyes,SNAKE,386,0.142147,0.00005820,2174.13,,,10000000.0,-1.13,-1.57,70.32,1496470191
Arcade Token,ARC,387,3.74133,0.00167261,,10773690.0,2879642.0,2879642.0,,,59.26,1496180681
Scotcoin,SCOT,388,0.00774289,0.00000321,,7742890.0,1000000000.0,1000000000.0,,3.53,100.62,1496426352
MUSE,MUSE,389,0.00487253,0.00000199,387.914,6698951.0,1374840478.0,1524840478.0,3.17,66.87,243.2,1496470161
Jinn,JINN,390,56.0427,0.0228523,,3289875.0,58703.0,1000000.0,,15.3,-17.15,1496444660
XCurrency,XC,391,0.515168,0.0002109,437.245,2991545.0,5806931.0,5806931.0,-0.04,18.36,23.37,1496470452
AsiaCoin,AC,392,0.00299632,0.00000123,9.40672,2518636.0,840576276.0,840576276.0,0.04,6.55,24.67,1496470450
Bitpark Coin,BPC,393,0.0184652,0.00000756,71.911,1384890.0,75000000.0,100000000.0,0.18,-10.03,27.79,1496470182
NewYorkCoin,NYC,394,0.0000186377,0.000000008,136.996,1113042.0,59719935819.0,59719935819.0,0.19,-22.92,-10.53,1496470450
Devcoin,DVC,395,0.0000609538,0.00000002,6.06679,853702.0,14005727500.0,14005727500.0,-0.35,28.76,122.81,1496470447
GlobalCoin,GLC,396,0.0130929,0.00000536,1.87305,853278.0,65171010.0,65171010.0,0.06,6.01,-45.4,1496470442
Pandacoin,PND,397,0.0000244271,0.00000001,243.642,794245.0,32514916898.0,32514916898.0,-0.03,1.02,16.49,1496470449
Carboncoin,CARBON,398,0.0000488542,0.00000002,21.6374,751961.0,15391934277.0,15391934277.0,0.06,1.02,16.44,1496470454
DubaiCoin,DBIC,399,0.143856,0.00005890,311.956,737839.0,5129014.0,6146942.0,0.5,-11.08,-0.11,1496470168
Version,V,400,0.00166089,0.00000068,401.778,726650.0,437506271.0,437506271.0,0.18,28.24,,1496470193
Ultimate Secure Cash,USC,401,0.0678065,0.00002776,14.416,701330.0,10343113.0,38602656.0,0.18,-6.51,2.9,1496470189
CageCoin,CAGE,402,0.0000065669,0.000000003,494.116,664364.0,101168328395,101168328395,0.71,14.1,-34.37,1496470448
Cryptofund,FUND,403,0.5588,0.0002553,,558800.0,1000000.0,1000000.0,,,4.88,1495948164
BTSR,BTSR,404,0.163276,0.00006685,104.927,540577.0,3310819.0,3310819.0,-4.84,-0.91,61.79,1496470169
E-Currency Coin ,ECC,405,0.0000244271,0.00000001,5.39839,538877.0,22060603799.0,22060603799.0,-0.03,1.02,16.37,1496470449
Colossuscoin V2,CV2,406,0.0000209004,0.000000009,164.775,463822.0,22191995273.0,22191995273.0,-0.77,9.19,11.54,1496470160
SmileyCoin,SMLY,407,0.0000175552,0.000000007,134.59,455737.0,25960250000.0,25960250000.0,-2.87,-21.33,64.81,1496470158
PayCoin,XPY,408,0.0383043,0.00001568,118.972,448278.0,11703075.0,11753075.0,-0.03,416.76,74.33,1496470459
Happycoin,HPC,409,0.0367106,0.00001503,76.2933,417263.0,11366271.0,11366271.0,0.18,-15.0,119.7,1496470189
Dashcoin,DSH,410,0.0239875,0.00000982,314.221,414782.0,17291579.0,17291579.0,0.07,-0.31,15.73,1496470457
BitcoinTX,BTX,411,0.00483613,0.00000198,105.099,392035.0,81063722.0,81063722.0,0.18,83.54,16.89,1496470161
Orbitcoin,ORB,412,0.132,0.00005404,263.091,390203.0,2956086.0,2956086.0,0.73,4.56,25.71,1496470445
FuelCoin,FC2,413,0.0037862,0.00000155,164.188,383971.0,101413372.0,101413372.0,0.06,5.09,,1496470452
YashCoin,YASH,414,0.037883,0.00001551,221.423,378834.0,10000117.0,10000117.0,0.18,-15.34,12.44,1496470182
LTBcoin,LTBC,415,0.000742106,0.00000032,,366499.0,493863915.0,493863915.0,,,,1496287754
TeslaCoin,TES,416,0.00503821,0.00000206,412.454,361613.0,71774059.0,71774059.0,-0.05,-4.56,14.3,1496470446
Mineum,MNM,417,0.0380548,0.00001558,143.112,359099.0,9436367.0,9586367.0,0.18,-2.2,-2.72,1496470173
RussiaCoin,RC,418,0.0431344,0.00001766,4.31387,354411.0,8216446.0,8216446.0,0.18,0.94,20.66,1496470166
Casino,CASINO,419,0.312972,0.00012814,3.44269,312972.0,1000000.0,1000000.0,-0.74,-49.58,-31.25,1496470186
Shorty,SHORTY,420,0.00285771,0.00000117,0.285771,285771.0,100000000.0,100000000.0,0.18,,14.72,1496470181
Rare Pepe Party,RAREPEPEPRTY,421,15.6421,0.00640416,33.7599,281558.0,18000.0,100000.0,1.38,,28.51,1496470179
SmartCoin,SMC,422,0.0121928,0.00000499,235.347,279155.0,22895030.0,22895030.0,1.07,17.07,4.46,1496470447
HitCoin,HTC,423,0.0000244249,0.00000001,9.75521,268584.0,10996318099.0,20996318099.0,0.18,-49.48,-41.85,1496470170
HOdlcoin,HODL,424,0.00288214,0.00000118,318.708,267731.0,92893030.0,250000000.0,0.18,-8.29,26.2,1496470169
Kobocoin,KOBO,425,0.0106248,0.00000435,1.02172,262435.0,24700248.0,24700248.0,0.18,44.42,-37.49,1496470158
MTMGaming,MTM,426,0.0872831,0.00003574,445.929,261849.0,3000000.0,5000000.0,-1.13,-5.45,194.96,1496470186
Crypto Bullion,CBX,427,0.260683,0.00010672,307.908,259610.0,995884.0,995884.0,-0.03,-16.95,-29.78,1496470446
SwagBucks,BUCKS,428,1.20208,0.00049215,5.27819,247406.0,205815.0,205815.0,7.41,4.89,4.93,1496470167
KibiCoin,KIC,429,0.0164954,0.00000675,425.556,241831.0,14660500.0,14660500.0,39.41,-12.16,,1496470193
BTCtalkcoin,TALK,430,0.00357833,0.00000161,,233631.0,65290635.0,65290635.0,,,-20.68,1496191750
AgrolifeCoin,AGLC,431,0.0472658,0.00001990,,216918.0,4589315.0,204589315.0,,,,1496301878
VirtualCoin,VC,432,0.0213734,0.00000888,,215108.0,10064287.0,10064287.0,,-0.46,7.63,1496433855
Vault Coin,VLTC,433,0.00692364,0.00000283,30.7209,205826.0,29727990.0,529727990.0,0.04,43.31,20.04,1496470182
Neutron,NTRN,434,0.0160318,0.00000656,169.9,202284.0,12617684.0,12617684.0,-0.83,-19.3,141.72,1496470161
BritCoin,BRIT,435,0.00933116,0.00000382,6.40401,198456.0,21268092.0,21268092.0,-0.03,-3.28,9.0,1496470453
42-coin,42,436,4662.63,1.90879,257.678,195830.0,42.0,42.0,-0.01,4.79,38.62,1496470447
The Cypherfunks,FUNK,437,0.0000044231,0.000000002,152.206,195348.0,44165870000.0,44165870000.0,-10.73,-11.94,0.35,1496470161
Coin(O),CNO,438,0.00188004,0.00000077,433.85,193874.0,103122486.0,103122486.0,-0.03,45.5,142.24,1496470449
Pesobit,PSB,439,0.0058864,0.00000241,450.571,192332.0,32673924.0,32673924.0,-1.45,-1.55,22.38,1496470177
NetCoin,NET,440,0.000243479,0.00000010,31.2541,191649.0,787126712.0,787126712.0,-0.03,12.53,17.08,1496470444
BillaryCoin,BLRY,441,0.0198086,0.00000811,11.2582,177944.0,8983158.0,8983158.0,0.18,-2.22,-1.57,1496470172
Bitz,BITZ,442,0.0892373,0.00003720,,177662.0,1990891.0,1990891.0,,,14.22,1496351362
Veltor,VLT,443,0.312639,0.000128,362.916,173469.0,554855.0,554855.0,0.18,-17.48,-39.65,1496470176
Tristar Coin,TSTR,444,0.0343849,0.00001500,,172882.0,5027857.0,255027857.0,,,-8.99,1496271895
Tattoocoin (Standard Edition),TSE,445,0.0014749,0.00000060,283.736,168724.0,114396649.0,604396649.0,0.26,10.91,47.73,1496470183
Bitstar,BITS,446,0.00727928,0.00000298,310.99,168004.0,23079737.0,23079737.0,-0.03,-46.92,42.57,1496470450
DigitalPrice,DP,447,0.00720524,0.00000295,412.633,163287.0,22662318.0,22662318.0,-0.04,33.67,101.58,1496470458
Titcoin,TIT,448,0.00304412,0.00000125,115.18,151896.0,49898202.0,49898202.0,1.02,1.05,-27.06,1496470455
LottoCoin,LOT,449,0.0000103079,0.000000004,11.1413,149372.0,14491014421.0,14491014421.0,-0.84,2.04,34.4,1496470445
Crave,CRAVE,450,0.114064,0.00004670,265.715,142545.0,1249695.0,1249695.0,0.18,,157.76,1496470160
GAIA,GAIA,451,0.00586251,0.00000240,58.6251,141295.0,24101381.0,24101381.0,0.06,,52.12,1496470457
Stress,STS,452,0.000244249,0.00000010,2.44249,138033.0,565134332.0,565134332.0,0.18,1.05,5.72,1496470168
Bottlecaps,CAP,453,0.000977287,0.00000040,476.948,135903.0,139061003.0,139061003.0,0.07,-64.48,44.91,1496470444
Bitcurrency,BTCR,454,0.000748803,0.00000031,110.453,126063.0,168352391.0,168352391.0,0.18,5.04,78.92,1496470180
PureVidz,VIDZ,455,0.00098339,0.00000040,13.602,123106.0,125185334.0,125185334.0,-12.25,0.1,8.79,1496470183
Dollarcoin,DLC,456,0.0135161,0.00000553,5.83455,123087.0,9106714.0,9106714.0,1.11,26.18,96.0,1496470176
CorgiCoin,CORG,457,0.0000976095,0.00000004,25.6201,122193.0,1251855418.0,1251855418.0,33.64,40.3,-38.8,1496470448
C-Bit,XCT,458,0.000903721,0.00000037,85.1681,119113.0,131803250.0,131803250.0,2.96,13.29,13.47,1496470168
MetalCoin,METAL,459,0.00154592,0.00000064,,118921.0,76925527.0,76925527.0,,-0.11,-13.36,1496430259
HealthyWormCoin,WORM,460,0.00732747,0.00000300,442.009,118742.0,16205113.0,16205113.0,23.28,333.0,112.85,1496470188
TittieCoin,TTC,461,0.0000931328,0.00000004,404.223,117330.0,1259816434.0,1259816434.0,0.06,29.8,37.93,1496470458
Universal Currency,UNIT,462,0.00874411,0.00000358,8.06908,114079.0,13046431.0,13046431.0,0.18,229.46,33.44,1496470161
QuazarCoin,QCN,463,0.0195417,0.00000800,102.765,111672.0,5714529.0,5714529.0,0.06,12.25,33.65,1496470452
RedCoin,RED,464,0.00146214,0.00000060,157.623,108356.0,74107896.0,74107896.0,-17.63,149.36,65.68,1496470448
Emerald Crypto,EMD,465,0.00561845,0.00000230,424.929,107409.0,19117129.0,19117129.0,0.93,32.88,104.98,1496470442
HyperStake,HYP,466,0.000276391,0.00000011,326.973,106631.0,385796097.0,385796097.0,-6.81,4.65,37.27,1496470455
Pakcoin,PAK,467,0.00288791,0.00000118,236.781,105877.0,36662000.0,36662000.0,1.69,6.26,11.92,1496470165
Swing,SWING,468,0.0460898,0.00001887,48.9809,105085.0,2280000.0,2280000.0,0.21,6.0,2.15,1496470165
Xiaomicoin,MI,469,0.000248448,0.00000010,307.805,100905.0,406141855.0,406141855.0,0.16,11.69,-2.26,1496470164
BigUp,BIGUP,470,0.0000488498,0.00000002,212.966,100376.0,2054798232.0,2054798232.0,0.18,1.04,28.61,1496470169
FlutterCoin,FLT,471,0.000309017,0.00000013,69.3025,99570.0,322214524.0,322214524.0,-0.18,9.8,3.94,1496470449
Sterlingcoin,SLG,472,0.0253724,0.00001039,345.763,98474.0,3881156.0,3881156.0,-0.03,-1.49,16.32,1496470457
Coin2.1,C2,473,0.000984796,0.00000040,355.594,98456.0,99976323.0,99976323.0,0.06,0.34,2.29,1496470452
GlobalBoost-Y,BSTY,474,0.00852966,0.00000349,432.19,97225.0,11398430.0,11398430.0,-0.04,15.34,22.37,1496470457
Cannacoin,CCN,475,0.0195661,0.00000801,47.972,91915.0,4697675.0,4697675.0,-0.03,-32.39,-1.79,1496470451
BunnyCoin,BUN,476,0.0000008776,0.0000000004,20.8653,88998.0,101414238951,101414238951,-0.85,2.65,30.53,1496470456
WayGuide,WAY,477,0.000883361,0.00000036,,88372.0,100040708.0,100040708.0,0.61,1.4,16.9,1496468977
NoLimitCoin,NLC2,478,0.000439648,0.00000018,71.0256,88131.0,200458948.0,200458948.0,0.18,29.9,0.17,1496470176
bitGold,BITGOLD,479,1498.11,0.6133,97.9469,83917.0,56.0,56.0,1.03,-21.21,27.77,1496470459
Triangles,TRI,480,1.10945,0.00045419,0.155349,80869.0,72891.0,72891.0,9.38,10.51,2.39,1496470454
AmberCoin,AMBER,481,0.00180744,0.00000074,2.7829,78883.0,43643263.0,43643263.0,0.18,,27.32,1496470158
GameUnits,UNITS,482,0.0225194,0.00000922,17.8434,78062.0,3466431.0,3466431.0,0.18,2.84,-13.82,1496470182
UFO Coin,UFO,483,0.0000229521,0.00000001,,75457.0,3287596262.0,3287596262.0,,,5.64,1496273048
KushCoin,KUSH,484,0.0139466,0.00000571,83.6797,75228.0,5394012.0,5394012.0,0.18,41.4,34.86,1496470184
Elementrem,ELE,485,0.00287468,0.00000118,3.16757,71931.0,25022288.0,25022288.0,-0.37,-13.01,18.82,1496470174
KiloCoin,KLC,486,0.000366373,0.00000015,261.485,71918.0,196297971.0,10025186872.0,0.18,-10.85,25.99,1496470169
Valorbit,VAL,487,0.0000244249,0.00000001,6.59475,70160.0,2872476490.0,922340072476490,0.18,1.05,16.3,1496470169
SproutsExtreme,SPEX,488,0.0000244249,0.00000001,22.2267,70017.0,2866607586.0,2866607586.0,0.18,1.04,16.3,1496470168
Darsek,KED,489,0.00705879,0.00000289,57.6372,69629.0,9864206.0,9864206.0,0.18,-8.74,-2.29,1496470188
ChessCoin,CHESS,490,0.00125667,0.00000051,108.271,67820.0,53967652.0,53967652.0,-6.44,7.59,28.41,1496470173
Guncoin,GUN,491,0.000366407,0.00000015,23.8143,66742.0,182152528.0,182152528.0,-11.79,-10.84,57.47,1496470451
Blakecoin,BLC,492,0.00547111,0.00000224,195.874,65165.0,11910789.0,11910789.0,-0.03,-6.5,16.93,1496470448
Zayedcoin,ZYD,493,0.0102585,0.00000420,88.6722,64052.0,6243840.0,6243840.0,0.18,26.7,22.42,1496470176
Nyancoin,NYAN,494,0.000213144,0.00000009,18.2129,63494.0,297891209.0,297891209.0,4.92,24.92,20.41,1496470447
CCMiner,CCM100,495,0.026059,0.00001067,60.561,62968.0,2416354.0,6000000.0,-1.51,-2.02,65.55,1496470184
Yacoin,YAC,496,0.000537396,0.00000022,86.6651,62405.0,116124721.0,116124721.0,-0.03,-3.37,9.52,1496470445
Ratecoin,XRA,497,0.000586194,0.00000024,214.634,62204.0,106115128.0,106115128.0,0.17,1.96,0.98,1496470162
Spots,SPT,498,0.00275957,0.00000113,468.896,61831.0,22406021.0,22406021.0,0.78,-25.04,114.29,1496470443
Bitcloud,BTD,499,0.00540268,0.00000222,,60183.0,11139438.0,11139438.0,,0.69,-13.63,1496440775
Evotion,EVO,500,0.0242064,0.00000991,249.107,59771.0,2469220.0,2469220.0,0.53,40.78,-16.22,1496470166
DigiCube,CUBE,501,0.0000237817,0.000000010,12.8373,57769.0,2429126009.0,2429126009.0,-0.01,22.17,13.29,1496470166
RevolverCoin,XRE,502,0.00256461,0.00000105,24.4179,55897.0,21795416.0,21795416.0,3.13,-1.75,20.9,1496470172
MiloCoin,MILO,503,0.00542855,0.00000222,33.5202,55879.0,10293618.0,10293618.0,0.18,14.96,54.18,1496470187
MarteXcoin,MXT,504,0.0198603,0.00000813,0.113727,54182.0,2728161.0,2728161.0,-2.37,13.39,-15.35,1496470171
Tigercoin,TGC,505,0.00119693,0.00000049,12.6993,52111.0,43536800.0,43536800.0,13.92,12.5,84.01,1496470446
Debitcoin,DBTC,506,0.00289005,0.00000118,21.7916,51998.0,17992115.0,25992115.0,0.18,-18.66,37.77,1496470172
808Coin,808,507,0.000243256,0.00000010,482.691,50693.0,208392749.0,208392749.0,0.18,25.54,80.29,1496470175
Argentum,ARG,508,0.00666859,0.00000273,427.708,50076.0,7509265.0,7509265.0,-3.72,-3.24,5.7,1496470442
Lex4All,LEX,509,0.0498635,0.00002042,41.8355,49866.0,1000043.0,5000000.0,-1.13,15.44,-14.19,1496470187
SatoshiMadness,MAD,510,0.0000244249,0.00000001,14.8993,48866.0,2000683485.0,2000683485.0,0.18,1.05,16.21,1496470163
Eternity,ENT,511,0.0157359,0.00000644,274.499,48348.0,3072477.0,3072477.0,0.25,-4.08,-17.91,1496470181
AurumCoin,AU,512,0.162685,0.00006660,97.8877,48190.0,296216.0,296216.0,0.22,0.86,3.17,1496470457
Aricoin,ARI,513,0.00034198,0.00000014,45.1088,47967.0,140262505.0,140262505.0,0.06,-9.93,25.92,1496470447
CoExistCoin,COXST,514,0.00176673,0.00000072,56.0602,47947.0,27138905.0,27138905.0,0.21,28.54,33.49,1496470170
Artex Coin,ATX,515,0.00255947,0.00000105,289.806,47859.0,18698980.0,268698980.0,0.22,-31.82,-3.59,1496470175
PayCon,CON,516,0.00204837,0.00000084,128.098,47200.0,23042604.0,23042604.0,0.19,62.9,64.84,1496470159
ICOBID,ICOB,517,0.000451557,0.00000018,71.3636,46900.0,103862796.0,103862796.0,0.2,9.54,33.55,1496470182
Prime-XI,PXI,518,0.00316664,0.00000130,308.395,46884.0,14805580.0,14805580.0,1.64,-3.94,89.39,1496470457
NevaCoin,NEVA,519,0.0248484,0.00001017,119.938,45131.0,1816260.0,1816260.0,-0.57,-17.02,14.12,1496470169
Joulecoin,XJO,520,0.00136602,0.00000056,8.78077,44079.0,32268136.0,32268136.0,-0.64,2.64,30.41,1496470445
Jin Coin,JIN,521,0.00437206,0.00000179,66.562,43058.0,9848485.0,9848485.0,0.18,-27.66,,1496470177
Sativacoin,STV,522,0.00594773,0.00000243,0.869649,42091.0,7076900.0,7076900.0,0.06,,16.39,1496470458
UniCoin,UNIC,523,0.0142075,0.00000582,107.905,41374.0,2912143.0,2912143.0,0.39,0.67,24.15,1496470162
AmsterdamCoin,AMS,524,0.00427436,0.00000175,78.424,41050.0,9603707.0,16803707.0,0.18,-5.68,30.19,1496470163
UCoin,U,525,0.0151937,0.00000622,168.523,40868.0,2689812.0,2689812.0,-0.03,1.34,15.65,1496470459
Francs,FRN,526,0.0232867,0.00000953,222.288,39916.0,1714100.0,1714100.0,0.17,-15.5,23.0,1496470167
MACRON,MCRN,527,0.0000980468,0.00000004,227.418,39358.0,401421401.0,401421401.0,0.18,11.47,101.14,1496470190
Franko,FRK,528,0.0607747,0.00002488,6.48569,38710.0,636950.0,636950.0,0.06,5.98,-20.9,1496470441
BurstOcean,OCEAN,529,0.1808,0.00007402,0.862418,38298.0,211827.0,1000000.0,-1.13,-12.61,84.62,1496470186
SpaceCoin,SPACE,530,0.00209338,0.00000086,54.0078,37275.0,17806331.0,17806331.0,4.71,2.89,17.75,1496470164
OctoCoin,888,531,0.000757224,0.00000031,27.7973,36642.0,48390428.0,48390428.0,-0.03,-1.47,43.44,1496470450
WMCoin,WMC,532,0.00311404,0.00000128,,35897.0,11527489.0,911527489.0,,0.64,48.27,1496438372
FlavorCoin,FLVR,533,0.00170974,0.00000070,197.061,35730.0,20898106.0,20898106.0,0.18,15.27,62.49,1496470167
Cypher,CYP,534,0.00559142,0.00000226,,35591.0,6365285.0,6365285.0,,2.36,-10.96,1496459661
Dobbscoin,BOB,535,0.00691287,0.00000283,4.20924,34982.0,5060382.0,5060382.0,-0.03,4.35,19.48,1496470455
GoldPieces,GP,536,0.0279398,0.00001144,345.837,34091.0,1220161.0,1220161.0,-2.27,20.8,-3.65,1496470459
PopularCoin,POP,537,0.0000101147,0.000000004,9.06522,33812.0,3342838446.0,3342838446.0,-2.9,-2.84,24.3,1496470450
HempCoin,HMP,538,0.0000244249,0.00000001,168.737,33135.0,1356621890.0,2856621890.0,-49.91,-49.47,-41.85,1496470168
Evil Coin,EVIL,539,0.00156302,0.00000064,4.61056,32855.0,21020383.0,21020383.0,0.2,3.05,20.99,1496470167
Creatio,XCRE,540,0.00158907,0.00000065,252.395,32609.0,20520514.0,20520514.0,0.18,24.6,40.19,1496470180
PlatinumBAR,XPTX,541,0.185141,0.00007580,10.4522,32431.0,175169.0,175169.0,0.18,,52.65,1496470172
CryptoWorldX Token,CWXT,542,0.000583463,0.00000024,1.12201,31923.0,54713020.0,54713020.0,0.18,0.56,35.31,1496470185
Uro,URO,543,0.026308,0.00001077,1.7525,31762.0,1207310.0,1207310.0,0.06,1.03,6.39,1496470452
RonPaulCoin,RPC,544,0.0393765,0.00001612,20.4259,31092.0,789607.0,789607.0,-0.03,1.06,62.2,1496470446
Zurcoin,ZUR,545,0.000390798,0.00000016,62.8979,30878.0,79012752.0,79012752.0,0.18,7.78,38.36,1496470171
Solarflarecoin,SFC,546,0.00222266,0.00000091,168.426,30510.0,13726900.0,13726900.0,-0.64,1.04,-14.97,1496470183
Universe,UNI,547,0.0101852,0.00000417,96.9867,30476.0,2992162.0,14192162.0,0.42,-6.2,6.33,1496470188
Grantcoin,GRT,548,0.000732747,0.00000030,5.01351,30288.0,41334996.0,10041334996.0,0.18,21.25,39.56,1496470163
Dreamcoin,DRM,549,0.0120275,0.00000503,,29311.0,2436996.0,2436996.0,,,7.91,1496330352
Hexx,HXX,550,0.0210995,0.00000864,64.6101,28575.0,1354286.0,1354286.0,1.45,-0.46,-30.87,1496470162
BumbaCoin,BUMBA,551,0.00129452,0.00000053,6.06498,28411.0,21947188.0,21947188.0,0.18,7.12,-16.93,1496470169
LeaCoin,LEA,552,0.000102556,0.00000004,78.6584,28337.0,276308289.0,276308289.0,-1.36,30.63,1.37,1496470160
NeuCoin,NEU,553,0.0000139590,0.000000006,0.757242,27789.0,1990764588.0,2014638413.0,-2.37,-4.48,,1496470164
Bitzeny,ZNY,554,0.000366373,0.00000015,28.6099,27703.0,75614500.0,75614500.0,0.18,-5.28,16.3,1496470163
ParallelCoin,DUO,555,0.0956412,0.00003916,302.959,27496.0,287489.0,287489.0,-1.07,26.94,26.35,1496470165
Unrealcoin,URC,556,0.00390798,0.00000160,4.93388,27451.0,7024402.0,7024402.0,0.18,2.32,12.09,1496470160
Honey,HONEY,557,0.391332,0.00016022,291.957,26730.0,68306.0,68306.0,-3.98,-1.58,-22.85,1496470187
PX,PX,558,0.000341949,0.00000014,10.8724,26285.0,76868218.0,76868218.0,0.18,-41.06,-14.31,1496470175
Firecoin,FIRE,559,0.254164,0.00010405,0.76237,25013.0,98412.0,98412.0,0.06,74.95,0.97,1496470454
SoonCoin,SOON,560,0.0019786,0.00000081,5.27206,24659.0,12462620.0,12462620.0,-0.03,-0.75,6.36,1496470459
CryptoEscudo,CESC,561,0.00017099,0.00000007,110.108,24641.0,144105100.0,594105100.0,-0.03,-8.76,16.49,1496470451
PIECoin,PIE,562,0.000339818,0.00000014,280.012,24491.0,72070849.0,72070849.0,-6.5,-0.83,4.4,1496470185
BitQuark,BTQ,563,0.0034198,0.00000140,33.5363,24471.0,7155671.0,7155671.0,2.16,72.47,10.19,1496470452
Photon,PHO,564,0.0000013515,0.0000000006,33.6728,24123.0,17848814227.0,17848814227.0,-0.34,-31.18,34.33,1496470450
Cannation,CNNC,565,0.00976996,0.00000400,104.27,23985.0,2454993.0,2454993.0,-0.99,94.54,-3.24,1496470192
GanjaCoin,420G,566,0.0345434,0.00001414,0.000145221,23247.0,672975.0,1741116.0,0.13,490.29,19.1,1496470457
ARbit,ARB,567,0.00357811,0.00000149,,23171.0,6475630.0,6475630.0,,,2.56,1496362165
AntiBitcoin,ANTI,568,0.00129452,0.00000053,209.511,22609.0,17465159.0,17465159.0,0.18,-7.59,12.07,1496470166
Ride My Car,RIDE,569,0.000221482,0.00000009,90.6504,22392.0,101099368.0,101099368.0,0.18,3.15,-7.29,1496470185
BiosCrypto,BIOS,570,0.0010627,0.00000043,,22037.0,20737003.0,20737003.0,,1.45,49.1,1496452465
Theresa May Coin,MAY,571,0.00141664,0.00000058,15.5897,21670.0,15297000.0,15297000.0,0.18,-11.66,,1496470192
X-Coin,XCO,572,0.00168532,0.00000069,4.35315,20873.0,12384976.0,12384976.0,0.18,-22.53,-8.77,1496470159
Flaxscript,FLAX,573,0.00368816,0.00000151,6.8671,20273.0,5496841.0,5496841.0,0.18,1.06,15.19,1496470162
Prototanium,PR,574,0.103781,0.00004249,46.0882,20181.0,194462.0,194462.0,0.18,37.94,15.05,1496470165
MindCoin,MND,575,0.00158762,0.00000065,21.8426,19919.0,12546625.0,12546625.0,0.18,-1.97,7.99,1496470166
Kittehcoin,MEOW,576,0.0000008167,0.0000000003,4.26905,19523.0,23905669976.0,23905669976.0,-0.41,-17.8,82.16,1496470446
Destiny,DES,577,0.0118461,0.00000485,205.061,18954.0,1600000.0,1600000.0,0.18,-23.42,16.29,1496470168
B3Coin,B3,578,0.0614435,0.00002516,95.7952,18894.0,307505.0,307505.0,0.18,,44.61,1496470176
Halcyon,HAL,579,0.0040549,0.00000166,11.6542,18864.0,4652224.0,4652224.0,0.06,10.36,2.26,1496470455
IslaCoin,ISL,580,0.0124578,0.00000510,302.692,18857.0,1513704.0,1513704.0,0.2,-0.71,-22.25,1496470164
Magnum,MGM,581,0.00516496,0.00000225,,18736.0,3627520.0,253627520.0,,,82.26,1496272491
Sprouts,SPRTS,582,0.0000001064,0.00000000004,69.5222,18684.0,175610503601,175610503601,3.42,32.46,68.43,1496470162
Alexium,AUM,583,0.000912034,0.00000037,,18512.0,20297336.0,20297336.0,,1.98,17.37,1496454265
SecretCoin,SCRT,584,0.00424808,0.00000177,,17964.0,4228672.0,4228672.0,,-0.7,21.85,1496414965
Luna Coin,LUNA,585,0.0145886,0.00000597,73.7168,17906.0,1227386.0,1227386.0,-2.51,-1.79,19.11,1496470182
SongCoin,SONG,586,0.000547095,0.00000022,34.2824,17816.0,32565300.0,32565300.0,-0.51,-10.25,23.79,1496470159
BTCDragon,DRAGON,587,0.0436415,0.00001787,174.566,17638.0,404146.0,1000000.0,-1.13,-52.82,-47.76,1496470184
BipCoin,BIP,588,0.0130429,0.00000534,60.2966,17528.0,1343889.0,1343889.0,-1.66,2.09,-29.95,1496470179
Vector,VEC2,589,0.00109912,0.00000045,3.3977,17416.0,15845378.0,15845378.0,0.18,3.34,-46.05,1496470164
GameBet Coin,GBT,590,0.000813435,0.00000033,,17296.0,21262780.0,22262780.0,,1.98,10.72,1496454270
DAPPSTER,DLISK,591,0.000170974,0.00000007,2.5205,17097.0,100000000.0,100000000.0,0.18,-11.58,-18.59,1496470173
PLNcoin,PLNC,592,0.000977084,0.00000040,1.56334,16698.0,17089600.0,19089600.0,-0.03,-12.16,-8.64,1496470451
Steps,STEPS,593,0.00089215,0.00000037,,16616.0,18625017.0,18625017.0,,-0.26,14.72,1496434766
Shilling,SH,594,0.00510381,0.00000209,179.298,16491.0,3231050.0,3231050.0,1.26,109.12,104.53,1496470176
Sling,SLING,595,0.01529,0.00000626,10.7214,16423.0,1074095.0,1074095.0,0.18,0.89,22.36,1496470160
VIP Tokens,VIP,596,0.000195399,0.00000008,22.9597,16306.0,83450403.0,83450403.0,0.18,-19.17,-15.42,1496470168
Litecred,LTCR,597,0.000538455,0.00000022,127.07,16276.0,30227750.0,30227750.0,0.18,-3.02,26.77,1496470167
GPU Coin,GPU,598,0.000397257,0.00000016,205.869,16080.0,40477042.0,51530001.0,16.11,19.22,67.71,1496470172
VapersCoin,VPRC,599,0.0000206100,0.000000008,93.6107,16078.0,780124964.0,1635124964.0,0.19,26.45,18.22,1496470175
Impact,IMX,600,0.000146549,0.00000006,4.88498,16020.0,109314611.0,109314611.0,0.18,-13.4,-12.73,1496470188
Orlycoin,ORLY,601,0.000431634,0.00000018,,15818.0,36646779.0,36646779.0,,-0.8,20.89,1496410470
FuzzBalls,FUZZ,602,0.00319966,0.00000131,300.192,15454.0,4829945.0,4829945.0,3.53,7.29,20.52,1496470170
Blackstar,BSTAR,603,0.0000244249,0.00000001,107.006,15407.0,630795971.0,630795971.0,0.18,1.04,16.3,1496470181
TajCoin,TAJ,604,0.002664,0.00000109,50.8025,15383.0,5774228.0,5774228.0,7.45,39.79,72.55,1496470174
AnarchistsPrime,ACP,605,0.00346833,0.00000142,13.0914,15243.0,4394874.0,4394874.0,0.18,0.88,-27.79,1496470162
BowsCoin,BSC,606,0.00273559,0.00000112,16.4135,15183.0,5550102.0,5550102.0,0.18,1.05,83.32,1496470162
OsmiumCoin,OS76,607,0.016438,0.00000673,2.08332,14696.0,894026.0,894026.0,2.34,10.2,33.86,1496470169
BlazeCoin,BLZ,608,0.0000239556,0.000000010,7.08365,14578.0,608557394.0,608557394.0,4.71,4.13,51.36,1496470453
GuccioneCoin,GCC,609,0.000708322,0.00000029,0.357654,14369.0,20285537.0,23775537.0,,1.05,-3.71,1496470163
Metal Music Coin,MTLMC3,610,0.000169889,0.00000007,32.8955,13543.0,79719140.0,79719140.0,0.18,-5.44,56.51,1496470162
BitTokens,BXT,611,0.0256461,0.00001050,32.9207,13336.0,519996.0,519996.0,0.18,1.05,185.46,1496470175
JobsCoin,JOBS,612,0.000122124,0.00000005,64.5839,12947.0,106019270.0,200019300.0,0.18,1.03,45.37,1496470178
LetItRide,LIR,613,0.000366373,0.00000015,31.1207,12922.0,35271297.0,35271297.0,0.18,1.03,42.58,1496470175
Crypto,CTO,614,0.00129452,0.00000053,39.8303,12857.0,9932150.0,9932150.0,0.18,4.44,-31.51,1496470162
MustangCoin,MST,615,0.0200526,0.00000810,,12608.0,628734.0,628734.0,,-14.17,-48.6,1496450376
TAGRcoin,TAGR,616,0.000317524,0.00000013,1.2402,12279.0,38669634.0,38669634.0,0.18,1.04,-11.02,1496470163
WARP,WARP,617,0.0105936,0.00000443,,11602.0,1095224.0,1095224.0,,-1.07,19.87,1496415568
Bitcoin 21,XBTC21,618,0.0145198,0.00000655,,11516.0,793108.0,7093108.0,,,-21.53,1496220571
Comet,CMT,619,0.0129684,0.00000531,4.42444,11319.0,872830.0,872830.0,0.18,3.73,23.33,1496470173
Money,$$$,620,0.000240681,0.00000010,60.2217,11044.0,45887218.0,45887218.0,-0.07,-8.55,-14.93,1496470169
Scorecoin,SCORE,621,0.000633052,0.00000026,27.7676,10542.0,16652010.0,16652010.0,24.16,-24.91,-21.89,1496470188
Iconic,ICON,622,0.0175859,0.00000720,0.49094,10427.0,592894.0,592894.0,0.18,,-0.85,1496470184
Solaris,XLR,623,0.0608064,0.00002490,119.713,10374.0,170613.0,270613.0,0.25,-16.34,-32.39,1496470188
Cabbage,CAB,624,0.000976996,0.00000040,235.285,10258.0,10499996.0,10499996.0,0.18,-16.57,0.4,1496470169
Future Digital Currency,FDC,625,0.00376143,0.00000154,73.2747,9721.0,2584401.0,1002584401.0,46.91,-1.68,70.66,1496470183
DPAY,DPAY,626,0.000122124,0.00000005,24.7838,9714.0,79541001.0,79541001.0,0.18,26.29,45.45,1496470178
Zonecoin,ZNE,627,0.00376143,0.00000154,58.7372,9712.0,2581970.0,2581970.0,0.18,1.7,36.79,1496470175
G3N,G3N,628,0.00127629,0.00000052,,9651.0,7561891.0,7561891.0,0.67,1.55,12.45,1496469262
Cashcoin,CASH,629,0.000268698,0.00000011,1.88853,9628.0,35831128.0,35831128.0,-0.03,,16.49,1496470448
Xonecoin,XOC,630,0.0225442,0.00000923,3.27005,9469.0,420000.0,420000.0,0.29,1.25,16.61,1496470177
JIO Token,JIO,631,0.00486055,0.00000199,398.232,9275.0,1908128.0,8888888.0,0.18,42.59,133.49,1496470182
1CRedit,1CR,632,0.103781,0.00004249,9.76996,9155.0,88213.0,88213.0,0.18,,50.65,1496470169
High Voltage,HVCO,633,0.00611441,0.00000256,,9136.0,1494171.0,1694171.0,,,27.69,1496333672
EGO,EGO,634,0.000146549,0.00000006,10.0793,8793.0,60000001.0,60000001.0,0.18,-13.38,-0.32,1496470177
iBank,IBANK,635,0.00188531,0.00000079,,8534.0,4526324.0,4526324.0,,,12.27,1496357683
Abncoin,ABN,636,0.122124,0.00005000,3.05311,8268.0,67700.0,4734367.0,0.18,-26.58,57.89,1496470183
Speedcash,SCS,637,0.0307021,0.00001257,299.755,8016.0,261081.0,476168.0,0.18,-38.35,-15.65,1496470190
Qibuck Asset,QBK,638,0.00523698,0.00000214,2.09479,7626.0,1456187.0,2000000.0,-1.13,50.98,36.0,1496470192
Hirocoin,HIRO,639,0.0000244271,0.00000001,2.44271,7611.0,311569327.0,311569327.0,0.06,1.03,16.42,1496470449
Hommalicoin,HMC,640,2.92586,0.0011979,176.123,7077.0,2419.0,1000000000.0,1.38,,-31.93,1496470173
PosEx,PEX,641,0.00283329,0.00000116,7.6742,6951.0,2453240.0,2453240.0,0.18,0.18,-3.64,1496470170
Dix Asset,DIX,642,0.0000000684,0.00000000003,,6844.0,100000000000,100000000000,,0.2,-1.32,1496417087
Coinonat,CXT,643,0.00316867,0.00000130,369.286,6824.0,2153702.0,8153702.0,-13.97,18.73,15.77,1496470189
Pulse,PULSE,644,0.000475427,0.00000019,7.31826,6798.0,14298972.0,14298972.0,113.89,165.01,1.96,1496470169
Printerium,PRX,645,0.000655164,0.00000027,281.035,5945.0,9074428.0,9074428.0,0.26,-2.36,-10.02,1496470183
SydPak,SDP,646,0.034317,0.00001405,0.845468,5441.0,158539.0,158539.0,0.18,-15.34,18.49,1496470163
ImpulseCoin,IMPS,647,0.000268674,0.00000011,1.58557,5439.0,20245510.0,20245510.0,0.18,-25.91,15.17,1496470179
BioBar,BIOB,648,0.00515365,0.00000211,132.571,4565.0,885756.0,985756.0,-7.41,8.87,22.83,1496470186
Save and Gain,SANDG,649,0.00141989,0.00000064,,4352.0,3064800.0,3064800.0,,,2.43,1496226272
GeertCoin,GEERT,650,0.000801253,0.00000033,18.8678,4079.0,5090239.0,5090239.0,6.47,-2.53,-10.74,1496470187
Antilitecoin,ALTC,651,0.000122124,0.00000005,1.98176,3848.0,31512613.0,31512613.0,0.18,-27.83,-27.31,1496470169
NodeCoin,NODC,652,0.00221639,0.00000097,,3720.0,1678439.0,5878439.0,,,9.99,1496270080
Revenu,REV,653,0.00278444,0.00000114,4.31475,3329.0,1195525.0,1195525.0,0.18,-0.72,,1496470169
Elysium,ELS,654,0.000757172,0.00000031,68.0357,3032.0,4005012.0,4005012.0,-8.66,-54.42,-27.86,1496470184
Concoin,CONX,655,0.00415223,0.00000170,102.447,2856.0,687849.0,1538849.0,0.14,-44.19,0.44,1496470190
Selfiecoin,SLFI,656,0.0000244249,0.00000001,1.95399,2634.0,107829281.0,107829281.0,0.18,1.04,16.3,1496470160
Californium,CF,657,0.0200528,0.00000821,16.6603,2228.0,111110.0,111110.0,0.18,2.94,6.52,1496470160
Doubloon,BOAT,658,0.000488267,0.00000020,123.263,1732.0,3547845.0,18547845.0,0.21,-7.72,-28.47,1496470184
P7Coin,P7C,659,0.0000488498,0.00000002,0.341533,1721.0,35220238.0,35220238.0,0.18,-32.64,16.3,1496470160
Enigma,XNG,660,0.0962585,0.00003941,45.0885,1600.0,16627.0,66627.0,0.18,-27.36,17.97,1496470170
Powercoin,PWR,661,0.0000244249,0.00000001,64.8867,1221.0,49983870.0,49983870.0,0.18,1.05,16.3,1496470172
Digital Credits,DGCS,662,0.000195399,0.00000008,73.6067,1138.0,5826388.0,201284316.0,0.18,102.08,55.06,1496470166
Dollar Online,DOLLAR,663,0.012188,0.00000499,207.12,1077.0,88379.0,10088379.0,3.07,-19.39,30.86,1496470182
Impeachcoin,IMPCH,664,0.00339506,0.00000139,4.44396,1046.0,308179.0,2501512.0,21.09,15.11,75.29,1496470184
23 Skidoo,CHAO,665,3932.48,1.61003,107.207,993.0,0.0,0.0,0.18,7.73,-25.18,1496470163
SwapToken,TOKEN,666,0.0000237586,0.000000010,9.2171,834.0,35110531.0,35110531.0,0.06,91.73,5231.69,1496470174
Zcashshare,ZHS,667,0.000216504,0.00000009,,612.0,2826000.0,2826000.0,,-0.48,-1.52,1496411380
CRTCoin,CRT,668,0.00488542,0.00000200,0.0000000244,387.0,79270.0,10079270.0,-0.03,1.02,16.49,1496470451
PizzaCoin,PIZZA,669,0.000219824,0.00000009,162.526,303.0,1377917.0,10127917.0,0.18,1.03,71.68,1496470176
Xenixcoin,XEN,670,0.0272285,0.00001100,,275.0,10100.0,10010100.0,,2.39,1.61,1496460285
CaliphCoin,CALC,671,0.00119329,0.00000049,22.6359,104.0,87140.0,148587140.0,-0.75,15.01,-19.21,1496470178
MikeTheMug,MUG,672,0.0000051456,0.000000002,,5.0,999279.0,1000000.0,,,-99.32,1496047185
BTCGold,XBG,673,0.138147,0.00005656,0.993971,,,99000001.0,0.18,1.03,-36.75,1496470190
Soarcoin,SOAR,674,0.0122124,0.00000500,88.68,,,5000000000.0,0.18,-39.17,-29.39,1496470187
Project-X,NANOX,675,454059.0,185.9,1210.86,,,1.0,47.81,50.27,,1496470192
Internet of Things,XOT,676,1201.64,0.491973,1536.41,,,21000000.0,0.04,-0.28,23.65,1496470190
AMIS,AMIS,677,277.548,0.115061,,,,,,-1.2,,1496391890
Bitcoin Unlimited (Futures),BTU,678,147.236,0.0602812,904.594,,,,-0.05,7.8,-0.82,1496470187
Malcoin,MALC,679,31.835,0.0130339,41799.1,,,1000000000.0,0.18,1.04,16.47,1496470190
GoldUnionCoin,GUC,680,22.7346,0.00930798,6373.26,,,210000000.0,0.19,7.96,26.16,1496470190
Qtum (Pre-Launch),QTUM,681,11.4047,0.00466929,49383900.0,,,100000000.0,-2.03,19.57,213.3,1496470193
ZenCash,ZEN,682,8.10916,0.00332004,22191.0,,,1395125.0,0.18,-22.69,,1496470193
Fargocoin,FRGC,683,6.97135,0.0028542,925840.0,,,443969059.0,0.11,2.38,6.1,1496470183
Internet of People,IOP,684,3.61337,0.00147938,3299.58,,,2139406.0,-5.91,-1.74,65.6,1496470181
EcoCoin,ECO,685,3.42106,0.00140065,42197.4,,,1093895.0,-7.42,-15.95,14.99,1496470192
DECENT (Pre-Launch),DCT,686,2.7342,0.00111943,4092.28,,,73290000.0,0.68,-3.97,-22.36,1496470181
PRIZM,PZM,687,1.16247,0.00047594,34656.9,,,,1.87,10.26,31.03,1496470193
Bitcore,BTX,688,1.05323,0.00043121,11919.5,,,16361966.0,0.17,0.45,-29.05,1496470191
DynamicCoin,DMC,689,0.995263,0.00040748,223204.0,,,10541442931.0,-0.24,-0.34,-0.28,1496470178
OBITS.WARRANT,WARRANT,690,0.984166,0.00040293,1943.91,,,,-1.57,-0.96,,1496470193
Databits,DTB,691,0.837386,0.00034284,148710.0,,,,-4.59,2.94,17.23,1496470188
XDE II,XDE2,692,0.822943,0.00033693,253.238,,,42249.0,0.17,42.71,65.66,1496470188
Aeternity (Pre-Launch),AE,693,0.727862,0.000298,1980.3,,,,-0.49,1.72,,1496470192
GAY Money,GAY,694,0.627744,0.00025701,168.922,,,5603062416.0,0.18,47.63,74.71,1496470177
TechShares,THS,695,0.627207,0.00025679,7.41439,,,646359158.0,0.18,4.69,14.0,1496470176
TeslaCoilCoin,TESLA,696,0.561479,0.00022988,150.748,,,100000000.0,0.18,1.03,161.82,1496470172
Bitgem,BTG,697,0.551076,0.0002256,25.7903,,,,-0.03,-30.99,-32.69,1496470446
LEOcoin,LEO,698,0.54148,0.00022169,282985.0,,,92933450.0,1.28,13.68,30.55,1496470163
InvisibleCoin,IVZ,699,0.432321,0.000177,163.13,,,,0.18,174.72,416.57,1496470165
WA Space,WA,700,0.371234,0.00015199,31532.5,,,,0.18,-6.27,13.8,1496470179
Topaz Coin,TOPAZ,701,0.350524,0.00014351,25220.8,,,38309.0,7.69,777.05,187.98,1496470191
ClubCoin,CLUB,702,0.291379,0.0001193,19146.9,,,90899180.0,1.1,1.07,8.22,1496470166
Yogold,YOG,703,0.268845,0.00011007,21.5069,,,100000000.0,0.18,1.03,27.13,1496470188
TROPTIONS,TROPTIONS,704,0.248173,0.00010598,,,,1000000001.0,,,,1496287780
Zilbercoin,ZBC,705,0.231424,0.00009475,94250.4,,,9009378.0,1.47,-3.35,-17.2,1496470184
ZenGold,ZENGOLD,706,0.210622,0.00008623,1721.2,,,,-36.93,-37.2,,1496470193
AlpaCoin,APC,707,0.170877,0.00006996,1829.05,,,,7.73,0.63,36.91,1496470168
Pabyosi Coin (Special),PCS,708,0.168387,0.00006894,3378.25,,,30993751760.0,0.14,-2.95,25.83,1496470182
LandCoin,LDCN,709,0.162205,0.00006641,28463.7,,,19003881978.0,23.32,66.18,352.32,1496470182
Golos Gold,GBG,710,0.157858,0.00006463,4289.39,,,,-4.33,0.39,6.5,1496470186
EquiTrader,EQT,711,0.129452,0.00005300,99616.5,,,7672000.0,0.18,1.03,23.34,1496470192
Quartz,QRZ,712,0.121636,0.00004980,2048.62,,,21000000.0,0.18,-31.43,,1496470192
Wowecoin,WEC,713,0.104,0.00004258,11334.2,,,8901692.0,,-0.0,1.71,1496470176
DeusCoin,DEUS,714,0.0830446,0.00003400,9901.86,,,,19.45,-3.32,-14.23,1496470190
InsaneCoin,INSN,715,0.0765749,0.00003135,3497.85,,,18528355.0,-0.04,-13.9,115.27,1496470192
Omicron,OMC,716,0.0753508,0.00003085,0.244249,,,10134130.0,0.18,3.9,16.32,1496470178
Tattoocoin (Limited Edition),TLE,717,0.0661813,0.00002710,1779.5,,,975532.0,-9.47,-49.3,45.12,1496470190
WavesGo,WGO,718,0.0608434,0.00002491,918.386,,,10000000.0,1.22,-10.16,103.38,1496470190
Elacoin,ELC,719,0.0485855,0.00001989,45.1549,,,,-3.81,,70.36,1496470442
Fazzcoin,FAZZ,720,0.0458237,0.00001876,757.793,,,1022577370.0,1.45,17.9,-30.99,1496470190
CryptoBuck,BUK,721,0.0382562,0.00001566,6.16871,,,,-27.24,19.1,50.12,1496470458
International Diamond,XID,722,0.038234,0.00001588,,,,,,,,1496373575
DeltaCredits,DCRE,723,0.0293185,0.00001217,,,,,,-0.33,8.21,1496419764
President Johnson,GARY,724,0.0288214,0.00001180,221.872,,,57968072167.0,0.18,0.89,83.56,1496470176
IvugeoCoin,IEC,725,0.0243028,0.00000995,5.37115,,,,0.18,1.05,,1496470161
EDRCoin,EDRC,726,0.0223997,0.00000917,13252.4,,,3407292.0,2.28,-1.78,-16.22,1496470170
RHFCoin,RHFC,727,0.0216405,0.00000886,7420.58,,,200157080.0,3.21,-12.54,-16.57,1496470189
ShellPay,SHELL,728,0.0204035,0.00000835,10158.7,,,,3.93,-6.31,3.6,1496470162
Lepaoquan,HLB,729,0.0188622,0.00000772,974012.0,,,935398831.0,2.41,-6.82,19.98,1496470181
Gycoin,GYC,730,0.018742,0.00000767,5502.77,,,22213403.0,7.03,4.43,0.83,1496470174
Avoncoin,ACN,731,0.0177569,0.00000727,2909.18,,,,2.22,-10.2,-10.72,1496470184
KolschCoin,TP1,732,0.0147961,0.00000620,,,,,,,50.1,1496357661
Digitalfund,DTF,733,0.0139449,0.00000571,12120.3,,,54000053.0,-1.04,-5.66,-5.39,1496470175
Mind Gene,MG,734,0.0127009,0.00000520,5790.9,,,,5.24,-3.27,-0.17,1496470177
Sharkcoin,SAK,735,0.0101485,0.00000415,2968.66,,,,-0.46,6.65,46.0,1496470159
Dashs,DASHS,736,0.00925703,0.00000379,12.8438,,,,0.18,2.35,3.75,1496470190
9COIN,9COIN,737,0.00898836,0.00000368,938.888,,,350050250.0,0.18,-6.35,73.48,1496470191
Tyrocoin,TYC,738,0.0080752,0.00000330,,,,50134500.0,0.37,2.1,-31.38,1496468088
Opal,OPAL,739,0.0073289,0.00000300,2380.0,,,,-13.38,4.84,33.71,1496470455
Goldpay Coin,GP,740,0.00688435,0.00000282,32024.9,,,,3.53,-1.1,10.92,1496470191
First Bitcoin,BIT,741,0.00652634,0.00000267,767.164,,,20706894570.0,0.18,-12.73,-31.11,1496470174
GBCGoldCoin,GBC,742,0.00649,0.00000266,34.9231,,,,,30.19,8.54,1496470167
Psilocybin,PSY,743,0.00588907,0.00000240,,,,,0.64,1.4,5.87,1496468970
Xaucoin,XAU,744,0.00586197,0.00000240,45.3864,,,,0.18,0.62,4.49,1496470159
EggCoin,EGG,745,0.00562322,0.00000237,,,,,,,12.97,1496295864
PiCoin,PI,746,0.0053979,0.00000221,24.4249,,,1378369.0,0.18,-62.79,-66.26,1496470191
Helleniccoin,HNC,747,0.00512923,0.00000210,598.496,,,,0.18,-18.7,53.17,1496470163
Slimcoin,SLM,748,0.0050071,0.00000205,127.009,,,13925626.0,0.18,-23.27,,1496470158
Axiom,AXIOM,749,0.00483613,0.00000198,8.05995,,,,0.18,0.07,14.69,1496470164
GoldReserve,XGR,750,0.00456787,0.00000187,1296.47,,,17162470.0,1.46,5.02,20.31,1496470454
netBit,NBIT,751,0.00412781,0.00000169,4.12781,,,,0.18,-2.98,42.0,1496470180
BagCoin,BGC,752,0.0041174,0.00000169,76433.5,,,497214120.0,6.46,-17.52,-3.45,1496470175
Bitcoin Scrypt,BTCS,753,0.00388391,0.00000159,4.12939,,,,4.58,-0.08,-2.31,1496470449
President Trump,PRES,754,0.00311596,0.00000128,346.914,,,57968072167.0,0.08,12.78,27.36,1496470175
AvatarCoin,AV,755,0.00310196,0.00000127,3.19905,,,,0.18,,-7.11,1496470167
ZSEcoin,ZSE,756,0.00287349,0.00000118,58.9366,,,6383810.0,0.75,-2.57,-55.5,1496470187
Quotient,XQN,757,0.00268698,0.00000110,71.6399,,,,0.06,1.02,,1496470458
RoyalCoin 2,RYCN,758,0.00257485,0.00000105,1984.83,,,2500124.0,-48.19,,,1496470179
OCOW,OCOW,759,0.00227517,0.00000099,,,,,,,9.42,1496142268
TrickyCoin,TRICK,760,0.00224709,0.00000092,0.490696,,,,0.18,1.91,-10.79,1496470161
SportsCoin,SPORT,761,0.00222267,0.00000091,3457.43,,,19800001.0,0.18,155.18,220.7,1496470176
GameLeagueCoin,GML,762,0.00217401,0.00000089,0.543503,,,,0.06,,0.65,1496470453
BitcoinFast,BCF,763,0.00217093,0.00000089,53.0482,,,,-0.05,-5.39,-19.43,1496470459
Condensate,RAIN,764,0.0021611,0.00000088,1553.23,,,42978123.0,1.51,20.65,23.96,1496470191
RichCoin,RICHX,765,0.00210122,0.00000093,,,,5925522.0,,,7.64,1496167172
Neptune Classic,NTCC,766,0.00205169,0.00000084,916.093,,,,-16.68,6.34,78.94,1496470185
Advanced Internet Blocks,AIB,767,0.00193502,0.00000079,723.586,,,31411918112.0,13.0,29.68,-4.24,1496470160
Digital Bullion Gold,DBG,768,0.00180744,0.00000074,144.439,,,24523275.0,0.18,13.28,43.43,1496470172
MMXVI,MMXVI,769,0.00168532,0.00000069,305.081,,,,1.65,12.14,-29.9,1496470168
Mavro,MAVRO,770,0.00168043,0.00000070,,,,15005722.0,,,-19.14,1496349588
Clinton,CLINT,771,0.00166089,0.00000068,32.4022,,,,0.18,-36.37,-26.74,1496470171
TodayCoin,TODAY,772,0.00134337,0.00000055,16.1163,,,,0.18,11.71,56.01,1496470175
UR,UR,773,0.00129452,0.00000053,279.029,,,,0.18,-2.64,11.98,1496470186
CBD Crystals,CBD,774,0.00121184,0.00000050,15.1972,,,,13.03,72.74,-4.26,1496470180
BestChain,BEST,775,0.00112661,0.00000046,7.059,,,20042911.0,-0.36,12.33,7.34,1496470188
Skeincoin,SKC,776,0.00105037,0.00000043,3.31489,,,,7.56,1.02,,1496470449
True Investment Coin,TIC,777,0.00105027,0.00000043,22.7174,,,,7.69,2.63,-6.26,1496470186
Alphabet Coin Fund,FUN,778,0.000952571,0.00000039,65.4528,,,20742012.0,0.18,,-19.22,1496470171
RoyalCoin,ROYAL,779,0.000942077,0.00000039,35.9705,,,2500124.0,0.18,-21.91,13.55,1496470178
The Aladin,ADT,780,0.000892522,0.00000032,,,,,,,,1495722585
Donationcoin,DON,781,0.000879376,0.00000036,6918.48,,,,0.06,6.6,,1496470453
Bitcedi,BXC,782,0.000854871,0.00000035,11.8733,,,,0.18,-16.69,,1496470172
Braincoin,BRAIN,783,0.000842028,0.00000035,,,,,,-0.48,38.25,1496420372
IrishCoin,IRL,784,0.000830446,0.00000034,264.719,,,,3.22,4.36,,1496470162
Dubstep,DUB,785,0.000817313,0.00000034,,,,,,-0.56,14.46,1496411064
KashhCoin,KASHH,786,0.000759136,0.00000031,1498.75,,,,-0.98,1.01,202.14,1496470184
FrankyWillCoin,FRWC,787,0.000745197,0.00000031,,,,,,-0.56,10.88,1496411075
Lazaruscoin,LAZ,788,0.000745197,0.00000031,,,,,,-0.56,54.27,1496411078
WeAreSatoshi,WSX,789,0.000732813,0.00000030,10.8106,,,,-0.03,-5.3,2.74,1496470456
Motocoin,MOTO,790,0.000732813,0.00000030,20.9148,,,,0.06,-52.16,5.48,1496470452
Opescoin,OPES,791,0.000674759,0.00000028,,,,,,-0.31,14.74,1496432667
Quebecoin,QBC,792,0.000659532,0.00000027,12.6603,,,,-15.65,4.9,12.33,1496470451
RubleBit,RUBIT,793,0.000659472,0.00000027,42.6604,,,,0.18,-31.18,-7.6,1496470166
Cubits,QBT,794,0.00063469,0.00000026,3.08125,,,,15.53,25.05,67.89,1496470178
Vsync,XVS,795,0.000560475,0.00000023,219.419,,,103334172.0,0.04,-9.19,-22.58,1496470189
BitAlphaCoin,BAC,796,0.000509241,0.00000021,38.0157,,,,0.92,7.87,-16.81,1496470167
MarxCoin,MARX,797,0.000490539,0.00000020,144.754,,,29332120.0,0.93,12.53,2.7,1496470186
T-coin,TCOIN,798,0.000439648,0.00000018,1770.12,,,,-5.09,-2.0,18.82,1496470181
GoldMaxCoin,GMX,799,0.000392704,0.00000016,,,,84078950.0,0.67,5.52,-6.51,1496469270
President Sanders,BURN,800,0.000390798,0.00000016,268.836,,,57968072167.0,0.18,61.66,24.12,1496470182
UGAIN,GAIN,801,0.000366373,0.00000015,17.9065,,,,0.18,1.05,105.36,1496470174
PrismChain,PRM,802,0.000366373,0.00000015,71.1346,,,,0.18,8.27,-76.12,1496470171
Gambleo,GMB,803,0.000341949,0.00000014,0.326536,,,,,1.03,25.31,1496470187
Sakuracoin,SKR,804,0.000341456,0.00000014,124.38,,,,3.85,5.16,35.65,1496470178
BlazerCoin,BLAZR,805,0.000317524,0.00000013,13.4544,,,,0.18,-34.33,-2.48,1496470189
VGINA,VGINA,806,0.000292614,0.00000012,0.00292614,,,11603228.0,-1.1,,-60.2,1496470190
Operand,OP,807,0.000290011,0.00000012,,,,36309296.0,,-0.01,-0.08,1496423371
Happy Creator Coin,HCC,808,0.000281056,0.00000012,13.5631,,,,0.69,2.07,39.4,1496470173
DarkLisk,DISK,809,0.000268674,0.00000011,36.6443,,,17888425.0,0.18,-30.52,-8.62,1496470170
Cycling Coin,CYC,810,0.000268674,0.00000011,5.23504,,,,0.18,-7.37,16.3,1496470162
The Vegan Initiative,XVE,811,0.000268674,0.00000011,145.516,,,,0.18,3.87,27.99,1496470189
Grumfork,GMF,812,0.000244249,0.00000010,7.32747,,,,0.18,1.03,,1496470190
MobileCash,MBL,813,0.000219824,0.00000009,8.38458,,,1068669648.0,0.18,-3.44,49.6,1496470178
AsicCoin,ASC,814,0.000206551,0.00000008,23.7099,,,,-0.35,,40.82,1496470447
TeraCoin,TERA,815,0.000195399,0.00000008,6815.0,,,,14.49,0.51,4.45,1496470186
Moneta,MONETA,816,0.000170974,0.00000007,155.15,,,,0.18,-11.58,1.76,1496470165
LAthaan,LTH,817,0.000122124,0.00000005,165.947,,,,0.18,-27.83,-31.8,1496470179
Halloween Coin,HALLO,818,0.0000977079,0.00000004,454.296,,,264606200.0,0.18,-11.48,-5.72,1496470192
TeamUp,TEAM,819,0.0000976996,0.00000004,0.256559,,,301004896.0,0.18,1.03,55.15,1496470179
PayPeer,PAYP,820,0.0000976996,0.00000004,99.6472,,,,0.18,102.11,132.59,1496470169
Wowcoin,WOW,821,0.0000964807,0.00000004,,,,,,-0.21,129.69,1496426381
FireFlyCoin,FFC,822,0.0000732813,0.00000003,3.98428,,,,-0.03,203.06,249.46,1496470459
TheCreed,TCR,823,0.0000732747,0.00000003,9.32303,,,,0.18,-24.22,-30.18,1496470171
LinkedCoin,LKC,824,0.0000732747,0.00000003,15.4117,,,,0.18,-24.21,-12.84,1496470173
LePen,LEPEN,825,0.0000680275,0.00000003,107.177,,,,0.19,27.11,205.25,1496470183
Cashme,CME,826,0.0000491969,0.00000002,,,,,,1.77,17.12,1496446166
PinkDog,PDG,827,0.0000490794,0.00000002,,,,,,1.51,132.34,1496464184
InflationCoin,IFLT,828,0.0000490156,0.00000002,2395.82,,,3306891095.0,69.11,14.56,40.09,1496470183
Tellurion,TELL,829,0.0000488758,0.00000002,,,,,0.23,1.11,132.72,1496466875
VegasCoin,VGC,830,0.0000488542,0.00000002,2.44271,,,,0.06,,132.74,1496470450
PokeCoin,POKE,831,0.0000488498,0.00000002,6.07938,,,,0.18,1.03,-22.43,1496470175
CyberCoin,CC,832,0.0000488498,0.00000002,48.8497,,,549267534.0,0.18,1.04,132.59,1496470160
X2,X2,833,0.0000488498,0.00000002,7.92282,,,,0.18,102.11,132.59,1496470166
MoneyCoin,MONEY,834,0.0000488498,0.00000002,828.936,,,,0.18,-11.32,16.36,1496470181
UNCoin,UNC,835,0.0000380713,0.00000002,746.176,,,,0.3,30.89,9.11,1496470159
President Clinton,HILL,836,0.0000244249,0.00000001,19.5399,,,57968072167.0,0.18,1.04,14.67,1496470174
SuperTurboStake,STRB,837,0.0000244249,0.00000001,0.244249,,,,0.18,1.03,16.36,1496470168
Aces,ACES,838,0.0000244249,0.00000001,3.66464,,,,0.18,1.03,16.36,1496470176
Global Business Revolution,GBRC,839,0.0000244249,0.00000001,1012.65,,,900096049.0,0.18,-49.43,16.36,1496470179
Safe Trade Coin,XSTC,840,0.0000244249,0.00000001,390.798,,,604880000.0,0.18,1.04,16.36,1496470182
Rcoin,RCN,841,0.0000244249,0.00000001,83.4986,,,,0.18,1.05,12.97,1496470177
ChoofCoin,CHOOF,842,0.0000244249,0.00000001,7.37634,,,,0.18,1.04,16.36,1496470179
SoulCoin,SOUL,843,0.0000244249,0.00000001,3.92315,,,,0.18,1.04,16.36,1496470171
Yescoin,YES,844,0.0000244240,0.000000010,1022.7,,,,0.18,1.09,28.72,1496470183
FedoraShare,FEDS,845,0.0000220182,0.000000009,2510.07,,,499001352334,-0.0,0.27,-53.4,1496470176
Victoriouscoin,VTY,846,0.0000099662,0.000000004,6.09566,,,10263290326.0,-1.99,-58.16,16.96,1496470177
Virtacoin,VTA,847,0.0000098849,0.000000004,54.2427,,,12423206610.0,-0.03,23.01,-10.21,1496470455
Dimecoin,DIME,848,0.0000070192,0.000000003,458.044,,,527146895760,1.31,1627.95,117.92,1496470446
XP,XP,849,0.0000010036,0.0000000004,536.24,,,133635560466,4.46,-81.34,-86.78,1496470175
BatCoin,BAT,850,0.0000007916,0.0000000003,576.16,,,,-0.36,-4.59,,1496470448
BitCentavo,NBE,851,0.0000005705,0.0000000002,,,,,,4.27,160.64,1496398156
RabbitCoin,RBBT,852,0.0000004101,0.0000000002,22.442,,,,-22.49,-22.05,61.78,1496470457
StrongHands,SHND,853,0.0000001947,0.00000000008,204.638,,,,-0.32,57.03,,1496470166
Paccoin,PAC,854,0.0000000757,0.00000000003,415.755,,,,-1.14,37.65,86.43,1496470165
Bond,BOND,855,,,,,1349.0,1349.0,,,,
bitRUBLE,BITRUBLE,856,,,,,,,,,,
