Name,Symbol,Rank,Price(BTC),Price(USD),24HVolume,MarketCap,%Change_1h,%Change_24h,%Change_7d,LastUpdated
Bitcoin,BTC,1,2465.42,1.0,1293860000.0,40355905261.0,16368775.0,16368775.0,1.06,1.26,21.71,1496474050
Ethereum,ETH,2,223.182,0.090674,432568000.0,20569324931.0,92163906.0,92163906.0,0.61,-1.29,57.7,1496473763
Ripple,XRP,3,0.303319,0.00012319,235094000.0,11714693582.0,38621693933.0,99994661895.0,-1.02,-4.76,39.5,1496474043
NEM,XEM,4,0.228154,0.00009269,11818900.0,2053386000.0,8999999999.0,8999999999.0,-1.08,1.15,51.56,1496473760
Ethereum Classic,ETC,5,16.9817,0.00689929,71927100.0,1566351999.0,92237644.0,92237644.0,1.4,-1.97,41.08,1496473775
Litecoin,LTC,6,27.4852,0.011163,349407000.0,1412507233.0,51391557.0,51391557.0,1.23,-6.61,26.91,1496474041
Dash,DASH,7,146.55,0.0595208,41741500.0,1074869116.0,7334487.0,7334487.0,-0.57,3.87,46.63,1496474047
Stratis,STRAT,8,10.226,0.0041546,64324300.0,1006336093.0,98409553.0,98409553.0,13.49,44.41,311.32,1496473774
Monero,XMR,9,43.7506,0.0177692,8412840.0,637268066.0,14565927.0,14565927.0,0.65,-0.44,31.17,1496474052
Waves,WAVES,10,5.25103,0.00213338,6033980.0,525103000.0,100000000.0,100000000.0,8.56,42.99,152.53,1496473771
Bytecoin,BCN,11,0.00254156,0.00000103,2108000.0,465035437.0,182972441027,182972441027,1.18,-26.48,10.91,1496474054
Golem,GNT,12,0.475675,0.00019326,10825700.0,392370989.0,824872000.0,1000000000.0,-2.32,1.47,58.23,1496473779
Stellar Lumens,XLM,13,0.0404903,0.00001644,14116200.0,391333604.0,9664872916.0,102940435314,0.1,-0.17,30.19,1496474055
Zcash,ZEC,14,238.57,0.0969259,15626200.0,343804718.0,1441106.0,1441106.0,-0.21,-6.15,40.11,1496473778
Dogecoin,DOGE,15,0.00291223,0.00000118,29945100.0,319317847.0,109647193868,109647193868,0.95,-4.22,49.26,1496474046
Steem,STEEM,16,1.2253,0.00049781,6688860.0,287175993.0,234371985.0,251346079.0,-2.76,12.45,56.71,1496473770
DigiByte,DGB,17,0.0352241,0.00001431,89310600.0,285562903.0,8107031908.0,8107031908.0,7.48,32.54,219.34,1496474046
Gnosis,GNO,18,253.655,0.103055,1641190.0,280184776.0,1104590.0,10000000.0,0.84,1.59,52.19,1496473789
Augur,REP,19,24.9857,0.0101511,5151560.0,274842700.0,11000000.0,11000000.0,0.35,0.31,32.3,1496473765
Siacoin,SC,20,0.00999137,0.00000406,39220400.0,265065468.0,26529441699.0,26529441699.0,1.13,7.0,75.62,1496473766
BitShares,BTS,21,0.0887147,0.00003603,20109100.0,230856054.0,2602230000.0,2602230000.0,2.92,0.05,86.05,1496474054
GameCredits,GAME,22,3.19753,0.00129867,2647080.0,201564719.0,63037632.0,63037632.0,5.03,20.84,54.58,1496474057
MaidSafeCoin,MAID,23,0.400974,0.00016285,2368020.0,181461751.0,452552412.0,452552412.0,1.06,2.28,21.18,1496474051
Basic Attention Token,BAT,24,0.167679,0.00006812,4056270.0,167679000.0,1000000000.0,1500000000.0,2.05,-0.84,,1496473791
BitConnect,BCC,25,24.4655,0.0099398,2861760.0,157582081.0,6440992.0,6440992.0,1.16,6.96,67.05,1496473781
DigixDAO,DGD,26,77.3898,0.0314418,1089270.0,154779600.0,2000000.0,2000000.0,-2.8,-8.58,32.25,1496473770
Decred,DCR,27,30.4247,0.0123609,4472750.0,153028332.0,5029740.0,5449740.0,-1.01,19.34,60.92,1496473766
Lisk,LSK,28,1.38106,0.00056109,2618620.0,148894489.0,107811745.0,107811745.0,-2.16,2.02,51.54,1496473769
Byteball,GBYTE,29,725.684,0.29483,917008.0,137360276.0,189284.0,1000000.0,-8.83,37.53,178.09,1496473780
Factom,FCT,30,15.1993,0.00617513,3068310.0,133042802.0,8753219.0,8753219.0,0.17,10.99,47.24,1496473764
Ardor,ARDR,31,0.132265,0.00005374,2852940.0,132132668.0,998999495.0,998999495.0,2.07,-2.93,59.22,1496473773
SingularDTV,SNGLS,32,0.20475,0.00008319,200247.0,122850000.0,600000000.0,1000000000.0,-1.06,10.37,42.57,1496473777
Iconomi,ICN,33,1.26094,0.00051229,745340.0,109701780.0,87000000.0,100000000.0,1.01,5.02,32.03,1496473777
Tether,USDT,34,1.02687,0.0004172,47154300.0,107814870.0,104993690.0,124951468.0,-0.21,-0.71,-4.92,1496473759
Round,ROUND,35,0.109178,0.00004436,388371.0,92801300.0,850000000.0,1000000000.0,5.09,2.66,-2.96,1496473779
Komodo,KMD,36,0.884707,0.00035944,1830510.0,89307199.0,100945510.0,100945510.0,-3.79,55.2,98.91,1496473782
PIVX,PIVX,37,1.66753,0.00067748,905868.0,89284681.0,53543073.0,53543073.0,1.69,0.83,76.1,1496473767
Aragon,ANT,38,2.23515,0.00090809,844576.0,75112589.0,33605167.0,39609523.0,1.09,6.53,34.71,1496473790
SysCoin,SYS,39,0.142567,0.00005790,7894860.0,74874433.0,525187685.0,525187685.0,-0.39,22.19,58.62,1496474056
FirstBlood,1ST,40,0.871714,0.00035416,5624810.0,74582429.0,85558371.0,93468691.0,2.55,2.43,84.44,1496473776
iExec RLC,RLC,41,0.878681,0.00035699,967259.0,68599323.0,78070793.0,86999785.0,0.49,38.86,96.13,1496473788
Nxt,NXT,42,0.0684696,0.00002781,4137940.0,68401129.0,998999983.0,998999983.0,2.19,8.65,57.65,1496474044
AntShares,ANS,43,1.27604,0.00051843,6100040.0,63802000.0,50000000.0,100000000.0,5.28,-6.41,88.85,1496473776
Ubiq,UBQ,44,1.60431,0.00065158,2270830.0,59525978.0,37103788.0,37103788.0,-1.87,33.49,221.85,1496474056
Wings,WINGS,45,0.544655,0.00022128,1594320.0,48860092.0,89708333.0,100000000.0,4.04,27.84,132.2,1496473781
ReddCoin,RDD,46,0.00169784,0.00000069,3339500.0,48432667.0,28526048956.0,28526048956.0,0.69,36.15,69.31,1496474047
Ark,ARK,47,0.444007,0.00018039,899989.0,42326497.0,95328446.0,126578446.0,2.27,39.11,100.32,1496473785
BitcoinDark,BTCD,48,32.7404,0.0132974,1887320.0,42197863.0,1288862.0,1288862.0,-12.34,32.54,64.8,1496474054
Peercoin,PPC,49,1.68547,0.00068455,1565930.0,40664104.0,24126270.0,24126270.0,1.36,4.34,30.13,1496474040
Lykke,LKK,50,0.276099,0.00011217,464584.0,37961535.0,137492474.0,1285690000.0,0.72,5.0,13.72,1496473779
Storjcoin X,SJCX,51,0.681868,0.00027694,443434.0,34893329.0,51173144.0,500000000.0,2.06,11.02,47.98,1496474056
Emercoin,EMC,52,0.862631,0.00035036,940122.0,34644623.0,40161579.0,40161579.0,3.1,-6.01,46.31,1496474056
Melon,MLN,53,57.4687,0.0233483,283240.0,34446739.0,599400.0,749400.0,0.39,5.38,10.72,1496473783
Omni,OMNI,54,61.3172,0.0249038,9990590.0,34275685.0,558990.0,615306.0,0.98,23.14,299.11,1496474045
Xaurum,XAUR,55,0.273067,0.00011094,315503.0,31048893.0,113704302.0,113704302.0,0.27,10.69,38.38,1496473760
Counterparty,XCP,56,11.4129,0.00463532,530319.0,29887408.0,2618739.0,2618739.0,1.41,3.49,38.39,1496474047
SuperNET,UNITY,57,34.3303,0.0139431,38900.3,28015619.0,816061.0,816061.0,3.1,120.43,599.17,1496474057
Blocknet,BLOCK,58,6.89408,0.00280001,221850.0,26959412.0,3910516.0,3910516.0,-2.28,2.57,136.96,1496474058
WeTrust,TRST,59,0.28964,0.00011767,440945.0,26689602.0,92147500.0,100000000.0,-2.09,21.32,50.33,1496473789
Namecoin,NMC,60,1.81049,0.00073532,758575.0,26680105.0,14736400.0,14736400.0,0.47,4.81,37.91,1496474041
Gulden,NLG,61,0.0769721,0.00003126,140957.0,26678402.0,346598345.0,448618500.0,1.84,4.75,27.77,1496474050
Synereo,AMP,62,0.321318,0.00013055,614709.0,26430438.0,82256324.0,949291063.0,3.23,14.51,69.88,1496473765
Nexus,NXS,63,0.523011,0.00021242,62912.6,26082497.0,49869883.0,49869883.0,2.19,0.43,27.95,1496474059
Verge,XVG,64,0.00167386,0.00000068,3732790.0,22445579.0,13409472280.0,13409472280.0,-0.75,34.27,110.02,1496474058
XtraBYtes,XBY,65,0.0343071,0.00001394,846762.0,22299615.0,650000000.0,650000000.0,-1.5,17.25,535.94,1496473788
Matchpool,GUP,66,0.293578,0.00011927,343961.0,22018350.0,75000000.0,98855150.0,0.71,7.19,48.26,1496473787
Burst,BURST,67,0.0123338,0.00000501,4083730.0,21962657.0,1780688562.0,1780688562.0,-1.68,7.12,73.88,1496474057
NAV Coin,NAV,68,0.354821,0.00014411,1345990.0,21762522.0,61333805.0,61333805.0,6.55,21.15,47.02,1496474053
EarthCoin,EAC,69,0.00231035,0.00000094,6390830.0,21593613.0,9346468332.0,9346468332.0,2.53,-6.49,61.11,1496474045
Edgeless,EDG,70,0.271138,0.00011016,525053.0,21537152.0,79432438.0,132046997.0,0.08,12.31,28.37,1496473786
YbCoin,YBC,71,6.78371,0.00275518,2941340.0,20488665.0,3020274.0,3020274.0,-1.96,-7.31,38.58,1496474046
Humaniq,HMQ,72,0.156811,0.00006371,922315.0,19497050.0,124334708.0,184190414.0,0.61,27.14,11.31,1496473789
BitBay,BAY,73,0.0193034,0.00000784,83895.9,19448656.0,1007524911.0,1007524911.0,0.72,6.64,44.17,1496474059
Waves Community Token,WCT,74,3.76118,0.00152809,193252.0,18805900.0,5000000.0,10000000.0,25.04,50.98,124.52,1496473782
BCAP,BCAP,75,1.8779,0.00076295,211800.0,18779000.0,10000000.0,10000000.0,2.12,8.43,1.84,1496473790
BlackCoin,BLK,76,0.245675,0.00009978,1101330.0,18713151.0,76170352.0,76170352.0,1.39,-2.68,80.37,1496474048
PotCoin,POT,77,0.0859778,0.00003492,660007.0,18652840.0,216949494.0,216949494.0,0.67,2.19,20.29,1496474047
TokenCard,TKN,78,0.787683,0.00032002,401457.0,18624021.0,23644056.0,39406760.0,-0.19,-6.24,-5.86,1496473789
Bankcoin,B@,79,4.22471,0.00171641,10569.0,18018726.0,4265080.0,25000000.0,2.81,21.06,75.22,1496473786
Shift,SHIFT,80,1.66173,0.00067513,490834.0,18001732.0,10833127.0,10833127.0,-3.95,54.74,231.65,1496473764
Expanse,EXP,81,2.44818,0.00099464,545325.0,17745281.0,7248356.0,16248356.0,1.11,1.66,42.95,1496473764
E-Dinar Coin,EDR,82,0.0268308,0.00001090,457339.0,17725359.0,660634755.0,785634755.0,-5.23,-7.79,19.39,1496473775
Nexium,NXC,83,0.265668,0.00010794,1001890.0,17672657.0,66521586.0,66521586.0,1.44,-0.78,83.68,1496473780
Swarm City,SWT,84,2.64158,0.00107322,60845.8,17547026.0,6642625.0,6642625.0,0.74,12.25,23.83,1496473785
Agoras Tokens,AGRS,85,0.406027,0.00016496,43938.2,17053134.0,42000000.0,42000000.0,2.25,10.48,40.35,1496473763
LBRY Credits,LBC,86,0.246725,0.00010024,912401.0,16906713.0,68524524.0,466424524.0,4.0,15.68,58.32,1496473773
OBITS,OBITS,87,1.10753,0.00044996,392847.0,16334851.0,14748902.0,16443700.0,-10.24,-5.76,61.37,1496473766
TaaS,TAAS,88,1.9966,0.00081118,200884.0,16264305.0,8146001.0,8146001.0,1.86,7.94,59.12,1496473786
Chronobank,TIME,89,22.5086,0.00914475,536959.0,15983645.0,710113.0,710113.0,0.37,15.65,38.28,1496473784
ZCoin,XZC,90,7.12975,0.00289666,1005480.0,15960542.0,2238584.0,2238584.0,3.34,-3.97,54.83,1496473777
Infinitecoin,IFC,91,0.000175839,0.00000007,2878740.0,15930358.0,90596274910.0,90596274910.0,1.53,-6.35,62.78,1496474045
Unity Ingot,UNY,92,0.0782113,0.00003178,123923.0,15798683.0,202000000.0,10000000000.0,1.04,-0.45,92.22,1496473790
GridCoin,GRC,93,0.0400893,0.00001629,311902.0,15647365.0,390312753.0,390312753.0,0.43,8.88,61.57,1496473759
Mooncoin,MOON,94,0.0000688432,0.00000003,134825.0,15279638.0,221948401899,221948401899,10.18,53.55,60.5,1496474046
I/O Coin,IOC,95,0.9233,0.00037499,57043.0,15083476.0,16336484.0,16336484.0,2.2,10.97,32.82,1496474055
Pepe Cash,PEPECASH,96,0.021028,0.00000854,43906.1,14759217.0,701884009.0,701884009.0,0.98,-4.85,18.8,1496473777
Radium,RADS,97,4.52744,0.0018394,369615.0,14702684.0,3247461.0,3247461.0,0.15,10.37,69.46,1496473766
DigitalNote,XDN,98,0.0021307,0.00000087,2739220.0,14662553.0,6881566319.0,6881566319.0,8.54,35.45,79.57,1496474054
E-coin,ECN,99,4.70701,0.00191236,156935.0,13162147.0,2796286.0,211085178.0,0.71,1.17,21.02,1496473787
Blitzcash,BLITZ,100,3.22006,0.00130782,858580.0,13087263.0,4064292.0,4064292.0,6.21,143.21,931.14,1496474059
MonaCoin,MONA,101,0.257871,0.00010473,41423.6,13042445.0,50577400.0,50577400.0,3.03,-5.21,33.7,1496474049
Vertcoin,VTC,102,0.386035,0.00015679,571600.0,12909621.0,33441581.0,33441581.0,-0.75,3.78,54.05,1496474046
Golos,GOLOS,103,0.1026,0.00004168,49275.0,12630425.0,123103558.0,123103558.0,-0.15,7.84,94.24,1496473780
Etheroll,DICE,104,1.77109,0.00071956,56668.5,12400504.0,7001623.0,7001623.0,0.27,13.6,17.92,1496473790
LuckChain,BASH,105,0.0165813,0.00000674,869529.0,12005900.0,724062619.0,724062619.0,3.68,20.94,135.59,1496473779
Bitcrystals,BCY,106,0.511641,0.00020787,426095.0,11916846.0,23291422.0,23291422.0,9.51,27.1,56.01,1496473764
MergeCoin,MGC,107,0.120358,0.00004890,3168380.0,11910128.0,98955850.0,103955850.0,3.73,-3.8,46.18,1496473789
Clams,CLAM,108,4.97676,0.0020213,729771.0,11462872.0,2303280.0,16208641.0,2.05,3.88,43.65,1496474055
Pluton,PLU,109,12.4718,0.00506704,127204.0,10601024.0,850000.0,20000000.0,1.51,-5.89,65.9,1496473776
Bitland,CADASTRAL,110,0.352173,0.00014308,21106.8,10565190.0,30000000.0,30000000.0,8.23,-21.56,38.04,1496473773
Viacoin,VIA,111,0.461559,0.00018746,347985.0,10453426.0,22648083.0,22648083.0,1.92,15.81,41.15,1496474055
FlorinCoin,FLO,112,0.0773065,0.00003140,352638.0,10360542.0,134019025.0,134019025.0,0.93,9.97,48.3,1496474045
DNotes,NOTE,113,0.0785926,0.00003192,539246.0,9736737.0,123888725.0,123888725.0,-0.81,16.83,86.41,1496474049
HEAT,HEAT,114,0.362444,0.00014725,19008.9,9559362.0,26374728.0,26374728.0,2.53,10.15,18.9,1496473773
Skycoin,SKY,115,1.67126,0.000679,23199.0,9134775.0,5465801.0,100000000.0,0.65,21.04,2.3,1496473787
Energycoin,ENRG,116,0.0754407,0.00003064,8913.23,9124083.0,120943776.0,120943776.0,-4.72,3.62,25.22,1496474052
vSlice,VSL,117,0.272536,0.00011073,121792.0,9100112.0,33390496.0,33390496.0,1.39,0.48,8.39,1496473780
Crown,CRW,118,0.646343,0.00026251,18140.3,8963627.0,13868220.0,13868220.0,0.5,10.74,10.97,1496474058
Rubycoin,RBY,119,0.365909,0.00014861,30264.3,8926793.0,24396210.0,24396210.0,0.76,1.55,25.75,1496474049
VeriCoin,VRC,120,0.291882,0.00011855,547445.0,8818456.0,30212402.0,30212402.0,1.66,-1.43,31.82,1496474052
Creditbit,CRB,121,0.735875,0.00029897,1334110.0,8738031.0,11874342.0,11874342.0,-0.75,28.68,15.04,1496473766
Pascal Coin,PASC,122,0.85423,0.00034705,283624.0,8565450.0,10027100.0,10027100.0,-3.28,10.4,45.24,1496473780
Primecoin,XPM,123,0.438402,0.00017806,5170480.0,8477471.0,19337209.0,19337209.0,-2.63,1.5,66.51,1496474043
NeosCoin,NEOS,124,2.46244,0.00100011,523645.0,8244387.0,3348056.0,3348056.0,-1.54,6.72,30.32,1496474057
FedoraCoin,TIPS,125,0.0000185551,0.000000008,54337.5,8223030.0,443168182458,443168182458,-0.63,-7.45,25.51,1496474045
SolarCoin,SLR,126,0.231681,0.00009410,96747.1,8147026.0,35164845.0,98034181576.0,-0.4,8.32,31.48,1496474050
Bitcoin Plus,XBC,127,83.0073,0.0337131,233561.0,8046638.0,96939.0,96939.0,1.07,15.58,35.4,1496474051
SaluS,SLS,128,7.64255,0.003105,25702.5,7668960.0,1003456.0,1003456.0,1.51,-1.38,93.45,1496473766
Einsteinium,EMC2,129,0.0361331,0.00001468,381257.0,7637280.0,211365194.0,211365194.0,0.99,9.26,37.08,1496474048
BelaCoin,BELA,130,0.216844,0.00008807,416597.0,7585452.0,34981150.0,34981150.0,-0.78,2.81,29.83,1496474050
ION,ION,131,0.546446,0.00022201,57671.0,7524761.0,13770365.0,19670365.0,-5.6,30.35,42.1,1496473771
VPNCoin,VASH,132,0.0186551,0.00000758,1746510.0,7468378.0,400339746.0,400339746.0,0.81,-7.94,45.36,1496474059
Incent,INCNT,133,0.316926,0.00012876,140177.0,7291932.0,23008312.0,46016625.0,-1.12,4.28,67.45,1496473780
PinkCoin,PINK,134,0.0226951,0.00000922,2708950.0,7286159.0,321045450.0,371045450.0,11.96,36.36,85.87,1496474052
Global Currency Reserve,GCR,135,0.0667066,0.00002710,44679.8,6850385.0,102694255.0,102694255.0,-0.66,4.46,19.07,1496473763
MonetaryUnit,MUE,136,0.0553211,0.00002247,96506.0,6726579.0,121591560.0,121591560.0,9.17,29.69,54.79,1496474058
Lunyr,LUN,137,2.92303,0.00118756,159021.0,6716693.0,2297853.0,2703356.0,0.98,3.27,16.3,1496473789
Asch,XAS,138,0.0876324,0.00003560,65127.8,6572430.0,75000000.0,100000000.0,1.02,-2.3,50.76,1496473786
Safe Exchange Coin,SAFEX,139,0.00305258,0.00000124,38011.8,6555366.0,2147483647.0,2147483647.0,-0.11,12.93,55.77,1496473767
Novacoin,NVC,140,3.73687,0.00151772,76206.3,6488288.0,1736290.0,1736290.0,-0.39,0.33,12.41,1496474040
Rise,RISE,141,0.0594853,0.00002417,309858.0,6387961.0,107387215.0,107387215.0,18.37,112.44,245.5,1496473772
Feathercoin,FTC,142,0.0388202,0.00001577,121943.0,6363039.0,163910520.0,163910520.0,-1.77,-1.87,48.64,1496474051
FirstCoin,FRST,143,2.02282,0.00082183,66799.9,6230757.0,3080233.0,110000000.0,2.58,10.21,29.52,1496473782
ZClassic,ZCL,144,4.12423,0.00167559,308138.0,6113346.0,1482300.0,1482300.0,0.94,-4.67,67.69,1496473778
FoldingCoin,FLDC,145,0.0124431,0.00000505,527216.0,6093908.0,489741985.0,1000000000.0,10.56,20.01,63.4,1496474057
Aeon,AEON,146,0.421586,0.00017128,26822.4,6000963.0,14234257.0,14234257.0,-6.7,-11.4,3.28,1496473762
WorldCoin,WDC,147,0.0516266,0.00002097,386089.0,5916721.0,114606052.0,114606052.0,0.86,2.07,74.44,1496474041
ICO OpenLedger,ICOO,148,12.365,0.00502363,11640.6,5833744.0,471795.0,471795.0,37.24,46.31,139.15,1496473771
SIBCoin,SIB,149,0.395405,0.00016065,32231.2,5796178.0,14658839.0,14658839.0,1.26,-0.81,45.46,1496473764
RouletteToken,RLT,150,0.569928,0.00023155,148131.0,5751838.0,10092219.0,10092942.0,0.66,23.73,34.77,1496473791
Darcrus,DAR,151,0.419663,0.0001705,44394.9,5717389.0,13623762.0,13623762.0,-1.27,26.76,62.64,1496473781
Gambit,GAM,152,4.75041,0.00192999,29958.4,5625369.0,1184186.0,1184186.0,2.84,-0.89,32.89,1496473760
Janus,JNS,153,0.261998,0.00010644,9310.32,5533946.0,21122091.0,25201489.0,3.22,9.34,26.19,1496473782
Auroracoin,AUR,154,0.620365,0.00025196,11102.1,5371206.0,8658139.0,8658139.0,0.9,5.02,22.62,1496474049
Vcash,XVC,155,0.334958,0.00013609,231109.0,5108837.0,15252172.0,15252172.0,2.18,9.12,25.11,1496473759
SpreadCoin,SPR,156,0.590921,0.00024,52706.4,4809624.0,8139199.0,8139199.0,18.2,34.81,90.16,1496474059
HunterCoin,HUC,157,0.268337,0.00010898,6979210.0,4736897.0,17652790.0,17652790.0,27.34,125.08,218.04,1496474052
OKCash,OK,158,0.0660042,0.00002682,110426.0,4724956.0,71585689.0,71585689.0,3.61,5.38,170.58,1496473757
APX,APX,159,5.16867,0.00209992,393428.0,4651803.0,900000.0,1000000.0,-0.69,17.84,35.3,1496473791
Quark,QRK,160,0.0184529,0.00000749,234216.0,4615090.0,250101047.0,250101047.0,7.52,24.39,80.93,1496474043
Bitmark,BTM,161,1.1698,0.00047511,280232.0,4563600.0,3901180.0,3901180.0,-1.02,18.78,17.87,1496474057
Sphere,SPHR,162,1.47547,0.00059945,5448.25,4548786.0,3082940.0,3082940.0,0.73,-3.9,148.97,1496473761
FairCoin,FAIR,163,0.0828272,0.00003364,4151.12,4398625.0,53106042.0,53106042.0,3.56,-0.19,43.93,1496474050
CloakCoin,CLOAK,164,0.854796,0.00034717,30776.6,4277200.0,5003767.0,5003767.0,0.79,-0.05,43.69,1496474053
Ethereum Movie Venture,EMV,165,0.63966,0.00025988,2793.01,4264400.0,6666666.0,6666666.0,0.34,-4.98,31.9,1496473788
bitCNY,BITCNY,166,0.139427,0.00005663,537136.0,4193128.0,30074000.0,30074000.0,-8.34,-0.16,-1.45,1496474058
NautilusCoin,NAUT,167,0.251947,0.00010233,336454.0,4076502.0,16180000.0,16180000.0,0.83,4.89,37.82,1496474052
Unobtanium,UNO,168,20.4111,0.00828988,87195.1,4035798.0,197726.0,197726.0,0.69,-0.27,14.37,1496474044
LoMoCoin,LMC,169,0.0191306,0.00000777,366772.0,3990001.0,208566429.0,293566429.0,1.0,-8.07,22.73,1496473776
BitBean,BITB,170,0.00202682,0.00000082,227092.0,3972302.0,1959869000.0,1959869000.0,10.99,48.66,81.08,1496473758
Circuits of Value,COVAL,171,0.00984546,0.00000400,144804.0,3938184.0,400000000.0,1200000000.0,2.79,19.95,39.12,1496473759
ArtByte,ABY,172,0.00502075,0.00000204,119249.0,3881249.0,773041650.0,773041650.0,3.8,-4.32,64.63,1496474054
DubaiCoin,DBIX,173,4.45015,0.001808,30885.4,3872820.0,870267.0,870267.0,8.85,-0.55,87.97,1496473787
Minereum,MNE,174,9.5541,0.00388162,273947.0,3864202.0,404455.0,404455.0,-3.64,19.94,325.67,1496473789
Riecoin,RIC,175,0.110002,0.00004468,703412.0,3764249.0,34219825.0,34219825.0,2.72,6.74,81.6,1496474047
PoSW Coin,POSW,176,0.0893429,0.00003630,80481.7,3663059.0,41000000.0,70000000.0,3.38,24.39,95.62,1496473780
Wild Beast Block,WBB,177,1.56632,0.00063636,41529.0,3642757.0,2325679.0,2325679.0,14.22,22.48,14.54,1496473759
BitSend,BSD,178,0.233111,0.00009468,44762.6,3558043.0,15263300.0,15263300.0,-6.53,5.65,58.16,1496474053
Musicoin,MUSIC,179,0.0200114,0.00000813,102872.0,3460619.0,172932360.0,172932360.0,4.65,16.46,55.29,1496473785
Diamond,DMD,180,1.55153,0.00063015,6626.28,3297208.0,2125133.0,2125133.0,2.73,8.98,25.21,1496474044
Zennies,ZENI,181,0.00324846,0.00000132,6247.12,3250672.0,1000680926.0,1000680926.0,0.48,2.64,22.14,1496473788
Megacoin,MEC,182,0.0945021,0.00003838,626296.0,3107839.0,32886450.0,32886450.0,6.49,3.71,48.96,1496474056
Myriad,XMY,183,0.00206997,0.00000084,187415.0,3076593.0,1486298500.0,1486298500.0,2.65,32.55,16.22,1496474048
Curecoin,CURE,184,0.122256,0.00004965,17317.0,2898497.0,23708425.0,23708425.0,-1.46,2.0,15.48,1496474052
Bata,BTA,185,0.562085,0.00022836,64914.9,2783179.0,4951528.0,4951528.0,5.64,38.87,122.69,1496473761
RaiBlocks,XRB,186,0.0369613,0.00001502,41192.3,2781834.0,75263427.0,340282367.0,0.94,2.28,74.29,1496473785
Zetacoin,ZET,187,0.0165828,0.00000674,331322.0,2755402.0,166160268.0,166160268.0,0.19,-6.56,81.6,1496474043
InstantDEX,DEX,188,2.75124,0.00111741,3436.29,2751240.0,1000000.0,1000000.0,3.1,14.07,,1496474057
Atmos,ATMS,189,0.0269256,0.00001094,132468.0,2694559.0,100074248.0,110074248.0,1.51,9.88,49.43,1496473787
Steem Dollars,SBD,190,1.82553,0.00074167,247332.0,2606084.0,1427577.0,1427577.0,2.4,13.34,47.96,1496473773
ZcCoin,ZCC,191,0.0419432,0.00001704,1621880.0,2586094.0,61657044.0,61657044.0,3.34,-8.78,65.33,1496474056
Cryptonite,XCN,192,0.00785694,0.00000319,955719.0,2578122.0,328133108.0,328133108.0,-3.1,4.86,59.37,1496474055
Ethbits,ETB,193,1.90392,0.00077352,3499.68,2564553.0,1346986.0,1634691.0,0.27,28.77,,1496473792
Spectrecoin,XSPEC,194,0.118538,0.00004816,147220.0,2417954.0,20398132.0,20398132.0,0.08,5.78,15.49,1496473781
Breakout Stake,BRX,195,0.372109,0.00015118,12400.3,2332410.0,6268082.0,6268082.0,0.74,17.58,83.21,1496473773
Veros,VRS,196,0.0270148,0.00001098,43174.5,2309413.0,85486938.0,10000000000.0,0.37,-10.02,16.17,1496473779
Adzcoin,ADZ,197,0.0414897,0.00001686,14020.4,2275627.0,54848000.0,54848000.0,-4.17,9.1,30.01,1496473766
Espers,ESP,198,0.000112527,0.00000005,6955.5,2265122.0,20129583372.0,20129583372.0,9.74,-2.48,15.02,1496473769
Digitalcoin,DGC,199,0.0656674,0.00002667,233815.0,2258288.0,34389793.0,34389793.0,5.21,-3.69,58.13,1496474041
bitUSD,BITUSD,200,0.990177,0.00040216,189790.0,2201916.0,2223760.0,2223760.0,-2.27,-0.36,-1.47,1496474057
BlockPay,BLOCKPAY,201,0.400221,0.0001626,22936.6,2172520.0,5428300.0,98928316.0,2.04,10.74,91.18,1496473775
Groestlcoin,GRS,202,0.0316135,0.00001284,13222.7,2137871.0,67625242.0,67625242.0,2.03,0.34,27.2,1496474050
iCash,ICASH,203,0.00959743,0.00000390,14271.1,2120643.0,220959445.0,220959445.0,0.71,8.2,25.89,1496473760
BoostCoin,BOST,204,0.178504,0.00007250,164634.0,2116252.0,11855487.0,11855487.0,3.96,-5.38,51.12,1496474053
Qwark,QWARK,205,0.118072,0.00004797,91964.5,2085068.0,17659296.0,250377576.0,22.1,94.94,217.97,1496473769
FUNCoin,FUNC,206,0.352596,0.00014325,30089.3,2036915.0,5776909.0,100000000.0,-3.58,-1.24,47.82,1496473790
Zeitcoin,ZEIT,207,0.0000560330,0.00000002,10094.2,2035645.0,36329389026.0,36329389026.0,0.38,-17.21,33.45,1496474049
MaxCoin,MAX,208,0.0373869,0.00001518,233682.0,2035443.0,54442678.0,54442678.0,2.27,3.61,103.7,1496474047
Project Decorum,PDC,209,0.0382742,0.00001555,2600.05,1913710.0,50000000.0,50000000.0,0.7,0.86,14.68,1496473772
TransferCoin,TX,210,0.319371,0.00012975,8246.6,1908250.0,5975026.0,5975026.0,2.49,3.22,-4.52,1496473763
Mintcoin,MINT,211,0.0000757719,0.00000003,7584.88,1845014.0,24349585848.0,24349585848.0,-22.82,-30.57,12.04,1496474047
Tickets,TIX,212,0.0000265686,0.00000001,33763.9,1776809.0,66876281414.0,66876281414.0,-0.77,-3.89,54.15,1496474043
GoldCoin,GLD,213,0.0439468,0.00001785,7731.84,1769120.0,40255936.0,40255936.0,-1.73,-4.13,9.57,1496474045
Anoncoin,ANC,214,0.833416,0.00033849,267339.0,1758772.0,2110317.0,2110317.0,1.82,54.43,103.39,1496474042
CryptoCarbon,CCRB,215,0.479673,0.00019488,18633.1,1708648.0,3562111.0,10000150.0,0.71,6.59,50.12,1496473782
DeepWebCash,DWC,216,1.21631,0.00049416,17442.2,1630175.0,1340263.0,1340263.0,3.24,-5.64,-22.17,1496473780
Visio,VISIO,217,0.0315429,0.00001282,4821.71,1596186.0,50603659.0,62603659.0,3.75,24.35,23.32,1496473784
Sequence,SEQ,218,0.0356652,0.00001449,6132.1,1594330.0,44702674.0,44702674.0,1.78,13.59,58.93,1496473777
Bitswift,SWIFT,219,0.387692,0.00015746,10389.6,1574388.0,4060925.0,4060925.0,1.5,26.33,141.49,1496474058
Breakout,BRK,220,0.0871816,0.00003542,7132.53,1562033.0,17917007.0,17917007.0,4.56,18.45,40.09,1496473772
Boolberry,XBB,221,0.159149,0.00006464,8229.42,1517085.0,9532480.0,9532480.0,1.17,3.28,30.51,1496474054
2GIVE,2GIVE,222,0.00295253,0.00000120,16873.0,1514648.0,512999922.0,512999922.0,1.57,8.86,-6.87,1496473771
vTorrent,VTR,223,0.136552,0.00005546,12175.9,1476942.0,10815966.0,10815966.0,-2.75,-5.97,75.95,1496474059
Voxels,VOX,224,0.0461344,0.00001874,485457.0,1453234.0,31500000.0,210000000.0,5.65,18.89,105.21,1496473769
EB3 Coin,EB3,225,0.295389,0.00012001,260423.0,1384095.0,4685668.0,786000000.0,7.9,1.77,13.24,1496473786
Startcoin,START,226,0.0300226,0.00001219,57109.2,1353412.0,45079785.0,70782220.0,-8.77,-4.19,-16.72,1496474055
InsaneCoin,INSANE,227,0.0737718,0.00002997,976.225,1353049.0,18341006.0,18341006.0,2.28,0.42,63.92,1496473778
Renos,RNS,228,0.0401947,0.00001633,592673.0,1340590.0,33352404.0,33352404.0,-2.06,-10.16,187.67,1496473784
EuropeCoin,ERC,229,0.135818,0.00005518,828.641,1338026.0,9851611.0,9851611.0,0.7,6.78,34.38,1496473761
MediterraneanCoin,MED,230,0.0260989,0.00001060,264091.0,1297288.0,49706598.0,49706598.0,-0.18,45.64,135.38,1496474058
Stealthcoin,XST,231,0.0483077,0.00001962,3347.51,1264716.0,26180412.0,26180412.0,0.76,5.01,35.35,1496474054
Creativecoin,CREA,232,0.116985,0.00004753,7314.68,1235352.0,10559919.0,12271647.0,1.55,3.76,14.3,1496473791
Dynamic,DYN,233,0.737671,0.0002997,5670.9,1192782.0,1616957.0,4370861.0,-0.7,11.63,34.45,1496473785
VeriumReserve,VRM,234,1.0481,0.00042582,102537.0,1168236.0,1114623.0,1114623.0,2.68,30.79,45.49,1496473777
ChainCoin,CHC,235,0.0776587,0.00003155,9296.48,1140702.0,14688659.0,14688659.0,-0.41,-18.79,8.94,1496473762
TagCoin,TAG,236,0.205503,0.00008346,241614.0,1128835.0,5493035.0,5493035.0,5.26,-1.16,42.6,1496474043
Inpay,INPAY,237,0.112245,0.00004560,21251.0,1122450.0,10000000.0,10000000.0,0.71,8.63,-8.33,1496473787
GeoCoin,GEO,238,0.455675,0.00018513,30245.2,1118718.0,2455079.0,2455079.0,34.4,57.94,129.27,1496473759
WhiteCoin,XWC,239,0.00450576,0.00000183,15639.8,1117687.0,248057391.0,248057391.0,5.97,10.88,91.91,1496474051
Yocoin,YOC,240,0.0101203,0.00000411,53284.3,1068894.0,105618830.0,200000000.0,-0.14,-3.3,31.76,1496473766
Ixcoin,IXC,241,0.0506949,0.00002059,1591.37,1064547.0,20999088.0,20999088.0,1.04,-24.42,-0.59,1496474044
DopeCoin,DOPE,242,0.00957782,0.00000389,27741.2,1063958.0,111085648.0,111085648.0,5.63,6.53,25.16,1496474047
HTMLCOIN,HTML5,243,0.0000260657,0.00000001,3725.49,1059806.0,40659020000.0,40659020000.0,-0.72,22.71,39.12,1496474057
SecureCoin,SRC,244,0.135045,0.00005485,189436.0,1051446.0,7785896.0,7785896.0,3.17,-1.16,37.11,1496474043
Triggers,TRIG,245,0.0319731,0.00001299,5250.37,1026515.0,32105593.0,100000000.0,2.22,4.5,10.35,1496473777
PepeCoin,PEPE,246,0.0738449,0.00003000,19507.9,1017923.0,13784610.0,13784610.0,0.63,17.65,64.15,1496473768
Hacker Gold,HKG,247,0.0621096,0.00002523,2060.68,1000641.0,16110893.0,16110893.0,9.21,8.14,18.44,1496473780
Mercury,MER,248,0.009999,0.00000406,1844.94,999900.0,100000000.0,100000000.0,2.86,2.96,0.5,1496473785
AudioCoin,ADC,249,0.00124893,0.00000051,1378.99,990650.0,793198644.0,793198644.0,1.1,8.89,6.08,1496473761
CannabisCoin,CANN,250,0.0127792,0.00000519,56279.5,986953.0,77231176.0,91859176.0,0.74,1.83,73.56,1496474055
DIBCOIN,DIBC,251,0.196136,0.00007969,4346.14,980680.0,5000000.0,5000000000.0,4.38,5.06,30.05,1496473787
Woodcoin,LOG,252,0.117579,0.00004777,3322.39,944770.0,8035193.0,8035193.0,0.71,14.4,31.19,1496473760
PutinCoin,PUT,253,0.00470575,0.00000191,4523.44,943115.0,200417616.0,200417616.0,1.09,-1.44,49.66,1496473772
HiCoin,XHI,254,0.00493296,0.00000200,109399.0,935930.0,189729990.0,10189729990.0,2.32,4.58,9.38,1496473770
LiteDoge,LDOGE,255,0.0000630765,0.00000003,9861.04,931949.0,14774895160.0,14774895160.0,-2.54,-8.46,17.1,1496473759
EverGreenCoin,EGC,256,0.0662964,0.00002693,9085.69,883154.0,13321301.0,13321301.0,4.59,5.55,30.3,1496473767
Syndicate,SYNX,257,0.0772275,0.00003138,11732.7,870266.0,11268860.0,11268860.0,-0.25,-13.46,88.94,1496473772
Pesetacoin,PTC,258,0.00664381,0.00000270,1741.48,867392.0,130556449.0,130556449.0,1.1,12.85,21.92,1496474048
ArcticCoin,ARC,259,0.036793,0.00001495,6494.68,859679.0,23365292.0,23365292.0,0.19,16.06,-13.11,1496473778
Joincoin,J,260,0.339186,0.00013776,555.71,830464.0,2448402.0,2448402.0,0.72,-63.95,119.69,1496474056
Ripto Bux,RBX,261,0.00242011,0.00000098,3824.47,827920.0,342100100.0,1000000000.0,25.3,3.92,57.77,1496473786
ShadowCash,SDC,262,0.120899,0.00004910,527.043,806080.0,6667381.0,6667381.0,0.76,-1.85,7.87,1496474056
Centurion,CNT,263,0.0311689,0.00001266,30732.8,805725.0,25850279.0,63389078.0,1.44,-2.62,15.43,1496473784
Hush,HUSH,264,0.730705,0.00029687,31588.4,804424.0,1100888.0,1222363.0,-1.39,0.08,75.03,1496473779
Unitus,UIS,265,0.0168649,0.00000685,22719.5,789039.0,46785866.0,46785866.0,-0.05,1.09,0.74,1496473758
e-Gulden,EFL,266,0.0501884,0.00002038,1714.01,770208.0,15346340.0,20385680.0,0.76,1.82,-26.64,1496474049
Tokes,TKS,267,1.16922,0.00047503,10119.4,757215.0,647624.0,50000000.0,0.18,12.24,36.49,1496473785
HempCoin,THC,268,0.00356978,0.00000145,18107.5,756162.0,211823061.0,211823061.0,2.88,15.18,14.4,1496474055
ExclusiveCoin,EXCL,269,0.183013,0.00007433,5519.87,748417.0,4089421.0,4089421.0,0.46,15.34,25.41,1496474058
ProCurrency,PROC,270,0.259451,0.00010541,823.084,730408.0,2815205.0,15000053805.0,0.91,1.89,8.97,1496473789
Fantomcoin,FCN,271,0.120646,0.00004900,3533.58,707487.0,5864153.0,5864153.0,-0.59,-5.62,33.13,1496474053
BlueCoin,BLU,272,0.00123003,0.00000050,1766.09,706878.0,574683675.0,574683675.0,-10.28,-16.08,185.45,1496474052
Altcoin,ALT,273,5.6986,0.00231522,2279.32,696228.0,122175.0,134063.0,0.4,9.58,101.42,1496473788
Synergy,SNRG,274,0.239975,0.00009750,1025.84,666479.0,2777285.0,2777285.0,0.73,2.98,46.25,1496473762
CacheCoin,CACH,275,0.172992,0.00007026,35282.8,623722.0,3605496.0,3605496.0,0.76,103.99,,1496474047
ReeCoin,REE,276,0.0499657,0.00002030,5425.02,617961.0,12367704.0,6662367704.0,2.41,42.16,141.39,1496473773
Tao,XTO,277,0.0202261,0.00000822,769.538,613208.0,30317644.0,32317644.0,0.76,3.55,20.82,1496473776
DT Token,DRACO,278,0.00674403,0.00000274,81967.4,599469.0,88888888.0,88888888.0,-7.8,10.09,86.92,1496473772
Magi,XMG,279,0.083617,0.00003396,4598.6,590087.0,7057025.0,7057025.0,0.76,-0.27,5.3,1496474057
TrustPlus,TRUST,280,0.0183185,0.00000744,1043.13,587778.0,32086595.0,32086595.0,0.76,-0.67,51.54,1496474055
Deutsche eMark,DEM,281,0.0206697,0.00000839,877.558,574482.0,27793416.0,27793416.0,0.74,-4.86,32.9,1496474044
Moin,MOIN,282,0.0805339,0.00003272,1637.09,559771.0,6950748.0,6950748.0,-2.67,6.85,45.98,1496473765
SuperCoin,SUPER,283,0.0135419,0.00000550,4148.08,557325.0,41155630.0,41155630.0,58.33,59.69,,1496474052
1337,1337,284,0.0000241650,0.000000010,5823.49,552175.0,22850187357.0,22850187357.0,-2.1,8.02,31.07,1496473764
FujiCoin,FJC,285,0.000564004,0.00000023,3427.43,543578.0,963783392.0,963783392.0,6.3,-12.4,25.14,1496473761
TileCoin,XTC,286,0.00534681,0.00000217,13348.7,534681.0,100000000.0,100000000.0,3.05,1.35,25.92,1496474058
UniBURST,UNIBURST,287,0.496029,0.00020153,10139.3,496029.0,999999.0,1000000.0,-11.67,-12.21,176.05,1496473784
Canada eCoin,CDN,288,0.00502787,0.00000204,960.856,489793.0,97415544.0,97415544.0,0.57,-4.94,22.27,1496474051
Elcoin,EL,289,0.0435208,0.00001768,2725.05,487823.0,11208967.0,20935289.0,-4.68,-4.47,-3.49,1496473770
IncaKoin,NKA,290,0.0000615402,0.00000003,4502.72,463830.0,7537017089.0,7537017089.0,0.73,-17.12,198.07,1496473758
NuShares,NSR,291,0.000167601,0.00000007,1985.53,452903.0,2702268334.0,3317185701.0,2.23,-3.99,-46.49,1496474059
NobleCoin,NOBL,292,0.000196065,0.00000008,20172.6,449325.0,2291715918.0,2291715918.0,0.76,1.4,4.81,1496474046
Capricoin,CPC,293,0.449596,0.00018266,41916.5,442859.0,985015.0,200985015.0,0.51,-2.2,30.43,1496473763
TrumpCoin,TRUMP,294,0.0662408,0.00002691,1374.23,433186.0,6539568.0,6539568.0,0.87,1.53,24.33,1496473767
KoreCoin,KORE,295,0.236491,0.00009605,2546.38,433003.0,1830949.0,1830949.0,5.19,1.13,15.03,1496474054
Terracoin,TRC,296,0.0208128,0.00000845,7486.18,418506.0,20108120.0,20108120.0,-1.39,30.91,31.11,1496474040
I0Coin,I0C,297,0.019648,0.00000798,897.713,412107.0,20974478.0,20974478.0,0.67,1.02,21.69,1496474052
CasinoCoin,CSC,298,0.0103913,0.00000422,503.888,401117.0,38601187.0,38601187.0,0.31,-12.75,-8.37,1496474043
BitBar,BTB,299,12.0495,0.00489387,948.3,392775.0,32597.0,32597.0,0.73,2.94,18.94,1496474041
iTicoin,ITI,300,11.6568,0.0047359,49438.2,373018.0,32000.0,9999992.0,0.0,6.09,29.91,1496473790
Newbium,NEWB,301,0.015482,0.00000629,21600.9,371568.0,24000000.0,51000000.0,-0.07,26.29,300.12,1496473771
PostCoin,POST,302,0.0234622,0.00000953,3150.58,370124.0,15775332.0,15775332.0,-0.15,-1.32,16.21,1496473769
Jewels,JWL,303,0.0179926,0.00000731,3275.05,363029.0,20176598.0,20176598.0,1.81,9.23,27.87,1496473775
GCoin,GCN,304,0.0000025653,0.000000001,2620.15,356696.0,139045310000,139045310000,0.84,13.37,70.55,1496473758
Trollcoin,TROLL,305,0.00063941,0.00000026,958.987,354101.0,553792999.0,553792999.0,0.76,3.19,7.1,1496474057
Wyvern,WYV,306,0.320027,0.00013002,2238.5,349031.0,1090631.0,1090631.0,0.7,1.61,0.91,1496473787
MazaCoin,MZC,307,0.000318569,0.00000013,782.481,348074.0,1092618137.0,1092618137.0,18.57,-11.57,37.67,1496474048
Virtacoinplus,XVP,308,0.0392467,0.00001595,1429.19,346234.0,8821985.0,10356578.0,2.39,-4.71,-20.11,1496473784
Master Swiscoin,MSCN,309,0.031836,0.00001293,11203.6,326698.0,10261890.0,1002587875.0,2.22,-7.88,-9.47,1496473783
Dotcoin,DOT,310,0.0014422,0.00000059,29903.5,324543.0,225033500.0,490033500.0,-1.97,4.41,30.06,1496473758
Atomic Coin,ATOM,311,0.0320273,0.00001301,1255.24,321917.0,10051332.0,10051332.0,0.77,21.21,66.13,1496473777
Bytecent,BYC,312,0.185943,0.00007552,11217.7,301683.0,1622448.0,1622448.0,-6.56,13.58,15.66,1496474059
Influxcoin,INFX,313,0.174834,0.00007103,13049.6,292564.0,1673383.0,1673383.0,-7.71,-2.65,-14.13,1496473764
ParkByte,PKB,314,0.0607711,0.00002469,1870.5,289515.0,4764026.0,4764026.0,-2.11,-1.92,30.57,1496473761
Asiadigicoin,ADCN,315,0.0110269,0.00000448,1893.39,274912.0,24931054.0,210000000.0,0.47,-6.66,-17.78,1496473767
Quatloo,QTL,316,0.03691,0.00001499,4951.29,274574.0,7439026.0,7439026.0,0.75,-1.27,2.9,1496474054
8Bit,8BIT,317,0.231376,0.00009400,2769.52,269418.0,1164415.0,1164415.0,0.37,15.9,-12.44,1496473760
Cryptojacks,CJ,318,0.000649932,0.00000026,86440.3,264242.0,406568581.0,406568581.0,-26.1,4.67,114.28,1496473773
Sexcoin,SXC,319,0.00208805,0.00000085,2771.94,255893.0,122551401.0,122551401.0,0.97,-1.67,20.48,1496474051
Rubies,RBIES,320,0.0240552,0.00000977,2413.64,249538.0,10373577.0,10373577.0,1.09,6.61,5.28,1496473767
Karbowanec,KRB,321,0.0697925,0.00002836,5017.24,247408.0,3544906.0,3544906.0,-1.53,-11.0,1.66,1496473773
Zoin,ZOI,322,0.0216831,0.00000881,777.73,233536.0,10770400.0,10770400.0,0.73,-12.77,6.8,1496473779
Torcoin,TOR,323,0.882621,0.00035859,8884.58,232479.0,263397.0,1263397.0,-0.65,18.5,27.82,1496473787
PRCoin,PRC,324,0.0235937,0.00000959,16214.5,223744.0,9483200.0,789483200.0,0.79,2.43,-2.96,1496473783
UltraCoin,UTC,325,0.00507206,0.00000206,2930.69,218633.0,43105421.0,43105421.0,-6.08,-13.03,35.57,1496474046
Flycoin,FLY,326,0.983636,0.00039963,16328.9,207356.0,210806.0,210806.0,0.7,33.37,273.0,1496473764
GoldBlocks,GB,327,0.0138291,0.00000562,950.081,205615.0,14868308.0,14868308.0,2.2,12.94,43.35,1496473772
NuBits,USNBT,328,1.01413,0.00041189,81134.7,199552.0,196772.0,838087.0,1.31,1.43,-0.79,1496474058
LiteBar,LTB,329,0.307565,0.00012492,1691.76,198757.0,646227.0,646227.0,0.76,-6.05,7.2,1496474050
Pesobit,PSB,330,0.00590728,0.00000240,543.193,193015.0,32674166.0,32674166.0,0.28,-1.77,24.61,1496473776
UnbreakableCoin,UNB,331,0.0748836,0.00003041,2371.67,170596.0,2278150.0,2278150.0,0.76,-3.04,28.33,1496474053
Fastcoin,FST,332,0.00134055,0.00000054,1586.84,169934.0,126764507.0,126764507.0,4.36,4.72,61.18,1496474042
Sumokoin,SUMO,333,0.344591,0.00014,10533.7,161547.0,468807.0,9357696.0,0.73,36.83,,1496473791
Netko,NETKO,334,0.0652709,0.00002652,861.132,160870.0,2464644.0,2464644.0,0.13,-1.05,-1.13,1496473785
Truckcoin,TRK,335,0.00130495,0.00000053,784.383,160732.0,123170852.0,123170852.0,0.76,17.1,87.16,1496474055
LanaCoin,LANA,336,0.000204183,0.00000008,941.523,152952.0,749094116.0,749094116.0,-10.9,40.51,127.48,1496473771
TEKcoin,TEK,337,0.000108061,0.00000004,1698.41,152804.0,1414054562.0,1414054562.0,-11.23,40.49,336.21,1496474052
bitBTC,BITBTC,338,2396.55,0.973351,54774.4,152612.0,64.0,64.0,-1.09,-4.13,17.18,1496474057
Pascal Lite,PASL,339,0.0729303,0.00002963,2807.02,144832.0,1985900.0,1985900.0,0.46,11.92,-9.56,1496473785
BERNcash,BERN,340,0.00196972,0.00000080,1001.65,140312.0,71234301.0,71234301.0,0.97,5.38,17.8,1496473769
TheGCCcoin,GCC,341,0.0197155,0.00000801,2503.21,138872.0,7043813.0,867043813.0,0.7,-6.57,-14.24,1496473783
HoboNickels,HBN,342,0.00270838,0.00000110,681.155,131620.0,48597386.0,48597386.0,0.74,-2.59,96.96,1496474044
Machinecoin,MAC,343,0.00639955,0.00000260,2417.03,125182.0,19561050.0,19561050.0,0.92,5.89,17.8,1496473759
Phoenixcoin,PXC,344,0.00214152,0.00000087,695.397,123991.0,57898775.0,57898775.0,4.36,22.83,124.29,1496474043
bitEUR,BITEUR,345,1.19058,0.00048371,41371.7,122154.0,102600.0,102600.0,7.18,4.3,6.62,1496473761
Rimbit,RBT,346,0.00103315,0.00000042,1004.91,119328.0,115499623.0,393459356.0,3.93,5.57,23.05,1496474058
Piggycoin,PIGGY,347,0.000237168,0.00000010,800.597,114745.0,483815041.0,483815041.0,0.86,-18.55,-24.94,1496474054
MojoCoin,MOJO,348,0.00942529,0.00000383,2802.28,113635.0,12056398.0,12056398.0,-1.79,-0.85,-18.16,1496473769
Digital Rupees,DRS,349,0.000221523,0.00000009,1140.19,113155.0,510802961.0,510802961.0,0.73,30.62,-11.13,1496473782
bitSilver,BITSILVER,350,19.4191,0.00788957,5056.66,109457.0,5637.0,5637.0,3.48,-8.61,13.05,1496473758
Eryllium,ERY,351,0.0237756,0.00000966,4602.5,103540.0,4354883.0,14354883.0,-0.58,11.62,-26.1,1496473783
CHNCoin,CNC,352,0.00395225,0.00000161,12208.4,99835.0,25260247.0,170109984.0,1.29,-6.46,25.82,1496474055
PipCoin,PIP,353,0.0147682,0.00000600,868.423,97074.0,6573177.0,6999979.0,0.73,-29.2,-20.46,1496473777
Chronos,CRX,354,0.00113835,0.00000046,1269.37,83931.0,73729962.0,73729962.0,27.43,38.12,102.53,1496473774
Freicoin,FRC,355,0.00270838,0.00000110,18166.8,75585.0,27907998.0,100000000.0,0.74,1.62,29.8,1496474042
Greencoin,GREV2,356,0.0000246216,0.00000001,609.549,75365.0,3060948641.0,3060948641.0,0.76,-49.19,-6.54,1496474054
Gapcoin,GAP,357,0.00666849,0.00000271,10310.0,72604.0,10887593.0,10887593.0,-0.32,2.02,43.26,1496474058
AquariusCoin,ARCO,358,0.0553874,0.00002250,631.196,67741.0,1223041.0,1223041.0,4.67,28.12,51.93,1496473770
MCAP,MCAP,359,6.71755,0.0027292,74734.8,67209.0,10005.0,100000000.0,0.51,4.17,,1496473791
Kurrent,KURT,360,0.00661249,0.00000269,1978.18,65592.0,9919485.0,21319485.0,0.26,-0.72,12.11,1496473779
CrevaCoin,CREVA,361,0.0017617,0.00000072,11450.3,64110.0,36390750.0,6240390800.0,2.96,-3.15,5.5,1496473762
Wexcoin,WEX,362,0.376568,0.00015299,3046.67,63264.0,168000.0,10000168000.0,0.32,10.39,16.66,1496473777
PonziCoin,PONZI,363,0.0689183,0.00002800,653.341,59345.0,861099.0,861099.0,0.7,5.87,66.89,1496473770
PetroDollar,XPD,364,0.000866795,0.00000035,2197.77,55469.0,63993275.0,63993275.0,3.02,-15.47,-2.12,1496474050
Acoin,ACOIN,365,0.0445406,0.00001809,10921.6,54343.0,1220085.0,1220085.0,0.41,4.69,-11.38,1496474057
Philosopher Stones,PHS,366,0.0199189,0.00000809,2385.6,48387.0,2429219.0,2429219.0,0.76,1.83,29.64,1496474045
Bolivarcoin,BOLI,367,0.00641436,0.00000261,736.087,41638.0,6491300.0,6491300.0,5.1,5.32,74.31,1496473766
LevoPlus,LVPS,368,0.0981113,0.00003986,3426.18,40647.0,414292.0,91414292.0,0.57,124.91,-7.76,1496473784
Allion,ALL,369,0.00615413,0.00000250,818.451,38152.0,6199359.0,7323359.0,0.73,-4.57,7.3,1496473784
Independent Money System,IMS,370,0.00699951,0.00000284,829.808,37580.0,5368934.0,5368934.0,4.49,2.1,21.78,1496473768
SixEleven,611,371,0.0808313,0.00003284,3729.74,33315.0,412153.0,412153.0,0.7,15.44,-56.5,1496473770
Marijuanacoin,MAR,372,0.0611157,0.00002483,12076.6,31945.0,522690.0,522690.0,2.88,62.29,36.3,1496473783
Rawcoin,XRC,373,0.0448215,0.00001821,1248.29,31594.0,704882.0,704882.0,0.74,-3.91,185.52,1496473779
BeaverCoin,BVC,374,0.00975017,0.00000396,591.678,30374.0,3115258.0,3115258.0,3.55,8.69,15.6,1496474058
Eurocoin,EUC,375,0.00174757,0.00000071,1523.58,20500.0,11730350.0,11730350.0,1.41,17.68,-2.62,1496473763
Bitvolt,VOLT,376,0.000836864,0.00000034,996.301,12647.0,15112554.0,60132654.0,3.75,18.43,12.59,1496473789
BenjiRolls,BENJI,377,0.000590728,0.00000024,5283.88,11195.0,18950736.0,18950736.0,5.07,31.2,42.54,1496473781
AllSafe,ASAFE,378,0.0000129651,0.000000005,829.27,9205.0,710000000.0,710000000.0,-0.52,-31.24,156.04,1496473778
Beatcoin,XBTS,379,0.00601753,0.00000244,1201.25,9175.0,1524686.0,2524686.0,2.55,-7.04,33.81,1496473776
Ebittree Coin,EBT,380,0.0104854,0.00000426,1122.38,9157.0,873270.0,810873270.0,0.7,-11.68,12.24,1496473787
Argus,ARGUS,381,0.00626381,0.00000254,812.444,7193.0,1148324.0,5194373.0,0.73,12.36,37.66,1496473784
Digital Money Bits,DMB,382,0.0163744,0.00000665,9765.42,5202.0,317700.0,10317700.0,0.49,11.11,210.74,1496473790
Environ,ENV,383,0.0000246007,0.000000010,3324.75,3226.0,131129509.0,931129509.0,0.72,1.56,,1496473790
Gold Pressed Latinum,GPL,384,0.183298,0.00007447,6695.62,,,204199.0,0.93,-3.24,-2.05,1496473789
SnakeEyes,SNAKE,385,0.141333,0.00005742,2244.36,,,10000000.0,-0.7,-1.83,78.76,1496473789
Arcade Token,ARC,386,3.74133,0.00167261,,10773690.0,2879642.0,2879642.0,,,63.04,1496180681
Scotcoin,SCOT,387,0.00774289,0.00000321,,7742890.0,1000000000.0,1000000000.0,,16.47,109.01,1496426352
MUSE,MUSE,388,0.00528541,0.00000215,352.429,7266596.0,1374840478.0,1524840478.0,8.58,75.27,337.99,1496473761
Jinn,JINN,389,56.0427,0.0228523,,3289875.0,58703.0,1000000.0,,14.4,-14.32,1496444660
XCurrency,XC,390,0.51927,0.0002109,440.727,3015369.0,5806939.0,5806939.0,0.76,19.07,26.74,1496474053
AsiaCoin,AC,391,0.00301649,0.00000123,9.58784,2535893.0,840676730.0,840676730.0,0.64,7.06,34.42,1496474051
Pangea Poker,PANGEA,392,1.71995,0.00069855,125.808,1718836.0,999352.0,1000000.0,22.74,83.04,172.5,1496474059
Bitpark Coin,BPC,393,0.0186079,0.00000756,72.4667,1395593.0,75000000.0,100000000.0,0.73,-9.54,26.43,1496473781
NewYorkCoin,NYC,394,0.0000187688,0.000000008,138.221,1120872.0,59719935819.0,59719935819.0,0.66,-22.53,-8.79,1496474053
Devcoin,DVC,395,0.0000615909,0.00000003,6.1302,862625.0,14005727500.0,14005727500.0,1.05,198.82,131.09,1496474050
GlobalCoin,GLC,396,0.0131972,0.00000536,0.989273,860075.0,65171010.0,65171010.0,0.76,5.15,-43.64,1496474045
Pandacoin,PND,397,0.0000246216,0.00000001,298.036,800569.0,32514916898.0,32514916898.0,0.76,1.62,19.6,1496474049
Carboncoin,CARBON,398,0.0000492433,0.00000002,21.8097,757950.0,15391934322.0,15391934322.0,0.76,1.62,19.6,1496474055
Version,V,399,0.00172296,0.00000070,417.169,753818.0,437513483.0,437513483.0,3.69,55.9,,1496473792
DubaiCoin,DBIC,400,0.14595,0.00005930,315.665,748580.0,5129014.0,6146942.0,1.48,-9.97,2.98,1496473768
Ultimate Secure Cash,USC,401,0.0683305,0.00002776,14.5274,706750.0,10343113.0,38602656.0,0.7,-5.68,4.69,1496473786
CageCoin,CAGE,402,0.0000065719,0.000000003,493.763,664873.0,101168328395,101168328395,0.04,16.78,-37.28,1496474048
BTSR,BTSR,403,0.171002,0.00006947,109.89,566157.0,3310819.0,3310819.0,3.62,0.18,71.25,1496473768
Cryptofund,FUND,404,0.5588,0.0002553,,558800.0,1000000.0,1000000.0,,,8.13,1495948164
E-Currency Coin ,ECC,405,0.0000246216,0.00000001,5.44138,543167.0,22060603799.0,22060603799.0,0.74,1.62,19.6,1496474049
Colossuscoin V2,CV2,406,0.0000210886,0.000000009,166.344,468001.0,22192130273.0,22192130273.0,0.59,10.43,18.3,1496473759
SmileyCoin,SMLY,407,0.0000177482,0.000000007,89.7629,460748.0,25960250000.0,25960250000.0,0.92,-20.5,102.72,1496473758
PayCoin,XPY,408,0.0386093,0.00001568,119.919,451849.0,11703120.0,11753120.0,0.76,419.85,62.09,1496474059
YashCoin,YASH,409,0.0442554,0.00001798,223.577,442559.0,10000117.0,10000117.0,16.77,-4.05,34.17,1496473781
Dashcoin,DSH,410,0.0247773,0.00001006,360.965,428439.0,17291579.0,17291579.0,3.26,2.42,22.37,1496474058
Happycoin,HPC,411,0.0369943,0.00001503,76.8829,420487.0,11366271.0,11366271.0,0.7,-11.64,126.97,1496473787
BitcoinTX,BTX,412,0.0048735,0.00000198,105.911,395065.0,81063895.0,81063895.0,0.7,84.54,19.82,1496473760
FuelCoin,FC2,413,0.00381635,0.00000155,165.496,387029.0,101413449.0,101413449.0,0.76,5.72,,1496474053
Orbitcoin,ORB,414,0.127944,0.00005196,251.716,378216.0,2956108.0,2956108.0,-3.11,1.2,24.18,1496474045
LTBcoin,LTBC,415,0.000742106,0.00000032,,366499.0,493863915.0,493863915.0,,,,1496287754
TeslaCoin,TES,416,0.00508963,0.00000207,410.815,365303.0,71774059.0,71774059.0,0.98,-3.77,21.7,1496474046
Mineum,MNM,417,0.0384836,0.00001564,144.751,363145.0,9436367.0,9586367.0,1.08,-3.58,0.18,1496473772
RussiaCoin,RC,418,0.0434677,0.00001766,4.34721,357150.0,8216446.0,8216446.0,0.7,1.48,23.59,1496473766
SmartCoin,SMC,419,0.0150071,0.00000610,300.248,343588.0,22895030.0,22895030.0,23.03,39.91,31.05,1496474046
Casino,CASINO,420,0.31118,0.00012643,3.42298,311180.0,1000000.0,1000000.0,-0.32,-54.55,-27.84,1496473785
Shorty,SHORTY,421,0.0028798,0.00000117,0.28798,287980.0,100000000.0,100000000.0,0.7,,26.42,1496473780
Rare Pepe Party,RAREPEPEPRTY,422,15.8284,0.00643074,34.162,284911.0,18000.0,100000.0,1.19,,33.38,1496473778
HitCoin,HTC,423,0.0000246137,0.00000001,9.8306,270660.0,10996318099.0,20996318099.0,0.73,-49.2,-40.45,1496473769
HOdlcoin,HODL,424,0.00290441,0.00000118,321.172,269842.0,92907550.0,250000000.0,0.7,-7.79,26.75,1496473768
Kobocoin,KOBO,425,0.0107069,0.00000435,1.02961,264463.0,24700248.0,24700248.0,0.68,45.13,-35.71,1496473759
Crypto Bullion,CBX,426,0.262762,0.00010672,307.109,261681.0,995886.0,995886.0,0.76,-2.35,-25.88,1496474043
The Cypherfunks,FUNK,427,0.0000058972,0.000000002,170.947,260462.0,44167395000.0,44167395000.0,33.26,20.86,39.47,1496473762
MTMGaming,MTM,428,0.0843038,0.00003425,429.781,252911.0,3000000.0,5000000.0,-3.53,-8.19,205.94,1496473785
KibiCoin,KIC,429,0.0165986,0.00000674,427.603,243349.0,14660800.0,14660800.0,0.53,-11.77,,1496473791
BTCtalkcoin,TALK,430,0.00357833,0.00000161,,233631.0,65290635.0,65290635.0,,,-19.15,1496191750
Coin(O),CNO,431,0.00221226,0.00000090,136.014,228135.0,103123106.0,103123106.0,17.63,27.22,193.23,1496474051
AgrolifeCoin,AGLC,432,0.0472658,0.00001990,,216928.0,4589537.0,204589537.0,,,,1496301878
VirtualCoin,VC,433,0.0213734,0.00000888,,215108.0,10064287.0,10064287.0,,-0.66,9.01,1496433855
SwagBucks,BUCKS,434,1.0095,0.00041014,7.16699,207777.0,205822.0,205822.0,-16.06,-11.64,-10.43,1496473766
Vault Coin,VLTC,435,0.00697068,0.00000283,31.6253,207226.0,29728230.0,529728230.0,0.64,52.88,13.56,1496473781
Neutron,NTRN,436,0.0161557,0.00000656,171.211,203848.0,12617684.0,12617684.0,0.58,-19.46,138.58,1496473761
BritCoin,BRIT,437,0.00940547,0.00000382,6.70122,200036.0,21268092.0,21268092.0,0.76,-2.71,10.81,1496474055
42-coin,42,438,4700.13,1.90894,255.346,197405.0,42.0,42.0,0.77,5.43,42.34,1496474045
BillaryCoin,BLRY,439,0.0199617,0.00000811,11.3452,179319.0,8983158.0,8983158.0,0.7,-1.68,0.88,1496473771
Bitz,BITZ,440,0.0892373,0.00003720,,177662.0,1990891.0,1990891.0,,,16.19,1496351362
Zero,ZER,441,0.23383,0.00009500,475.884,175354.0,749920.0,749920.0,0.7,0.36,24.21,1496473785
Veltor,VLT,442,0.315055,0.000128,139.124,174810.0,554855.0,554855.0,0.7,-9.31,-38.12,1496473776
NetCoin,NET,443,0.000221156,0.00000009,28.5803,174078.0,787126712.0,787126712.0,-9.2,1.7,11.41,1496474044
Tristar Coin,TSTR,444,0.0343849,0.00001500,,172882.0,5027857.0,255027857.0,,,-7.42,1496271895
Tattoocoin (Standard Edition),TSE,445,0.00148542,0.00000060,274.928,169929.0,114397890.0,604397890.0,0.64,31.71,53.71,1496473782
Bitstar,BITS,446,0.00733725,0.00000298,313.466,169342.0,23079737.0,23079737.0,0.76,-47.17,44.5,1496474051
Stress,STS,447,0.000295364,0.00000012,6.56279,166920.0,565134332.0,565134332.0,20.87,21.91,30.05,1496473768
DigitalPrice,DP,448,0.0073358,0.00000298,418.388,166248.0,22662591.0,22662591.0,1.43,34.76,113.09,1496474057
LottoCoin,LOT,449,0.0000104280,0.000000004,11.2126,151112.0,14491014421.0,14491014421.0,0.82,2.34,39.57,1496474044
Titcoin,TIT,450,0.00297776,0.00000121,98.5571,148585.0,49898202.0,49898202.0,-2.28,-1.47,-28.98,1496474055
Crave,CRAVE,451,0.114946,0.00004670,267.769,143647.0,1249695.0,1249695.0,0.68,-8.18,164.23,1496473759
GAIA,GAIA,452,0.00590919,0.00000240,59.0919,142420.0,24101381.0,24101381.0,0.76,,56.7,1496474058
Bottlecaps,CAP,453,0.000985121,0.00000040,388.314,137004.0,139073059.0,139073059.0,0.74,-65.58,47.31,1496474042
Bitcurrency,BTCR,454,0.000754592,0.00000031,111.307,127043.0,168359795.0,168359795.0,0.73,5.62,85.64,1496473780
PureVidz,VIDZ,455,0.00099099,0.00000040,13.7072,124057.0,125185394.0,125185394.0,0.73,-0.01,12.16,1496473782
Dollarcoin,DLC,456,0.0136205,0.00000553,5.87964,124038.0,9106714.0,9106714.0,0.73,26.9,114.31,1496473776
CorgiCoin,CORG,457,0.0000983869,0.00000004,25.8243,123166.0,1251855418.0,1251855418.0,0.76,41.51,-32.77,1496474050
C-Bit,XCT,458,0.000910705,0.00000037,85.8263,120035.0,131804000.0,131804000.0,0.73,13.91,12.24,1496473768
MetalCoin,METAL,459,0.00154592,0.00000064,,118921.0,76925527.0,76925527.0,,-0.3,-11.91,1496430259
TittieCoin,TTC,460,0.0000937160,0.00000004,393.483,118065.0,1259816434.0,1259816434.0,0.6,31.57,50.0,1496474059
Universal Currency,UNIT,461,0.00881169,0.00000358,8.13144,114961.0,13046431.0,13046431.0,0.7,231.25,36.79,1496473761
Swing,SWING,462,0.0484151,0.00001967,52.3919,110396.0,2280205.0,2280205.0,4.96,10.99,7.92,1496473764
RedCoin,RED,463,0.00147518,0.00000060,158.957,109322.0,74107896.0,74107896.0,0.87,153.69,69.79,1496474046
Emerald Crypto,EMD,464,0.00561399,0.00000228,425.038,107323.0,19117129.0,19117129.0,-0.14,29.7,106.59,1496474057
Pakcoin,PAK,465,0.00290996,0.00000118,234.704,106685.0,36662000.0,36662000.0,0.69,5.99,17.73,1496473763
Xiaomicoin,MI,466,0.000251025,0.00000010,293.789,101952.0,406141855.0,406141855.0,0.97,12.47,2.32,1496473763
BigUp,BIGUP,467,0.0000492273,0.00000002,218.283,101153.0,2054816537.0,2054816537.0,0.7,6.02,26.72,1496473768
HyperStake,HYP,468,0.00025935,0.00000011,295.237,100056.0,385796097.0,385796097.0,-6.23,-1.44,31.93,1496474055
Sterlingcoin,SLG,469,0.0255746,0.00001039,348.517,99259.0,3881156.0,3881156.0,0.76,-0.52,18.95,1496474057
QuazarCoin,QCN,470,0.0172352,0.00000700,85.7406,98491.0,5714529.0,5714529.0,-11.84,-2.28,20.75,1496474053
Coin2.1,C2,471,0.000984866,0.00000040,487.673,98463.0,99976323.0,99976323.0,-0.03,-3.61,7.27,1496474054
GlobalBoost-Y,BSTY,472,0.00854417,0.00000347,383.283,97390.0,11398430.0,11398430.0,0.13,27.56,30.58,1496474058
FlutterCoin,FLT,473,0.000298017,0.00000012,66.6447,96025.0,322214524.0,322214524.0,-3.62,3.21,2.45,1496474049
BunnyCoin,BUN,474,0.0000009449,0.0000000004,41.2315,95823.0,101414718256,101414718256,10.64,12.16,44.84,1496474057
Cannacoin,CCN,475,0.0197219,0.00000801,48.3541,92647.0,4697675.0,4697675.0,0.76,-32.0,3.78,1496474051
NoLimitCoin,NLC2,476,0.000443046,0.00000018,71.5746,88813.0,200458959.0,200458959.0,0.73,30.62,-1.93,1496473776
WayGuide,WAY,477,0.000883361,0.00000036,,88372.0,100040708.0,100040708.0,,1.28,18.74,1496468977
Tigercoin,TGC,478,0.00196973,0.00000080,42.6938,85756.0,43536800.0,43536800.0,42.0,86.52,208.66,1496474048
bitGold,BITGOLD,479,1470.07,0.597066,96.1125,82346.0,56.0,56.0,-0.62,-21.72,24.18,1496474059
Triangles,TRI,480,1.11829,0.00045419,0.0149515,81514.0,72891.0,72891.0,0.76,11.18,3.35,1496474054
AmberCoin,AMBER,481,0.00182141,0.00000074,2.80441,79492.0,43643263.0,43643263.0,0.68,,33.15,1496473758
GameUnits,UNITS,482,0.0227184,0.00000923,17.5477,78752.0,3466449.0,3466449.0,0.81,3.52,-11.84,1496473781
KushCoin,KUSH,483,0.0140544,0.00000571,84.3264,75810.0,5394040.0,5394040.0,0.7,42.18,37.95,1496473782
UFO Coin,UFO,484,0.0000229521,0.00000001,,75458.0,3287645012.0,3287645012.0,,,5.86,1496273048
Elementrem,ELE,485,0.0029142,0.00000118,2.53156,72920.0,25022472.0,25022472.0,1.3,-12.16,22.53,1496473774
KiloCoin,KLC,486,0.000369205,0.00000015,261.413,72474.0,196297971.0,10025186872.0,0.7,-10.36,34.17,1496473767
Guncoin,GUN,487,0.000393946,0.00000016,26.2111,71760.0,182156278.0,182156278.0,7.48,-3.43,70.19,1496474051
Valorbit,VAL,488,0.0000246137,0.00000001,6.64571,70703.0,2872491524.0,922340072491524,0.73,1.59,19.22,1496473769
SproutsExtreme,SPEX,489,0.0000246137,0.00000001,22.3984,70558.0,2866607586.0,2866607586.0,0.7,1.59,19.1,1496473767
Darsek,KED,490,0.00711335,0.00000289,58.0826,70169.0,9864365.0,9864365.0,0.7,-8.24,2.24,1496473787
Blakecoin,BLC,491,0.005785,0.00000235,207.253,68904.0,11910789.0,11910789.0,5.7,-1.33,27.19,1496474049
ChessCoin,CHESS,492,0.00126871,0.00000052,109.619,68469.0,53967716.0,53967716.0,0.89,7.85,33.19,1496473773
Zayedcoin,ZYD,493,0.0103377,0.00000420,89.3575,64547.0,6243840.0,6243840.0,0.73,27.45,25.49,1496473776
Yacoin,YAC,494,0.000541676,0.00000022,87.3553,62902.0,116125419.0,116125419.0,0.76,-2.8,13.26,1496474042
Ratecoin,XRA,495,0.000590735,0.00000024,203.292,62687.0,106116928.0,106116928.0,0.7,0.66,4.76,1496473762
CCMiner,CCM100,496,0.0259098,0.00001053,103.432,62607.0,2416354.0,6000000.0,-0.32,-2.27,72.43,1496473783
Spots,SPT,497,0.0027814,0.00000113,472.051,62320.0,22406021.0,22406021.0,0.73,-23.09,140.09,1496474042
Evotion,EVO,498,0.0245091,0.00000996,252.019,60518.0,2469220.0,2469220.0,1.21,42.3,-14.36,1496473766
Bitcloud,BTD,499,0.00540268,0.00000222,,60183.0,11139472.0,11139472.0,,0.44,-12.19,1496440775
DigiCube,CUBE,500,0.0000239753,0.000000010,12.9436,58239.0,2429126009.0,2429126009.0,0.69,21.9,16.12,1496473764
MarteXcoin,MXT,501,0.0209771,0.00000852,0.120122,57229.0,2728161.0,2728161.0,4.84,24.15,-9.18,1496473771
RevolverCoin,XRE,502,0.00258443,0.00000105,24.6066,56329.0,21795538.0,21795538.0,1.42,-1.23,23.82,1496473771
MiloCoin,MILO,503,0.0054705,0.00000222,33.7793,56312.0,10293837.0,10293837.0,0.73,21.11,57.65,1496473785
HealthyWormCoin,WORM,504,0.00344591,0.00000140,445.7,55930.0,16230877.0,16230877.0,-53.01,103.18,2.7,1496473786
PayCon,CON,505,0.00230718,0.00000094,99.0119,53163.0,23042604.0,23042604.0,12.55,101.36,90.09,1496473759
Debitcoin,DBTC,506,0.00291239,0.00000118,21.9601,52400.0,17992121.0,25992121.0,0.7,-18.23,57.04,1496473771
808Coin,808,507,0.000245128,0.00000010,482.066,51126.0,208570115.0,208570115.0,0.69,26.29,79.98,1496473773
Argentum,ARG,508,0.00664784,0.00000270,448.887,49922.0,7509535.0,7509535.0,-2.07,-3.21,9.33,1496474042
SatoshiMadness,MAD,509,0.0000246137,0.00000001,15.0144,49244.0,2000683485.0,2000683485.0,0.7,1.59,19.1,1496473763
AurumCoin,AU,510,0.164645,0.00006687,96.3309,48770.0,296216.0,296216.0,0.99,2.0,10.72,1496474058
Eternity,ENT,511,0.0158011,0.00000642,320.519,48556.0,3072972.0,3072972.0,0.34,-2.02,-16.28,1496473779
Aricoin,ARI,512,0.000344703,0.00000014,45.5123,48349.0,140262505.0,140262505.0,0.74,-11.0,29.2,1496474047
CoExistCoin,COXST,513,0.00178007,0.00000072,56.5057,48309.0,27138905.0,27138905.0,0.68,30.91,47.18,1496473769
Artex Coin,ATX,514,0.00257925,0.00000105,292.046,48229.0,18699000.0,268699000.0,0.73,-31.2,-1.61,1496473775
ICOBID,ICOB,515,0.000455116,0.00000018,72.3105,47270.0,103862796.0,103862796.0,0.71,10.15,35.66,1496473781
Prime-XI,PXI,516,0.00311239,0.00000126,194.916,46083.0,14806330.0,14806330.0,-0.61,-5.45,90.33,1496474058
NevaCoin,NEVA,517,0.0251925,0.00001024,127.099,45762.0,1816475.0,1816475.0,1.3,-17.68,17.73,1496473769
Joulecoin,XJO,518,0.00140617,0.00000057,8.79904,45375.0,32268528.0,32268528.0,2.47,10.41,37.46,1496474043
Nyancoin,NYAN,519,0.000148624,0.00000006,421.063,44274.0,297891209.0,297891209.0,-30.35,-8.12,-14.56,1496474046
Lex4All,LEX,520,0.0433916,0.00001763,36.1452,43393.0,1000043.0,5000000.0,-12.76,12.37,-25.86,1496473785
Jin Coin,JIN,521,0.00440585,0.00000179,67.0764,43391.0,9848485.0,9848485.0,0.7,-27.26,,1496473775
Sativacoin,STV,522,0.00599513,0.00000243,0.876577,42427.0,7076903.0,7076903.0,0.76,,19.59,1496474058
UniCoin,UNIC,523,0.0142997,0.00000581,100.146,41643.0,2912144.0,2912144.0,0.57,1.16,27.18,1496473761
AmsterdamCoin,AMS,524,0.00430739,0.00000175,79.0301,41367.0,9603707.0,16803707.0,0.7,-5.84,32.86,1496473762
UCoin,U,525,0.0153147,0.00000622,169.866,41194.0,2689812.0,2689812.0,0.76,1.95,20.93,1496474059
Francs,FRN,526,0.0238045,0.00000967,234.256,40803.0,1714100.0,1714100.0,2.18,-13.76,27.47,1496473767
Franko,FRK,527,0.0612586,0.00002488,6.53734,39019.0,636950.0,636950.0,0.74,6.59,-11.68,1496474042
BurstOcean,OCEAN,528,0.179765,0.00007303,29.7062,38079.0,211827.0,1000000.0,-0.32,-12.88,94.38,1496473785
SpaceCoin,SPACE,529,0.00210959,0.00000086,54.4257,37566.0,17807107.0,17807107.0,0.73,3.39,20.5,1496473763
OctoCoin,888,530,0.000763254,0.00000031,27.7116,36935.0,48391508.0,48391508.0,0.76,-0.91,47.83,1496474050
Creatio,XCRE,531,0.00176692,0.00000072,252.929,36258.0,20520514.0,20520514.0,11.11,33.58,58.48,1496473779
FlavorCoin,FLVR,532,0.001723,0.00000070,198.588,36007.0,20898106.0,20898106.0,0.73,16.98,70.0,1496473767
Honey,HONEY,533,0.526634,0.00021396,319.18,35972.0,68306.0,68306.0,34.03,42.67,5.77,1496473785
WMCoin,WMC,534,0.00311404,0.00000128,,35897.0,11527489.0,911527489.0,,0.41,50.69,1496438372
GoldPieces,GP,535,0.0291862,0.00001186,356.547,35612.0,1220161.0,1220161.0,-0.13,25.98,2.51,1496473758
Cypher,CYP,536,0.00559142,0.00000226,,35591.0,6365285.0,6365285.0,,2.12,-9.42,1496459661
Dobbscoin,BOB,537,0.00696793,0.00000283,4.24276,35260.0,5060382.0,5060382.0,0.76,4.96,22.41,1496474056
PopularCoin,POP,538,0.0000102205,0.000000004,9.02127,34166.0,3342846069.0,3342846069.0,1.05,-2.26,29.64,1496474050
HempCoin,HMP,539,0.0000246137,0.00000001,170.041,33391.0,1356621962.0,2856621962.0,0.73,-49.2,-40.39,1496473768
Evil Coin,EVIL,540,0.0015751,0.00000064,4.6462,33109.0,21020383.0,21020383.0,0.73,3.37,25.0,1496473767
PlatinumBAR,XPTX,541,0.186572,0.00007580,10.533,32689.0,175206.0,175206.0,0.73,,66.25,1496473771
CryptoWorldX Token,CWXT,542,0.000587969,0.00000024,1.13071,32170.0,54714560.0,54714560.0,0.7,1.12,39.53,1496473783
Uro,URO,543,0.0265175,0.00001077,1.76646,32015.0,1207310.0,1207310.0,0.76,1.62,9.35,1496474053
RonPaulCoin,RPC,544,0.0397393,0.00001614,23.356,31380.0,789651.0,789651.0,0.86,1.87,66.77,1496474048
Solarflarecoin,SFC,545,0.00223984,0.00000091,171.269,30752.0,13729500.0,13729500.0,0.7,1.59,-11.53,1496473782
Universe,UNI,546,0.0102639,0.00000417,81.3603,30725.0,2993461.0,14193461.0,0.7,-8.38,9.45,1496473786
Grantcoin,GRT,547,0.00073841,0.00000030,5.05226,30522.0,41335426.0,10041335426.0,0.73,21.91,43.06,1496473763
MACRON,MCRN,548,0.0000744218,0.00000003,276.104,29875.0,401421401.0,401421401.0,-24.15,-24.12,51.31,1496473788
NeuCoin,NEU,549,0.0000147439,0.000000006,0.799823,29352.0,1990764588.0,2014638413.0,4.93,1.8,,1496473763
Dreamcoin,DRM,550,0.0120275,0.00000503,,29311.0,2436996.0,2436996.0,,,10.03,1496330352
Zurcoin,ZUR,551,0.000369205,0.00000015,61.5232,29173.0,79014432.0,79014432.0,-5.6,1.59,34.3,1496473770
Hexx,HXX,552,0.0214931,0.00000873,76.7534,29110.0,1354380.0,1354380.0,1.72,-7.77,-28.28,1496473761
LeaCoin,LEA,553,0.000103688,0.00000004,79.4611,28651.0,276315289.0,276315289.0,0.84,27.32,12.3,1496473760
BumbaCoin,BUMBA,554,0.00130452,0.00000053,6.11186,28631.0,21947294.0,21947294.0,0.7,7.69,-14.21,1496473768
ParallelCoin,DUO,555,0.0980526,0.00003984,299.924,28189.0,287489.0,287489.0,1.88,30.0,31.32,1496473767
Bitzeny,ZNY,556,0.000369205,0.00000015,28.831,27917.0,75614500.0,75614500.0,0.7,-1.94,19.22,1496473762
Unrealcoin,URC,557,0.00393819,0.00000160,4.44574,27663.0,7024402.0,7024402.0,0.7,2.88,14.91,1496473760
PX,PX,558,0.000344591,0.00000014,10.9564,26489.0,76872096.0,76872096.0,0.73,-40.74,-12.16,1496473775
SoonCoin,SOON,559,0.00211677,0.00000086,5.63984,26381.0,12462620.0,12462620.0,6.92,18.4,15.15,1496473759
Bitcoin 21,XBTC21,560,0.0321454,0.00001306,0.000689182,25495.0,793108.0,7093108.0,,,76.56,1496473770
Firecoin,FIRE,561,0.256188,0.00010405,0.768441,25212.0,98412.0,98412.0,0.76,76.0,3.72,1496474055
BipCoin,BIP,562,0.0186115,0.00000756,154.123,25012.0,1343889.0,1343889.0,42.59,44.85,1.53,1496473778
CryptoEscudo,CESC,563,0.000172352,0.00000007,110.261,24837.0,144105100.0,594105100.0,0.76,-4.89,19.6,1496474050
PIECoin,PIE,564,0.000342429,0.00000014,280.207,24679.0,72071045.0,72071045.0,0.72,-9.62,6.73,1496473785
Photon,PHO,565,0.0000013654,0.0000000006,34.0198,24371.0,17849141907.0,17849141907.0,1.02,-30.19,49.7,1496474048
Cannation,CNNC,566,0.00984546,0.00000400,105.076,24171.0,2454993.0,2454993.0,0.7,95.61,-0.77,1496473790
ARbit,ARB,567,0.00357811,0.00000149,,23172.0,6475945.0,6475945.0,,,4.3,1496362165
GanjaCoin,420G,568,0.0342451,0.00001391,0.000143966,23046.0,672975.0,1741116.0,-0.91,766.04,33.68,1496474058
AntiBitcoin,ANTI,569,0.00130452,0.00000053,211.13,22784.0,17465159.0,17465159.0,0.7,-6.94,14.88,1496473765
Ride My Car,RIDE,570,0.000223194,0.00000009,91.351,22565.0,101099458.0,101099458.0,0.7,6.71,-5.1,1496473783
BiosCrypto,BIOS,571,0.0010627,0.00000043,,22037.0,20737003.0,20737003.0,,1.26,51.78,1496452465
Theresa May Coin,MAY,572,0.00142759,0.00000058,15.7102,21839.0,15298000.0,15298000.0,0.7,-9.35,,1496473791
X-Coin,XCO,573,0.00169834,0.00000069,4.38679,21034.0,12384976.0,12384976.0,0.7,-22.11,-5.34,1496473759
Prototanium,PR,574,0.104583,0.00004249,46.4444,20337.0,194462.0,194462.0,0.7,38.48,17.91,1496473764
MindCoin,MND,575,0.00159989,0.00000065,7.02693,20073.0,12546625.0,12546625.0,0.73,-1.44,10.7,1496473767
Flaxscript,FLAX,576,0.00364282,0.00000148,19.1131,20024.0,5496891.0,5496891.0,-1.3,-0.42,15.49,1496473762
Sprouts,SPRTS,577,0.0000001124,0.00000000005,73.4315,19737.0,175629178235,175629178235,4.93,41.08,120.29,1496473762
Destiny,DES,578,0.0119376,0.00000485,206.646,19100.0,1600000.0,1600000.0,0.7,-23.01,19.22,1496473768
B3Coin,B3,579,0.0619184,0.00002516,96.5356,19041.0,307522.0,307522.0,0.7,,62.11,1496473775
Halcyon,HAL,580,0.00408719,0.00000166,11.6333,19015.0,4652363.0,4652363.0,0.76,10.32,6.44,1496474056
IslaCoin,ISL,581,0.0125541,0.00000510,305.031,19003.0,1513704.0,1513704.0,0.7,-0.16,-19.86,1496473764
Magnum,MGM,582,0.00516496,0.00000225,,18736.0,3627525.0,253627525.0,,,85.31,1496272491
Alexium,AUM,583,0.000912034,0.00000037,,18512.0,20297336.0,20297336.0,,1.74,19.39,1496454265
Kittehcoin,MEOW,584,0.0000007719,0.0000000003,4.05991,18452.0,23905669976.0,23905669976.0,-5.6,-23.96,77.32,1496474046
Luna Coin,LUNA,585,0.0147013,0.00000597,74.2865,18044.0,1227386.0,1227386.0,0.7,-1.34,19.68,1496473780
SecretCoin,SCRT,586,0.00424808,0.00000177,,17964.0,4228672.0,4228672.0,,-0.94,23.95,1496414965
Vector,VEC2,587,0.00110761,0.00000045,3.42396,17551.0,15845549.0,15845549.0,0.73,3.9,-44.75,1496473764
BTCDragon,DRAGON,588,0.0433917,0.00001763,173.567,17537.0,404146.0,1000000.0,-0.32,-52.95,-45.17,1496473784
SongCoin,SONG,589,0.000536385,0.00000022,34.2087,17468.0,32565300.0,32565300.0,-2.04,-11.17,23.35,1496473759
GameBet Coin,GBT,590,0.000813435,0.00000033,,17296.0,21262780.0,22262780.0,,1.74,12.57,1496454270
DAPPSTER,DLISK,591,0.000172296,0.00000007,3.40146,17230.0,100000000.0,100000000.0,0.7,-11.11,-16.55,1496473773
GPU Coin,GPU,592,0.000416531,0.00000017,223.805,16860.0,40477042.0,51530001.0,4.38,26.73,81.48,1496473771
PLNcoin,PLNC,593,0.000984866,0.00000040,1.57579,16831.0,17089600.0,19089600.0,0.76,-11.63,-6.19,1496474051
Shilling,SH,594,0.00518675,0.00000211,178.222,16759.0,3231100.0,3231100.0,1.86,164.3,103.08,1496473776
Steps,STEPS,595,0.00089215,0.00000037,,16616.0,18625017.0,18625017.0,,-0.48,16.89,1496434766
Sling,SLING,596,0.0154082,0.00000626,10.8043,16550.0,1074095.0,1074095.0,0.7,1.43,25.43,1496473760
VIP Tokens,VIP,597,0.000196909,0.00000008,23.1372,16432.0,83450403.0,83450403.0,0.73,-18.73,-13.3,1496473768
Litecred,LTCR,598,0.000542616,0.00000022,128.052,16402.0,30227750.0,30227750.0,0.73,-3.95,24.86,1496473768
VapersCoin,VPRC,599,0.0000207854,0.000000008,94.9459,16215.0,780124964.0,1635124964.0,0.81,29.26,21.13,1496473775
Impact,IMX,600,0.000147682,0.00000006,4.92273,16144.0,109314611.0,109314611.0,0.73,-12.92,-10.59,1496473787
BitQuark,BTQ,601,0.00224057,0.00000091,58.6475,16033.0,7155671.0,7155671.0,-34.51,12.78,-28.17,1496474053
Orlycoin,ORLY,602,0.000431634,0.00000018,,15818.0,36646779.0,36646779.0,,-1.02,22.98,1496410470
Blackstar,BSTAR,603,0.0000246137,0.00000001,109.064,15526.0,630795971.0,630795971.0,0.73,1.59,19.22,1496473781
TajCoin,TAJ,604,0.00267792,0.00000109,50.1632,15465.0,5775020.0,5775020.0,0.33,39.02,76.45,1496473775
AnarchistsPrime,ACP,605,0.00349514,0.00000142,13.1926,15361.0,4394874.0,4394874.0,0.7,1.42,-17.75,1496473762
Hirocoin,HIRO,606,0.0000492433,0.00000002,2.46216,15343.0,311575741.0,311575741.0,101.52,103.25,139.21,1496474050
BowsCoin,BSC,607,0.00275673,0.00000112,16.5404,15300.0,5550102.0,5550102.0,0.73,1.59,88.06,1496473762
FuzzBalls,FUZZ,608,0.00310132,0.00000126,284.911,14979.0,4829945.0,4829945.0,-3.12,4.04,19.17,1496473770
OsmiumCoin,OS76,609,0.016565,0.00000673,2.09942,14810.0,894026.0,894026.0,0.7,10.81,37.02,1496473764
GuccioneCoin,GCC,610,0.000713796,0.00000029,0.360418,14480.0,20285537.0,23775537.0,0.73,1.59,-1.22,1496473763
BlazeCoin,BLZ,611,0.0000233992,0.000000010,6.97381,14240.0,608557394.0,608557394.0,-2.32,2.17,51.98,1496474054
Metal Music Coin,MTLMC3,612,0.000171155,0.00000007,31.7787,13644.0,79719140.0,79719140.0,0.67,6.5,60.34,1496473761
BitTokens,BXT,613,0.0258443,0.00001050,33.1751,13440.0,520038.0,520038.0,0.7,1.59,192.47,1496473774
JobsCoin,JOBS,614,0.000123068,0.00000005,65.083,13048.0,106019270.0,200019300.0,0.73,1.59,49.02,1496473778
LetItRide,LIR,615,0.000369205,0.00000015,30.4381,13022.0,35271555.0,35271555.0,0.73,1.59,51.93,1496473773
Crypto,CTO,616,0.00130452,0.00000053,40.1381,12957.0,9932681.0,9932681.0,0.73,-8.74,-29.8,1496473761
MustangCoin,MST,617,0.0200526,0.00000810,,12608.0,628735.0,628735.0,,-14.52,-47.69,1496450376
TAGRcoin,TAGR,618,0.000319978,0.00000013,1.24978,12373.0,38669634.0,38669634.0,0.73,1.59,-8.83,1496473763
WARP,WARP,619,0.0105936,0.00000443,,11602.0,1095224.0,1095224.0,,-1.3,21.88,1496415568
Comet,CMT,620,0.0130687,0.00000531,4.45864,11407.0,872830.0,872830.0,0.7,4.29,26.21,1496473772
Money,$$$,621,0.000239683,0.00000010,30.3677,10998.0,45887218.0,45887218.0,-0.17,-15.65,-12.35,1496473765
Scorecoin,SCORE,622,0.000637944,0.00000026,27.9822,10623.0,16652010.0,16652010.0,0.73,-24.41,-19.42,1496473787
Iconic,ICON,623,0.0177218,0.00000720,0.494735,10507.0,592894.0,592894.0,0.7,,1.58,1496473782
Solaris,XLR,624,0.0612894,0.00002490,117.933,10462.0,170701.0,270701.0,0.75,-15.77,-30.58,1496473787
Cabbage,CAB,625,0.000984546,0.00000040,237.104,10338.0,10499996.0,10499996.0,0.7,-17.07,5.03,1496473768
DPAY,DPAY,626,0.000123068,0.00000005,24.9754,9789.0,79541001.0,79541001.0,0.7,26.99,49.02,1496473778
Zonecoin,ZNE,627,0.0037905,0.00000154,59.1912,9787.0,2581970.0,2581970.0,0.73,2.25,40.15,1496473776
Cashcoin,CASH,628,0.000270838,0.00000011,1.90357,9704.0,35831128.0,35831128.0,0.74,,19.6,1496474047
G3N,G3N,629,0.00127629,0.00000052,,9651.0,7561891.0,7561891.0,,1.3,14.48,1496469262
Xonecoin,XOC,630,0.0227184,0.00000923,3.29533,9542.0,420000.0,420000.0,0.73,1.81,19.36,1496473775
JIO Token,JIO,631,0.00489812,0.00000199,401.31,9346.0,1908128.0,8888888.0,0.7,43.38,140.39,1496473780
1CRedit,1CR,632,0.104583,0.00004249,9.84546,9226.0,88213.0,88213.0,0.73,,57.0,1496473769
High Voltage,HVCO,633,0.00611441,0.00000256,,9136.0,1494171.0,1694171.0,,,29.89,1496333672
EGO,EGO,634,0.000147682,0.00000006,10.1572,8861.0,60000001.0,60000001.0,0.73,-12.92,2.19,1496473777
iBank,IBANK,635,0.00188531,0.00000079,,8534.0,4526324.0,4526324.0,,,14.14,1496357683
Abncoin,ABN,636,0.123068,0.00005000,3.07671,8332.0,67700.0,4734367.0,0.7,-26.15,61.52,1496473781
Speedcash,SCS,637,0.0309394,0.00001257,302.072,8078.0,261081.0,476168.0,0.73,-38.01,-13.58,1496473789
Qibuck Asset,QBK,638,0.005207,0.00000212,2.0828,7582.0,1456187.0,2000000.0,-0.7,50.57,38.62,1496473790
Coinonat,CXT,639,0.00350782,0.00000143,410.542,7560.0,2155102.0,8155102.0,10.62,31.86,31.84,1496473788
Pulse,PULSE,640,0.000502161,0.00000020,7.72978,7180.0,14298972.0,14298972.0,4.84,179.94,7.87,1496473768
Hommalicoin,HMC,641,2.96071,0.00120287,178.221,7161.0,2419.0,1000000000.0,1.19,,-28.62,1496473772
Future Digital Currency,FDC,642,0.00273212,0.00000111,86.1478,7061.0,2584401.0,1002584401.0,-27.42,-23.33,23.94,1496473781
PosEx,PEX,643,0.00285518,0.00000116,7.73351,7004.0,2453240.0,2453240.0,0.7,0.72,-1.22,1496473768
Dix Asset,DIX,644,0.0000000684,0.00000000003,,6844.0,100000000000,100000000000,,-0.53,1.88,1496417087
Printerium,PRX,645,0.000660227,0.00000027,283.207,5991.0,9074428.0,9074428.0,0.71,-3.69,-2.06,1496473782
SydPak,SDP,646,0.0345822,0.00001405,0.852002,5483.0,158539.0,158539.0,0.7,-14.89,21.46,1496473763
ImpulseCoin,IMPS,647,0.00027075,0.00000011,1.59782,5481.0,20245510.0,20245510.0,0.73,-25.5,19.22,1496473778
BioBar,BIOB,648,0.00519348,0.00000211,134.17,4600.0,885756.0,985756.0,0.7,14.35,18.92,1496473785
Save and Gain,SANDG,649,0.00141989,0.00000064,,4352.0,3064800.0,3064800.0,,,4.1,1496226272
GeertCoin,GEERT,650,0.000808101,0.00000033,19.0265,4113.0,5090239.0,5090239.0,0.69,-1.93,-8.3,1496473784
Antilitecoin,ALTC,651,0.000123068,0.00000005,1.99708,3878.0,31512613.0,31512613.0,0.7,-27.43,-25.56,1496473768
Revenu,REV,652,0.00319978,0.00000130,36.7521,3825.0,1195525.0,1195525.0,14.87,13.85,,1496473768
NodeCoin,NODC,653,0.00221639,0.00000097,,3720.0,1678439.0,5878439.0,,,11.82,1496270080
Elysium,ELS,654,0.000763024,0.00000031,68.5615,3056.0,4005012.0,4005012.0,0.73,-59.7,-26.09,1496473783
Concoin,CONX,655,0.00418432,0.00000170,103.239,2878.0,687849.0,1538849.0,0.7,-45.0,1.03,1496473788
Selfiecoin,SLFI,656,0.0000246137,0.00000001,1.96909,2654.0,107829281.0,107829281.0,0.7,1.59,19.22,1496473759
Californium,CF,657,0.0201832,0.00000820,18.8864,2243.0,111110.0,111110.0,0.57,3.36,5.21,1496473760
Doubloon,BOAT,658,0.000492046,0.00000020,126.677,1746.0,3547845.0,18547845.0,0.7,-7.19,-27.95,1496473782
P7Coin,P7C,659,0.0000492273,0.00000002,0.344173,1734.0,35220238.0,35220238.0,0.73,-32.27,19.1,1496473760
Enigma,XNG,660,0.0970024,0.00003941,45.4369,1613.0,16627.0,66627.0,0.7,-24.48,20.82,1496473769
Powercoin,PWR,661,0.0000246137,0.00000001,67.6692,1230.0,49983870.0,49983870.0,0.73,1.59,19.22,1496473771
Dollar Online,DOLLAR,662,0.0122822,0.00000499,208.721,1085.0,88379.0,10088379.0,0.73,-15.62,46.7,1496473781
Impeachcoin,IMPCH,663,0.0034213,0.00000139,4.4783,1054.0,308179.0,2501512.0,0.73,12.07,84.12,1496473783
23 Skidoo,CHAO,664,3962.87,1.61003,104.867,1001.0,0.0,0.0,0.73,8.32,-23.34,1496473763
Digital Credits,DGCS,665,0.000147682,0.00000006,74.4241,860.0,5826388.0,201284316.0,-24.45,52.39,19.22,1496473766
SwapToken,TOKEN,666,0.0000239482,0.000000010,9.28422,841.0,35110531.0,35110531.0,0.59,93.48,5258.04,1496473773
Zcashshare,ZHS,667,0.000216504,0.00000009,,612.0,2826000.0,2826000.0,,-0.71,4.86,1496411380
CRTCoin,CRT,668,0.00492433,0.00000200,0.0000000246,390.0,79270.0,10079270.0,0.76,1.62,19.6,1496474052
PizzaCoin,PIZZA,669,0.000221523,0.00000009,163.926,305.0,1377917.0,10127917.0,0.73,1.12,78.82,1496473775
Xenixcoin,XEN,670,0.0272285,0.00001100,,275.0,10100.0,10010100.0,,2.17,20.05,1496460285
CaliphCoin,CALC,671,0.00120251,0.00000049,22.8108,105.0,87140.0,148587140.0,0.73,12.83,-15.9,1496473777
MikeTheMug,MUG,672,0.0000051456,0.000000002,,5.0,999279.0,1000000.0,,,-99.28,1496047185
BTCGold,XBG,673,0.139215,0.00005656,1.00165,,,99000001.0,0.7,1.59,-35.76,1496473789
Soarcoin,SOAR,674,0.0187064,0.00000760,419.425,,,5000000000.0,53.06,-6.93,10.2,1496473786
Project-X,NANOX,675,457568.0,185.9,1189.46,,,1.0,0.7,51.09,,1496473790
Internet of Things,XOT,676,1203.72,0.489045,1542.1,,,21000000.0,0.16,-0.7,24.87,1496473787
AMIS,AMIS,677,277.548,0.115061,,,,,,-0.7,,1496391890
Bitcoin Unlimited (Futures),BTU,678,147.13,0.0597757,908.334,,,,-0.07,5.38,0.25,1496473785
Malcoin,MALC,679,32.0811,0.0130339,42122.2,,,1000000000.0,0.73,1.59,19.33,1496473789
GoldUnionCoin,GUC,680,22.1523,0.009,5796.86,,,210000000.0,-2.64,0.48,24.41,1496473788
Qtum (Pre-Launch),QTUM,681,12.1952,0.00495463,49738200.0,,,100000000.0,6.41,18.76,240.66,1496473791
ZenCash,ZEN,682,8.17181,0.00332003,21707.2,,,1395288.0,0.73,-8.51,,1496473791
Fargocoin,FRGC,683,7.1483,0.0029042,975097.0,,,443976779.0,2.53,5.18,8.56,1496473781
Internet of People,IOP,684,3.87148,0.0015729,3326.31,,,2139406.0,7.06,6.61,80.18,1496473779
EcoCoin,ECO,685,3.21037,0.0013043,40242.3,,,1093895.0,-6.23,-20.13,9.29,1496473790
DECENT (Pre-Launch),DCT,686,2.80501,0.00113962,4360.68,,,73290000.0,2.51,-1.91,-19.01,1496473779
PRIZM,PZM,687,1.17133,0.00047589,34711.0,,,,0.69,9.47,33.96,1496473790
Bitcore,BTX,688,1.06134,0.0004312,11165.7,,,16362066.0,0.73,0.83,-25.88,1496473789
OBITS.WARRANT,WARRANT,689,1.04922,0.00042689,,,,,7.21,5.14,,1496473492
DynamicCoin,DMC,690,0.995433,0.00040442,223163.0,,,10541442931.0,0.01,-0.34,-0.29,1496473778
Databits,DTB,691,0.854018,0.00034697,147326.0,,,,1.91,4.02,24.01,1496473786
XDE II,XDE2,692,0.829327,0.00033694,255.19,,,42249.0,0.7,42.95,69.58,1496473786
Aeternity (Pre-Launch),AE,693,0.733487,0.000298,1530.09,,,,0.73,-5.16,,1496473792
GAY Money,GAY,694,0.632596,0.00025701,170.228,,,5603062500.0,0.73,86.92,79.1,1496473777
TechShares,THS,695,0.632054,0.00025679,9.36785,,,646359158.0,0.73,5.45,16.69,1496473776
TeslaCoilCoin,TESLA,696,0.565819,0.00022988,151.913,,,100000000.0,0.73,13.84,168.15,1496473771
Bitgem,BTG,697,0.555464,0.0002256,25.9957,,,,0.76,-30.58,-30.92,1496474042
LEOcoin,LEO,698,0.539142,0.00021904,280355.0,,,92934830.0,0.33,11.32,30.48,1496473763
InvisibleCoin,IVZ,699,0.435662,0.000177,164.391,,,,0.7,176.18,429.25,1496473765
WA Space,WA,700,0.374078,0.00015198,36019.8,,,,0.69,-3.28,14.63,1496473778
Topaz Coin,TOPAZ,701,0.353233,0.00014351,25415.7,,,38315.0,0.7,781.89,178.05,1496473789
ClubCoin,CLUB,702,0.287517,0.00011681,19522.6,,,90899180.0,-1.37,2.11,8.1,1496473766
Yogold,YOG,703,0.270923,0.00011007,21.6732,,,100000000.0,0.7,1.59,28.92,1496473786
TROPTIONS,TROPTIONS,704,0.248173,0.00010598,,,,1000000001.0,,,,1496287780
Zilbercoin,ZBC,705,0.23401,0.00009507,95699.5,,,9009396.0,1.42,-1.05,-14.95,1496473782
ZenGold,ZENGOLD,706,0.216934,0.00008814,1755.28,,,,1.95,-37.51,,1496473791
Tattoocoin (Limited Edition),TLE,707,0.214952,0.00008733,1793.69,,,975532.0,224.54,64.3,380.54,1496473788
LandCoin,LDCN,708,0.176049,0.00007153,33806.4,,,19003881978.0,8.46,77.34,388.85,1496473781
AlpaCoin,APC,709,0.172197,0.00006996,1818.12,,,,0.7,1.48,31.31,1496473766
Pabyosi Coin (Special),PCS,710,0.169232,0.00006876,3406.14,,,30993751760.0,0.42,-4.66,29.52,1496473780
Golos Gold,GBG,711,0.166511,0.00006765,4837.36,,,,5.44,3.9,14.03,1496473784
EquiTrader,EQT,712,0.130452,0.00005300,109084.0,,,7672680.0,0.73,1.59,26.37,1496473791
Quartz,QRZ,713,0.122576,0.00004980,2057.21,,,21000000.0,0.73,-28.91,,1496473791
Wowecoin,WEC,714,0.104,0.00004225,11334.2,,,8901692.0,,-0.0,0.81,1496473774
DeusCoin,DEUS,715,0.0873539,0.00003549,9916.29,,,,5.11,2.12,-8.33,1496473788
InsaneCoin,INSN,716,0.0779678,0.00003168,3245.05,,,18528359.0,1.69,-4.39,147.86,1496473790
Omicron,OMC,717,0.0759331,0.00003085,0.246137,,,10134130.0,0.73,4.47,19.18,1496473776
WavesGo,WGO,718,0.0640079,0.00002600,969.704,,,10000000.0,5.08,-5.69,142.34,1496473788
Elacoin,ELC,719,0.0489724,0.00001989,45.5145,,,,0.74,,73.64,1496474056
Fazzcoin,FAZZ,720,0.0487975,0.00001983,693.131,,,1022577370.0,6.41,4.67,-25.1,1496473788
CryptoBuck,BUK,721,0.0389272,0.00001581,6.2769,,,,2.48,22.55,59.92,1496474058
International Diamond,XID,722,0.038234,0.00001588,,,,,,,,1496373575
DeltaCredits,DCRE,723,0.0293185,0.00001217,,,,,,-0.57,10.08,1496419764
President Johnson,GARY,724,0.0290441,0.00001180,223.587,,,57968072167.0,0.73,1.45,88.07,1496473774
IvugeoCoin,IEC,725,0.0244906,0.00000995,5.41266,,,,0.7,1.59,,1496473760
RHFCoin,RHFC,726,0.022423,0.00000911,7736.9,,,200157240.0,3.57,-12.06,-12.81,1496473788
EDRCoin,EDRC,727,0.0224009,0.00000910,13253.7,,,3407292.0,0.0,-2.54,-15.22,1496473768
ShellPay,SHELL,728,0.0205503,0.00000835,10220.8,,,,0.72,-3.2,7.28,1496473762
Avoncoin,ACN,729,0.0189525,0.00000770,3229.81,,,,7.17,-4.5,-6.0,1496473782
Lepaoquan,HLB,730,0.0189356,0.00000769,917856.0,,,935398839.0,0.64,-7.29,24.42,1496473780
Gycoin,GYC,731,0.0189356,0.00000769,5193.14,,,22213403.0,1.03,11.58,2.72,1496473773
KolschCoin,TP1,732,0.0147961,0.00000620,,,,,,,52.66,1496357661
Digitalfund,DTF,733,0.0139449,0.00000567,12120.3,,,54000053.0,-0.0,-6.03,-11.02,1496473774
Mind Gene,MG,734,0.0118146,0.00000480,6294.21,,,,-7.05,-9.7,-5.87,1496473777
Sharkcoin,SAK,735,0.0107153,0.00000435,3088.56,,,,3.66,12.39,59.89,1496473759
Dashs,DASHS,736,0.00932858,0.00000379,12.3264,,,,0.73,42.38,17.06,1496473789
Opal,OPAL,737,0.0091839,0.00000373,2893.56,,,,22.98,32.69,71.37,1496474057
9COIN,9COIN,738,0.00905783,0.00000368,940.24,,,350050250.0,0.73,4.88,58.59,1496473790
Tyrocoin,TYC,739,0.0080752,0.00000330,,,,50134500.0,,1.0,5.61,1496468088
Goldpay Coin,GP,740,0.0066583,0.00000271,27478.1,,,,-3.31,-5.22,10.13,1496473790
Xaucoin,XAU,741,0.00590728,0.00000240,45.7371,,,,0.68,1.17,9.62,1496473759
Psilocybin,PSY,742,0.00588907,0.00000240,,,,,,1.28,7.53,1496468970
EggCoin,EGG,743,0.00562322,0.00000237,,,,,,,14.92,1496295864
PiCoin,PI,744,0.00543962,0.00000221,24.6137,,,1378369.0,0.7,-62.58,-58.24,1496473790
First Bitcoin,BIT,745,0.00537498,0.00000218,382.439,,,20706894570.0,-17.7,-23.83,-43.66,1496473773
Slimcoin,SLM,746,0.0050458,0.00000205,127.991,,,13925626.0,0.7,-22.87,,1496473758
Helleniccoin,HNC,747,0.00494735,0.00000201,631.626,,,,-3.62,-21.76,52.23,1496473762
GBCGoldCoin,GBC,748,0.004927,0.00000200,1.91689,,,,-24.08,-1.16,-22.8,1496473765
Axiom,AXIOM,749,0.0048735,0.00000198,1.31585,,,,0.7,1.08,17.94,1496473762
GoldReserve,XGR,750,0.00453038,0.00000184,1255.42,,,17162506.0,-0.5,5.05,20.9,1496474054
netBit,NBIT,751,0.00415971,0.00000169,4.15971,,,,0.7,-2.45,45.67,1496473778
BagCoin,BGC,752,0.0041174,0.00000167,76433.5,,,497214120.0,0.0,-11.19,-3.38,1496473773
Bitcoin Scrypt,BTCS,753,0.00396408,0.00000161,4.96346,,,,2.03,1.0,3.26,1496474049
President Trump,PRES,754,0.00314004,0.00000128,349.595,,,57968072167.0,0.73,13.07,30.19,1496473774
RoyalCoin 2,RYCN,755,0.00312757,0.00000127,2053.75,,,2500124.0,21.37,,,1496473778
AvatarCoin,AV,756,0.00312593,0.00000127,3.22377,,,,0.73,,-4.78,1496473766
ZSEcoin,ZSE,757,0.00289546,0.00000118,53.3783,,,6383975.0,0.69,5.07,-52.82,1496473786
Quotient,XQN,758,0.0027075,0.00000110,72.187,,,,0.71,1.59,,1496473758
OCOW,OCOW,759,0.00227517,0.00000099,,,,,,,11.31,1496142268
TrickyCoin,TRICK,760,0.00225648,0.00000092,,,,,0.34,1.6,-9.68,1496472262
GameLeagueCoin,GML,761,0.00219133,0.00000089,0.547832,,,,0.76,,3.35,1496474054
BitcoinFast,BCF,762,0.00218836,0.00000089,53.4746,,,,0.76,-5.12,-15.9,1496474059
SportsCoin,SPORT,763,0.002166,0.00000088,3484.41,,,19800001.0,-2.62,148.34,217.61,1496473775
RichCoin,RICHX,764,0.00210122,0.00000093,,,,5925522.0,,,9.43,1496167172
Condensate,RAIN,765,0.00206222,0.00000084,1536.38,,,42978123.0,-4.09,14.85,21.95,1496473789
Neptune Classic,NTCC,766,0.00204293,0.00000083,870.38,,,,-0.5,-8.4,83.75,1496473784
Advanced Internet Blocks,AIB,767,0.00195476,0.00000079,719.333,,,31411918163.0,0.89,19.88,7.22,1496473761
Digital Bullion Gold,DBG,768,0.00182141,0.00000074,28.3204,,,24523275.0,0.73,2.27,47.03,1496473772
MMXVI,MMXVI,769,0.00169834,0.00000069,316.121,,,,0.7,6.01,-28.09,1496473767
Mavro,MAVRO,770,0.00168043,0.00000070,,,,15005722.0,,,-17.86,1496349588
Clinton,CLINT,771,0.00167373,0.00000068,32.6526,,,,0.73,-36.03,-24.94,1496473771
TodayCoin,TODAY,772,0.00135375,0.00000055,16.2408,,,,0.73,9.56,59.92,1496473774
CBD Crystals,CBD,773,0.00122121,0.00000050,15.3147,,,,0.73,46.73,-1.25,1496473779
UR,UR,774,0.00110761,0.00000045,236.759,,,,-14.48,-16.88,-2.08,1496473784
BestChain,BEST,775,0.00107381,0.00000044,6.76924,,,20042911.0,-5.64,10.58,4.02,1496473786
Skeincoin,SKC,776,0.00105873,0.00000043,3.34129,,,,0.76,1.62,,1496474050
True Investment Coin,TIC,777,0.00105839,0.00000043,22.893,,,,0.7,3.91,-3.72,1496473784
Alphabet Coin Fund,FUN,778,0.000959933,0.00000039,65.9586,,,20742012.0,0.73,119.76,-4.67,1496473771
RoyalCoin,ROYAL,779,0.000947754,0.00000039,40.9251,,,2500124.0,0.56,-21.62,20.16,1496473778
The Aladin,ADT,780,0.000892522,0.00000032,,,,,,,,1495722585
Donationcoin,DON,781,0.000886379,0.00000036,6567.57,,,,0.74,7.6,,1496474053
Bitcedi,BXC,782,0.000861478,0.00000035,11.9651,,,,0.7,-16.33,,1496473770
Braincoin,BRAIN,783,0.000842028,0.00000035,,,,,,-0.7,40.63,1496420372
IrishCoin,IRL,784,0.000836864,0.00000034,255.833,,,,2.97,5.2,,1496473761
Dubstep,DUB,785,0.000817313,0.00000034,,,,,,-0.78,16.43,1496411064
KashhCoin,KASHH,786,0.000792516,0.00000032,2040.75,,,,3.48,8.84,218.62,1496473784
FrankyWillCoin,FRWC,787,0.000745197,0.00000031,,,,,,-0.78,12.79,1496411075
Lazaruscoin,LAZ,788,0.000745197,0.00000031,,,,,,-0.78,56.78,1496411078
WeAreSatoshi,WSX,789,0.000738649,0.00000030,10.8967,,,,0.76,-4.73,5.53,1496474056
Motocoin,MOTO,790,0.000738649,0.00000030,21.0814,,,,0.76,-51.87,10.45,1496474054
Opescoin,OPES,791,0.000674759,0.00000028,,,,,,-0.53,16.72,1496432667
Quebecoin,QBC,792,0.000664784,0.00000027,12.7612,,,,0.76,5.53,15.33,1496474051
RubleBit,RUBIT,793,0.000664569,0.00000027,42.9901,,,,0.7,-29.59,-5.42,1496473764
Cubits,QBT,794,0.000639595,0.00000026,3.10507,,,,0.73,25.71,71.37,1496473778
Vsync,XVS,795,0.000517832,0.00000021,235.563,,,103334172.0,-7.7,-19.58,-27.07,1496473787
MarxCoin,MARX,796,0.000515972,0.00000021,145.0,,,29332120.0,5.1,12.78,7.27,1496473784
BitAlphaCoin,BAC,797,0.000510159,0.00000021,31.5343,,,,0.1,21.74,-15.27,1496473766
T-coin,TCOIN,798,0.000443046,0.00000018,1775.16,,,,0.7,0.66,19.19,1496473780
President Sanders,BURN,799,0.000393819,0.00000016,270.914,,,57968072167.0,0.73,62.55,27.16,1496473782
GoldMaxCoin,GMX,800,0.000392704,0.00000016,,,,84078950.0,,1.3,-4.9,1496469270
UGAIN,GAIN,801,0.000369205,0.00000015,18.0449,,,,0.73,1.59,110.51,1496473774
PrismChain,PRM,802,0.000369205,0.00000015,71.6844,,,,0.73,8.85,-75.5,1496473772
Gambleo,GMB,803,0.000344591,0.00000014,0.32906,,,,0.73,1.59,28.39,1496473786
Sakuracoin,SKR,804,0.000344092,0.00000014,122.645,,,,0.73,4.89,40.73,1496473778
BlazerCoin,BLAZR,805,0.000319978,0.00000013,13.5584,,,,0.7,-33.97,5.39,1496473787
VGINA,VGINA,806,0.000295816,0.00000012,0.00295816,,,11603228.0,0.69,,-59.53,1496473789
Operand,OP,807,0.000290011,0.00000012,,,,36309296.0,,-0.25,3.95,1496423371
Happy Creator Coin,HCC,808,0.000284903,0.00000012,13.0772,,,,1.32,-1.01,43.35,1496473772
DarkLisk,DISK,809,0.00027075,0.00000011,36.9275,,,17888425.0,0.73,-30.16,-6.33,1496473770
Cycling Coin,CYC,810,0.00027075,0.00000011,5.2755,,,,0.7,-6.87,19.22,1496473762
The Vegan Initiative,XVE,811,0.00027075,0.00000011,145.902,,,,0.73,14.12,31.14,1496473788
Grumfork,GMF,812,0.000246137,0.00000010,7.3841,,,,0.7,1.59,,1496473788
MobileCash,MBL,813,0.000221523,0.00000009,7.21869,,,1068669648.0,0.7,-7.41,53.28,1496473777
AsicCoin,ASC,814,0.00020871,0.00000008,23.9577,,,,1.04,,47.49,1496474045
TeraCoin,TERA,815,0.000196909,0.00000008,6867.67,,,,0.73,1.59,2.13,1496473784
Moneta,MONETA,816,0.000172296,0.00000007,156.349,,,,0.73,-11.11,4.31,1496473765
LAthaan,LTH,817,0.000123068,0.00000005,167.23,,,,0.73,-27.43,-26.04,1496473778
Halloween Coin,HALLO,818,0.0000984698,0.00000004,412.339,,,264606213.0,0.73,-15.73,-5.03,1496473791
TeamUp,TEAM,819,0.0000984546,0.00000004,0.258542,,,301004896.0,0.7,1.59,58.95,1496473777
PayPeer,PAYP,820,0.0000984546,0.00000004,100.417,,,,0.7,103.18,138.21,1496473768
Wowcoin,WOW,821,0.0000964807,0.00000004,,,,,,-0.44,133.65,1496426381
FireFlyCoin,FFC,822,0.0000738649,0.00000003,4.01601,,,,0.76,69.29,258.81,1496474059
TheCreed,TCR,823,0.0000738410,0.00000003,9.39508,,,,0.7,-23.81,-28.54,1496473770
LinkedCoin,LKC,824,0.0000738410,0.00000003,15.5308,,,,0.73,-23.81,-10.59,1496473774
LePen,LEPEN,825,0.0000591641,0.00000002,38.9162,,,,-13.07,25.22,166.98,1496473783
VegasCoin,VGC,826,0.0000492433,0.00000002,2.46216,,,,0.76,,139.21,1496474052
PokeCoin,POKE,827,0.0000492273,0.00000002,6.12636,,,,0.73,1.59,-20.52,1496473774
CyberCoin,CC,828,0.0000492273,0.00000002,49.2273,,,549267534.0,0.73,1.59,138.43,1496473760
X2,X2,829,0.0000492273,0.00000002,7.98406,,,,0.7,103.18,138.43,1496473765
MoneyCoin,MONEY,830,0.0000492273,0.00000002,342.976,,,,0.7,52.49,19.1,1496473780
Cashme,CME,831,0.0000491969,0.00000002,,,,,,1.53,19.14,1496446166
PinkDog,PDG,832,0.0000490794,0.00000002,,,,,,1.29,133.78,1496464184
Tellurion,TELL,833,0.0000488758,0.00000002,,,,,,0.87,136.73,1496466875
InflationCoin,IFLT,834,0.0000458620,0.00000002,2229.53,,,3308779659.0,-6.6,-0.21,33.92,1496473781
UNCoin,UNC,835,0.0000383726,0.00000002,752.435,,,,0.7,6.92,23.61,1496473760
President Clinton,HILL,836,0.0000246137,0.00000001,19.6909,,,57968072167.0,0.7,1.59,19.22,1496473774
SuperTurboStake,STRB,837,0.0000246137,0.00000001,0.246137,,,,0.7,1.59,19.22,1496473767
Aces,ACES,838,0.0000246137,0.00000001,3.69296,,,,0.7,1.59,19.22,1496473774
Global Business Revolution,GBRC,839,0.0000246137,0.00000001,1020.48,,,900096049.0,0.7,-49.13,19.22,1496473778
Safe Trade Coin,XSTC,840,0.0000246137,0.00000001,24.6137,,,604880000.0,0.7,1.59,19.22,1496473781
Rcoin,RCN,841,0.0000246137,0.00000001,84.144,,,,0.73,1.59,19.22,1496473778
ChoofCoin,CHOOF,842,0.0000246137,0.00000001,7.43335,,,,0.73,1.59,19.22,1496473779
SoulCoin,SOUL,843,0.0000246137,0.00000001,3.95347,,,,0.7,1.59,19.22,1496473771
Yescoin,YES,844,0.0000246130,0.000000010,1285.44,,,,0.73,1.63,30.36,1496473782
FedoraShare,FEDS,845,0.0000220182,0.000000009,4343780.0,,,499001352654,-0.0,-2.58,-50.88,1496473775
Victoriouscoin,VTY,846,0.0000104531,0.000000004,6.42658,,,10263290326.0,4.22,-56.23,30.09,1496473778
Virtacoin,VTA,847,0.0000103665,0.000000004,49.6905,,,12423206610.0,4.84,41.67,-5.46,1496474056
Dimecoin,DIME,848,0.0000089692,0.000000004,527.633,,,527154667536,27.8,121.76,253.29,1496474045
XP,XP,849,0.0000009971,0.0000000004,536.184,,,133635560466,6.79,-78.8,-84.91,1496473775
BatCoin,BAT,850,0.0000007999,0.0000000003,582.189,,,,1.04,-3.01,,1496474049
BitCentavo,NBE,851,0.0000005705,0.0000000002,,,,,,0.93,167.69,1496398156
RabbitCoin,RBBT,852,0.0000004228,0.0000000002,23.3517,,,,2.93,-20.3,71.16,1496474056
StrongHands,SHND,853,0.0000001972,0.00000000008,205.979,,,,1.27,67.74,,1496473765
Paccoin,PAC,854,0.0000000766,0.00000000003,404.993,,,,0.69,36.86,97.59,1496473764
Bond,BOND,855,,,,,1349.0,1349.0,,,,
bitRUBLE,BITRUBLE,856,,,,,,,,,,
