Name,Symbol,Rank,Price(BTC),Price(USD),24HVolume,MarketCap,%Change_1h,%Change_24h,%Change_7d,LastUpdated
Bitcoin,BTC,1,2466.77,1.0,1290900000.0,40378217716.0,16368862.0,16368862.0,0.13,1.57,23.8,1496477653
Ethereum,ETH,2,223.439,0.0904442,427580000.0,20593278449.0,92165103.0,92165103.0,0.09,-0.63,62.36,1496477374
Ripple,XRP,3,0.304267,0.00012314,229444000.0,11751306948.0,38621693933.0,99994661895.0,0.35,-3.94,46.79,1496477647
NEM,XEM,4,0.225699,0.00009134,11521300.0,2031291000.0,8999999999.0,8999999999.0,-0.93,-0.09,54.75,1496477660
Ethereum Classic,ETC,5,16.8801,0.00683278,71176800.0,1556701964.0,92221134.0,92221134.0,-0.53,-2.18,44.43,1496477385
Litecoin,LTC,6,27.4606,0.0111135,343140000.0,1411260850.0,51392207.0,51392207.0,-0.23,-5.23,28.44,1496477641
Dash,DASH,7,146.609,0.0593335,43376200.0,1075314000.0,7334570.0,7334570.0,0.03,3.39,50.25,1496477646
Stratis,STRAT,8,10.7745,0.00436133,65378300.0,1060314358.0,98409611.0,98409611.0,6.89,43.68,353.39,1496477386
Monero,XMR,9,43.9255,0.0177769,8503980.0,639834503.0,14566357.0,14566357.0,0.44,-0.32,35.86,1496477651
Waves,WAVES,10,5.48965,0.00222211,6502390.0,548965000.0,100000000.0,100000000.0,4.4,49.66,177.03,1496477383
Bytecoin,BCN,11,0.00262515,0.00000106,2175440.0,480331196.0,182972857287,182972857287,0.93,-23.22,18.06,1496477652
Golem,GNT,12,0.473708,0.00019175,10980500.0,390748465.0,824872000.0,1000000000.0,-0.47,1.79,62.69,1496477390
Stellar Lumens,XLM,13,0.0402302,0.00001628,14085400.0,388819891.0,9664875916.0,102940435314,-0.44,-0.76,35.99,1496477654
Zcash,ZEC,14,240.052,0.0971689,15481300.0,346024456.0,1441456.0,1441456.0,0.68,-4.84,44.84,1496477390
Dogecoin,DOGE,15,0.00291938,0.00000118,28258700.0,320101825.0,109647193868,109647193868,0.18,-2.83,53.59,1496477644
DigiByte,DGB,16,0.037508,0.00001518,94402300.0,304078553.0,8107031908.0,8107031908.0,6.72,41.93,252.09,1496477647
Steem,STEEM,17,1.20923,0.00048947,6680690.0,283411154.0,234373241.0,251347335.0,-1.9,11.1,61.75,1496477381
Gnosis,GNO,18,256.244,0.103723,1661590.0,283044560.0,1104590.0,10000000.0,0.76,2.79,59.59,1496477401
Siacoin,SC,19,0.0106076,0.00000429,39739600.0,281434093.0,26531363664.0,26531363664.0,6.2,16.45,93.05,1496477664
Augur,REP,20,25.0844,0.0101518,5196800.0,275928400.0,11000000.0,11000000.0,0.33,0.26,37.7,1496477665
BitShares,BTS,21,0.0888061,0.00003594,20266800.0,231094786.0,2602240000.0,2602240000.0,0.58,2.3,92.54,1496477653
GameCredits,GAME,22,3.31026,0.00133968,2943570.0,208672580.0,63038124.0,63038124.0,3.67,24.55,68.15,1496477655
MaidSafeCoin,MAID,23,0.404205,0.00016358,2472330.0,182923948.0,452552412.0,452552412.0,0.65,2.69,24.87,1496477650
Basic Attention Token,BAT,24,0.166917,0.00006756,4061000.0,166917000.0,1000000000.0,1500000000.0,-0.37,-0.81,,1496477403
BitConnect,BCC,25,24.5521,0.00993823,2703540.0,158140029.0,6440998.0,6440998.0,0.34,7.11,70.29,1496477393
DigixDAO,DGD,26,78.9359,0.0319518,1053890.0,157871800.0,2000000.0,2000000.0,1.92,-6.61,36.22,1496477381
Decred,DCR,27,30.5199,0.0123539,4493370.0,153512518.0,5029915.0,5449915.0,0.54,18.67,66.02,1496477379
Lisk,LSK,28,1.39898,0.00056628,2643650.0,150828993.0,107813545.0,107813545.0,1.38,5.77,58.63,1496477380
Byteball,GBYTE,29,762.875,0.308798,964206.0,144399932.0,189284.0,1000000.0,6.54,45.21,198.04,1496477392
Factom,FCT,30,15.2367,0.0061664,3104110.0,133370172.0,8753219.0,8753219.0,0.47,11.83,52.54,1496477664
Ardor,ARDR,31,0.132441,0.00005361,2814550.0,132308492.0,998999495.0,998999495.0,0.46,-1.61,63.98,1496477385
SingularDTV,SNGLS,32,0.205055,0.00008300,207186.0,123033000.0,600000000.0,1000000000.0,0.17,9.52,49.2,1496477388
Iconomi,ICN,33,1.26161,0.00051068,748285.0,109760070.0,87000000.0,100000000.0,-0.15,4.69,36.91,1496477388
Tether,USDT,34,1.02715,0.00041569,46242800.0,107844268.0,104993690.0,124951468.0,-0.17,-1.19,-5.08,1496477659
Round,ROUND,35,0.109251,0.00004422,390316.0,92863350.0,850000000.0,1000000000.0,0.11,3.88,-0.2,1496477390
Komodo,KMD,36,0.888881,0.0003598,1780960.0,89728546.0,100945510.0,100945510.0,-0.16,45.09,104.74,1496477394
PIVX,PIVX,37,1.60821,0.00065098,911499.0,86108969.0,53543361.0,53543361.0,-3.19,-3.39,75.56,1496477378
SysCoin,SYS,38,0.144446,0.00005846,8041940.0,75861388.0,525188570.0,525188570.0,0.8,21.21,68.03,1496477654
FirstBlood,1ST,39,0.880623,0.00035646,5825390.0,75344669.0,85558371.0,93468691.0,-0.3,5.0,92.2,1496477388
Aragon,ANT,40,2.22851,0.00090206,858402.0,74889451.0,33605167.0,39609523.0,0.76,5.89,38.48,1496477402
iExec RLC,RLC,41,0.875251,0.00035429,1048180.0,68331540.0,78070793.0,86999785.0,-1.17,34.27,102.76,1496477399
Nxt,NXT,42,0.0656573,0.00002657,4130290.0,65591642.0,998999983.0,998999983.0,-4.0,4.23,55.62,1496477643
AntShares,ANS,43,1.26043,0.0005102,5951240.0,63021500.0,50000000.0,100000000.0,-0.31,-4.6,91.87,1496477387
Ubiq,UBQ,44,1.6663,0.00067436,2285900.0,61826629.0,37104140.0,37104140.0,4.53,42.55,247.09,1496477655
Wings,WINGS,45,0.540502,0.00021879,1653040.0,48487533.0,89708333.0,100000000.0,-0.56,25.99,138.09,1496477392
ReddCoin,RDD,46,0.00168063,0.00000068,3022530.0,47941754.0,28526060768.0,28526060768.0,-0.97,26.81,71.79,1496477646
BitcoinDark,BTCD,47,34.4367,0.0139367,1976140.0,44384160.0,1288862.0,1288862.0,2.64,34.83,74.97,1496477653
Ark,ARK,48,0.446433,0.00018071,989842.0,42558165.0,95329344.0,126579344.0,0.63,36.9,109.0,1496477397
Peercoin,PPC,49,1.69168,0.00068463,1531010.0,40813940.0,24126277.0,24126277.0,0.29,4.9,34.06,1496477640
Lykke,LKK,50,0.275862,0.00011166,473213.0,37928949.0,137492474.0,1285690000.0,-0.06,4.82,13.61,1496477390
Storjcoin X,SJCX,51,0.687397,0.00027819,448710.0,35176266.0,51173144.0,500000000.0,1.04,12.14,51.09,1496477654
Emercoin,EMC,52,0.867656,0.00035115,941067.0,34846447.0,40161593.0,40161593.0,0.48,-3.78,49.31,1496477655
Melon,MLN,53,57.5665,0.0233019,279466.0,34505360.0,599400.0,749400.0,0.13,6.26,15.04,1496477395
Omni,OMNI,54,59.7835,0.0241947,10136800.0,33418383.0,558990.0,615306.0,-1.89,18.88,299.95,1496477646
Xaurum,XAUR,55,0.278059,0.00011253,314902.0,31616504.0,113704301.0,113704301.0,3.01,12.86,45.61,1496477660
Counterparty,XCP,56,11.3001,0.00457321,514776.0,29592015.0,2618739.0,2618739.0,-0.99,2.8,41.43,1496477646
Blocknet,BLOCK,57,7.13353,0.00288698,210970.0,27895786.0,3910516.0,3910516.0,2.28,11.92,147.16,1496477657
Synereo,AMP,58,0.328733,0.00013304,691159.0,27040368.0,82256324.0,949291063.0,2.17,18.27,82.06,1496477665
Namecoin,NMC,59,1.83121,0.0007411,756970.0,26985443.0,14736400.0,14736400.0,0.85,5.74,43.13,1496477640
WeTrust,TRST,60,0.291243,0.00011789,456245.0,26837314.0,92147500.0,100000000.0,-0.07,21.06,60.21,1496477399
SuperNET,UNITY,61,32.7856,0.0132685,37281.1,26755049.0,816061.0,816061.0,-4.04,109.06,590.2,1496477657
Gulden,NLG,62,0.0770911,0.00003120,141340.0,26719802.0,346600345.0,448620500.0,0.2,4.8,29.13,1496477649
Nexus,NXS,63,0.509241,0.00020609,67555.8,25395789.0,49869883.0,49869883.0,-1.7,-2.68,26.78,1496477658
Verge,XVG,64,0.00175352,0.00000071,3637890.0,23513778.0,13409472280.0,13409472280.0,5.14,33.89,126.48,1496477657
XtraBYtes,XBY,65,0.036008,0.00001458,838687.0,23405200.0,650000000.0,650000000.0,4.64,32.08,582.19,1496477399
NAV Coin,NAV,66,0.376773,0.00015248,1534030.0,23108977.0,61333951.0,61333951.0,5.99,29.45,62.76,1496477651
Burst,BURST,67,0.0128501,0.00000520,4067340.0,22882452.0,1780721682.0,1780721682.0,3.72,12.12,88.88,1496477655
Matchpool,GUP,68,0.292216,0.00011828,351837.0,21916200.0,75000000.0,98855150.0,-0.44,6.82,55.33,1496477398
Edgeless,EDG,69,0.273726,0.0001108,590540.0,21742724.0,79432438.0,132046997.0,-0.14,13.11,33.41,1496477397
EarthCoin,EAC,70,0.00229048,0.00000093,5880830.0,21407899.0,9346468332.0,9346468332.0,-0.61,-5.15,63.14,1496477644
YbCoin,YBC,71,6.76825,0.00273915,2843940.0,20441971.0,3020274.0,3020274.0,-0.94,-7.12,40.89,1496477645
Humaniq,HMQ,72,0.161644,0.00006543,916389.0,20097959.0,124334708.0,184190414.0,2.63,30.26,21.12,1496477401
Shift,SHIFT,73,1.84718,0.00074756,561951.0,20010978.0,10833258.0,10833258.0,8.47,72.06,277.4,1496477664
BitBay,BAY,74,0.0194709,0.00000788,88951.5,19617418.0,1007524987.0,1007524987.0,0.94,7.01,50.66,1496477657
Bankcoin,B@,75,4.43714,0.00179608,10889.3,18924757.0,4265080.0,25000000.0,3.8,28.46,87.64,1496477398
BlackCoin,BLK,76,0.248032,0.00010038,1079300.0,18892704.0,76170428.0,76170428.0,0.8,-0.35,89.47,1496477647
OBITS,OBITS,77,1.28012,0.00051807,435840.0,18880364.0,14748902.0,16443700.0,13.11,6.4,100.92,1496477665
TokenCard,TKN,78,0.794384,0.00032155,435065.0,18782460.0,23644056.0,39406760.0,0.86,-5.59,-1.95,1496477401
BCAP,BCAP,79,1.86214,0.00075376,215028.0,18621400.0,10000000.0,10000000.0,-0.79,10.45,3.94,1496477401
PotCoin,POT,80,0.0854906,0.00003460,664929.0,18547143.0,216949504.0,216949504.0,0.06,1.37,23.51,1496477648
Swarm City,SWT,81,2.71801,0.0011002,62052.4,18054722.0,6642625.0,6642625.0,2.94,16.48,37.17,1496477396
E-Dinar Coin,EDR,82,0.0264195,0.00001069,450937.0,17453640.0,660634755.0,785634755.0,-1.97,-9.13,16.91,1496477386
Nexium,NXC,83,0.261874,0.000106,964938.0,17420274.0,66521586.0,66521586.0,-2.24,-2.44,87.86,1496477391
LBRY Credits,LBC,84,0.251024,0.00010161,925566.0,17201300.0,68524524.0,466424524.0,1.31,15.06,65.87,1496477384
TaaS,TAAS,85,2.09693,0.0008488,208531.0,17081593.0,8146001.0,8146001.0,5.95,16.44,72.04,1496477397
Expanse,EXP,86,2.34729,0.00094996,622823.0,17014910.0,7248747.0,16248747.0,-3.58,-2.19,42.79,1496477664
Chronobank,TIME,87,22.963,0.00929503,565841.0,16306320.0,710113.0,710113.0,1.92,17.71,42.99,1496477395
Mooncoin,MOON,88,0.0000725332,0.00000003,141369.0,16098638.0,221948545147,221948545147,3.95,58.15,74.55,1496477647
Infinitecoin,IFC,89,0.000176082,0.00000007,2772000.0,15952373.0,90596274910.0,90596274910.0,0.21,-5.51,65.95,1496477659
GridCoin,GRC,90,0.0405372,0.00001641,324531.0,15822186.0,390312753.0,390312753.0,1.53,10.29,69.92,1496477660
Unity Ingot,UNY,91,0.0781742,0.00003164,124130.0,15791188.0,202000000.0,10000000000.0,0.11,0.78,95.38,1496477401
ZCoin,XZC,92,7.04037,0.00284981,971992.0,15763978.0,2239084.0,2239084.0,-0.75,-4.4,56.87,1496477389
Waves Community Token,WCT,93,3.1421,0.00127186,160986.0,15710500.0,5000000.0,10000000.0,-17.41,27.52,88.8,1496477394
Agoras Tokens,AGRS,94,0.37064,0.00015,44370.1,15566880.0,42000000.0,42000000.0,-8.18,3.54,28.95,1496477663
I/O Coin,IOC,95,0.926586,0.00037499,55610.7,15137169.0,16336496.0,16336496.0,0.43,10.97,36.98,1496477653
Radium,RADS,96,4.53651,0.0018363,342099.0,14732346.0,3247507.0,3247507.0,-0.15,8.62,76.51,1496477377
DigitalNote,XDN,97,0.00213154,0.00000086,2568190.0,14668345.0,6881571419.0,6881571419.0,-0.53,35.78,85.79,1496477652
Pepe Cash,PEPECASH,98,0.0193641,0.00000784,43947.2,13591352.0,701884009.0,701884009.0,-7.66,-12.44,13.35,1496477388
E-coin,ECN,99,4.71209,0.00190737,151270.0,13177079.0,2796440.0,211085332.0,0.16,1.88,21.26,1496477399
Vertcoin,VTC,100,0.386311,0.00015634,599883.0,12918870.0,33441631.0,33441631.0,0.08,3.76,58.74,1496477645
MonaCoin,MONA,101,0.253918,0.00010276,42977.3,12842995.0,50579300.0,50579300.0,-1.14,-5.38,36.36,1496477648
Golos,GOLOS,102,0.102152,0.00004135,49744.9,12575440.0,123105174.0,123105174.0,-0.62,7.53,99.56,1496477392
Blitzcash,BLITZ,103,2.96758,0.001201,919598.0,12061147.0,4064304.0,4064304.0,-7.03,125.28,857.38,1496477657
LuckChain,BASH,104,0.0164307,0.00000665,865746.0,11896763.0,724056975.0,724056975.0,-1.07,19.69,131.88,1496477390
MergeCoin,MGC,105,0.118303,0.00004789,2726580.0,11707338.0,98960620.0,103960620.0,-1.89,-6.76,48.45,1496477400
Bitcrystals,BCY,106,0.502593,0.0002034,442941.0,11706106.0,23291422.0,23291422.0,-1.1,25.74,57.18,1496477664
Clams,CLAM,107,5.06112,0.00204826,749554.0,11657465.0,2303337.0,16208698.0,2.12,6.03,52.67,1496477653
Etheroll,DICE,108,1.61476,0.00065363,56919.3,11305940.0,7001623.0,7001623.0,-8.88,4.06,9.98,1496477402
Viacoin,VIA,109,0.469297,0.00018993,341371.0,10628718.0,22648170.0,22648170.0,1.22,18.66,47.81,1496477653
Bitland,CADASTRAL,110,0.35153,0.00014229,20800.7,10545900.0,30000000.0,30000000.0,2.53,-20.29,45.65,1496477384
Pluton,PLU,111,12.2245,0.00494825,127687.0,10390819.0,850000.0,20000000.0,-1.79,-7.13,65.92,1496477388
FlorinCoin,FLO,112,0.0772747,0.00003127,359609.0,10356332.0,134019701.0,134019701.0,-0.57,11.16,53.92,1496477643
DNotes,NOTE,113,0.078575,0.00003180,549834.0,9734693.0,123890461.0,123890461.0,-0.28,16.55,93.58,1496477649
HEAT,HEAT,114,0.356301,0.00014422,19387.3,9397630.0,26375536.0,26375536.0,-0.9,0.35,18.85,1496477385
vSlice,VSL,115,0.280817,0.00011367,126785.0,9376619.0,33390496.0,33390496.0,3.01,2.86,13.79,1496477392
Skycoin,SKY,116,1.67545,0.00067819,20841.7,9157676.0,5465801.0,100000000.0,0.31,21.38,7.28,1496477398
Energycoin,ENRG,117,0.0757093,0.00003064,8975.72,9156577.0,120943881.0,120943881.0,-0.27,4.37,23.04,1496477650
Crown,CRW,118,0.648636,0.00026251,18025.0,8995765.0,13868742.0,13868742.0,0.43,10.72,13.55,1496477657
VeriCoin,VRC,119,0.297243,0.0001203,551519.0,8980433.0,30212430.0,30212430.0,2.91,-0.29,38.94,1496477651
Rubycoin,RBY,120,0.367098,0.00014857,30184.3,8955846.0,24396334.0,24396334.0,0.4,2.08,28.93,1496477648
Pascal Coin,PASC,121,0.88908,0.00035988,282606.0,8916494.0,10028900.0,10028900.0,3.84,14.37,56.14,1496477391
Creditbit,CRB,122,0.742968,0.00030074,1349000.0,8822256.0,11874342.0,11874342.0,0.86,29.03,16.04,1496477378
Primecoin,XPM,123,0.446169,0.00018057,5074020.0,8627938.0,19337825.0,19337825.0,1.07,5.38,75.57,1496477646
SolarCoin,SLR,124,0.243321,0.00009847,97151.1,8556353.0,35164877.0,98034181608.0,5.16,14.39,42.8,1496477648
NeosCoin,NEOS,125,2.48086,0.00100402,531522.0,8306212.0,3348118.0,3348118.0,0.07,5.85,33.67,1496477654
FedoraCoin,TIPS,126,0.0000182615,0.000000007,57402.0,8092916.0,443168182458,443168182458,-1.58,-8.5,25.49,1496477644
Bitcoin Plus,XBC,127,83.4773,0.0337837,246214.0,8092250.0,96940.0,96940.0,0.87,16.64,40.42,1496477650
BelaCoin,BELA,128,0.224578,0.00009089,325265.0,7855997.0,34981150.0,34981150.0,2.17,4.24,38.17,1496477649
SaluS,SLS,129,7.67542,0.00310687,26034.6,7701948.0,1003456.0,1003456.0,0.47,0.38,97.77,1496477378
ION,ION,130,0.548466,0.00022201,58110.7,7553053.0,13771232.0,19671232.0,-0.57,34.06,44.63,1496477383
Einsteinium,EMC2,131,0.0355997,0.00001441,336452.0,7524537.0,211365194.0,211365194.0,-2.23,7.35,41.36,1496477649
VPNCoin,VASH,132,0.018503,0.00000749,1620690.0,7407486.0,400339746.0,400339746.0,-1.74,-4.37,47.43,1496477658
Incent,INCNT,133,0.316243,0.00012801,139379.0,7276218.0,23008312.0,46016625.0,-0.61,4.69,72.17,1496477390
PinkCoin,PINK,134,0.022037,0.00000892,2745010.0,7074944.0,321048400.0,371048400.0,-3.23,29.68,89.79,1496477651
MonetaryUnit,MUE,135,0.0572204,0.00002316,106921.0,6957719.0,121595080.0,121595080.0,4.94,36.59,64.53,1496477658
Rise,RISE,136,0.0636873,0.00002578,324415.0,6839202.0,107387215.0,107387215.0,7.98,136.87,279.8,1496477383
Safe Exchange Coin,SAFEX,137,0.00311302,0.00000126,39535.8,6685160.0,2147483647.0,2147483647.0,2.63,15.4,66.69,1496477378
Novacoin,NVC,138,3.82367,0.00154746,79125.4,6638998.0,1736290.0,1736290.0,0.93,2.69,20.42,1496477642
Lunyr,LUN,139,2.84282,0.00115072,162741.0,6532383.0,2297853.0,2703356.0,-2.71,0.97,16.81,1496477400
Global Currency Reserve,GCR,140,0.0634629,0.00002569,44418.2,6517289.0,102694467.0,102694467.0,-2.7,-1.57,13.71,1496477377
Asch,XAS,141,0.0866049,0.00003506,61681.5,6495368.0,75000000.0,100000000.0,-1.17,-2.81,50.84,1496477398
Feathercoin,FTC,142,0.0393,0.00001591,124212.0,6441882.0,163915560.0,163915560.0,1.05,0.28,54.32,1496477641
RouletteToken,RLT,143,0.619278,0.00025067,163155.0,6249889.0,10092219.0,10092942.0,7.92,33.81,49.87,1496477403
FirstCoin,FRST,144,1.98469,0.00080337,67508.2,6118074.0,3082635.0,110000000.0,-1.29,6.33,29.17,1496477393
FoldingCoin,FLDC,145,0.012443,0.00000504,719414.0,6093860.0,489741985.0,1000000000.0,2.59,19.06,68.07,1496477655
Aeon,AEON,146,0.42593,0.00017238,27309.3,6063125.0,14235028.0,14235028.0,1.04,-10.54,6.09,1496477663
Quark,QRK,147,0.0241862,0.00000979,352743.0,6048994.0,250101047.0,250101047.0,30.27,50.58,147.14,1496477643
Darcrus,DAR,148,0.441349,0.00017865,40362.7,6012834.0,13623762.0,13623762.0,2.68,34.04,74.3,1496477392
ZClassic,ZCL,149,4.02833,0.00163059,306086.0,5973510.0,1482875.0,1482875.0,-0.98,-6.73,72.33,1496477389
WorldCoin,WDC,150,0.0515409,0.00002086,358286.0,5906903.0,114606133.0,114606133.0,-0.65,-0.26,77.11,1496477641
SIBCoin,SIB,151,0.393702,0.00015933,32245.3,5771315.0,14659096.0,14659096.0,-0.02,-0.87,48.36,1496477664
Gambit,GAM,152,4.76887,0.00192999,30074.8,5647277.0,1184196.0,1184196.0,0.43,-2.86,36.46,1496477661
Auroracoin,AUR,153,0.622148,0.00025179,11109.2,5386644.0,8658139.0,8658139.0,0.34,3.55,23.31,1496477646
Vcash,XVC,154,0.349076,0.00014127,237426.0,5324178.0,15252203.0,15252203.0,4.21,12.44,32.54,1496477659
Janus,JNS,155,0.249042,0.00010081,8820.49,5260288.0,21122091.0,25201489.0,-4.23,0.39,22.15,1496477393
SpreadCoin,SPR,156,0.614621,0.00024874,53637.9,5002678.0,8139452.0,8139452.0,3.53,41.42,101.46,1496477657
APX,APX,157,5.32417,0.00215513,396786.0,4791753.0,900000.0,1000000.0,2.46,22.93,44.8,1496477403
Sphere,SPHR,158,1.48997,0.000603,7359.68,4593489.0,3082940.0,3082940.0,1.02,-3.15,157.5,1496477661
Bitmark,BTM,159,1.1601,0.0004695,296986.0,4525759.0,3901180.0,3901180.0,-1.33,17.79,14.89,1496477654
OKCash,OK,160,0.0623656,0.00002524,106886.0,4464508.0,71586067.0,71586067.0,-4.92,1.44,163.26,1496477658
HunterCoin,HUC,161,0.251081,0.00010161,7515610.0,4432401.0,17653270.0,17653270.0,-7.19,105.0,209.81,1496477646
ICO OpenLedger,ICOO,162,9.32561,0.00377484,8804.74,4399775.0,471795.0,471795.0,-18.65,6.88,87.38,1496477383
bitCNY,BITCNY,163,0.14457,0.00005851,533713.0,4346974.0,30068300.0,30068300.0,1.48,2.67,3.75,1496477656
FairCoin,FAIR,164,0.0807994,0.00003270,4200.7,4290947.0,53106171.0,53106171.0,-2.38,-2.21,44.91,1496477649
CloakCoin,CLOAK,165,0.854285,0.00034573,31138.6,4274648.0,5003773.0,5003773.0,0.03,0.2,46.22,1496477651
Ethereum Movie Venture,EMV,166,0.639998,0.00025906,2794.49,4266653.0,6666666.0,6666666.0,-0.0,-4.49,36.12,1496477399
NautilusCoin,NAUT,167,0.255113,0.00010325,322494.0,4127728.0,16180000.0,16180000.0,1.69,7.59,46.15,1496477650
Circuits of Value,COVAL,168,0.0102049,0.00000413,152077.0,4081960.0,400000000.0,1200000000.0,3.33,24.17,49.7,1496477658
Unobtanium,UNO,169,20.6338,0.00835063,86776.0,4079833.0,197726.0,197726.0,1.13,-0.87,18.47,1496477644
BitBean,BITB,170,0.00207562,0.00000084,242399.0,4068076.0,1959933000.0,1959933000.0,0.49,54.16,94.72,1496477659
LoMoCoin,LMC,171,0.0190589,0.00000771,315677.0,3975048.0,208566499.0,293566499.0,-0.88,-6.22,22.75,1496477387
Minereum,MNE,172,9.60909,0.00388959,252268.0,3889422.0,404765.0,404765.0,-2.68,38.5,328.94,1496477401
DubaiCoin,DBIX,173,4.45464,0.00180316,28878.1,3876812.0,870286.0,870286.0,1.67,2.47,93.97,1496477398
Wild Beast Block,WBB,174,1.65743,0.00067077,47670.4,3854718.0,2325720.0,2325720.0,9.43,29.84,29.02,1496477660
ArtByte,ABY,175,0.00490528,0.00000199,112177.0,3792045.0,773053650.0,773053650.0,-2.35,-3.84,62.75,1496477652
Riecoin,RIC,176,0.109547,0.00004433,675988.0,3748816.0,34221075.0,34221075.0,-0.3,6.44,86.58,1496477648
PoSW Coin,POSW,177,0.088049,0.00003564,79314.4,3610009.0,41000000.0,70000000.0,-1.79,24.78,97.83,1496477392
BitSend,BSD,178,0.231961,0.00009388,45399.8,3540601.0,15263775.0,15263775.0,-1.23,5.99,61.1,1496477652
Musicoin,MUSIC,179,0.0199178,0.00000806,106227.0,3446227.0,173022478.0,173022478.0,-0.48,16.55,58.52,1496477397
Zennies,ZENI,180,0.00330902,0.00000134,6355.63,3311273.0,1000680948.0,1000680948.0,1.9,4.56,26.56,1496477399
Diamond,DMD,181,1.52721,0.00061807,6626.51,3245591.0,2125177.0,2125177.0,-1.11,5.73,26.59,1496477644
Myriad,XMY,182,0.00202653,0.00000082,191922.0,3012053.0,1486310500.0,1486310500.0,-1.57,30.14,20.07,1496477648
Curecoin,CURE,183,0.126497,0.00005119,17919.0,2999048.0,23708450.0,23708450.0,2.67,6.4,21.69,1496477651
Bata,BTA,184,0.605019,0.00024485,82987.6,2995778.0,4951544.0,4951544.0,7.24,48.08,145.24,1496477661
Megacoin,MEC,185,0.090687,0.00003670,563655.0,2982373.0,32886450.0,32886450.0,-3.29,-3.81,48.08,1496477642
RaiBlocks,XRB,186,0.0386619,0.00001565,27019.7,2910488.0,75280527.0,340282367.0,4.25,1.59,86.93,1496477396
Zetacoin,ZET,187,0.0168741,0.00000683,335903.0,2803809.0,166160533.0,166160533.0,0.98,-4.1,89.0,1496477642
Breakout Stake,BRX,188,0.422079,0.00017085,15189.9,2645626.0,6268082.0,6268082.0,6.42,25.14,113.03,1496477385
InstantDEX,DEX,189,2.62744,0.00106334,3281.68,2627440.0,1000000.0,1000000.0,-4.39,8.67,,1496477655
Steem Dollars,SBD,190,1.82441,0.00073849,250563.0,2605054.0,1427888.0,1427888.0,-0.36,12.45,52.72,1496477385
Cryptonite,XCN,191,0.0078793,0.00000319,938027.0,2585614.0,328152694.0,328152694.0,-0.32,0.43,64.78,1496477653
Ethbits,ETB,192,1.90493,0.00077108,3501.08,2565913.0,1346986.0,1634691.0,-0.0,72.15,,1496477403
ZcCoin,ZCC,193,0.0415127,0.00001680,1389410.0,2559550.0,61657044.0,61657044.0,-1.44,-8.01,69.88,1496477654
Atmos,ATMS,194,0.0255439,0.00001034,122534.0,2556288.0,100074295.0,110074295.0,-5.23,4.35,53.15,1496477398
Spectrecoin,XSPEC,195,0.120264,0.00004868,146143.0,2453175.0,20398250.0,20398250.0,1.22,8.67,21.69,1496477393
Adzcoin,ADZ,196,0.0438212,0.00001774,13636.0,2403505.0,54848000.0,54848000.0,2.82,14.79,40.54,1496477377
Veros,VRS,197,0.0270188,0.00001094,43322.5,2309754.0,85486938.0,10000000000.0,-0.06,-9.13,18.11,1496477390
Digitalcoin,DGC,198,0.0656618,0.00002657,206712.0,2258096.0,34389793.0,34389793.0,-0.28,-4.18,66.23,1496477641
Espers,ESP,199,0.000111548,0.00000005,6940.36,2245429.0,20129707150.0,20129707150.0,-0.73,-6.22,22.97,1496477381
bitUSD,BITUSD,200,0.990429,0.00040083,181429.0,2202476.0,2223760.0,2223760.0,-2.66,-0.05,-0.95,1496477655
iCash,ICASH,201,0.00980705,0.00000397,14523.5,2166960.0,220959445.0,220959445.0,0.68,9.31,33.91,1496477660
BlockPay,BLOCKPAY,202,0.396634,0.00016055,22817.2,2153048.0,5428300.0,98928316.0,-0.04,4.98,93.39,1496477387
Groestlcoin,GRS,203,0.0314305,0.00001272,12427.8,2125505.0,67625556.0,67625556.0,-0.68,1.29,28.04,1496477649
Qwark,QWARK,204,0.118484,0.00004796,108245.0,2099784.0,17722085.0,250377576.0,-1.32,94.19,224.19,1496477381
BoostCoin,BOST,205,0.176999,0.00007163,151730.0,2098409.0,11855487.0,11855487.0,-1.65,-6.19,51.96,1496477651
Zeitcoin,ZEIT,206,0.0000562199,0.00000002,10123.6,2042440.0,36329487298.0,36329487298.0,0.4,-15.02,35.42,1496477647
FUNCoin,FUNC,207,0.348292,0.00014098,27032.2,2012051.0,5776909.0,100000000.0,-2.43,-1.82,49.51,1496477402
MaxCoin,MAX,208,0.0368438,0.00001491,231671.0,2005875.0,54442678.0,54442678.0,-1.45,2.18,104.99,1496477646
Anoncoin,ANC,209,0.926309,0.00037488,270519.0,1954806.0,2110317.0,2110317.0,12.47,21.46,132.85,1496477642
Project Decorum,PDC,210,0.0384157,0.00001555,1263.84,1920785.0,50000000.0,50000000.0,0.41,1.39,16.63,1496477382
Mintcoin,MINT,211,0.0000760593,0.00000003,7544.08,1852020.0,24349682961.0,24349682961.0,0.47,-24.36,26.07,1496477646
TransferCoin,TX,212,0.307594,0.00012448,8031.77,1837899.0,5975081.0,5975081.0,-1.57,0.15,-6.23,1496477663
GoldCoin,GLD,213,0.0436056,0.00001765,7666.1,1755388.0,40256016.0,40256016.0,-1.35,-5.73,13.11,1496477645
Tickets,TIX,214,0.0000256879,0.00000001,36658.8,1717911.0,66876281414.0,66876281414.0,-3.31,-6.11,54.6,1496477643
CryptoCarbon,CCRB,215,0.474558,0.00019209,18198.5,1690428.0,3562111.0,10000150.0,-1.04,3.35,51.65,1496477393
DeepWebCash,DWC,216,1.21349,0.0004912,14688.7,1626820.0,1340613.0,1340613.0,-0.84,-6.81,-23.74,1496477392
Visio,VISIO,217,0.0316598,0.00001282,4838.57,1602110.0,50603921.0,62603921.0,0.41,26.34,27.3,1496477396
Bitswift,SWIFT,218,0.386701,0.0001565,10397.2,1570365.0,4060927.0,4060927.0,-0.18,25.08,143.53,1496477656
Breakout,BRK,219,0.0870592,0.00003524,7209.22,1559847.0,17917087.0,17917087.0,-1.07,20.81,41.78,1496477384
Sequence,SEQ,220,0.0345618,0.00001399,6422.37,1545009.0,44702782.0,44702782.0,-3.06,9.21,57.32,1496477387
Boolberry,XBB,221,0.1605,0.00006496,7673.43,1529963.0,9532480.0,9532480.0,0.88,-1.32,38.82,1496477652
2GIVE,2GIVE,222,0.0029634,0.00000120,16382.7,1520224.0,512999991.0,512999991.0,0.4,9.53,-1.63,1496477381
vTorrent,VTR,223,0.137087,0.00005548,10073.8,1482728.0,10815966.0,10815966.0,0.46,-5.58,79.73,1496477658
Voxels,VOX,224,0.0451929,0.00001829,468693.0,1423576.0,31500000.0,210000000.0,-2.16,13.41,107.9,1496477380
EB3 Coin,EB3,225,0.300532,0.00012165,262355.0,1408219.0,4685754.0,786000000.0,1.77,3.72,15.54,1496477399
Startcoin,START,226,0.0303291,0.00001227,64195.9,1367229.0,45079785.0,70782220.0,0.28,-2.14,-10.96,1496477652
Renos,RNS,227,0.0407886,0.00001651,579797.0,1360398.0,33352412.0,33352412.0,1.9,-8.51,200.62,1496477396
MediterraneanCoin,MED,228,0.0269331,0.00001090,249876.0,1338753.0,49706598.0,49706598.0,2.11,27.34,151.72,1496477657
InsaneCoin,INSANE,229,0.0722819,0.00002926,956.714,1325723.0,18341010.0,18341010.0,-1.14,-2.53,63.39,1496477390
EuropeCoin,ERC,230,0.130762,0.00005292,1527.58,1288218.0,9851620.0,9851620.0,-3.69,3.04,31.64,1496477662
Stealthcoin,XST,231,0.0486279,0.00001968,3372.41,1273107.0,26180587.0,26180587.0,0.74,5.93,39.68,1496477653
Creativecoin,CREA,232,0.11652,0.00004717,7860.69,1230456.0,10560042.0,12271770.0,-0.16,3.8,12.89,1496477402
VeriumReserve,VRM,233,1.10352,0.00044669,102952.0,1230092.0,1114698.0,1114698.0,5.1,34.47,56.96,1496477387
Dynamic,DYN,234,0.759569,0.00030746,5722.83,1228231.0,1617011.0,4370915.0,3.01,13.25,41.08,1496477397
WhiteCoin,XWC,235,0.00467006,0.00000189,19134.4,1158443.0,248057495.0,248057495.0,3.16,14.71,109.33,1496477649
ChainCoin,CHC,236,0.0786256,0.00003182,8911.72,1154935.0,14689043.0,14689043.0,0.67,-17.56,15.64,1496477662
Inpay,INPAY,237,0.11236,0.00004548,21773.7,1123600.0,10000000.0,10000000.0,0.3,4.78,-6.05,1496477398
TagCoin,TAG,238,0.198164,0.00008020,212383.0,1088542.0,5493136.0,5493136.0,-2.32,-2.82,44.7,1496477643
GeoCoin,GEO,239,0.439623,0.00017792,33927.6,1079309.0,2455079.0,2455079.0,-3.16,54.86,129.63,1496477659
Yocoin,YOC,240,0.0101323,0.00000410,53494.9,1070162.0,105618830.0,200000000.0,0.06,-1.46,32.82,1496477378
Ixcoin,IXC,241,0.0508507,0.00002058,1580.67,1067818.0,20999088.0,20999088.0,0.38,-22.14,0.5,1496477641
Ripto Bux,RBX,242,0.00307068,0.00000124,6404.81,1050480.0,342100100.0,1000000000.0,21.06,13.5,118.08,1496477398
DopeCoin,DOPE,243,0.00941424,0.00000381,27921.4,1045787.0,111085648.0,111085648.0,-1.74,2.39,26.5,1496477646
Triggers,TRIG,244,0.032116,0.00001300,4877.47,1031103.0,32105593.0,100000000.0,1.22,6.07,12.61,1496477389
Mercury,MER,245,0.0103015,0.00000417,1872.68,1030150.0,100000000.0,100000000.0,2.54,6.73,7.59,1496477397
PepeCoin,PEPE,246,0.0741182,0.00003000,19596.4,1021711.0,13784880.0,13784880.0,0.41,15.01,73.84,1496477379
HTMLCOIN,HTML5,247,0.0000250743,0.00000001,3553.31,1019496.0,40659020000.0,40659020000.0,-4.77,18.06,38.81,1496477655
SecureCoin,SRC,248,0.130641,0.00005287,166064.0,1017157.0,7785896.0,7785896.0,-3.09,-3.21,37.77,1496477643
Hacker Gold,HKG,249,0.0623413,0.00002523,2048.01,1004374.0,16110893.0,16110893.0,0.41,8.45,21.87,1496477391
AudioCoin,ADC,250,0.00125475,0.00000051,1359.34,995266.0,793198644.0,793198644.0,0.49,8.38,9.02,1496477661
CannabisCoin,CANN,251,0.0128251,0.00000519,56453.5,990498.0,77231176.0,91859176.0,0.43,2.38,76.12,1496477653
DIBCOIN,DIBC,252,0.195039,0.00007895,4295.68,975195.0,5000000.0,5000000000.0,-0.02,4.67,32.43,1496477398
PutinCoin,PUT,253,0.00473525,0.00000192,3972.44,949028.0,200417616.0,200417616.0,0.69,-2.51,53.88,1496477385
Woodcoin,LOG,254,0.118036,0.00004777,3335.3,948442.0,8035193.0,8035193.0,0.43,15.1,34.11,1496477660
LiteDoge,LDOGE,255,0.0000627554,0.00000003,9604.68,927206.0,14774921660.0,14774921660.0,14.09,-0.59,22.93,1496477660
HiCoin,XHI,256,0.00472016,0.00000191,94730.3,895556.0,189729990.0,10189729990.0,-4.23,1.65,6.29,1496477382
Pesetacoin,PTC,257,0.00683004,0.00000276,1849.06,891709.0,130556989.0,130556989.0,2.88,16.28,28.7,1496477647
Syndicate,SYNX,258,0.0775569,0.00003139,10649.3,873978.0,11268860.0,11268860.0,0.48,-10.67,91.71,1496477384
ArcticCoin,ARC,259,0.0363741,0.00001472,1394.61,849891.0,23365292.0,23365292.0,-1.1,-1.42,-11.83,1496477389
Joincoin,J,260,0.340243,0.0001377,542.863,833051.0,2448402.0,2448402.0,0.38,-73.08,123.74,1496477654
EverGreenCoin,EGC,261,0.0613028,0.00002481,6371.95,816633.0,13321301.0,13321301.0,-7.5,-1.34,25.02,1496477378
Hush,HUSH,262,0.738051,0.00029875,30318.6,812511.0,1100888.0,1222363.0,0.39,2.27,81.83,1496477390
ShadowCash,SDC,263,0.121329,0.00004910,528.919,808948.0,6667395.0,6667395.0,0.43,-1.28,12.61,1496477654
Centurion,CNT,264,0.0310723,0.00001258,29756.0,803228.0,25850279.0,63389078.0,-0.29,-1.69,16.36,1496477395
e-Gulden,EFL,265,0.0503469,0.00002038,1841.48,772643.0,15346388.0,20385728.0,0.39,2.21,-22.12,1496477648
Unitus,UIS,266,0.0164923,0.00000667,13637.4,771607.0,46785866.0,46785866.0,-2.13,-2.85,0.48,1496477658
HempCoin,THC,267,0.00360713,0.00000146,16989.8,764073.0,211823061.0,211823061.0,1.26,12.68,21.96,1496477653
ExclusiveCoin,EXCL,268,0.183664,0.00007433,5431.18,751090.0,4089479.0,4089479.0,0.43,14.0,29.46,1496477656
ProCurrency,PROC,269,0.26041,0.00010541,826.127,733108.0,2815205.0,15000053805.0,0.41,2.41,10.88,1496477400
BlueCoin,BLU,270,0.00124409,0.00000050,2900.14,714958.0,574683675.0,574683675.0,1.91,-11.97,192.79,1496477649
Tokes,TKS,271,1.10195,0.00044605,11028.3,713649.0,647624.0,50000000.0,-5.71,5.88,30.94,1496477397
CacheCoin,CACH,272,0.197674,0.00008000,35874.8,712773.0,3605802.0,3605802.0,23.2,133.66,,1496477648
SuperCoin,SUPER,273,0.0172965,0.00000700,4180.14,711848.0,41155630.0,41155630.0,15.25,104.38,,1496477651
Fantomcoin,FCN,274,0.121076,0.00004900,3532.92,710064.0,5864612.0,5864612.0,0.02,-3.29,39.75,1496477652
Altcoin,ALT,275,5.71229,0.00231223,2284.79,697901.0,122175.0,134063.0,0.26,10.08,112.16,1496477399
Synergy,SNRG,276,0.241352,0.00009768,1423.32,670327.0,2777385.0,2777385.0,0.61,3.77,51.32,1496477661
Tao,XTO,277,0.020738,0.00000839,1076.74,628735.0,30318019.0,32318019.0,2.57,-3.51,25.38,1496477387
TrustPlus,TRUST,278,0.0194709,0.00000788,4248.63,624755.0,32086595.0,32086595.0,6.37,8.16,66.86,1496477653
Magi,XMG,279,0.0845917,0.00003423,4690.2,596976.0,7057141.0,7057141.0,1.24,2.03,9.72,1496477656
ReeCoin,REE,280,0.04726,0.00001913,5266.5,584498.0,12367704.0,6662367704.0,0.45,34.25,137.44,1496477384
TileCoin,XTC,281,0.00581031,0.00000235,16227.2,581031.0,100000000.0,100000000.0,8.67,9.55,39.35,1496477656
DT Token,DRACO,282,0.00642315,0.00000260,83935.5,570947.0,88888888.0,88888888.0,-4.11,3.89,88.3,1496477383
Moin,MOIN,283,0.0815634,0.00003302,1696.43,566933.0,6950825.0,6950825.0,2.96,7.33,48.09,1496477377
Deutsche eMark,DEM,284,0.0203511,0.00000824,924.039,565627.0,27793416.0,27793416.0,-1.47,-6.31,33.74,1496477643
1337,1337,285,0.0000240911,0.000000010,6298.9,550533.0,22852133645.0,22852133645.0,-0.47,7.2,21.3,1496477665
Elcoin,EL,286,0.0473361,0.00001916,2983.81,530589.0,11208967.0,20935289.0,6.96,21.47,10.1,1496477382
FujiCoin,FJC,287,0.000535191,0.00000022,3382.34,515834.0,963831160.0,963831160.0,-5.07,-18.4,21.05,1496477661
UniBURST,UNIBURST,288,0.509796,0.00020636,10420.7,509795.0,999999.0,1000000.0,3.93,-5.53,198.34,1496477396
Canada eCoin,CDN,289,0.00508532,0.00000206,564.183,495389.0,97415544.0,97415544.0,1.22,-7.5,25.3,1496477650
IncaKoin,NKA,290,0.0000619092,0.00000003,4549.03,466611.0,7537017614.0,7537017614.0,0.62,-16.01,205.34,1496477658
Capricoin,CPC,291,0.467224,0.00018909,43000.7,460233.0,985038.0,200985038.0,3.96,1.54,37.1,1496477662
NuShares,NSR,292,0.000167352,0.00000007,1976.02,452230.0,2702268334.0,3317185701.0,0.6,-3.94,-45.58,1496477657
KoreCoin,KORE,293,0.237333,0.00009605,2554.02,434545.0,1830949.0,1830949.0,0.43,-1.52,20.31,1496477652
Newbium,NEWB,294,0.0178862,0.00000724,21828.9,429269.0,24000000.0,51000000.0,7.53,45.3,370.24,1496477383
Terracoin,TRC,295,0.0211837,0.00000857,7560.53,425976.0,20108680.0,20108680.0,-0.46,30.41,38.41,1496477640
TrumpCoin,TRUMP,296,0.0650724,0.00002634,1455.79,425545.0,6539568.0,6539568.0,-1.73,-0.4,21.56,1496477379
I0Coin,I0C,297,0.0197427,0.00000799,894.066,414093.0,20974483.0,20974483.0,0.48,1.77,24.31,1496477643
NobleCoin,NOBL,298,0.000172177,0.00000007,17848.4,394581.0,2291718600.0,2291718600.0,-12.12,-10.7,-5.98,1496477645
BitBar,BTB,299,12.092,0.00489369,955.128,394168.0,32597.0,32597.0,0.42,3.57,21.05,1496477641
PostCoin,POST,300,0.0238615,0.00000966,3162.97,376423.0,15775332.0,15775332.0,1.52,0.53,20.68,1496477381
iTicoin,ITI,301,11.6602,0.00471982,49304.2,373126.0,32000.0,9999992.0,0.03,5.66,29.52,1496477402
Jewels,JWL,302,0.0178615,0.00000723,4229.66,360385.0,20176625.0,20176625.0,-0.69,5.67,27.69,1496477387
GCoin,GCN,303,0.0000025693,0.000000001,2589.81,357251.0,139045460000,139045460000,0.2,15.69,64.31,1496477657
Virtacoinplus,XVP,304,0.0397267,0.00001608,1453.99,350475.0,8822150.0,10356744.0,1.65,-3.55,-21.05,1496477396
Wyvern,WYV,305,0.32121,0.00013002,2154.07,350322.0,1090631.0,1090631.0,0.41,2.67,3.02,1496477398
Trollcoin,TROLL,306,0.000617074,0.00000025,848.844,341733.0,553796243.0,553796243.0,-3.42,0.97,5.74,1496477656
Master Swiscoin,MSCN,307,0.033032,0.00001337,11577.1,338979.0,10262140.0,1002588165.0,3.1,-4.11,-4.49,1496477395
Bytecent,BYC,308,0.204025,0.00008257,11540.9,331037.0,1622530.0,1622530.0,9.8,24.68,29.07,1496477658
Dotcoin,DOT,309,0.0014263,0.00000058,29261.4,320982.0,225045000.0,490045000.0,-1.21,1.33,32.1,1496477659
Atomic Coin,ATOM,310,0.0315254,0.00001276,1149.48,316877.0,10051482.0,10051482.0,-0.99,16.59,66.29,1496477389
Influxcoin,INFX,311,0.187792,0.00007600,12703.5,314248.0,1673383.0,1673383.0,7.48,5.92,-5.76,1496477664
ParkByte,PKB,312,0.0647603,0.00002621,1890.11,308520.0,4764026.0,4764026.0,6.61,4.64,44.76,1496477661
MazaCoin,MZC,313,0.000271567,0.00000011,667.092,296719.0,1092618137.0,1092618137.0,-14.71,-24.24,20.69,1496477649
Quatloo,QTL,314,0.0390124,0.00001579,5156.83,290219.0,7439136.0,7439136.0,4.73,4.35,10.62,1496477653
Asiadigicoin,ADCN,315,0.0112159,0.00000454,1906.61,279624.0,24931054.0,210000000.0,1.75,-6.87,-11.43,1496477380
8Bit,8BIT,316,0.232434,0.00009407,3019.24,270650.0,1164415.0,1164415.0,0.5,17.43,-10.46,1496477660
Sexcoin,SXC,317,0.00208613,0.00000084,2740.18,255660.0,122552176.0,122552176.0,1.07,-3.63,24.37,1496477642
Rubies,RBIES,318,0.0245529,0.00000994,2458.03,254701.0,10373577.0,10373577.0,2.11,11.37,8.63,1496477379
Karbowanec,KRB,319,0.0703525,0.00002848,5031.63,249414.0,3545201.0,3545201.0,-0.28,-10.78,3.66,1496477386
Torcoin,TOR,320,0.898927,0.00036387,9025.76,236813.0,263440.0,1263440.0,1.89,21.23,27.7,1496477399
Zoin,ZOI,321,0.0216401,0.00000876,1360.48,233090.0,10771200.0,10771200.0,-0.16,-12.77,10.12,1496477391
UltraCoin,UTC,322,0.00533721,0.00000216,3092.01,230064.0,43105730.0,43105730.0,1.84,-8.87,45.06,1496477645
PRCoin,PRC,323,0.0241814,0.00000979,4754.54,229370.0,9485400.0,789485400.0,2.43,7.57,2.25,1496477395
Cryptojacks,CJ,324,0.000564103,0.00000023,85323.4,229347.0,406568581.0,406568581.0,-14.83,-20.87,94.05,1496477384
Flycoin,FLY,325,0.987272,0.00039963,16389.2,208122.0,210806.0,210806.0,0.41,33.23,280.76,1496477375
GoldBlocks,GB,326,0.0139894,0.00000566,953.619,208000.0,14868386.0,14868386.0,1.2,17.11,47.31,1496477383
LiteBar,LTB,327,0.308659,0.00012492,1690.38,199464.0,646227.0,646227.0,0.43,-2.27,9.06,1496477647
NuBits,USNBT,328,1.00491,0.00040669,29772.3,197738.0,196772.0,838087.0,-0.84,0.21,-1.45,1496477656
Pesobit,PSB,329,0.005855,0.00000237,1067.17,191308.0,32674378.0,32674378.0,-0.85,-3.91,22.91,1496477388
UnbreakableCoin,UNB,330,0.0751502,0.00003041,2376.97,171203.0,2278150.0,2278150.0,0.4,-2.75,32.66,1496477658
Sumokoin,SUMO,331,0.346112,0.0001401,10003.6,162780.0,470311.0,9359200.0,0.48,27.45,,1496477404
Fastcoin,FST,332,0.00128362,0.00000052,1569.15,162717.0,126764507.0,126764507.0,-4.18,0.28,56.66,1496477642
Netko,NETKO,333,0.0655945,0.00002655,899.406,161735.0,2465680.0,2465680.0,0.55,-2.73,2.88,1496477396
Truckcoin,TRK,334,0.00130959,0.00000053,787.175,161311.0,123176360.0,123176360.0,0.4,17.48,86.09,1496477654
bitBTC,BITBTC,335,2506.19,1.01427,50276.9,159594.0,64.0,64.0,2.92,1.1,25.76,1496477656
TEKcoin,TEK,336,0.000107865,0.00000004,1822.37,152527.0,1414054562.0,1414054562.0,0.14,39.11,300.44,1496477650
Pascal Lite,PASL,337,0.0742128,0.00003004,2852.65,147401.0,1986200.0,1986200.0,1.85,7.91,-6.06,1496477396
TheGCCcoin,GCC,338,0.0197884,0.00000801,2512.46,139393.0,7044172.0,867044172.0,0.41,-5.16,-10.43,1496477394
BERNcash,BERN,339,0.00191924,0.00000078,970.716,136716.0,71234301.0,71234301.0,-2.37,1.65,18.45,1496477381
Phoenixcoin,PXC,340,0.00212446,0.00000086,709.324,123006.0,57899725.0,57899725.0,-0.73,25.72,136.81,1496477641
Machinecoin,MAC,341,0.00627616,0.00000254,2287.27,122769.0,19561200.0,19561200.0,-2.19,2.8,18.33,1496477659
Piggycoin,PIGGY,342,0.000247599,0.00000010,846.005,119792.0,483815187.0,483815187.0,4.3,-15.14,-20.36,1496477653
Rimbit,RBT,343,0.00103583,0.00000042,1003.54,119638.0,115499623.0,393459356.0,0.33,6.15,25.4,1496477657
bitEUR,BITEUR,344,1.12456,0.00045511,37827.6,115380.0,102600.0,102600.0,-1.94,-1.32,2.16,1496477661
HoboNickels,HBN,345,0.00237209,0.00000096,598.951,115281.0,48598910.0,48598910.0,-12.38,-14.68,72.35,1496477644
bitSilver,BITSILVER,346,20.4057,0.00825831,5313.74,115018.0,5637.0,5637.0,6.52,-4.45,15.49,1496477659
Digital Rupees,DRS,347,0.000222342,0.00000009,1144.4,113573.0,510802961.0,510802961.0,0.41,31.36,-23.61,1496477393
MojoCoin,MOJO,348,0.00938727,0.00000380,2916.19,113177.0,12056408.0,12056408.0,-1.27,-0.77,-16.72,1496477380
LanaCoin,LANA,349,0.000141687,0.00000006,838.994,106139.0,749108211.0,749108211.0,-30.58,-2.31,49.57,1496477382
Coin2.1,C2,350,0.00105241,0.00000043,529.807,105216.0,99976323.0,99976323.0,6.94,1.33,18.95,1496477651
Eryllium,ERY,351,0.0241513,0.00000978,4729.23,105176.0,4354883.0,14354883.0,0.8,14.06,-23.64,1496477394
CHNCoin,CNC,352,0.0040887,0.00000165,13165.7,103282.0,25260247.0,170109984.0,3.48,-3.65,33.53,1496477645
PipCoin,PIP,353,0.0148228,0.00000600,869.375,97433.0,6573177.0,6999979.0,0.41,-24.09,-17.43,1496477389
Chronos,CRX,354,0.00119874,0.00000049,1225.04,88383.0,73729962.0,73729962.0,4.85,51.78,117.41,1496477384
Freicoin,FRC,355,0.00271802,0.00000110,18231.5,75855.0,27908273.0,100000000.0,0.4,2.23,34.59,1496477658
Greencoin,GREV2,356,0.0000247093,0.00000001,609.94,75637.0,3061088641.0,3061088641.0,0.43,-48.91,-15.25,1496477652
Gapcoin,GAP,357,0.0067398,0.00000273,10320.5,73382.0,10887786.0,10887786.0,0.2,2.67,47.2,1496477657
MCAP,MCAP,358,6.7425,0.00272924,75678.5,67459.0,10005.0,100000000.0,0.38,6.06,,1496477403
Kurrent,KURT,359,0.00663587,0.00000269,1972.07,65824.0,9919485.0,21319485.0,0.39,-0.22,14.3,1496477391
AquariusCoin,ARCO,360,0.0536538,0.00002172,614.547,65624.0,1223095.0,1223095.0,-2.42,25.98,46.56,1496477382
CrevaCoin,CREVA,361,0.00173768,0.00000070,13909.7,63235.0,36390750.0,6240390800.0,0.27,-5.19,5.73,1496477662
PonziCoin,PONZI,362,0.069173,0.00002800,655.756,59565.0,861099.0,861099.0,0.41,24.38,70.48,1496477382
PetroDollar,XPD,363,0.000916388,0.00000037,3063.25,58643.0,63993275.0,63993275.0,7.36,-0.62,1.16,1496477649
Wexcoin,WEX,364,0.341171,0.0001381,771.207,57325.0,168024.0,10000168024.0,-9.39,-4.72,0.52,1496477388
Acoin,ACOIN,365,0.0447733,0.00001812,10552.4,54627.0,1220085.0,1220085.0,0.22,5.28,-9.24,1496477656
Philosopher Stones,PHS,366,0.0199898,0.00000809,2349.9,48560.0,2429219.0,2429219.0,0.55,2.43,32.9,1496477644
LevoPlus,LVPS,367,0.0985208,0.00003988,4028.54,40827.0,414397.0,91414397.0,11.55,69.83,-5.37,1496477396
Bolivarcoin,BOLI,368,0.00593086,0.00000240,771.391,38499.0,6491300.0,6491300.0,-7.05,-1.75,63.64,1496477663
Allion,ALL,369,0.00617688,0.00000250,821.477,38293.0,6199359.0,7323359.0,0.41,-4.3,12.23,1496477395
Independent Money System,IMS,370,0.00668138,0.00000270,769.562,35872.0,5368934.0,5368934.0,0.31,-1.4,18.42,1496477380
Rawcoin,XRC,371,0.047927,0.00001940,1227.13,33783.0,704882.0,704882.0,7.87,1.29,219.72,1496477390
SixEleven,611,372,0.0811301,0.00003284,3743.53,33439.0,412163.0,412163.0,0.41,16.1,-52.62,1496477382
Marijuanacoin,MAR,373,0.0618851,0.00002505,11973.0,32347.0,522690.0,522690.0,1.79,62.95,41.44,1496477395
BeaverCoin,BVC,374,0.0095625,0.00000387,567.779,29790.0,3115258.0,3115258.0,-0.55,7.74,15.67,1496477656
Eurocoin,EUC,375,0.00180378,0.00000073,1577.25,21159.0,11730350.0,11730350.0,2.39,18.65,2.16,1496477663
Bitvolt,VOLT,376,0.000839958,0.00000034,1013.75,12694.0,15112554.0,60132654.0,1.15,26.67,14.95,1496477401
BenjiRolls,BENJI,377,0.000592912,0.00000024,4890.72,11236.0,18951236.0,18951236.0,0.41,32.24,46.99,1496477392
AllSafe,ASAFE,378,0.0000130297,0.000000005,831.256,9251.0,710000000.0,710000000.0,0.47,-30.08,160.09,1496477389
Ebittree Coin,EBT,379,0.0104995,0.00000425,1156.18,9170.0,873360.0,810873360.0,0.17,-11.38,14.87,1496477399
Beatcoin,XBTS,380,0.00596918,0.00000242,1099.55,9101.0,1524686.0,2524686.0,0.42,-8.78,36.98,1496477387
Argus,ARGUS,381,0.006919,0.00000280,937.624,7945.0,1148324.0,5194373.0,10.92,24.4,54.74,1496477395
Digital Money Bits,DMB,382,0.0164569,0.00000666,9407.36,5233.0,318000.0,10318000.0,2.84,7.48,247.19,1496477403
Environ,ENV,383,0.0000246920,0.000000010,3383.96,3238.0,131129509.0,931129509.0,0.41,2.14,,1496477401
Gold Pressed Latinum,GPL,384,0.186051,0.00007531,6581.67,,,204211.0,1.43,3.25,0.51,1496477401
SnakeEyes,SNAKE,385,0.14653,0.00005931,1740.77,,,10000000.0,4.24,2.06,94.89,1496477401
Arcade Token,ARC,386,3.74133,0.00167261,,10773690.0,2879642.0,2879642.0,,,62.76,1496180681
Scotcoin,SCOT,387,0.00774289,0.00000321,,7742890.0,1000000000.0,1000000000.0,,19.2,116.14,1496426352
MUSE,MUSE,388,0.00523839,0.00000212,363.458,7201951.0,1374840478.0,1524840478.0,0.68,75.24,441.36,1496477661
Jinn,JINN,389,56.0427,0.0228523,,3289875.0,58703.0,1000000.0,,14.24,-11.43,1496444660
XCurrency,XC,390,0.521119,0.0002109,442.296,3026109.0,5806945.0,5806945.0,0.43,19.76,29.14,1496477651
AsiaCoin,AC,391,0.00302751,0.00000123,9.58581,2545324.0,840731758.0,840731758.0,0.39,7.7,39.46,1496477649
Pangea Poker,PANGEA,392,1.64256,0.00066475,120.147,1641496.0,999352.0,1000000.0,-4.04,74.51,169.0,1496477658
Bitpark Coin,BPC,393,0.0186767,0.00000756,72.7346,1400753.0,75000000.0,100000000.0,0.41,-9.02,24.62,1496477392
NewYorkCoin,NYC,394,0.0000189870,0.000000008,137.547,1133902.0,59719935819.0,59719935819.0,1.04,-21.48,-6.32,1496477650
Devcoin,DVC,395,0.0000619216,0.00000003,6.16311,867266.0,14005877500.0,14005877500.0,0.55,348.1,136.71,1496477640
GlobalCoin,GLC,396,0.0132442,0.00000536,0.992795,863138.0,65171010.0,65171010.0,0.4,5.17,-44.42,1496477660
Pandacoin,PND,397,0.0000247093,0.00000001,307.382,803421.0,32514916898.0,32514916898.0,0.43,2.19,21.87,1496477647
Ultimate Secure Cash,USC,398,0.0760903,0.00003080,7.4114,787011.0,10343113.0,38602656.0,11.4,5.8,18.18,1496477398
Carboncoin,CARBON,399,0.0000494186,0.00000002,21.8874,760648.0,15391934379.0,15391934379.0,0.43,2.2,21.87,1496477654
Version,V,400,0.00172933,0.00000070,384.845,756617.0,437520524.0,437520524.0,0.41,130.88,,1496477403
DubaiCoin,DBIC,401,0.145523,0.00005891,312.385,746390.0,5129014.0,6146942.0,-0.12,-9.97,4.37,1496477379
CageCoin,CAGE,402,0.0000068942,0.000000003,489.491,697477.0,101168328395,101168328395,4.88,24.72,-34.75,1496477646
Cryptofund,FUND,403,0.5588,0.0002553,,558800.0,1000000.0,1000000.0,,,12.31,1495948164
BTSR,BTSR,404,0.166891,0.00006755,107.248,552546.0,3310819.0,3310819.0,-1.3,-2.69,73.85,1496477380
E-Currency Coin ,ECC,405,0.0000247093,0.00000001,5.46076,545102.0,22060603799.0,22060603799.0,0.43,2.21,21.87,1496477648
Colossuscoin V2,CV2,406,0.0000211113,0.000000009,180.294,468508.0,22192275273.0,22192275273.0,0.13,11.64,20.58,1496477659
SmileyCoin,SMLY,407,0.0000178464,0.000000007,62.4894,463297.0,25960250000.0,25960250000.0,0.55,-18.15,161.49,1496477659
PayCoin,XPY,408,0.0387468,0.00001568,120.346,453459.0,11703141.0,11753141.0,0.43,422.86,52.53,1496477658
YashCoin,YASH,409,0.044419,0.00001798,167.677,444195.0,10000117.0,10000117.0,0.41,-5.85,39.56,1496477392
Dashcoin,DSH,410,0.0248231,0.00001005,361.486,429231.0,17291579.0,17291579.0,0.36,-0.71,25.88,1496477657
Happycoin,HPC,411,0.0371311,0.00001503,66.7656,422042.0,11366271.0,11366271.0,0.41,-1.53,136.22,1496477399
CasinoCoin,CSC,412,0.0103056,0.00000417,494.765,397808.0,38601187.0,38601187.0,-0.18,-13.21,-7.25,1496477642
BitcoinTX,BTX,413,0.00489244,0.00000198,106.323,396601.0,81063983.0,81063983.0,0.43,134.92,22.49,1496477661
FuelCoin,FC2,414,0.00382994,0.00000155,166.085,388408.0,101413546.0,101413546.0,0.43,6.33,,1496477652
SmartCoin,SMC,415,0.0168121,0.00000680,327.241,384918.0,22895294.0,22895294.0,16.24,36.76,48.92,1496477645
Orbitcoin,ORB,416,0.128449,0.00005198,252.71,379714.0,2956144.0,2956144.0,0.47,2.95,26.55,1496477644
TeslaCoin,TES,417,0.00510772,0.00000207,412.275,366602.0,71774059.0,71774059.0,0.43,-2.38,27.36,1496477645
LTBcoin,LTBC,418,0.000742106,0.00000032,,366499.0,493863915.0,493863915.0,,,,1496287754
Mineum,MNM,419,0.0386766,0.00001566,145.961,364967.0,9436367.0,9586367.0,0.54,2.57,2.61,1496477383
RussiaCoin,RC,420,0.0436284,0.00001766,4.36328,358470.0,8216446.0,8216446.0,0.41,2.05,26.01,1496477377
Casino,CASINO,421,0.319817,0.00012946,3.51799,319817.0,1000000.0,1000000.0,3.33,-53.15,-21.65,1496477396
Shorty,SHORTY,422,0.00289044,0.00000117,0.289044,289044.0,100000000.0,100000000.0,0.41,,39.62,1496477391
Rare Pepe Party,RAREPEPEPRTY,423,15.7977,0.00639462,34.0957,284359.0,18000.0,100000.0,-0.26,,36.49,1496477389
Kobocoin,KOBO,424,0.0110698,0.00000448,11.097,273427.0,24700248.0,24700248.0,3.43,50.19,-31.15,1496477659
HitCoin,HTC,425,0.0000247047,0.00000001,12.6529,271661.0,10996318099.0,20996318099.0,0.41,-48.92,-39.14,1496477381
HOdlcoin,HODL,426,0.00291515,0.00000118,322.359,270880.0,92921465.0,250000000.0,0.41,-7.26,26.78,1496477379
Crypto Bullion,CBX,427,0.263475,0.00010663,310.564,262392.0,995888.0,995888.0,0.34,12.53,-18.63,1496477642
BTCtalkcoin,TALK,428,0.00357833,0.00000161,,233631.0,65290635.0,65290635.0,,,-17.91,1496191750
Neutron,NTRN,429,0.0185145,0.00000749,213.694,233610.0,12617684.0,12617684.0,14.65,-4.16,177.53,1496477660
MTMGaming,MTM,430,0.0765778,0.00003100,370.024,229733.0,3000000.0,5000000.0,-8.67,-22.11,196.7,1496477396
Coin(O),CNO,431,0.00222014,0.00000090,136.495,228949.0,103123814.0,103123814.0,0.43,14.8,203.47,1496477648
AgrolifeCoin,AGLC,432,0.0472658,0.00001990,,216933.0,4589647.0,204589647.0,,,,1496301878
VirtualCoin,VC,433,0.0213734,0.00000888,,215108.0,10064287.0,10064287.0,,-0.42,9.76,1496433855
KibiCoin,KIC,434,0.0145659,0.00000590,416.644,213548.0,14660800.0,14660800.0,-12.23,-22.42,,1496477404
Vault Coin,VLTC,435,0.00701184,0.00000284,30.2004,208451.0,29728380.0,529728380.0,0.63,53.04,11.09,1496477392
SwagBucks,BUCKS,436,1.01002,0.00040884,6.91053,207900.0,205838.0,205838.0,0.04,-10.19,-8.88,1496477377
BritCoin,BRIT,437,0.00943895,0.00000382,6.72508,200748.0,21268092.0,21268092.0,0.43,-2.13,12.08,1496477653
42-coin,42,438,4717.09,1.90903,295.707,198118.0,42.0,42.0,0.43,6.03,45.77,1496477645
The Cypherfunks,FUNK,439,0.0000043213,0.000000002,163.672,190865.0,44168695000.0,44168695000.0,-26.74,-8.94,1.17,1496477662
Bitz,BITZ,440,0.0892373,0.00003720,,177662.0,1990891.0,1990891.0,,,18.31,1496351362
Zero,ZER,441,0.234694,0.00009500,476.02,176056.0,750150.0,750150.0,0.4,-0.94,26.94,1496477397
Veltor,VLT,442,0.31622,0.000128,139.404,175456.0,554855.0,554855.0,0.41,-21.44,-36.8,1496477387
NetCoin,NET,443,0.000221858,0.00000009,28.7541,174630.0,787126712.0,787126712.0,0.39,2.1,16.46,1496477644
Tristar Coin,TSTR,444,0.0343849,0.00001500,,172882.0,5027857.0,255027857.0,,,-5.83,1496271895
Tattoocoin (Standard Edition),TSE,445,0.00149099,0.00000060,275.379,170567.0,114398374.0,604398374.0,0.41,43.67,54.92,1496477394
Bitstar,BITS,446,0.00736337,0.00000298,314.582,169945.0,23079737.0,23079737.0,0.43,-47.31,44.81,1496477650
Stress,STS,447,0.000296456,0.00000012,6.58705,167537.0,565134332.0,565134332.0,0.41,22.6,32.78,1496477379
DigitalPrice,DP,448,0.0072736,0.00000294,420.086,164840.0,22662755.0,22662755.0,-0.78,30.66,117.59,1496477656
BillaryCoin,BLRY,449,0.0178121,0.00000721,31.9455,160009.0,8983158.0,8983158.0,-5.49,-12.1,-8.45,1496477383
LottoCoin,LOT,450,0.0000103851,0.000000004,11.1264,150491.0,14491014421.0,14491014421.0,-0.25,1.75,42.54,1496477644
Titcoin,TIT,451,0.00300825,0.00000122,98.3512,150106.0,49898202.0,49898202.0,0.02,-1.43,-27.72,1496477654
Crave,CRAVE,452,0.115392,0.00004670,268.64,144205.0,1249695.0,1249695.0,0.43,-7.27,170.11,1496477661
GAIA,GAIA,453,0.00593023,0.00000240,59.3023,142927.0,24101381.0,24101381.0,0.43,,58.08,1496477657
Bottlecaps,CAP,454,0.000988632,0.00000040,387.501,137504.0,139084652.0,139084652.0,4.33,-64.7,50.18,1496477642
PureVidz,VIDZ,455,0.00108148,0.00000044,15.4104,135386.0,125185443.0,125185443.0,9.17,9.02,25.84,1496477393
Bitcurrency,BTCR,456,0.000757379,0.00000031,111.718,127517.0,168365586.0,168365586.0,0.41,6.22,92.06,1496477391
Dollarcoin,DLC,457,0.0136709,0.00000553,5.90137,124497.0,9106714.0,9106714.0,0.41,27.62,134.87,1496477388
CorgiCoin,CORG,458,0.0000987372,0.00000004,25.9164,123605.0,1251855418.0,1251855418.0,0.4,47.89,-26.58,1496477648
C-Bit,XCT,459,0.000914072,0.00000037,86.1436,120479.0,131804750.0,131804750.0,0.41,14.55,16.38,1496477380
MetalCoin,METAL,460,0.00154592,0.00000064,,118921.0,76925527.0,76925527.0,,-0.1,-10.32,1496430259
TittieCoin,TTC,461,0.0000940616,0.00000004,395.872,118500.0,1259816434.0,1259816434.0,0.43,34.59,65.15,1496477658
HyperStake,HYP,462,0.000304876,0.00000012,406.124,117620.0,385796097.0,385796097.0,16.85,18.48,56.75,1496477654
Universal Currency,UNIT,463,0.00884593,0.00000358,6.32131,115408.0,13046431.0,13046431.0,0.43,225.4,39.83,1496477661
Swing,SWING,464,0.048594,0.00001967,53.7006,110813.0,2280393.0,2280393.0,0.41,11.58,8.83,1496477375
RedCoin,RED,465,0.00148147,0.00000060,159.581,109789.0,74107896.0,74107896.0,0.47,150.94,72.89,1496477645
Pakcoin,PAK,466,0.00283391,0.00000115,229.542,103897.0,36662000.0,36662000.0,-2.58,3.37,20.7,1496477664
Xiaomicoin,MI,467,0.00025196,0.00000010,294.927,102332.0,406141855.0,406141855.0,0.41,2.7,7.02,1496477663
BigUp,BIGUP,468,0.0000494093,0.00000002,217.978,101528.0,2054832021.0,2054832021.0,0.41,48.48,26.32,1496477380
Sterlingcoin,SLG,469,0.0254907,0.00001032,300.028,98933.0,3881156.0,3881156.0,-0.26,-0.14,19.87,1496477655
QuazarCoin,QCN,470,0.0172965,0.00000700,77.7068,98851.0,5715063.0,5715063.0,-2.36,-3.82,25.41,1496477651
GlobalBoost-Y,BSTY,471,0.00857477,0.00000347,381.993,97739.0,11398430.0,11398430.0,0.3,25.73,34.13,1496477656
FlutterCoin,FLT,472,0.000298751,0.00000012,66.4653,96262.0,322214524.0,322214524.0,0.32,3.17,4.61,1496477648
BunnyCoin,BUN,473,0.0000009297,0.0000000004,40.7549,94286.0,101415148145,101415148145,-0.18,10.87,46.29,1496477656
Cannacoin,CCN,474,0.0197921,0.00000801,48.5262,92977.0,4697675.0,4697675.0,0.43,-31.62,6.03,1496477649
NoLimitCoin,NLC2,475,0.000444684,0.00000018,71.8391,89141.0,200458979.0,200458979.0,0.41,31.36,-4.28,1496477388
WayGuide,WAY,476,0.000883361,0.00000036,,88372.0,100040708.0,100040708.0,,1.48,20.89,1496468977
bitGold,BITGOLD,477,1567.13,0.634228,190.499,87783.0,56.0,56.0,5.21,0.98,30.17,1496477659
Triangles,TRI,478,1.12227,0.00045419,0.0150048,81804.0,72891.0,72891.0,0.43,11.81,3.68,1496477653
Emerald Crypto,EMD,479,0.00422683,0.00000171,314.222,80805.0,19117129.0,19117129.0,-24.66,-8.32,59.44,1496477643
AmberCoin,AMBER,480,0.00182849,0.00000074,2.8153,79801.0,43643263.0,43643263.0,0.43,,38.74,1496477659
Tigercoin,TGC,481,0.00182849,0.00000074,50.6405,79607.0,43536800.0,43536800.0,-7.13,75.35,190.91,1496477644
GameUnits,UNITS,482,0.0228024,0.00000923,17.6125,79044.0,3466475.0,3466475.0,0.41,4.1,-12.34,1496477392
KushCoin,KUSH,483,0.0141064,0.00000571,84.6381,76091.0,5394066.0,5394066.0,0.41,42.99,40.97,1496477394
UFO Coin,UFO,484,0.0000229521,0.00000001,,75460.0,3287698762.0,3287698762.0,,,,1496273048
Elementrem,ELE,485,0.00295283,0.00000120,4.02876,73888.0,25022626.0,25022626.0,1.12,-10.8,26.29,1496477385
KiloCoin,KLC,486,0.00037057,0.00000015,262.38,72742.0,196297971.0,10025186872.0,0.41,-9.85,41.79,1496477379
Guncoin,GUN,487,0.000395349,0.00000016,26.5088,72017.0,182159578.0,182159578.0,0.43,2.72,71.1,1496477650
Valorbit,VAL,488,0.0000247047,0.00000001,6.67028,70964.0,2872504054.0,922340072504054,0.41,2.17,21.72,1496477380
SproutsExtreme,SPEX,489,0.0000247047,0.00000001,22.4812,70819.0,2866607586.0,2866607586.0,0.41,2.17,21.72,1496477379
Darsek,KED,490,0.00713964,0.00000289,58.2974,70430.0,9864587.0,9864587.0,0.41,-7.73,4.36,1496477398
Blakecoin,BLC,491,0.00580564,0.00000235,207.557,69150.0,11910789.0,11910789.0,0.43,-0.76,32.63,1496477646
ChessCoin,CHESS,492,0.0012704,0.00000051,109.443,68561.0,53967793.0,53967793.0,0.22,8.28,37.23,1496477383
HempCoin,HMP,493,0.0000494093,0.00000002,258.371,67030.0,1356622034.0,2856622034.0,60.65,2.17,21.72,1496477379
Zayedcoin,ZYD,494,0.010376,0.00000420,80.7378,64786.0,6243840.0,6243840.0,0.41,29.21,28.12,1496477388
CCMiner,CCM100,495,0.0266289,0.00001078,122.28,64345.0,2416354.0,6000000.0,3.33,0.75,82.56,1496477394
Yacoin,YAC,496,0.000543605,0.00000022,87.6663,63127.0,116125915.0,116125915.0,0.4,-2.22,16.16,1496477642
Ratecoin,XRA,497,0.000592995,0.00000024,200.122,62928.0,106118628.0,106118628.0,0.42,1.22,6.1,1496477662
Spots,SPT,498,0.0027913,0.00000113,473.732,62542.0,22406021.0,22406021.0,0.43,-22.79,165.94,1496477643
Evotion,EVO,499,0.024795,0.00001004,245.213,61224.0,2469220.0,2469220.0,1.23,43.58,-12.45,1496477377
Bitcloud,BTD,500,0.00540268,0.00000222,,60183.0,11139505.0,11139505.0,,0.65,-10.68,1496440775
DigiCube,CUBE,501,0.0000240385,0.000000010,12.9719,58393.0,2429126009.0,2429126009.0,0.32,21.9,18.56,1496477665
MiloCoin,MILO,502,0.00549072,0.00000222,33.9042,56522.0,10294057.0,10294057.0,0.41,21.99,61.45,1496477396
RevolverCoin,XRE,503,0.00251987,0.00000102,26.5875,54922.0,21795662.0,21795662.0,-2.46,-3.51,22.92,1496477383
MarteXcoin,MXT,504,0.0198661,0.00000804,0.11376,54198.0,2728161.0,2728161.0,-4.21,19.96,-12.47,1496477383
PayCon,CON,505,0.00231615,0.00000094,99.3967,53370.0,23042604.0,23042604.0,0.43,107.48,95.33,1496477659
Eternity,ENT,506,0.0171915,0.00000696,190.795,52838.0,3073489.0,3073489.0,8.61,11.92,-7.26,1496477391
Debitcoin,DBTC,507,0.00292315,0.00000118,22.0412,52594.0,17992127.0,25992127.0,0.41,-17.76,73.0,1496477384
808Coin,808,508,0.000246026,0.00000010,483.838,51345.0,208699308.0,208699308.0,0.4,27.02,82.57,1496477385
Argentum,ARG,509,0.00667151,0.00000270,481.953,50102.0,7509781.0,7509781.0,0.43,-3.09,13.85,1496477641
SatoshiMadness,MAD,510,0.0000247093,0.00000001,15.0727,49435.0,2000683485.0,2000683485.0,0.43,2.19,21.83,1496477663
Prime-XI,PXI,511,0.00331869,0.00000134,80.404,49140.0,14806955.0,14806955.0,6.7,6.61,106.9,1496477656
AurumCoin,AU,512,0.165799,0.00006710,93.8362,49112.0,296216.0,296216.0,1.07,3.14,17.61,1496477656
Aricoin,ARI,513,0.00034593,0.00000014,45.6744,48521.0,140262505.0,140262505.0,0.43,-10.1,31.71,1496477646
Artex Coin,ATX,514,0.00258878,0.00000105,293.125,48408.0,18699000.0,268699000.0,0.41,-30.81,4.38,1496477386
CoExistCoin,COXST,515,0.00177834,0.00000072,57.1118,48262.0,27138905.0,27138905.0,-0.06,33.82,59.78,1496477381
ICOBID,ICOB,516,0.00045686,0.00000018,72.9379,47451.0,103862796.0,103862796.0,0.42,10.81,38.97,1496477393
NevaCoin,NEVA,517,0.0252842,0.00001023,127.556,45933.0,1816660.0,1816660.0,0.4,-17.18,20.22,1496477380
Joulecoin,XJO,518,0.00139815,0.00000057,6.63113,45118.0,32269552.0,32269552.0,-0.52,10.58,39.84,1496477643
Lex4All,LEX,519,0.044596,0.00001805,37.1485,44598.0,1000043.0,5000000.0,3.33,15.84,-24.3,1496477397
Nyancoin,NYAN,520,0.000149377,0.00000006,424.913,44498.0,297891209.0,297891209.0,0.58,-11.37,-11.83,1496477645
Jin Coin,JIN,521,0.00442213,0.00000179,67.3243,43551.0,9848485.0,9848485.0,0.41,-26.85,,1496477388
Sativacoin,STV,522,0.00601654,0.00000243,0.879701,42578.0,7076906.0,7076906.0,0.43,,21.93,1496477657
UniCoin,UNIC,523,0.0143539,0.00000581,99.957,41801.0,2912144.0,2912144.0,0.42,1.81,29.88,1496477662
UCoin,U,524,0.0153692,0.00000622,170.47,41340.0,2689812.0,2689812.0,0.4,2.56,25.54,1496477659
AmsterdamCoin,AMS,525,0.00427471,0.00000173,80.8124,41053.0,9603707.0,16803707.0,-0.26,-7.13,33.74,1496477663
HealthyWormCoin,WORM,526,0.00249517,0.00000101,476.184,40577.0,16262365.0,16262365.0,-27.56,47.41,-22.16,1496477398
Francs,FRN,527,0.0232349,0.00000941,249.207,39827.0,1714100.0,1714100.0,-2.35,-15.63,26.33,1496477378
Franko,FRK,528,0.0614767,0.00002488,6.56062,39158.0,636950.0,636950.0,0.4,7.18,-2.69,1496477642
BurstOcean,OCEAN,529,0.184755,0.00007479,30.5308,39136.0,211827.0,1000000.0,3.33,-10.18,110.59,1496477396
SpaceCoin,SPACE,530,0.0021178,0.00000086,54.6375,37713.0,17807787.0,17807787.0,0.43,4.03,24.12,1496477664
OctoCoin,888,531,0.000765961,0.00000031,29.8458,37067.0,48392828.0,48392828.0,0.42,-0.41,51.37,1496477648
Creatio,XCRE,532,0.00177345,0.00000072,253.864,36392.0,20520514.0,20520514.0,0.41,25.16,61.81,1496477391
FlavorCoin,FLVR,533,0.00172931,0.00000070,199.317,36139.0,20898106.0,20898106.0,0.4,19.5,74.79,1496477378
WMCoin,WMC,534,0.00311404,0.00000128,,35897.0,11527489.0,911527489.0,,0.61,53.42,1496438372
Cypher,CYP,535,0.00559142,0.00000226,,35591.0,6365285.0,6365285.0,,2.32,-7.77,1496459661
Dobbscoin,BOB,536,0.00699273,0.00000283,4.25787,35386.0,5060382.0,5060382.0,0.43,5.54,24.95,1496477654
Honey,HONEY,537,0.517558,0.0002095,315.53,35352.0,68306.0,68306.0,-1.28,61.29,5.46,1496477396
GoldPieces,GP,538,0.0288547,0.00001168,337.62,35207.0,1220161.0,1220161.0,-0.63,27.58,6.97,1496477658
PopularCoin,POP,539,0.0000100049,0.000000004,21.5379,33445.0,3342859434.0,3342859434.0,-2.1,-5.85,28.45,1496477649
Evil Coin,EVIL,540,0.00158107,0.00000064,4.6616,33235.0,21020383.0,21020383.0,0.42,4.0,27.61,1496477379
PlatinumBAR,XPTX,541,0.187261,0.00007580,12.7953,32816.0,175245.0,175245.0,0.41,,81.35,1496477382
CryptoWorldX Token,CWXT,542,0.000590145,0.00000024,1.13487,32290.0,54716200.0,54716200.0,0.41,1.69,43.81,1496477394
Uro,URO,543,0.0266119,0.00001077,1.77274,32129.0,1207310.0,1207310.0,0.43,2.19,11.42,1496477652
BitQuark,BTQ,544,0.00444767,0.00000180,79.9289,31826.0,7155671.0,7155671.0,46.03,124.29,41.66,1496477652
RonPaulCoin,RPC,545,0.0398808,0.00001614,20.7267,31493.0,789685.0,789685.0,0.43,2.56,69.87,1496477644
Solarflarecoin,SFC,546,0.00224812,0.00000091,165.429,30868.0,13730400.0,13730400.0,0.41,-1.91,-8.68,1496477394
Universe,UNI,547,0.0103018,0.00000417,79.1906,30842.0,2993821.0,14193821.0,0.41,-13.79,11.23,1496477398
Grantcoin,GRT,548,0.000741279,0.00000030,5.07189,30641.0,41335736.0,10041335736.0,0.43,22.64,46.24,1496477663
LeaCoin,LEA,549,0.000110144,0.00000004,80.0353,30435.0,276315689.0,276315689.0,6.22,36.82,35.7,1496477660
Bitzeny,ZNY,550,0.000395349,0.00000016,56.0699,29894.0,75614500.0,75614500.0,7.12,9.0,29.99,1496477662
MACRON,MCRN,551,0.0000743564,0.00000003,276.57,29848.0,401421401.0,401421401.0,-0.05,-24.18,50.96,1496477400
Dreamcoin,DRM,552,0.0120275,0.00000503,,29311.0,2436996.0,2436996.0,,,11.71,1496330352
Zurcoin,ZUR,553,0.00037057,0.00000015,61.7506,29281.0,79015587.0,79015587.0,0.41,2.17,39.06,1496477382
Hexx,HXX,554,0.0215876,0.00000874,77.3132,29239.0,1354433.0,1354433.0,0.48,-7.16,-26.21,1496477662
BumbaCoin,BUMBA,555,0.00130935,0.00000053,6.13445,28737.0,21947412.0,21947412.0,0.41,8.3,-11.98,1496477380
NeuCoin,NEU,556,0.0000143050,0.000000006,0.783234,28478.0,1990764588.0,2014638413.0,-1.85,0.77,,1496477664
ParallelCoin,DUO,557,0.0974706,0.00003945,295.226,28022.0,287489.0,287489.0,0.22,29.47,32.44,1496477664
Unrealcoin,URC,558,0.00395349,0.00000160,4.46302,27771.0,7024402.0,7024402.0,0.4,3.52,17.46,1496477661
PX,PX,559,0.000345865,0.00000014,10.9969,26589.0,76875772.0,76875772.0,0.41,-40.4,-10.31,1496477386
SoonCoin,SOON,560,0.002125,0.00000086,5.61923,26483.0,12462620.0,12462620.0,0.43,24.59,16.47,1496477658
Bitcoin 21,XBTC21,561,0.0322643,0.00001306,0.00069173,25589.0,793108.0,7093108.0,0.41,,80.43,1496477382
Firecoin,FIRE,562,0.2571,0.00010405,0.771177,25302.0,98412.0,98412.0,0.43,77.04,5.68,1496477654
BipCoin,BIP,563,0.0186803,0.00000756,154.693,25104.0,1343889.0,1343889.0,0.41,45.21,3.76,1496477389
Ride My Car,RIDE,564,0.000248135,0.00000010,94.1592,25086.0,101099571.0,101099571.0,11.22,22.4,7.42,1496477395
CryptoEscudo,CESC,565,0.000172965,0.00000007,106.7,24925.0,144105100.0,594105100.0,0.43,-2.96,21.87,1496477649
PIECoin,PIE,566,0.000343695,0.00000014,281.243,24771.0,72071269.0,72071269.0,0.41,-8.73,7.92,1496477395
GanjaCoin,420G,567,0.0361688,0.00001464,0.000152054,24341.0,672975.0,1741116.0,5.63,1662.72,60.24,1496477656
Cannation,CNNC,568,0.00988186,0.00000400,105.464,24260.0,2454993.0,2454993.0,0.41,31.24,1.42,1496477402
Photon,PHO,569,0.0000013520,0.0000000005,31.7985,24133.0,17849797267.0,17849797267.0,-0.99,-30.32,62.31,1496477649
ARbit,ARB,570,0.00357811,0.00000149,,23173.0,6476270.0,6476270.0,,,6.31,1496362165
AntiBitcoin,ANTI,571,0.00130959,0.00000053,211.951,22872.0,17465159.0,17465159.0,0.43,,17.4,1496477665
BiosCrypto,BIOS,572,0.0010627,0.00000043,,22037.0,20737003.0,20737003.0,,1.57,54.98,1496452465
Luna Coin,LUNA,573,0.017934,0.00000726,213.531,22012.0,1227386.0,1227386.0,22.03,19.73,45.43,1496477391
Theresa May Coin,MAY,574,0.00143287,0.00000058,15.1405,21922.0,15299050.0,15299050.0,0.41,-8.83,,1496477403
X-Coin,XCO,575,0.00170494,0.00000069,4.40384,21116.0,12384976.0,12384976.0,0.43,-21.66,-1.7,1496477659
Prototanium,PR,576,0.10499,0.00004249,46.6248,20417.0,194462.0,194462.0,0.43,35.97,20.61,1496477664
Halcyon,HAL,577,0.00437355,0.00000177,12.7265,20348.0,4652556.0,4652556.0,7.08,18.22,18.26,1496477654
MindCoin,MND,578,0.0016058,0.00000065,7.05291,20147.0,12546625.0,12546625.0,0.41,-0.88,13.02,1496477377
Flaxscript,FLAX,579,0.00365698,0.00000148,19.1874,20102.0,5496952.0,5496952.0,0.43,0.18,17.79,1496477663
Destiny,DES,580,0.0119818,0.00000485,207.41,19171.0,1600000.0,1600000.0,0.41,-22.58,21.72,1496477380
Sprouts,SPRTS,581,0.0000001090,0.00000000004,71.2456,19153.0,175662431582,175662431582,-1.85,39.8,176.54,1496477663
B3Coin,B3,582,0.0621473,0.00002516,96.8924,19112.0,307533.0,307533.0,0.41,-16.01,89.0,1496477386
IslaCoin,ISL,583,0.0126029,0.00000510,306.217,19077.0,1513704.0,1513704.0,0.43,0.46,-17.66,1496477665
Kittehcoin,MEOW,584,0.0000007881,0.0000000003,2.92836,18839.0,23905669976.0,23905669976.0,2.17,-24.58,85.73,1496477645
Magnum,MGM,585,0.00516496,0.00000225,,18736.0,3627530.0,253627530.0,,,88.5,1496272491
Alexium,AUM,586,0.000912034,0.00000037,,18512.0,20297336.0,20297336.0,,1.96,21.54,1496454265
BTCDragon,DRAGON,587,0.044596,0.00001805,178.384,18023.0,404146.0,1000000.0,3.33,-51.49,-40.74,1496477394
Vector,VEC2,588,0.00113663,0.00000046,3.72142,18011.0,15845723.0,15845723.0,2.66,6.83,-42.22,1496477663
SecretCoin,SCRT,589,0.00424808,0.00000177,,17964.0,4228672.0,4228672.0,,-0.74,26.08,1496414965
SongCoin,SONG,590,0.000538463,0.00000022,32.9573,17535.0,32565300.0,32565300.0,0.42,-9.39,25.95,1496477660
GameBet Coin,GBT,591,0.000813435,0.00000033,,17296.0,21262780.0,22262780.0,,1.94,14.51,1496454270
DAPPSTER,DLISK,592,0.000172933,0.00000007,3.41403,17293.0,100000000.0,100000000.0,0.41,-10.6,-14.8,1496477384
VapersCoin,VPRC,593,0.0000218344,0.000000009,89.564,17034.0,780124964.0,1635124964.0,5.09,51.77,29.36,1496477386
PLNcoin,PLNC,594,0.000988372,0.00000040,1.5814,16891.0,17089600.0,19089600.0,0.43,-11.14,-4.42,1496477649
Sling,SLING,595,0.0155174,0.00000628,11.1881,16667.0,1074095.0,1074095.0,0.75,2.37,28.63,1496477661
Steps,STEPS,596,0.00089215,0.00000037,,16616.0,18625017.0,18625017.0,,-0.28,18.92,1496434766
VIP Tokens,VIP,597,0.000197637,0.00000008,23.2227,16493.0,83450403.0,83450403.0,0.41,-16.18,-11.48,1496477379
Litecred,LTCR,598,0.000544622,0.00000022,128.526,16463.0,30227750.0,30227750.0,0.41,-4.08,22.56,1496477378
Impact,IMX,599,0.000148228,0.00000006,4.94093,16203.0,109314611.0,109314611.0,0.41,-12.43,-8.71,1496477398
Orlycoin,ORLY,600,0.000431634,0.00000018,,15818.0,36646779.0,36646779.0,,-0.83,25.09,1496410470
GPU Coin,GPU,601,0.000385836,0.00000016,262.302,15617.0,40477042.0,51530001.0,-6.55,19.68,72.7,1496477382
Blackstar,BSTAR,602,0.0000247047,0.00000001,109.467,15584.0,630795971.0,630795971.0,0.41,2.17,21.72,1496477392
FuzzBalls,FUZZ,603,0.0032116,0.00000130,287.099,15512.0,4829945.0,4829945.0,1.98,8.29,26.13,1496477381
AnarchistsPrime,ACP,604,0.00350872,0.00000142,13.2438,15420.0,4394874.0,4394874.0,0.43,2.05,-2.43,1496477663
Hirocoin,HIRO,605,0.0000494186,0.00000002,4.94186,15398.0,311580217.0,311580217.0,0.43,104.42,143.73,1496477649
TajCoin,TAJ,606,0.00266269,0.00000108,50.6319,15378.0,5775218.0,5775218.0,-0.38,42.34,77.63,1496477386
BowsCoin,BSC,607,0.00276744,0.00000112,16.6047,15360.0,5550102.0,5550102.0,0.43,2.21,92.24,1496477662
OsmiumCoin,OS76,608,0.0166294,0.00000673,2.10758,14867.0,894026.0,894026.0,0.43,11.46,40.16,1496477664
Shilling,SH,609,0.00453977,0.00000184,225.82,14668.0,3231100.0,3231100.0,-12.44,131.79,75.27,1496477388
GuccioneCoin,GCC,610,0.00071657,0.00000029,0.361818,14536.0,20285537.0,23775537.0,0.43,2.19,0.98,1496477663
BlazeCoin,BLZ,611,0.0000232544,0.000000009,7.53092,14152.0,608557394.0,608557394.0,-0.35,2.76,53.58,1496477658
Metal Music Coin,MTLMC3,612,0.000172031,0.00000007,31.618,13714.0,79719140.0,79719140.0,0.48,16.22,64.23,1496477662
BitTokens,BXT,613,0.0259399,0.00001050,33.2977,13490.0,520062.0,520062.0,0.41,2.17,198.6,1496477386
JobsCoin,JOBS,614,0.000123523,0.00000005,65.3236,13096.0,106019270.0,200019300.0,0.41,2.17,52.15,1496477389
LetItRide,LIR,615,0.00037057,0.00000015,30.5507,13071.0,35271823.0,35271823.0,0.41,2.17,62.13,1496477384
Crypto,CTO,616,0.00130959,0.00000053,40.2941,13008.0,9933188.0,9933188.0,0.43,-8.17,-28.23,1496477662
MustangCoin,MST,617,0.0200526,0.00000810,,12608.0,628736.0,628736.0,,-14.36,-46.76,1496450376
TAGRcoin,TAGR,618,0.000321221,0.00000013,1.25464,12421.0,38669634.0,38669634.0,0.43,2.19,-6.81,1496477662
Comet,CMT,619,0.0133308,0.00000540,4.9649,11636.0,872830.0,872830.0,2.04,6.6,31.28,1496477384
WARP,WARP,620,0.0105936,0.00000443,,11602.0,1095224.0,1095224.0,,-1.1,23.97,1496415568
Money,$$$,621,0.000240951,0.00000010,31.8785,11057.0,45887218.0,45887218.0,0.58,-15.29,-6.08,1496477665
Scorecoin,SCORE,622,0.000640302,0.00000026,28.0856,10662.0,16652010.0,16652010.0,0.41,-23.88,-17.34,1496477398
Iconic,ICON,623,0.0177873,0.00000720,0.496563,10546.0,592894.0,592894.0,0.41,,3.71,1496477394
Solaris,XLR,624,0.0615586,0.00002492,117.017,10515.0,170809.0,270809.0,0.48,-15.18,-29.01,1496477398
Cabbage,CAB,625,0.000988186,0.00000040,237.98,10376.0,10499996.0,10499996.0,0.41,-16.6,10.8,1496477380
DPAY,DPAY,626,0.000123523,0.00000005,25.0677,9825.0,79541001.0,79541001.0,0.41,27.71,52.15,1496477390
Zonecoin,ZNE,627,0.00380452,0.00000154,59.41,9823.0,2581970.0,2581970.0,0.41,2.84,43.09,1496477386
Cashcoin,CASH,628,0.000271802,0.00000011,1.91035,9739.0,35831128.0,35831128.0,0.43,,21.83,1496477647
G3N,G3N,629,0.00127629,0.00000052,,9651.0,7561891.0,7561891.0,,1.53,16.57,1496469262
Xonecoin,XOC,630,0.0228024,0.00000923,3.30751,9577.0,420000.0,420000.0,0.41,2.39,21.98,1496477387
JIO Token,JIO,631,0.00491623,0.00000199,402.794,9381.0,1908128.0,8888888.0,0.41,44.2,147.02,1496477392
1CRedit,1CR,632,0.10497,0.00004249,9.88186,9260.0,88213.0,88213.0,0.41,,60.58,1496477379
High Voltage,HVCO,633,0.00611441,0.00000256,,9136.0,1494171.0,1694171.0,,,32.13,1496333672
EGO,EGO,634,0.000148228,0.00000006,10.1948,8894.0,60000001.0,60000001.0,0.41,-12.43,4.33,1496477388
iBank,IBANK,635,0.00188531,0.00000079,,8534.0,4526324.0,4526324.0,,,16.11,1496357683
Pulse,PULSE,636,0.000588492,0.00000024,8.13299,8415.0,14298972.0,14298972.0,18.91,230.94,25.59,1496477380
Abncoin,ABN,637,0.123523,0.00005000,3.08808,8363.0,67700.0,4734367.0,0.41,-24.72,65.43,1496477393
Speedcash,SCS,638,0.0310537,0.00001257,303.189,8108.0,261081.0,476168.0,0.41,-37.66,-11.77,1496477401
Qibuck Asset,QBK,639,0.00535152,0.00000217,2.14061,7793.0,1456187.0,2000000.0,3.33,55.23,45.39,1496477402
Coinonat,CXT,640,0.00334816,0.00000136,400.206,7219.0,2156202.0,8156202.0,-4.52,26.91,26.07,1496477399
Hommalicoin,HMC,641,2.95497,0.00119612,177.875,7147.0,2419.0,1000000000.0,-0.26,,-25.89,1496477384
PosEx,PEX,642,0.00286574,0.00000116,9.58647,7030.0,2453240.0,2453240.0,0.41,1.3,0.85,1496477379
Dix Asset,DIX,643,0.0000000684,0.00000000003,,6844.0,100000000000,100000000000,,-0.92,5.62,1496417087
Future Digital Currency,FDC,644,0.00251987,0.00000102,56.8207,6512.0,2584401.0,1002584401.0,-15.87,-18.46,14.18,1496477392
BioBar,BIOB,645,0.0068926,0.00000279,135.916,6105.0,885756.0,985756.0,32.77,44.78,55.07,1496477397
Printerium,PRX,646,0.000662668,0.00000027,284.254,6013.0,9074428.0,9074428.0,0.41,-3.15,6.69,1496477393
SydPak,SDP,647,0.0347166,0.00001405,0.855312,5504.0,158539.0,158539.0,0.43,-14.39,24.16,1496477663
ImpulseCoin,IMPS,648,0.000271751,0.00000011,1.60373,5502.0,20245510.0,20245510.0,0.41,-25.08,21.72,1496477390
Concoin,CONX,649,0.00775726,0.00000314,40.2895,5336.0,687849.0,1538849.0,85.46,-5.07,90.36,1496477399
Save and Gain,SANDG,650,0.00141989,0.00000064,,4352.0,3064800.0,3064800.0,,,6.08,1496226272
GeertCoin,GEERT,651,0.00079146,0.00000032,18.961,4029.0,5090239.0,5090239.0,-1.99,-3.77,-8.29,1496477396
Antilitecoin,ALTC,652,0.000123523,0.00000005,2.00446,3893.0,31512613.0,31512613.0,0.41,-27.02,-23.93,1496477380
Revenu,REV,653,0.0032116,0.00000130,36.8879,3840.0,1195525.0,1195525.0,0.41,14.5,,1496477380
NodeCoin,NODC,654,0.00221639,0.00000097,,3720.0,1678439.0,5878439.0,,,13.75,1496270080
Elysium,ELS,655,0.000765844,0.00000031,68.815,3067.0,4005012.0,4005012.0,0.41,-61.5,-24.54,1496477394
Selfiecoin,SLFI,656,0.0000247093,0.00000001,1.97674,2664.0,107829281.0,107829281.0,0.43,2.23,21.87,1496477661
Californium,CF,657,0.0202616,0.00000820,18.6594,2251.0,111110.0,111110.0,0.43,3.96,3.47,1496477660
Doubloon,BOAT,658,0.00049386,0.00000020,124.674,1752.0,3547845.0,18547845.0,0.41,-6.67,-26.96,1496477394
P7Coin,P7C,659,0.0000494186,0.00000002,0.34551,1741.0,35220238.0,35220238.0,0.43,-31.85,21.87,1496477661
Enigma,XNG,660,0.097361,0.00003941,10.4509,1619.0,16627.0,66627.0,0.41,-2.59,23.47,1496477381
Dollar Online,DOLLAR,661,0.0155639,0.00000630,309.985,1376.0,88379.0,10088379.0,26.77,11.42,90.72,1496477391
Powercoin,PWR,662,0.0000247047,0.00000001,72.8603,1235.0,49983870.0,49983870.0,0.41,2.17,21.72,1496477383
Impeachcoin,IMPCH,663,0.00326101,0.00000132,4.48883,1005.0,308179.0,2501512.0,-4.65,-5.89,78.52,1496477394
23 Skidoo,CHAO,664,3978.27,1.61003,102.528,1005.0,0.0,0.0,0.43,8.96,-21.69,1496477663
Digital Credits,DGCS,665,0.000148256,0.00000006,74.7133,864.0,5826388.0,201284316.0,0.43,53.28,21.83,1496477665
SwapToken,TOKEN,666,0.0000240410,0.000000010,9.3157,844.0,35110531.0,35110531.0,0.42,118.19,5250.09,1496477384
Zcashshare,ZHS,667,0.000216504,0.00000009,,612.0,2826000.0,2826000.0,,-0.51,6.67,1496411380
CRTCoin,CRT,668,0.00494186,0.00000200,0.0000000247,392.0,79270.0,10079270.0,0.43,2.19,21.87,1496477650
PizzaCoin,PIZZA,669,0.000222342,0.00000009,157.958,306.0,1377917.0,10127917.0,0.41,-11.34,82.57,1496477386
Xenixcoin,XEN,670,0.0272285,0.00001100,,275.0,10100.0,10010100.0,,2.37,23.22,1496460285
CaliphCoin,CALC,671,0.00120696,0.00000049,22.8951,105.0,87140.0,148587140.0,0.41,9.86,-12.88,1496477388
MikeTheMug,MUG,672,0.0000051456,0.000000002,,5.0,999279.0,1000000.0,,,-99.25,1496047185
BTCGold,XBG,673,0.139729,0.00005656,1.00536,,,99000001.0,0.41,2.17,-34.74,1496477400
Soarcoin,SOAR,674,0.0187755,0.00000760,420.975,,,5000000000.0,0.41,-5.28,13.29,1496477397
Project-X,NANOX,675,459259.0,185.9,1193.85,,,1.0,0.41,51.94,,1496477402
Internet of Things,XOT,676,19985.8,8.08991,1544.84,,,21000000.0,1560.48,1546.26,1992.2,1496477399
AMIS,AMIS,677,277.548,0.115061,,,,,,-0.41,,1496391890
Bitcoin Unlimited (Futures),BTU,678,147.714,0.0597919,902.362,,,,0.41,7.32,1.26,1496477397
Malcoin,MALC,679,32.1997,0.0130339,42277.9,,,1000000000.0,0.41,2.17,21.84,1496477400
GoldUnionCoin,GUC,680,22.2342,0.009,5818.29,,,210000000.0,0.41,1.32,26.36,1496477400
Qtum (Pre-Launch),QTUM,681,13.03,0.0052743,50327000.0,,,100000000.0,6.32,23.71,269.31,1496477402
Fargocoin,FRGC,682,7.15235,0.00289514,997858.0,,,443985275.0,0.06,5.72,8.56,1496477392
ZenCash,ZEN,683,7.11832,0.00288137,20637.3,,,1395688.0,-12.86,-21.95,,1496477404
Internet of People,IOP,684,3.88579,0.0015729,3338.61,,,2139406.0,0.41,8.64,82.62,1496477390
EcoCoin,ECO,685,3.46043,0.00140072,33911.2,,,1093895.0,3.99,-11.37,19.65,1496477403
DECENT (Pre-Launch),DCT,686,2.94915,0.00119376,3144.67,,,73290000.0,2.72,2.98,-13.37,1496477391
PRIZM,PZM,687,1.10444,0.00044706,32671.3,,,,-5.68,2.38,27.93,1496477402
Bitcore,BTX,688,1.06531,0.00043122,10281.0,,,16362166.0,0.41,0.91,-23.08,1496477400
OBITS.WARRANT,WARRANT,689,1.04922,0.00042689,,,,,,4.89,,1496473492
DynamicCoin,DMC,690,0.995388,0.00040292,223174.0,,,10541442931.0,-0.01,-0.35,-0.32,1496477389
Databits,DTB,691,0.86394,0.00034971,145241.0,,,,0.25,6.72,30.25,1496477397
Aeternity (Pre-Launch),AE,692,0.837488,0.000339,1746.27,,,,10.42,1.87,,1496477403
XDE II,XDE2,693,0.832391,0.00033694,256.122,,,42249.0,0.41,43.01,73.3,1496477397
GAY Money,GAY,694,0.634934,0.00025701,170.857,,,5603062782.0,0.41,86.31,82.85,1496477388
TechShares,THS,695,0.634391,0.00025679,9.40248,,,646359158.0,0.41,6.12,19.25,1496477386
TeslaCoilCoin,TESLA,696,0.56791,0.00022988,135.211,,,100000000.0,0.41,66.47,173.66,1496477382
Bitgem,BTG,697,0.557442,0.0002256,26.0883,,,,0.43,-30.17,-29.55,1496477643
LEOcoin,LEO,698,0.540365,0.00021869,288009.0,,,92935875.0,0.52,11.41,31.57,1496477663
InvisibleCoin,IVZ,699,0.437355,0.000177,165.029,,,,0.43,67.14,441.02,1496477664
WA Space,WA,700,0.375264,0.0001519,31729.8,,,,0.35,1.28,16.37,1496477390
Topaz Coin,TOPAZ,701,0.354539,0.00014351,25509.7,,,38322.0,0.41,786.9,167.69,1496477401
ClubCoin,CLUB,702,0.292347,0.00011834,20591.9,,,90899180.0,1.71,7.04,11.01,1496477377
Yogold,YOG,703,0.271924,0.00011007,21.7533,,,100000000.0,0.41,2.17,30.52,1496477397
TROPTIONS,TROPTIONS,704,0.248173,0.00010598,,,,1000000001.0,,,,1496287780
Zilbercoin,ZBC,705,0.225148,0.00009114,91152.3,,,9009413.0,-3.14,-1.6,-17.57,1496477394
Tattoocoin (Limited Edition),TLE,706,0.215747,0.00008733,1800.32,,,975532.0,0.41,64.81,392.6,1496477400
ZenGold,ZENGOLD,707,0.211969,0.00008580,1715.82,,,,-1.54,-39.29,,1496477403
LandCoin,LDCN,708,0.184996,0.00007488,33031.6,,,19003881978.0,4.4,85.8,414.32,1496477393
AlpaCoin,APC,709,0.172834,0.00006996,1823.22,,,,0.41,8.72,25.58,1496477377
Pabyosi Coin (Special),PCS,710,0.169874,0.00006876,3422.77,,,30993751760.0,0.42,-3.59,33.55,1496477392
Golos Gold,GBG,711,0.160704,0.00006505,5306.38,,,,-2.37,-0.17,13.02,1496477394
EquiTrader,EQT,712,0.130935,0.00005300,112689.0,,,7673360.0,0.41,2.17,29.02,1496477402
Quartz,QRZ,713,0.123029,0.00004980,2064.82,,,21000000.0,0.41,-27.57,,1496477404
Wowecoin,WEC,714,0.104,0.00004210,11334.2,,,8901692.0,,-0.0,-0.11,1496477385
DeusCoin,DEUS,715,0.0825135,0.00003340,9477.7,,,,-5.51,-4.78,-11.66,1496477399
InsaneCoin,INSN,716,0.0778468,0.00003151,2362.29,,,18528360.0,0.02,10.31,190.73,1496477402
Omicron,OMC,717,0.0762138,0.00003085,0.247047,,,10134137.0,0.41,5.06,21.68,1496477388
WavesGo,WGO,718,0.0666223,0.00002697,1011.47,,,10000000.0,3.12,-1.65,188.45,1496477400
Elacoin,ELC,719,0.0491468,0.00001989,45.6766,,,,0.4,,77.11,1496477659
Fazzcoin,FAZZ,720,0.0490137,0.00001984,697.942,,,1022577370.0,0.48,-8.86,-22.98,1496477399
CryptoBuck,BUK,721,0.0383792,0.00001553,31.8313,,,,-13.59,22.92,62.9,1496477656
International Diamond,XID,722,0.038234,0.00001588,,,,,,,,1496373575
DeltaCredits,DCRE,723,0.0293185,0.00001217,,,,,,-0.37,12.06,1496419764
President Johnson,GARY,724,0.0291515,0.00001180,224.413,,,57968072167.0,0.41,2.03,92.01,1496477386
IvugeoCoin,IEC,725,0.0245858,0.00000995,5.4337,,,,0.43,2.23,31.67,1496477661
RHFCoin,RHFC,726,0.0234694,0.00000950,9175.42,,,200157240.0,3.06,-12.47,-6.97,1496477400
EDRCoin,EDRC,727,0.0224251,0.00000908,13255.9,,,3407292.0,0.11,-0.84,-14.06,1496477381
ShellPay,SHELL,728,0.0204035,0.00000826,10495.9,,,,-0.71,-1.59,7.49,1496477661
Lepaoquan,HLB,729,0.0190677,0.00000772,855933.0,,,935398848.0,-0.44,-4.99,30.42,1496477392
Avoncoin,ACN,730,0.0190226,0.00000770,3244.26,,,,1.33,-4.08,-7.26,1496477394
Gycoin,GYC,731,0.0189206,0.00000766,5283.25,,,22213403.0,-0.08,15.69,3.99,1496477386
KolschCoin,TP1,732,0.0147961,0.00000620,,,,,,,55.6,1496357661
Digitalfund,DTF,733,0.0139449,0.00000564,12120.3,,,54000053.0,-0.0,-1.86,-16.77,1496477387
Mind Gene,MG,734,0.0123523,0.00000500,6263.37,,,,4.59,-4.15,-0.65,1496477388
Sharkcoin,SAK,735,0.0106616,0.00000431,3018.61,,,,2.27,12.36,66.97,1496477659
Opal,OPAL,736,0.00987619,0.00000400,3064.42,,,,11.63,43.59,85.88,1496477655
Dashs,DASHS,737,0.00936306,0.00000379,12.372,,,,0.41,131.87,34.09,1496477400
9COIN,9COIN,738,0.00909131,0.00000368,869.264,,,350050250.0,0.41,29.91,45.51,1496477401
Tyrocoin,TYC,739,0.0080752,0.00000330,,,,50134500.0,,1.2,141.91,1496468088
Goldpay Coin,GP,740,0.00672289,0.00000272,26968.7,,,,-1.32,-2.95,11.22,1496477401
GBCGoldCoin,GBC,741,0.006459,0.00000261,9.45635,,,,31.09,23.08,-5.49,1496477665
Xaucoin,XAU,742,0.00593023,0.00000240,45.9148,,,,0.43,1.8,12.06,1496477660
Psilocybin,PSY,743,0.00588907,0.00000240,,,,,,1.48,9.49,1496468970
EggCoin,EGG,744,0.00562322,0.00000237,,,,,,,17.02,1496295864
PiCoin,PI,745,0.00545973,0.00000221,24.7047,,,1378369.0,0.41,-62.37,-45.16,1496477401
First Bitcoin,BIT,746,0.00539485,0.00000218,383.853,,,20706894570.0,0.41,-19.36,-41.04,1496477385
Slimcoin,SLM,747,0.00506541,0.00000205,128.488,,,13925626.0,0.43,-22.39,,1496477659
Helleniccoin,HNC,748,0.00499128,0.00000202,672.501,,,,0.93,-20.77,59.76,1496477662
Axiom,AXIOM,749,0.00489244,0.00000198,2.29945,,,,0.43,2.21,21.25,1496477663
GoldReserve,XGR,750,0.00432413,0.00000175,1149.04,,,17162553.0,-4.59,0.7,18.32,1496477652
netBit,NBIT,751,0.00417509,0.00000169,4.17509,,,,0.41,-1.9,49.06,1496477391
BagCoin,BGC,752,0.0041174,0.00000167,76433.5,,,497214120.0,0.0,-6.88,-2.8,1496477385
Bitcoin Scrypt,BTCS,753,0.00355814,0.00000144,12.4733,,,,-10.18,-9.17,-3.22,1496477648
President Trump,PRES,754,0.00338039,0.00000137,391.676,,,57968072167.0,7.72,21.73,42.49,1496477386
AvatarCoin,AV,755,0.00313749,0.00000127,3.23569,,,,0.41,,-2.78,1496477377
RoyalCoin 2,RYCN,756,0.00291863,0.00000118,2072.64,,,2500124.0,-6.65,,,1496477389
ZSEcoin,ZSE,757,0.00290652,0.00000118,53.5822,,,6384125.0,0.42,8.38,-50.05,1496477397
Quotient,XQN,758,0.00271802,0.00000110,72.4675,,,,0.43,-13.77,,1496477658
OCOW,OCOW,759,0.00227517,0.00000099,,,,,,,13.23,1496142268
TrickyCoin,TRICK,760,0.00225648,0.00000092,,,,,,1.46,-8.02,1496472262
Neptune Classic,NTCC,761,0.00224812,0.00000091,859.873,,,,10.08,-0.13,105.23,1496477395
GameLeagueCoin,GML,762,0.00219913,0.00000089,0.549782,,,,0.43,,5.3,1496477653
BitcoinFast,BCF,763,0.00211863,0.00000086,1.81783,,,,-3.11,-11.21,-16.01,1496477658
RichCoin,RICHX,764,0.00210122,0.00000093,,,,5925522.0,,,11.32,1496167172
Condensate,RAIN,765,0.00206839,0.00000084,1518.28,,,42978123.0,0.33,12.67,29.48,1496477401
Advanced Internet Blocks,AIB,766,0.00196382,0.00000079,667.596,,,31411918219.0,0.5,13.67,21.19,1496477661
Digital Bullion Gold,DBG,767,0.00182814,0.00000074,19.4592,,,24523275.0,0.41,1.39,50.12,1496477384
MMXVI,MMXVI,768,0.00170462,0.00000069,319.506,,,,0.41,5.35,-26.52,1496477379
Mavro,MAVRO,769,0.00168043,0.00000070,,,,15005722.0,,,-16.37,1496349588
Clinton,CLINT,770,0.00167992,0.00000068,32.7733,,,,0.41,-35.67,-23.36,1496477381
SportsCoin,SPORT,771,0.00153169,0.00000062,3497.82,,,19800001.0,-29.26,75.96,128.68,1496477387
TodayCoin,TODAY,772,0.00135876,0.00000055,16.3008,,,,0.41,9.38,63.28,1496477386
CBD Crystals,CBD,773,0.00122572,0.00000050,15.3713,,,,0.41,47.57,1.43,1496477390
Bitcedi,BXC,774,0.00111171,0.00000045,15.8273,,,,29.09,8.11,,1496477382
UR,UR,775,0.00111171,0.00000045,237.634,,,,0.41,-20.6,-0.01,1496477396
BestChain,BEST,776,0.00107729,0.00000044,6.78952,,,20042911.0,0.39,11.06,6.15,1496477397
Skeincoin,SKC,777,0.0010625,0.00000043,3.35318,,,,0.43,2.19,,1496477647
True Investment Coin,TIC,778,0.0010623,0.00000043,21.9283,,,,0.41,3.17,-1.81,1496477395
Alphabet Coin Fund,FUN,779,0.000963481,0.00000039,0.963481,,,20742012.0,0.41,121.89,14.23,1496477383
RoyalCoin,ROYAL,780,0.000951258,0.00000039,41.0763,,,2500124.0,0.41,-21.17,27.02,1496477389
The Aladin,ADT,781,0.000892522,0.00000032,,,,,,,,1495722585
Donationcoin,DON,782,0.000889535,0.00000036,6730.83,,,,0.43,8.2,,1496477652
Braincoin,BRAIN,783,0.000842028,0.00000035,,,,,,-0.51,43.05,1496420372
IrishCoin,IRL,784,0.000840116,0.00000034,250.352,,,,4.1,5.56,,1496477662
Dubstep,DUB,785,0.000817313,0.00000034,,,,,,-0.56,18.56,1496411064
KashhCoin,KASHH,786,0.000752096,0.00000030,1976.05,,,,-5.06,4.58,210.84,1496477395
FrankyWillCoin,FRWC,787,0.000745197,0.00000031,,,,,,-0.59,14.73,1496411075
Lazaruscoin,LAZ,788,0.000745197,0.00000031,,,,,,-0.59,59.63,1496411078
WeAreSatoshi,WSX,789,0.000741279,0.00000030,10.9355,,,,0.43,-4.16,7.37,1496477655
Motocoin,MOTO,790,0.000741279,0.00000030,21.1564,,,,0.43,-51.59,12.41,1496477652
Opescoin,OPES,791,0.000674759,0.00000028,,,,,,-0.34,18.73,1496432667
Quebecoin,QBC,792,0.000667151,0.00000027,12.8066,,,,0.43,6.12,17.51,1496477650
RubleBit,RUBIT,793,0.000667151,0.00000027,42.6876,,,,0.43,-28.18,-3.22,1496477665
Cubits,QBT,794,0.000642321,0.00000026,3.11328,,,,0.46,26.51,66.39,1496477390
Vsync,XVS,795,0.000518815,0.00000021,220.297,,,103334172.0,0.26,-19.41,-25.98,1496477398
MarxCoin,MARX,796,0.000516862,0.00000021,139.977,,,29332120.0,0.2,8.68,6.59,1496477396
BitAlphaCoin,BAC,797,0.000512045,0.00000021,31.6509,,,,0.41,23.62,-13.49,1496477378
T-coin,TCOIN,798,0.000494093,0.00000020,2988.34,,,,11.56,13.52,32.47,1496477392
President Sanders,BURN,799,0.000395274,0.00000016,274.442,,,57968072167.0,0.41,63.47,29.83,1496477393
GoldMaxCoin,GMX,800,0.000392704,0.00000016,,,,84078950.0,,1.5,3.24,1496469270
UGAIN,GAIN,801,0.00037057,0.00000015,18.1116,,,,0.41,2.17,114.93,1496477385
PrismChain,PRM,802,0.00037057,0.00000015,71.9494,,,,0.41,9.47,-74.99,1496477382
Gambleo,GMB,803,0.000345865,0.00000014,0.330276,,,,0.41,2.17,31.08,1496477396
Sakuracoin,SKR,804,0.000345361,0.00000014,121.875,,,,0.4,4.51,45.65,1496477389
BlazerCoin,BLAZR,805,0.00032116,0.00000013,14.9827,,,,0.41,-33.59,13.02,1496477399
The Vegan Initiative,XVE,806,0.000296456,0.00000012,137.236,,,,9.53,36.06,46.17,1496477400
VGINA,VGINA,807,0.000296238,0.00000012,0.00296238,,,11603228.0,0.33,,-59.17,1496477400
Operand,OP,808,0.000290011,0.00000012,,,,36309296.0,,-0.05,8.46,1496423371
Happy Creator Coin,HCC,809,0.000275185,0.00000011,11.6432,,,,-3.38,-5.16,40.7,1496477384
Cycling Coin,CYC,810,0.000271802,0.00000011,5.29599,,,,0.43,-6.33,21.83,1496477662
DarkLisk,DISK,811,0.000271751,0.00000011,289.945,,,17888425.0,0.41,-29.76,-4.37,1496477382
Grumfork,GMF,812,0.000247046,0.00000010,7.4114,,,,0.41,2.17,,1496477400
TeraCoin,TERA,813,0.000222342,0.00000009,7331.56,,,,12.96,8.73,9.86,1496477395
MobileCash,MBL,814,0.000222342,0.00000009,7.52385,,,1068669648.0,0.41,-3.65,56.49,1496477389
AsicCoin,ASC,815,0.00020983,0.00000008,24.0864,,,,0.52,,49.41,1496477644
Moneta,MONETA,816,0.000197674,0.00000008,158.933,,,,14.77,2.19,21.87,1496477665
LAthaan,LTH,817,0.000123523,0.00000005,167.848,,,,0.41,-27.02,-19.45,1496477389
Halloween Coin,HALLO,818,0.0000988253,0.00000004,408.728,,,264606215.0,0.4,-16.54,-3.91,1496477403
TeamUp,TEAM,819,0.0000988186,0.00000004,0.259498,,,301004896.0,0.41,2.17,62.29,1496477389
PayPeer,PAYP,820,0.0000988186,0.00000004,100.789,,,,0.41,104.34,143.43,1496477380
Wowcoin,WOW,821,0.0000964807,0.00000004,,,,,,-0.25,137.67,1496426381
FireFlyCoin,FFC,822,0.0000741279,0.00000003,3.78077,,,,0.43,8.51,265.6,1496477657
TheCreed,TCR,823,0.0000741140,0.00000003,9.42981,,,,0.41,-23.37,-26.97,1496477381
LinkedCoin,LKC,824,0.0000741140,0.00000003,15.5882,,,,0.41,-23.37,-8.71,1496477385
LePen,LEPEN,825,0.0000593828,0.00000002,39.0567,,,,0.41,36.71,169.57,1496477394
CyberCoin,CC,826,0.0000494186,0.00000002,49.4186,,,549267534.0,0.43,2.19,143.73,1496477660
VegasCoin,VGC,827,0.0000494186,0.00000002,2.47093,,,,0.43,,143.73,1496477650
PokeCoin,POKE,828,0.0000494093,0.00000002,6.14901,,,,0.41,2.17,-18.86,1496477385
X2,X2,829,0.0000494093,0.00000002,8.01357,,,,0.41,104.34,143.43,1496477377
Cashme,CME,830,0.0000491969,0.00000002,,,,,,1.73,21.19,1496446166
PinkDog,PDG,831,0.0000490794,0.00000002,,,,,,1.49,135.74,1496464184
Tellurion,TELL,832,0.0000488758,0.00000002,,,,,,1.07,140.81,1496466875
InflationCoin,IFLT,833,0.0000462390,0.00000002,461.812,,,3311009985.0,0.91,-2.31,38.03,1496477392
UNCoin,UNC,834,0.0000387260,0.00000002,735.639,,,,0.68,-5.32,43.89,1496477660
President Clinton,HILL,835,0.0000247047,0.00000001,16.058,,,57968072167.0,0.41,2.17,21.72,1496477386
SuperTurboStake,STRB,836,0.0000247047,0.00000001,0.247047,,,,0.41,2.17,21.72,1496477378
Aces,ACES,837,0.0000247047,0.00000001,3.70661,,,,0.41,2.17,21.81,1496477387
Global Business Revolution,GBRC,838,0.0000247047,0.00000001,1019.31,,,900096049.0,0.41,-48.79,21.72,1496477390
Safe Trade Coin,XSTC,839,0.0000247047,0.00000001,24.7047,,,604880000.0,0.41,2.17,21.72,1496477393
Rcoin,RCN,840,0.0000247047,0.00000001,84.455,,,,0.41,-15.37,21.72,1496477388
ChoofCoin,CHOOF,841,0.0000247047,0.00000001,7.46083,,,,0.41,2.17,21.72,1496477389
MoneyCoin,MONEY,842,0.0000247047,0.00000001,360.661,,,,-49.8,-27.81,-39.14,1496477391
SoulCoin,SOUL,843,0.0000247047,0.00000001,3.96809,,,,0.41,2.17,21.72,1496477382
Yescoin,YES,844,0.0000247040,0.000000010,1289.82,,,,0.41,2.21,31.46,1496477393
FedoraShare,FEDS,845,0.0000220182,0.000000009,4343780.0,,,499001352854,-0.0,-8.51,-48.43,1496477387
Victoriouscoin,VTY,846,0.0000093654,0.000000004,5.83463,,,10263290326.0,-9.52,-60.72,25.72,1496477388
Virtacoin,VTA,847,0.0000093238,0.000000004,45.1031,,,12423206610.0,-10.0,24.14,-14.53,1496477654
Dimecoin,DIME,848,0.0000076045,0.000000003,488.139,,,527161480720,-11.36,-24.97,321.88,1496477644
XP,XP,849,0.0000009929,0.0000000004,533.936,,,133635560466,-0.41,-74.13,-82.34,1496477387
BatCoin,BAT,850,0.0000008041,0.0000000003,585.169,,,,0.54,5.7,,1496477647
BitCentavo,NBE,851,0.0000005705,0.0000000002,,,,,,0.63,172.62,1496398156
RabbitCoin,RBBT,852,0.0000004211,0.0000000002,20.3256,,,,-0.29,-22.39,73.65,1496477654
StrongHands,SHND,853,0.0000002019,0.00000000008,216.948,,,,2.37,80.75,,1496477665
Paccoin,PAC,854,0.0000000761,0.00000000003,380.708,,,,-0.4,28.52,106.87,1496477665
Bond,BOND,855,,,,,1349.0,1349.0,,,,
bitRUBLE,BITRUBLE,856,,,,,,,,,,
