Name,Symbol,Rank,Price(BTC),Price(USD),24HVolume,MarketCap,%Change_1h,%Change_24h,%Change_7d,LastUpdated
Bitcoin,BTC,1,2478.34,1.0,1297500000.0,40567823543.0,16368950.0,16368950.0,0.28,2.35,25.34,1496481252
Ethereum,ETH,2,222.492,0.0898816,429486000.0,20506235363.0,92166169.0,92166169.0,-0.34,-0.75,62.44,1496481264
Ripple,XRP,3,0.300126,0.00012124,223445000.0,11591374513.0,38621693933.0,99994661895.0,-0.99,-4.08,48.25,1496481258
NEM,XEM,4,0.227437,0.00009188,11417600.0,2046933000.0,8999999999.0,8999999999.0,0.66,1.05,54.89,1496481261
Ethereum Classic,ETC,5,16.926,0.0068377,72236200.0,1561261417.0,92240424.0,92240424.0,0.33,-1.86,45.2,1496481274
Litecoin,LTC,6,27.7419,0.0112071,333049000.0,1425740365.0,51393032.0,51393032.0,0.93,-3.01,29.61,1496481241
Stratis,STRAT,7,11.5221,0.00465449,69316900.0,1133885994.0,98409664.0,98409664.0,6.81,54.24,397.98,1496480974
Dash,DASH,8,145.589,0.0588148,42197400.0,1067847950.0,7334675.0,7334675.0,-0.66,1.53,51.3,1496481246
Monero,XMR,9,43.7195,0.0176617,8580350.0,636842893.0,14566564.0,14566564.0,-0.52,-1.16,37.83,1496481250
Waves,WAVES,10,6.12407,0.00247398,7026230.0,612407000.0,100000000.0,100000000.0,11.85,66.42,217.4,1496481272
Bytecoin,BCN,11,0.00276196,0.00000112,2358170.0,505364044.0,182972977012,182972977012,4.16,-17.46,26.25,1496481252
Golem,GNT,12,0.473751,0.00019138,11059200.0,390783935.0,824872000.0,1000000000.0,0.11,2.46,62.22,1496480979
Stellar Lumens,XLM,13,0.0400988,0.00001620,13764400.0,387550107.0,9664880416.0,102940435314,-0.28,-0.86,38.36,1496481255
Zcash,ZEC,14,237.933,0.096116,15356700.0,343041390.0,1441756.0,1441756.0,-1.06,-4.35,44.35,1496480979
DigiByte,DGB,15,0.0400723,0.00001619,99977600.0,324867415.0,8107031908.0,8107031908.0,7.48,53.04,280.41,1496481245
Dogecoin,DOGE,16,0.00292361,0.00000118,26833800.0,320565632.0,109647193868,109647193868,0.22,-0.82,53.66,1496481244
Steem,STEEM,17,1.2105,0.00048901,6831580.0,283710354.0,234374518.0,251348612.0,0.64,10.82,64.69,1496481272
Gnosis,GNO,18,256.46,0.1036,1673850.0,283283151.0,1104590.0,10000000.0,0.02,3.0,62.12,1496480990
Siacoin,SC,19,0.0106648,0.00000431,40490400.0,282963985.0,26532516795.0,26532516795.0,0.93,18.79,96.0,1496481264
Augur,REP,20,25.2239,0.0101899,5439060.0,277462900.0,11000000.0,11000000.0,0.46,-0.45,40.84,1496481267
BitShares,BTS,21,0.0876527,0.00003541,19080700.0,228093362.0,2602240000.0,2602240000.0,-0.98,4.01,89.96,1496481254
GameCredits,GAME,22,3.414,0.00137917,3308740.0,215213630.0,63038556.0,63038556.0,3.94,28.3,76.44,1496481255
MaidSafeCoin,MAID,23,0.402265,0.00016251,2363170.0,182045996.0,452552412.0,452552412.0,-0.68,2.23,25.75,1496481250
Basic Attention Token,BAT,24,0.167074,0.00006749,4012760.0,167074000.0,1000000000.0,1500000000.0,0.24,-0.22,,1496480991
Decred,DCR,25,32.9983,0.0133305,5148260.0,165985277.0,5030116.0,5450116.0,4.87,28.49,82.55,1496481268
DigixDAO,DGD,26,79.4596,0.0320999,1020510.0,158919200.0,2000000.0,2000000.0,0.66,-3.98,36.85,1496481270
BitConnect,BCC,27,24.6654,0.00996393,2747600.0,158871561.0,6441070.0,6441070.0,0.38,7.54,72.44,1496480983
Lisk,LSK,28,1.39198,0.00056233,2602660.0,150076804.0,107815345.0,107815345.0,-0.53,6.99,58.11,1496481270
Byteball,GBYTE,29,742.26,0.299846,990542.0,140497845.0,189284.0,1000000.0,-1.32,40.38,192.41,1496480981
Ardor,ARDR,30,0.134685,0.00005441,2733070.0,134550247.0,998999495.0,998999495.0,1.71,2.74,67.17,1496481274
Factom,FCT,31,15.1505,0.00612046,3115070.0,132615644.0,8753219.0,8753219.0,-0.96,11.85,53.02,1496481268
SingularDTV,SNGLS,32,0.201231,0.00008129,208877.0,120738600.0,600000000.0,1000000000.0,-1.86,5.63,51.25,1496480977
Iconomi,ICN,33,1.26301,0.00051021,733069.0,109881870.0,87000000.0,100000000.0,-0.07,4.89,39.66,1496480977
Tether,USDT,34,1.02775,0.00041519,44126300.0,107907265.0,104993690.0,124951468.0,-0.01,-1.65,-4.78,1496481260
Komodo,KMD,35,0.964237,0.00038952,1802160.0,97335396.0,100945510.0,100945510.0,6.67,49.51,125.16,1496480983
Round,ROUND,36,0.109575,0.00004426,392527.0,93138750.0,850000000.0,1000000000.0,0.3,4.99,1.95,1496480979
PIVX,PIVX,37,1.5751,0.0006363,963903.0,84336537.0,53543608.0,53543608.0,-2.65,-6.46,72.46,1496481268
SysCoin,SYS,38,0.151578,0.00006123,8114310.0,79607187.0,525189586.0,525189586.0,4.72,25.86,79.86,1496481255
FirstBlood,1ST,39,0.879483,0.00035528,5546080.0,75247132.0,85558371.0,93468691.0,-0.41,8.32,90.65,1496480977
Aragon,ANT,40,2.21101,0.00089317,860883.0,74301360.0,33605167.0,39609523.0,-0.59,4.96,39.84,1496480991
Nxt,NXT,41,0.0682889,0.00002759,4198850.0,68220610.0,998999983.0,998999983.0,3.53,9.53,62.79,1496481244
iExec RLC,RLC,42,0.871284,0.00035197,1076160.0,68021833.0,78070793.0,86999785.0,-0.45,30.74,105.55,1496480988
Ubiq,UBQ,43,1.70405,0.00068839,2402300.0,63227733.0,37104388.0,37104388.0,2.29,47.47,258.96,1496481255
AntShares,ANS,44,1.25603,0.00050739,5417360.0,62801500.0,50000000.0,100000000.0,-0.15,-1.41,91.45,1496480975
ReddCoin,RDD,45,0.00170913,0.00000069,2999030.0,48754787.0,28526084673.0,28526084673.0,1.37,23.12,76.89,1496481246
Wings,WINGS,46,0.5206,0.0002103,1677330.0,46702158.0,89708333.0,100000000.0,-3.89,20.38,133.26,1496480982
BitcoinDark,BTCD,47,35.7658,0.0144486,1973250.0,46097187.0,1288862.0,1288862.0,4.01,35.11,80.36,1496481254
Ark,ARK,48,0.480606,0.00019415,1054650.0,45816288.0,95330246.0,126580246.0,4.94,46.25,129.08,1496480986
Peercoin,PPC,49,1.68149,0.00067928,1513630.0,40568111.0,24126288.0,24126288.0,-0.72,5.31,34.4,1496481240
Lykke,LKK,50,0.276477,0.00011169,440392.0,38013507.0,137492474.0,1285690000.0,0.25,4.54,14.02,1496480979
Storjcoin X,SJCX,51,0.688147,0.000278,442284.0,35214646.0,51173144.0,500000000.0,0.12,12.99,51.21,1496481255
Emercoin,EMC,52,0.870929,0.00035183,902612.0,34977908.0,40161607.0,40161607.0,0.69,-1.71,49.66,1496481256
Melon,MLN,53,57.6894,0.0233044,286263.0,34579026.0,599400.0,749400.0,0.18,7.09,17.72,1496480984
Omni,OMNI,54,59.2039,0.023917,10005700.0,33094413.0,558990.0,615306.0,-0.88,12.81,302.32,1496481244
Xaurum,XAUR,55,0.269111,0.00010872,317824.0,30599078.0,113704300.0,113704300.0,-3.44,9.61,39.04,1496481262
Counterparty,XCP,56,11.4489,0.0046251,499463.0,29981683.0,2618739.0,2618739.0,1.1,4.48,45.54,1496481246
Blocknet,BLOCK,57,7.31733,0.00295603,197569.0,28614539.0,3910516.0,3910516.0,2.58,17.81,156.44,1496481258
SuperNET,UNITY,58,33.9285,0.0137063,38580.7,27687725.0,816061.0,816061.0,3.51,118.6,627.43,1496481256
Namecoin,NMC,59,1.84556,0.00074557,801541.0,27196910.0,14736400.0,14736400.0,0.87,6.16,45.58,1496481240
Gulden,NLG,60,0.0776272,0.00003136,145251.0,26905808.0,346602845.0,448623000.0,0.6,5.45,30.07,1496481249
WeTrust,TRST,61,0.291499,0.00011775,456907.0,26860904.0,92147500.0,100000000.0,0.15,19.34,64.67,1496480988
Synereo,AMP,62,0.321958,0.00013006,708519.0,26483082.0,82256324.0,949291063.0,-1.98,16.09,82.33,1496481266
Nexus,NXS,63,0.521006,0.00021047,67272.6,25982508.0,49869883.0,49869883.0,2.31,1.34,31.17,1496481260
Burst,BURST,64,0.0135805,0.00000549,4171500.0,24183416.0,1780745602.0,1780745602.0,5.74,14.84,102.9,1496481255
Verge,XVG,65,0.00178211,0.00000072,3584460.0,23897155.0,13409472280.0,13409472280.0,1.59,32.44,132.12,1496481258
NAV Coin,NAV,66,0.376942,0.00015228,1525500.0,23119406.0,61334120.0,61334120.0,-0.5,30.58,67.7,1496481252
XtraBYtes,XBY,67,0.0355093,0.00001434,824656.0,23081045.0,650000000.0,650000000.0,-1.73,26.26,576.45,1496480989
Edgeless,EDG,68,0.281084,0.00011355,610087.0,22327187.0,79432438.0,132046997.0,2.56,15.3,39.67,1496480987
Matchpool,GUP,69,0.293101,0.0001184,315765.0,21982575.0,75000000.0,98855150.0,-0.19,5.86,61.27,1496480988
EarthCoin,EAC,70,0.00234525,0.00000095,5268190.0,21919805.0,9346468332.0,9346468332.0,2.73,0.86,64.14,1496481245
YbCoin,YBC,71,7.07461,0.00285798,2694890.0,21367263.0,3020274.0,3020274.0,1.78,-0.52,47.48,1496481245
Bankcoin,B@,72,4.9376,0.00199461,11374.9,21059259.0,4265080.0,25000000.0,11.31,43.29,108.88,1496480987
Humaniq,HMQ,73,0.168537,0.00006808,970582.0,20954999.0,124334708.0,184190414.0,4.23,35.1,28.84,1496480991
Shift,SHIFT,74,1.79146,0.00072371,597926.0,19407587.0,10833391.0,10833391.0,-1.43,67.25,272.72,1496481265
BitBay,BAY,75,0.0192344,0.00000777,91059.3,19379140.0,1007525064.0,1007525064.0,-0.96,6.19,49.59,1496481259
BlackCoin,BLK,76,0.249778,0.0001009,1061220.0,19025719.0,76170514.0,76170514.0,0.77,3.17,92.2,1496481247
PotCoin,POT,77,0.0856393,0.00003460,678609.0,18579406.0,216949529.0,216949529.0,-0.05,2.32,26.94,1496481248
BCAP,BCAP,78,1.85686,0.0007501,207397.0,18568600.0,10000000.0,10000000.0,-0.32,12.92,5.31,1496480990
OBITS,OBITS,79,1.25536,0.00050714,400194.0,18515181.0,14748902.0,16443700.0,3.88,3.45,108.3,1496481268
TokenCard,TKN,80,0.776826,0.00031381,442269.0,18367317.0,23644056.0,39406760.0,-2.24,-7.2,-2.03,1496480990
Expanse,EXP,81,2.4682,0.0009971,652591.0,17892166.0,7249075.0,16249075.0,4.98,4.39,52.71,1496481265
Nexium,NXC,82,0.263165,0.00010631,972555.0,17506153.0,66521586.0,66521586.0,0.42,-1.42,94.14,1496480980
E-Dinar Coin,EDR,83,0.0261064,0.00001055,471116.0,17246795.0,660634755.0,785634755.0,-1.25,-9.35,14.32,1496480975
Waves Community Token,WCT,84,3.44774,0.00139276,181286.0,17238700.0,5000000.0,10000000.0,9.61,39.68,104.81,1496480983
LBRY Credits,LBC,85,0.250342,0.00010113,796740.0,17154566.0,68524524.0,466424524.0,0.41,11.37,67.51,1496481274
TaaS,TAAS,86,2.07247,0.0008372,209053.0,16882342.0,8146001.0,8146001.0,-0.49,16.24,73.13,1496480986
Chronobank,TIME,87,23.3557,0.00943487,578472.0,16585182.0,710113.0,710113.0,1.51,19.56,46.89,1496480985
Agoras Tokens,AGRS,88,0.385542,0.00015575,32704.9,16192764.0,42000000.0,42000000.0,4.04,11.01,33.33,1496481264
Mooncoin,MOON,89,0.0000725390,0.00000003,148289.0,16099926.0,221948545147,221948545147,1.55,63.13,81.44,1496481244
Infinitecoin,IFC,90,0.000176992,0.00000007,2588280.0,16034816.0,90596274910.0,90596274910.0,0.17,-3.43,60.9,1496481257
GridCoin,GRC,91,0.040738,0.00001646,350141.0,15900561.0,390312753.0,390312753.0,0.31,11.07,75.02,1496481260
ZCoin,XZC,92,7.08059,0.0028603,931358.0,15854742.0,2239184.0,2239184.0,0.62,-1.37,58.34,1496480978
Unity Ingot,UNY,93,0.0780179,0.00003152,121455.0,15759616.0,202000000.0,10000000000.0,-0.17,1.47,96.39,1496480990
Swarm City,SWT,94,2.37193,0.00095817,70746.0,15755842.0,6642625.0,6642625.0,-11.62,1.93,24.63,1496480985
Radium,RADS,95,4.6116,0.00186298,343352.0,14976403.0,3247550.0,3247550.0,1.63,8.19,83.52,1496481268
Pepe Cash,PEPECASH,96,0.0212045,0.00000857,44527.5,14883099.0,701884009.0,701884009.0,7.16,-5.36,25.67,1496480977
DigitalNote,XDN,97,0.00209542,0.00000085,2376860.0,14419788.0,6881574119.0,6881574119.0,-1.72,33.56,86.81,1496481253
I/O Coin,IOC,98,0.871515,0.00035207,55660.9,14237509.0,16336504.0,16336504.0,-5.96,4.32,32.46,1496481255
E-coin,ECN,99,4.69319,0.00189588,117292.0,13126586.0,2796943.0,211085835.0,-0.41,2.42,20.01,1496480988
Golos,GOLOS,100,0.104476,0.00004220,50084.3,12861733.0,123107059.0,123107059.0,2.1,9.21,108.63,1496480981
MonaCoin,MONA,101,0.253495,0.00010241,46193.4,12822069.0,50581150.0,50581150.0,-0.19,-4.14,38.72,1496481249
Vertcoin,VTC,102,0.382204,0.0001544,594166.0,12781544.0,33441681.0,33441681.0,-0.71,2.88,58.78,1496481257
Blitzcash,BLITZ,103,3.0113,0.0012165,966249.0,12238858.0,4064310.0,4064310.0,2.13,129.69,882.75,1496481258
MergeCoin,MGC,104,0.122849,0.00004963,2540950.0,12157674.0,98964370.0,103964370.0,3.2,1.02,54.1,1496480989
Clams,CLAM,105,5.21616,0.00210721,842218.0,12014964.0,2303412.0,16208768.0,3.51,8.81,59.77,1496481253
Bitland,CADASTRAL,106,0.393863,0.00015911,25091.8,11815890.0,30000000.0,30000000.0,10.15,-7.81,75.34,1496481273
LuckChain,BASH,107,0.0162764,0.00000658,855168.0,11785047.0,724057335.0,724057335.0,-1.26,17.93,123.77,1496480980
Bitcrystals,BCY,108,0.497816,0.00020111,452149.0,11594842.0,23291422.0,23291422.0,-1.03,25.47,57.67,1496481268
Etheroll,DICE,109,1.615,0.0006524,57402.9,11307621.0,7001623.0,7001623.0,-0.05,4.32,10.71,1496480991
Creditbit,CRB,110,0.934177,0.00037739,1687000.0,11092737.0,11874342.0,11874342.0,26.07,59.37,45.44,1496481267
Viacoin,VIA,111,0.476418,0.00019246,342888.0,10790043.0,22648269.0,22648269.0,1.82,20.75,52.95,1496481253
FlorinCoin,FLO,112,0.0794351,0.00003209,362116.0,10645870.0,134019726.0,134019726.0,2.83,14.08,61.66,1496481243
Pluton,PLU,113,12.2283,0.00493979,126279.0,10394049.0,850000.0,20000000.0,0.07,-6.05,67.73,1496480977
DNotes,NOTE,114,0.0783621,0.00003166,556154.0,9708414.0,123891705.0,123891705.0,0.2,16.59,97.47,1496481248
HEAT,HEAT,115,0.365798,0.00014777,18881.5,9648467.0,26376488.0,26376488.0,1.6,1.2,21.16,1496481274
vSlice,VSL,116,0.28128,0.00011363,128855.0,9392079.0,33390496.0,33390496.0,0.02,3.38,15.02,1496480980
Skycoin,SKY,117,1.67795,0.00067783,19253.5,9171341.0,5465801.0,100000000.0,0.15,21.23,12.78,1496480987
Energycoin,ENRG,118,0.0756232,0.00003055,9947.58,9146172.0,120943991.0,120943991.0,-1.53,4.23,18.69,1496481251
Crown,CRW,119,0.650182,0.00026266,17934.7,9017557.0,13869282.0,13869282.0,0.24,11.45,15.51,1496481258
VeriCoin,VRC,120,0.297215,0.00012007,541996.0,8979599.0,30212468.0,30212468.0,0.47,-1.49,41.24,1496481250
Rubycoin,RBY,121,0.367541,0.00014848,31122.3,8966709.0,24396486.0,24396486.0,0.09,2.47,31.17,1496481249
Primecoin,XPM,122,0.45188,0.00018255,5088950.0,8738620.0,19338365.0,19338365.0,1.19,10.05,76.2,1496481245
FoldingCoin,FLDC,123,0.0177557,0.00000717,1418920.0,8695712.0,489741985.0,1000000000.0,37.66,68.96,139.83,1496481256
Pascal Coin,PASC,124,0.86571,0.00034972,290446.0,8684456.0,10031600.0,10031600.0,-2.04,11.36,54.25,1496480980
SolarCoin,SLR,125,0.243507,0.00009837,93922.8,8562900.0,35164905.0,98034181636.0,0.44,15.35,49.46,1496481249
NeosCoin,NEOS,126,2.48495,0.00100386,516895.0,8320058.0,3348179.0,3348179.0,-0.0,3.57,34.2,1496481255
Bitcoin Plus,XBC,127,83.7095,0.0338167,249378.0,8114850.0,96941.0,96941.0,0.52,16.48,44.27,1496481249
FedoraCoin,TIPS,128,0.0000182989,0.000000007,55283.9,8109490.0,443168182458,443168182458,0.37,-7.34,19.94,1496481245
ION,ION,129,0.581517,0.00023492,63588.1,8008710.0,13772099.0,19672099.0,2.36,43.04,54.18,1496481274
BelaCoin,BELA,130,0.222474,0.00008987,315731.0,7782396.0,34981150.0,34981150.0,-0.87,3.42,38.48,1496481248
Einsteinium,EMC2,131,0.036624,0.00001480,356683.0,7741039.0,211365194.0,211365194.0,2.79,11.97,50.75,1496481248
SaluS,SLS,132,7.62431,0.00308005,24034.8,7650661.0,1003456.0,1003456.0,-0.69,-4.34,98.47,1496481268
VPNCoin,VASH,133,0.0190852,0.00000771,1511770.0,7640564.0,400339746.0,400339746.0,3.15,2.34,50.51,1496481259
Incent,INCNT,134,0.321926,0.00013005,140408.0,7406974.0,23008312.0,46016625.0,1.64,5.86,78.84,1496480980
PinkCoin,PINK,135,0.0228303,0.00000922,2984220.0,7329669.0,321050050.0,371050050.0,3.21,37.8,102.19,1496481251
MonetaryUnit,MUE,136,0.0578478,0.00002337,113080.0,7034207.0,121598520.0,121598520.0,0.8,40.12,68.49,1496481259
Asch,XAS,137,0.0889535,0.00003593,64512.8,6671513.0,75000000.0,100000000.0,2.02,0.87,53.23,1496480987
Rise,RISE,138,0.0619668,0.00002503,358695.0,6654442.0,107387215.0,107387215.0,-1.9,137.12,276.9,1496481273
Safe Exchange Coin,SAFEX,139,0.00309453,0.00000125,38602.0,6645453.0,2147483647.0,2147483647.0,-0.42,14.96,71.29,1496481268
Novacoin,NVC,140,3.77521,0.0015251,79822.4,6554858.0,1736290.0,1736290.0,-0.45,1.92,22.28,1496481240
Lunyr,LUN,141,2.83312,0.00114448,174180.0,6510094.0,2297853.0,2703356.0,-1.53,1.82,18.79,1496480989
MUSE,MUSE,142,0.00471986,0.00000191,813.204,6489055.0,1374840478.0,1524840478.0,-10.17,61.58,409.05,1496481263
Global Currency Reserve,GCR,143,0.0627526,0.00002535,40239.1,6444353.0,102694605.0,102694605.0,-1.51,-2.13,13.02,1496481264
Feathercoin,FTC,144,0.0390426,0.00001577,126698.0,6399871.0,163920200.0,163920200.0,-0.83,0.33,54.39,1496481242
FirstCoin,FRST,145,2.04533,0.00082624,44699.0,6308040.0,3084118.0,110000000.0,1.59,7.75,34.39,1496480983
Aeon,AEON,146,0.438627,0.0001772,27655.9,6244065.0,14235477.0,14235477.0,3.02,-7.46,9.96,1496481264
Darcrus,DAR,147,0.448679,0.00018125,42158.4,6112696.0,13623762.0,13623762.0,2.69,41.59,81.04,1496480982
RouletteToken,RLT,148,0.596709,0.00024105,159958.0,6022118.0,10092219.0,10092942.0,-3.62,26.32,47.71,1496480991
WorldCoin,WDC,149,0.0523548,0.00002115,330167.0,6000186.0,114606230.0,114606230.0,1.98,3.1,77.26,1496481241
ZClassic,ZCL,150,3.98007,0.0016078,311057.0,5903339.0,1483225.0,1483225.0,-1.98,-6.75,76.87,1496480979
SIBCoin,SIB,151,0.394215,0.00015925,32086.0,5779020.0,14659564.0,14659564.0,-0.07,-0.17,50.87,1496481266
Gambit,GAM,152,4.7581,0.00192216,20603.8,5634583.0,1184209.0,1184209.0,-0.23,-5.82,35.94,1496481263
Vcash,XVC,153,0.367132,0.00014831,238618.0,5599586.0,15252242.0,15252242.0,6.28,16.99,42.82,1496481260
HunterCoin,HUC,154,0.316758,0.00012796,9071360.0,5591970.0,17653760.0,17653760.0,24.22,147.17,297.11,1496481246
Auroracoin,AUR,155,0.629655,0.00025437,11056.8,5451641.0,8658139.0,8658139.0,1.28,2.75,24.68,1496481246
Quark,QRK,156,0.0215108,0.00000869,279914.0,5379874.0,250101047.0,250101047.0,-10.83,25.86,122.31,1496481246
Janus,JNS,157,0.252665,0.00010207,9017.89,5336813.0,21122091.0,25201489.0,1.34,2.32,25.19,1496480983
SpreadCoin,SPR,158,0.631176,0.00025498,57776.3,5137576.0,8139688.0,8139688.0,2.74,46.04,109.29,1496481259
APX,APX,159,5.33402,0.00215475,403331.0,4800618.0,900000.0,1000000.0,0.22,23.62,48.23,1496480991
ICO OpenLedger,ICOO,160,9.71498,0.00392463,9193.9,4583478.0,471795.0,471795.0,-5.63,11.61,98.45,1496481272
Sphere,SPHR,161,1.48442,0.00059967,7483.45,4576378.0,3082940.0,3082940.0,-0.38,-2.52,159.27,1496481262
Bitmark,BTM,162,1.15677,0.00046731,300091.0,4512768.0,3901180.0,3901180.0,-0.74,17.52,11.79,1496481254
OKCash,OK,163,0.0620105,0.00002505,104390.0,4439112.0,71586454.0,71586454.0,1.33,0.94,166.64,1496481259
FairCoin,FAIR,164,0.0833711,0.00003368,4025.13,4427521.0,53106187.0,53106187.0,2.31,0.18,53.57,1496481248
Circuits of Value,COVAL,165,0.0109165,0.00000441,167446.0,4366600.0,400000000.0,1200000000.0,6.78,34.02,65.01,1496481259
bitCNY,BITCNY,166,0.143334,0.00005790,444914.0,4312533.0,30087300.0,30087300.0,1.36,1.85,4.61,1496481256
Ethereum Movie Venture,EMV,167,0.640092,0.00025857,2794.9,4267280.0,6666666.0,6666666.0,-0.05,-8.08,38.01,1496480988
CloakCoin,CLOAK,168,0.852074,0.00034422,32160.6,4263586.0,5003774.0,5003774.0,0.35,0.03,47.06,1496481251
NautilusCoin,NAUT,169,0.259813,0.00010496,345752.0,4203774.0,16180000.0,16180000.0,1.94,9.4,53.49,1496481250
Unobtanium,UNO,170,20.3126,0.0082058,71593.9,4016324.0,197726.0,197726.0,-1.01,-5.03,18.7,1496481243
ArtByte,ABY,171,0.00514444,0.00000208,104362.0,3976963.0,773060450.0,773060450.0,3.53,4.71,70.83,1496481252
Wild Beast Block,WBB,172,1.70445,0.00068856,49931.7,3964134.0,2325756.0,2325756.0,2.5,33.78,39.43,1496481261
Minereum,MNE,173,9.72575,0.00392885,248005.0,3939351.0,405043.0,405043.0,-0.46,45.35,339.27,1496480990
LoMoCoin,LMC,174,0.0187504,0.00000757,310711.0,3911277.0,208597015.0,293597015.0,-2.46,-4.36,20.05,1496480976
BitBean,BITB,175,0.00197738,0.00000080,264780.0,3875659.0,1959997000.0,1959997000.0,-6.56,47.43,84.81,1496481260
Musicoin,MUSIC,176,0.0221457,0.00000895,150332.0,3833018.0,173081824.0,173081824.0,11.29,29.78,79.25,1496480986
Riecoin,RIC,177,0.111407,0.00004501,655746.0,3812623.0,34222475.0,34222475.0,1.78,10.23,91.56,1496481247
PoSW Coin,POSW,178,0.0895674,0.00003618,77148.6,3672263.0,41000000.0,70000000.0,3.61,27.38,105.25,1496480982
BitSend,BSD,179,0.228168,0.00009217,45920.5,3482836.0,15264350.0,15264350.0,-1.97,18.79,61.68,1496481251
DubaiCoin,DBIX,180,3.96075,0.0016,35526.3,3447764.0,870483.0,870483.0,-10.19,-8.42,74.82,1496480987
Zennies,ZENI,181,0.00331568,0.00000134,6154.38,3317938.0,1000680973.0,1000680973.0,0.23,6.14,27.97,1496480988
Diamond,DMD,182,1.55987,0.00063015,5663.46,3315058.0,2125214.0,2125214.0,2.14,4.54,31.91,1496481244
Megacoin,MEC,183,0.096837,0.00003912,491015.0,3184625.0,32886450.0,32886450.0,6.44,3.26,58.14,1496481243
Bata,BTA,184,0.634667,0.00025639,99661.1,3142592.0,4951560.0,4951560.0,5.16,54.58,161.02,1496481262
Myriad,XMY,185,0.00208132,0.00000084,199448.0,3093511.0,1486321500.0,1486321500.0,3.9,34.05,27.84,1496481249
Curecoin,CURE,186,0.127664,0.00005157,18990.2,3026716.0,23708455.0,23708455.0,1.96,7.19,23.8,1496481251
RaiBlocks,XRB,187,0.0396208,0.00001601,24884.5,2983352.0,75297627.0,340282367.0,2.55,7.09,93.46,1496480985
Atmos,ATMS,188,0.0291579,0.00001178,139960.0,2917958.0,100074350.0,110074350.0,13.04,19.77,88.37,1496480988
Zetacoin,ZET,189,0.0168489,0.00000681,312597.0,2799625.0,166160683.0,166160683.0,-0.19,-2.3,84.8,1496481243
InstantDEX,DEX,190,2.71904,0.00109843,3396.08,2719040.0,1000000.0,1000000.0,3.51,13.75,,1496481256
Breakout Stake,BRX,191,0.426732,0.00017239,12044.5,2674791.0,6268082.0,6268082.0,1.13,24.44,120.15,1496481274
Cryptonite,XCN,192,0.00815042,0.00000329,911753.0,2674776.0,328176477.0,328176477.0,1.87,5.41,70.4,1496481253
ZcCoin,ZCC,193,0.042247,0.00001707,1200860.0,2604825.0,61657044.0,61657044.0,2.07,-1.71,72.7,1496481254
Steem Dollars,SBD,194,1.82116,0.00073571,254256.0,2600800.0,1428101.0,1428101.0,0.72,11.18,54.71,1496481274
Ethbits,ETB,195,1.90521,0.00076963,3400.58,2566290.0,1346986.0,1634691.0,-0.05,-9.8,,1496480991
Mintcoin,MINT,196,0.0000996479,0.00000004,8862.49,2426403.0,24349762193.0,24349762193.0,31.01,1.37,78.82,1496481246
Digitalcoin,DGC,197,0.0690271,0.00002789,203193.0,2373828.0,34389793.0,34389793.0,4.33,3.26,74.01,1496481241
Adzcoin,ADZ,198,0.0422718,0.00001708,13446.5,2318544.0,54848480.0,54848480.0,-3.17,12.19,37.86,1496481267
Veros,VRS,199,0.0268205,0.00001083,42899.7,2292802.0,85486938.0,10000000000.0,-0.79,-9.44,17.66,1496480981
Spectrecoin,XSPEC,200,0.111952,0.00004522,137428.0,2283639.0,20398379.0,20398379.0,-5.76,-0.04,15.62,1496480982
bitUSD,BITUSD,201,1.0186,0.00041149,166731.0,2265417.0,2224050.0,2224050.0,2.26,3.86,2.73,1496481256
BlockPay,BLOCKPAY,202,0.416458,0.00016823,23349.1,2260659.0,5428300.0,98928316.0,3.86,10.12,103.71,1496480975
BoostCoin,BOST,203,0.187046,0.00007556,125137.0,2217521.0,11855487.0,11855487.0,5.68,0.62,57.74,1496481251
iCash,ICASH,204,0.00989457,0.00000400,12294.0,2186299.0,220959445.0,220959445.0,0.62,9.86,39.6,1496481261
Groestlcoin,GRS,205,0.0308208,0.00001245,13724.4,2084284.0,67625882.0,67625882.0,-2.72,1.97,28.18,1496481249
Zeitcoin,ZEIT,206,0.0000564121,0.00000002,9986.11,2049424.0,36329508873.0,36329508873.0,0.27,-13.31,35.27,1496481247
FUNCoin,FUNC,207,0.353004,0.0001426,25275.8,2039272.0,5776909.0,100000000.0,1.29,2.3,53.28,1496480990
MaxCoin,MAX,208,0.0362731,0.00001465,225523.0,1974805.0,54442678.0,54442678.0,-1.55,2.48,97.32,1496481245
Espers,ESP,209,0.0000978189,0.00000004,7387.66,1969080.0,20129851696.0,20129851696.0,-2.99,-17.11,19.29,1496481271
Project Decorum,PDC,210,0.0384923,0.00001555,2063.13,1924615.0,50000000.0,50000000.0,0.18,1.86,17.45,1496481272
Anoncoin,ANC,211,0.910918,0.00036799,141208.0,1922326.0,2110317.0,2110317.0,1.03,1.39,129.93,1496481242
Qwark,QWARK,212,0.107333,0.00004336,115433.0,1902165.0,17722085.0,250377576.0,-3.55,72.74,198.43,1496481272
GoldCoin,GLD,213,0.0458126,0.00001851,7964.31,1844236.0,40256084.0,40256084.0,5.06,-0.05,21.0,1496481244
TransferCoin,TX,214,0.304155,0.00012287,8223.67,1817372.0,5975150.0,5975150.0,0.94,0.79,-4.74,1496481264
CryptoCarbon,CCRB,215,0.485298,0.00019604,18857.8,1728685.0,3562111.0,10000150.0,2.06,5.23,53.98,1496480983
Tickets,TIX,216,0.0000258347,0.00000001,31344.0,1727729.0,66876281414.0,66876281414.0,0.57,-4.88,47.16,1496481242
DeepWebCash,DWC,217,1.19813,0.000484,10995.5,1606513.0,1340850.0,1340850.0,-2.02,-8.6,-24.42,1496480981
Visio,VISIO,218,0.0317243,0.00001282,4847.31,1605383.0,50604202.0,62604202.0,0.23,27.59,29.98,1496480985
Boolberry,XBB,219,0.165221,0.00006675,7677.3,1574966.0,9532480.0,9532480.0,3.01,-0.88,49.27,1496481253
Bitswift,SWIFT,220,0.382448,0.0001545,9661.85,1553094.0,4060929.0,4060929.0,-1.24,25.07,141.44,1496481257
Sequence,SEQ,221,0.0346318,0.00001399,6674.33,1548142.0,44702890.0,44702890.0,0.23,9.11,60.09,1496480977
Breakout,BRK,222,0.0847574,0.00003424,6949.1,1518611.0,17917147.0,17917147.0,-2.66,23.13,38.68,1496481273
2GIVE,2GIVE,223,0.0029447,0.00000119,16755.1,1510631.0,513000038.0,513000038.0,1.02,11.65,0.67,1496481273
Startcoin,START,224,0.0331165,0.00001338,70413.4,1492885.0,45079785.0,70782220.0,6.86,6.61,1.73,1496481252
vTorrent,VTR,225,0.137557,0.00005557,10084.8,1487812.0,10815966.0,10815966.0,0.33,-2.1,82.56,1496481259
Voxels,VOX,226,0.045366,0.00001833,450659.0,1429029.0,31500000.0,210000000.0,0.62,8.86,108.79,1496481270
EB3 Coin,EB3,227,0.297057,0.00012,262655.0,1391936.0,4685754.0,786000000.0,-0.79,3.86,15.0,1496480988
Renos,RNS,228,0.0409703,0.00001655,557082.0,1366459.0,33352421.0,33352421.0,0.92,-4.09,207.59,1496480985
InsaneCoin,INSANE,229,0.0744786,0.00003009,909.0,1366013.0,18341011.0,18341011.0,3.05,2.41,70.05,1496480979
Stealthcoin,XST,230,0.0515871,0.00002084,3447.1,1350618.0,26181315.0,26181315.0,6.05,12.64,51.2,1496481254
EuropeCoin,ERC,231,0.135899,0.00005490,1556.83,1338828.0,9851636.0,9851636.0,2.96,7.36,38.18,1496481263
MediterraneanCoin,MED,232,0.0257441,0.00001040,172219.0,1279652.0,49706598.0,49706598.0,-4.88,9.31,146.08,1496481259
Dynamic,DYN,233,0.765416,0.0003092,6230.42,1237712.0,1617045.0,4370949.0,0.8,14.43,43.58,1496480986
Creativecoin,CREA,234,0.116482,0.00004705,9391.32,1230057.0,10560060.0,12271788.0,-0.27,10.15,12.29,1496480991
Ripto Bux,RBX,235,0.00358024,0.00000145,12075.6,1224800.0,342100100.0,1000000000.0,17.52,26.27,177.23,1496480987
VeriumReserve,VRM,236,1.05628,0.0004267,104336.0,1177507.0,1114768.0,1114768.0,-3.27,27.14,54.13,1496480976
GeoCoin,GEO,237,0.478316,0.00019323,34863.4,1174304.0,2455079.0,2455079.0,6.4,69.68,157.44,1496481260
WhiteCoin,XWC,238,0.00467849,0.00000189,18915.4,1160535.0,248057601.0,248057601.0,0.16,15.47,118.6,1496481250
ChainCoin,CHC,239,0.0785457,0.00003173,9171.81,1153788.0,14689387.0,14689387.0,-0.22,-15.56,16.32,1496481263
Inpay,INPAY,240,0.112644,0.00004550,22312.9,1126440.0,10000000.0,10000000.0,0.05,4.8,-4.74,1496480988
Ixcoin,IXC,241,0.0530227,0.00002142,575.307,1113428.0,20999088.0,20999088.0,4.27,-11.34,7.72,1496481241
TagCoin,TAG,242,0.202567,0.00008183,199622.0,1112759.0,5493288.0,5493288.0,1.92,3.6,48.81,1496481243
Yocoin,YOC,243,0.0101131,0.00000409,53607.3,1068134.0,105618830.0,200000000.0,-0.19,-3.47,32.19,1496481267
Mercury,MER,244,0.010548,0.00000426,1983.88,1054800.0,100000000.0,100000000.0,3.34,10.99,13.45,1496480986
SecureCoin,SRC,245,0.134605,0.00005438,149240.0,1048021.0,7785901.0,7785901.0,2.2,2.87,40.42,1496481243
DopeCoin,DOPE,246,0.00930747,0.00000376,27675.5,1033926.0,111085648.0,111085648.0,-1.14,1.77,28.0,1496481247
Triggers,TRIG,247,0.0321811,0.00001300,4341.75,1033193.0,32105593.0,100000000.0,0.23,6.57,13.69,1496480978
PepeCoin,PEPE,248,0.0742663,0.00003000,19760.6,1023823.0,13785833.0,13785833.0,0.17,6.73,81.06,1496481270
HTMLCOIN,HTML5,249,0.0000251546,0.00000001,3523.59,1022761.0,40659020000.0,40659020000.0,0.3,18.67,44.18,1496481256
Hacker Gold,HKG,250,0.0624676,0.00002523,2052.16,1006409.0,16110893.0,16110893.0,0.23,8.95,23.41,1496480980
AudioCoin,ADC,251,0.00125718,0.00000051,1359.23,997193.0,793198644.0,793198644.0,0.19,8.55,9.64,1496481262
CannabisCoin,CANN,252,0.0128444,0.00000519,56610.5,991988.0,77231176.0,91859176.0,0.13,2.77,79.26,1496481255
DIBCOIN,DIBC,253,0.195405,0.00007894,4326.77,977025.0,5000000.0,5000000000.0,1.12,4.83,30.09,1496480987
PutinCoin,PUT,254,0.00475546,0.00000192,4056.92,953078.0,200417616.0,200417616.0,0.4,-1.85,57.11,1496481275
Woodcoin,LOG,255,0.118249,0.00004777,3364.53,950154.0,8035193.0,8035193.0,0.15,15.59,35.48,1496481261
LiteDoge,LDOGE,256,0.0000633785,0.00000003,9950.58,936414.0,14774952160.0,14774952160.0,0.55,-7.02,33.3,1496481261
Pesetacoin,PTC,257,0.00710081,0.00000287,2271.43,927065.0,130557596.0,130557596.0,3.88,20.4,36.3,1496481246
HiCoin,XHI,258,0.00473902,0.00000191,94504.1,899134.0,189729990.0,10189729990.0,0.38,0.33,7.29,1496481273
Syndicate,SYNX,259,0.0776781,0.00003138,10708.8,875344.0,11268860.0,11268860.0,0.15,-11.76,92.41,1496481273
ArcticCoin,ARC,260,0.0365652,0.00001477,1126.48,854380.0,23365944.0,23365944.0,0.65,-1.96,-9.45,1496480978
EverGreenCoin,EGC,261,0.063046,0.00002547,5533.48,839855.0,13321301.0,13321301.0,2.82,0.27,31.08,1496481267
Hush,HUSH,262,0.744886,0.00030091,29131.9,820036.0,1100888.0,1222363.0,0.06,4.13,87.75,1496480980
ShadowCash,SDC,263,0.118095,0.00004771,548.312,787388.0,6667411.0,6667411.0,-2.67,-3.68,11.06,1496481254
e-Gulden,EFL,264,0.0508207,0.00002053,1847.27,779917.0,15346440.0,20385780.0,1.02,3.24,-16.04,1496481249
Tokes,TKS,265,1.18823,0.00048,13291.9,769526.0,647624.0,50000000.0,4.73,13.19,42.76,1496480987
HempCoin,THC,266,0.00361407,0.00000146,17184.1,765543.0,211823061.0,211823061.0,0.36,10.27,27.62,1496481252
ExclusiveCoin,EXCL,267,0.183996,0.00007433,5440.98,752459.0,4089540.0,4089540.0,0.16,14.54,30.28,1496481257
ProCurrency,PROC,268,0.260817,0.00010536,940.089,734253.0,2815205.0,15000053805.0,0.19,2.85,11.97,1496480989
Fantomcoin,FCN,269,0.123769,0.00005000,3577.65,725883.0,5864822.0,5864822.0,2.22,0.63,49.48,1496481252
BlueCoin,BLU,270,0.00124679,0.00000050,2995.87,716510.0,574683675.0,574683675.0,0.21,-11.47,195.58,1496481250
CacheCoin,CACH,271,0.198031,0.00008000,35995.5,714101.0,3606007.0,3606007.0,0.18,134.59,,1496481246
SuperCoin,SUPER,272,0.0173277,0.00000700,4187.69,713132.0,41155630.0,41155630.0,0.18,105.26,,1496481251
Centurion,CNT,273,0.0271815,0.00001098,31843.5,702649.0,25850279.0,63389078.0,-12.57,-13.4,3.04,1496480984
Unitus,UIS,274,0.0150174,0.00000607,6406.37,702602.0,46785866.0,46785866.0,-9.06,-11.77,-7.37,1496481260
Altcoin,ALT,275,5.7199,0.00231063,2287.66,698830.0,122175.0,134063.0,0.15,9.31,116.19,1496480989
TrustPlus,TRUST,276,0.0214369,0.00000866,4409.62,687837.0,32086595.0,32086595.0,8.39,19.76,87.9,1496481254
Synergy,SNRG,277,0.246113,0.00009942,1472.88,683582.0,2777515.0,2777515.0,1.94,6.71,57.0,1496481263
DT Token,DRACO,278,0.00720322,0.00000291,85498.5,640286.0,88888888.0,88888888.0,10.65,14.99,122.84,1496481274
Tao,XTO,279,0.0208106,0.00000841,1078.66,630938.0,30318100.0,32318100.0,0.33,-7.64,26.89,1496480977
Magi,XMG,280,0.0847411,0.00003423,4616.16,598042.0,7057280.0,7057280.0,0.16,3.41,12.34,1496481256
ReeCoin,REE,281,0.0464631,0.00001877,5382.96,574642.0,12367704.0,6662367704.0,0.78,29.16,138.82,1496481274
TileCoin,XTC,282,0.00573776,0.00000232,16802.2,573776.0,100000000.0,100000000.0,0.12,8.0,35.43,1496481258
Deutsche eMark,DEM,283,0.0204971,0.00000828,931.105,569684.0,27793416.0,27793416.0,0.7,-5.27,35.55,1496481243
1337,1337,284,0.0000245420,0.000000010,6700.11,560872.0,22853542548.0,22853542548.0,1.88,9.38,27.27,1496481266
FujiCoin,FJC,285,0.000567987,0.00000023,3563.52,547469.0,963875516.0,963875516.0,2.99,-1.59,33.43,1496481263
Moin,MOIN,286,0.077573,0.00003134,1628.03,539202.0,6950893.0,6950893.0,-0.4,1.67,39.13,1496481268
UniBURST,UNIBURST,287,0.532863,0.00021526,10892.2,532862.0,999999.0,1000000.0,4.1,-4.45,221.33,1496480985
Elcoin,EL,288,0.0460367,0.00001860,2067.58,516024.0,11208967.0,20935289.0,-1.46,45.76,10.59,1496481271
CasinoCoin,CSC,289,0.0123929,0.00000501,796.529,478381.0,38601187.0,38601187.0,20.04,4.51,12.6,1496481242
IncaKoin,NKA,290,0.0000619525,0.00000003,4516.64,466937.0,7537018015.0,7537018015.0,0.06,-15.29,208.13,1496481260
Capricoin,CPC,291,0.460255,0.00018593,41846.1,453380.0,985064.0,200985064.0,-1.5,1.28,34.84,1496481264
NuShares,NSR,292,0.000167665,0.00000007,1979.68,453076.0,2702268334.0,3317185701.0,0.48,-3.25,-45.63,1496481257
TrumpCoin,TRUMP,293,0.0681805,0.00002754,1419.29,445871.0,6539569.0,6539569.0,3.54,4.46,27.69,1496481270
KoreCoin,KORE,294,0.237761,0.00009605,2501.38,435328.0,1830949.0,1830949.0,0.18,-2.54,23.73,1496481252
I0Coin,I0C,295,0.0198031,0.00000800,863.569,415360.0,20974486.0,20974486.0,0.21,2.36,25.82,1496481243
Newbium,NEWB,296,0.0169812,0.00000686,28504.6,407549.0,24000000.0,51000000.0,-5.34,39.38,352.82,1496481272
NobleCoin,NOBL,297,0.000172592,0.00000007,17858.3,395533.0,2291720808.0,2291720808.0,-3.21,-9.06,-8.79,1496481245
BitBar,BTB,298,12.1136,0.00489363,953.173,394879.0,32598.0,32598.0,0.18,3.98,22.3,1496481241
Terracoin,TRC,299,0.0186939,0.00000755,6744.76,375921.0,20109300.0,20109300.0,-11.77,12.88,26.07,1496481240
GCoin,GCN,300,0.0000026837,0.000000001,2728.23,373182.0,139053110000,139053110000,4.46,16.87,74.39,1496481260
iTicoin,ITI,301,11.6619,0.00471099,49247.2,373181.0,32000.0,9999992.0,0.02,5.94,28.4,1496480990
PostCoin,POST,302,0.0233759,0.00000944,3063.79,368763.0,15775332.0,15775332.0,-1.57,-0.57,21.32,1496481270
Jewels,JWL,303,0.0179967,0.00000727,4599.57,363113.0,20176651.0,20176651.0,0.83,6.52,28.9,1496480976
Virtacoinplus,XVP,304,0.0398704,0.00001611,1451.01,351749.0,8822321.0,10356914.0,0.44,-3.11,-23.25,1496480985
Wyvern,WYV,305,0.321861,0.00013002,2060.89,351032.0,1090631.0,1090631.0,0.23,2.82,4.25,1496480987
Trollcoin,TROLL,306,0.000618244,0.00000025,825.694,342383.0,553799395.0,553799395.0,-0.62,0.08,7.58,1496481257
Influxcoin,INFX,307,0.19939,0.00008055,13116.4,333656.0,1673383.0,1673383.0,7.9,16.7,1.51,1496481265
Master Swiscoin,MSCN,308,0.0319109,0.00001289,11276.4,327517.0,10263490.0,1002589506.0,-2.88,-5.83,-6.82,1496480984
MazaCoin,MZC,309,0.000296004,0.00000012,663.671,323419.0,1092618137.0,1092618137.0,8.97,-15.13,33.22,1496481248
Dotcoin,DOT,310,0.00143422,0.00000058,28225.1,322786.0,225060000.0,490060000.0,0.5,-0.26,36.01,1496481260
Atomic Coin,ATOM,311,0.0321099,0.00001297,1211.58,322755.0,10051582.0,10051582.0,2.05,18.62,73.53,1496480978
Bytecent,BYC,312,0.195556,0.00007900,11577.0,317312.0,1622615.0,1622615.0,-4.18,19.78,24.85,1496481259
ParkByte,PKB,313,0.0640895,0.00002589,1820.69,305324.0,4764026.0,4764026.0,-1.04,3.83,47.83,1496481262
Joincoin,J,314,0.124651,0.00005036,526.515,305196.0,2448402.0,2448402.0,-58.05,-89.91,-17.34,1496481255
Quatloo,QTL,315,0.0388622,0.00001570,5256.59,289105.0,7439243.0,7439243.0,-0.38,5.18,11.26,1496481253
8Bit,8BIT,316,0.233807,0.00009445,2876.5,272248.0,1164415.0,1164415.0,0.59,18.86,-8.33,1496481261
Cryptojacks,CJ,317,0.000646466,0.00000026,93431.7,262833.0,406568581.0,406568581.0,15.77,-14.24,133.98,1496481274
Zoin,ZOI,318,0.0242575,0.00000980,1552.91,261313.0,10772450.0,10772450.0,12.13,-1.95,28.56,1496480979
Sexcoin,SXC,319,0.00212759,0.00000086,2526.98,260743.0,122553001.0,122553001.0,2.41,-3.47,29.14,1496481243
Karbowanec,KRB,320,0.0734473,0.00002967,5409.44,260422.0,3545693.0,3545693.0,2.27,-6.9,8.95,1496481275
Asiadigicoin,ADCN,321,0.0103966,0.00000420,2171.26,259198.0,24931054.0,210000000.0,-6.6,-13.63,-14.93,1496481269
UltraCoin,UTC,322,0.0053716,0.00000217,3083.13,231548.0,43106018.0,43106018.0,-0.96,-8.38,45.33,1496481245
Torcoin,TOR,323,0.875556,0.00035369,9002.96,230701.0,263491.0,1263491.0,-2.59,18.47,21.08,1496480988
PRCoin,PRC,324,0.0242966,0.00000981,4319.24,230478.0,9486000.0,789486000.0,0.5,5.41,4.24,1496480984
Rubies,RBIES,325,0.0219513,0.00000887,2229.44,227713.0,10373577.0,10373577.0,-8.78,0.08,-2.04,1496481269
Flycoin,FLY,326,0.987136,0.00039878,16224.1,208094.0,210806.0,210806.0,-0.03,41.8,284.3,1496481265
GoldBlocks,GB,327,0.0139934,0.00000565,911.15,208060.0,14868447.0,14868447.0,0.0,18.24,48.01,1496481274
LiteBar,LTB,328,0.309208,0.00012491,1658.16,199819.0,646227.0,646227.0,0.18,3.57,10.08,1496481247
NuBits,USNBT,329,1.0033,0.00040531,29898.9,197421.0,196772.0,838087.0,-0.19,-0.55,-1.54,1496481257
Pesobit,PSB,330,0.00586687,0.00000237,1074.0,191698.0,32674583.0,32674583.0,0.21,-3.64,21.95,1496480978
TEKcoin,TEK,331,0.000123403,0.00000005,2336.56,174499.0,1414054562.0,1414054562.0,14.4,47.26,317.72,1496481251
Netko,NETKO,332,0.0697341,0.00002817,972.424,172014.0,2466716.0,2466716.0,6.34,4.01,12.43,1496480986
UnbreakableCoin,UNB,333,0.0752858,0.00003041,2381.26,171512.0,2278150.0,2278150.0,0.18,-2.33,35.96,1496481251
Sumokoin,SUMO,334,0.360676,0.0001457,11303.0,169838.0,470887.0,9359776.0,4.3,35.34,,1496480992
bitBTC,BITBTC,335,2588.39,1.04565,51802.1,164829.0,64.0,64.0,5.23,4.24,30.92,1496481256
Truckcoin,TRK,336,0.00131196,0.00000053,786.482,161612.0,123183293.0,123183293.0,0.18,16.69,84.07,1496481254
Fastcoin,FST,337,0.00123112,0.00000050,1666.75,156062.0,126764507.0,126764507.0,-2.57,-3.38,52.13,1496481242
Pascal Lite,PASL,338,0.0737938,0.00002981,2848.97,146621.0,1986900.0,1986900.0,-0.41,7.29,-5.34,1496480986
Phoenixcoin,PXC,339,0.00244997,0.00000099,829.022,141857.0,57901375.0,57901375.0,15.3,50.7,180.39,1496481242
TheGCCcoin,GCC,340,0.0198285,0.00000801,2482.9,139682.0,7044507.0,867044507.0,0.23,-2.82,-6.46,1496480983
BERNcash,BERN,341,0.00194684,0.00000079,982.777,138682.0,71234301.0,71234301.0,1.15,0.36,24.03,1496481270
HoboNickels,HBN,342,0.00272293,0.00000110,714.778,132335.0,48600217.0,48600217.0,14.77,-1.0,98.99,1496481244
Machinecoin,MAC,343,0.00643601,0.00000260,2271.91,125898.0,19561500.0,19561500.0,1.17,0.82,23.13,1496481260
Rimbit,RBT,344,0.00103888,0.00000042,966.046,119990.0,115499623.0,393459356.0,0.8,6.86,27.06,1496481258
Piggycoin,PIGGY,345,0.000244201,0.00000010,820.581,118148.0,483815355.0,483815355.0,-1.34,-15.96,-24.83,1496481252
bitEUR,BITEUR,346,1.14272,0.00046163,37280.4,117243.0,102600.0,102600.0,1.57,1.45,5.23,1496481263
MojoCoin,MOJO,347,0.00960502,0.00000388,3143.64,115802.0,12056422.0,12056422.0,0.97,1.45,-13.87,1496481270
Digital Rupees,DRS,348,0.000222792,0.00000009,1146.72,113803.0,510802961.0,510802961.0,0.21,26.18,-32.82,1496480984
bitSilver,BITSILVER,349,20.018,0.00808681,5475.38,112833.0,5637.0,5637.0,-0.18,-3.22,10.36,1496481260
HyperStake,HYP,350,0.000282158,0.00000011,531.183,108855.0,385796097.0,385796097.0,-7.3,12.14,44.18,1496481254
LanaCoin,LANA,351,0.00014198,0.00000006,851.441,106360.0,749116111.0,749116111.0,0.19,-1.85,46.36,1496481272
CHNCoin,CNC,352,0.00393999,0.00000159,13284.2,99525.0,25260247.0,170109984.0,-3.64,-8.43,29.79,1496481244
Coin2.1,C2,353,0.000977964,0.00000040,503.735,97773.0,99976323.0,99976323.0,-5.64,-5.6,14.13,1496481252
PipCoin,PIP,354,0.0148528,0.00000600,871.137,97630.0,6573177.0,6999979.0,0.21,-23.7,-15.0,1496480978
Eryllium,ERY,355,0.021738,0.00000878,4772.33,94690.0,4355984.0,14355984.0,-8.66,-1.42,-30.55,1496480984
Chronos,CRX,356,0.00119988,0.00000048,1228.98,88467.0,73729962.0,73729962.0,0.08,54.98,120.42,1496481275
Freicoin,FRC,357,0.00272293,0.00000110,18264.4,75993.0,27908479.0,100000000.0,0.16,2.64,38.06,1496481256
Greencoin,GREV2,358,0.0000247539,0.00000001,611.041,75777.0,3061212641.0,3061212641.0,0.16,-48.68,-23.31,1496481253
Gapcoin,GAP,359,0.00694625,0.00000281,10398.4,75631.0,10888054.0,10888054.0,3.14,4.74,53.16,1496481258
Kurrent,KURT,360,0.00742061,0.00000300,2147.45,73609.0,9919485.0,21319485.0,11.29,12.01,28.53,1496480979
MCAP,MCAP,361,6.79405,0.00274455,80330.4,67974.0,10005.0,100000000.0,0.91,7.27,,1496480991
AquariusCoin,ARCO,362,0.0550324,0.00002223,627.183,67313.0,1223151.0,1223151.0,1.85,29.72,51.51,1496481272
CrevaCoin,CREVA,363,0.00175188,0.00000071,14089.3,63752.0,36390750.0,6240390800.0,1.44,-2.74,7.31,1496481263
PonziCoin,PONZI,364,0.0693109,0.00002800,657.063,59684.0,861099.0,861099.0,0.16,8.94,72.36,1496481273
Wexcoin,WEX,365,0.353169,0.00014267,1183.33,59349.0,168046.0,10000168046.0,0.87,-2.59,-0.5,1496480977
PetroDollar,XPD,366,0.00091176,0.00000037,2120.45,58347.0,63993275.0,63993275.0,-0.51,20.76,-2.99,1496481249
Acoin,ACOIN,367,0.0450273,0.00001819,10325.1,54937.0,1220085.0,1220085.0,0.12,6.0,-7.7,1496481256
Philosopher Stones,PHS,368,0.0199764,0.00000807,2272.79,48527.0,2429219.0,2429219.0,-0.09,2.58,33.66,1496481244
LevoPlus,LVPS,369,0.0987205,0.00003988,4036.7,40741.0,412688.0,91412688.0,0.23,91.95,1.51,1496480986
Bolivarcoin,BOLI,370,0.00607888,0.00000246,781.535,39470.0,6493025.0,6493025.0,5.22,8.72,68.93,1496481265
Allion,ALL,371,0.0061894,0.00000250,822.696,38370.0,6199359.0,7323359.0,0.21,-3.81,13.57,1496480985
Independent Money System,IMS,372,0.00671917,0.00000271,767.73,36075.0,5368934.0,5368934.0,-0.13,-0.14,20.09,1496481270
Marijuanacoin,MAR,373,0.0637929,0.00002577,12071.0,33344.0,522690.0,522690.0,1.97,66.84,48.82,1496480984
Rawcoin,XRC,374,0.0445337,0.00001799,1163.61,31391.0,704882.0,704882.0,-7.05,-6.35,212.17,1496480980
BeaverCoin,BVC,375,0.00970353,0.00000392,569.656,30229.0,3115258.0,3115258.0,0.79,10.76,19.02,1496481258
SixEleven,611,376,0.0579241,0.00002340,3770.84,23875.0,412175.0,412175.0,-28.62,-16.89,-62.43,1496481272
Eurocoin,EUC,377,0.00173277,0.00000070,1541.07,20326.0,11730350.0,11730350.0,2.34,13.52,1.23,1496481265
Bitvolt,VOLT,378,0.000816906,0.00000033,752.629,12346.0,15112554.0,60132654.0,-2.71,31.54,12.9,1496480989
BenjiRolls,BENJI,379,0.000594113,0.00000024,4604.97,11259.0,18951236.0,18951236.0,0.23,32.87,47.66,1496480982
AllSafe,ASAFE,380,0.0000152935,0.000000006,700.052,10858.0,710000000.0,710000000.0,17.34,-16.51,205.53,1496480979
Beatcoin,XBTS,381,0.0060482,0.00000244,1096.65,9222.0,1524686.0,2524686.0,0.18,-10.91,41.64,1496480976
Ebittree Coin,EBT,382,0.0102732,0.00000415,1193.18,8973.0,873480.0,810873480.0,-1.68,-13.06,13.91,1496480989
Argus,ARGUS,383,0.00693303,0.00000280,939.512,7961.0,1148324.0,5194373.0,2.15,23.92,56.62,1496480985
Digital Money Bits,DMB,384,0.0163409,0.00000660,8812.11,5209.0,318800.0,10318800.0,-0.67,7.76,274.31,1496480991
Environ,ENV,385,0.0000247413,0.000000010,3390.94,3244.0,131129509.0,931129509.0,0.23,2.62,,1496480990
Gold Pressed Latinum,GPL,386,0.184967,0.00007472,6326.54,,,204223.0,0.1,4.49,0.21,1496480990
SnakeEyes,SNAKE,387,0.15316,0.00006187,1819.54,,,10000000.0,4.1,4.89,108.49,1496480990
Arcade Token,ARC,388,3.74133,0.00167261,,10773690.0,2879642.0,2879642.0,,,63.05,1496180681
Scotcoin,SCOT,389,0.00774289,0.00000321,,7742890.0,1000000000.0,1000000000.0,,19.74,119.37,1496426352
Jinn,JINN,390,56.0427,0.0228523,,3289875.0,58703.0,1000000.0,,15.42,-9.8,1496444660
XCurrency,XC,391,0.52206,0.0002109,443.095,3031576.0,5806949.0,5806949.0,0.18,20.26,30.46,1496481251
AsiaCoin,AC,392,0.00303334,0.00000123,9.27812,2550491.0,840819301.0,840819301.0,0.22,8.17,37.21,1496481249
Pangea Poker,PANGEA,393,1.69982,0.00068669,124.336,1698719.0,999352.0,1000000.0,3.44,82.52,183.51,1496481259
Bitpark Coin,BPC,394,0.0187146,0.00000756,72.882,1403595.0,75000000.0,100000000.0,0.23,-8.61,21.89,1496480982
NewYorkCoin,NYC,395,0.0000190354,0.000000008,137.689,1136793.0,59719935819.0,59719935819.0,0.23,-21.05,-5.29,1496481250
GlobalCoin,GLC,396,0.0132681,0.00000536,0.994587,864695.0,65171010.0,65171010.0,0.16,5.4,-44.64,1496481244
Devcoin,DVC,397,0.0000617002,0.00000002,5.61889,864175.0,14006027500.0,14006027500.0,-0.24,141.25,137.01,1496481240
Pandacoin,PND,398,0.0000247539,0.00000001,262.113,804871.0,32514916898.0,32514916898.0,0.18,2.63,23.12,1496481247
Ultimate Secure Cash,USC,399,0.0762445,0.00003080,7.42641,788605.0,10343113.0,38602656.0,0.21,6.43,19.08,1496480988
Carboncoin,CARBON,400,0.0000495078,0.00000002,21.9269,762021.0,15391934423.0,15391934423.0,0.16,2.64,23.12,1496481254
DubaiCoin,DBIC,401,0.146775,0.00005929,311.709,752811.0,5129014.0,6146942.0,0.63,-8.86,6.23,1496481269
Version,V,402,0.00163381,0.00000066,376.93,714840.0,437529619.0,437529619.0,-5.49,71.7,,1496480992
CageCoin,CAGE,403,0.0000066230,0.000000003,465.845,670037.0,101168328395,101168328395,-2.0,17.41,-36.85,1496481246
BTSR,BTSR,404,0.176309,0.00007122,100.77,583727.0,3310819.0,3310819.0,1.97,6.2,81.25,1496481269
Cryptofund,FUND,405,0.5588,0.0002553,,558800.0,1000000.0,1000000.0,,,14.38,1495948164
E-Currency Coin ,ECC,406,0.0000247539,0.00000001,5.47061,546086.0,22060603799.0,22060603799.0,0.15,2.63,23.12,1496481249
Canada eCoin,CDN,407,0.0051326,0.00000207,374.074,499995.0,97415544.0,97415544.0,1.19,-8.6,27.53,1496481250
Colossuscoin V2,CV2,408,0.0000210874,0.000000009,179.983,467981.0,22192440273.0,22192440273.0,-0.1,10.93,21.8,1496481261
SmileyCoin,SMLY,409,0.0000177826,0.000000007,59.1675,461641.0,25960250000.0,25960250000.0,-0.24,-16.18,197.06,1496481259
PayCoin,XPY,410,0.0388167,0.00001568,120.563,454278.0,11703161.0,11753161.0,0.15,425.07,51.05,1496481259
YashCoin,YASH,411,0.044509,0.00001798,168.017,445095.0,10000117.0,10000117.0,0.23,-3.79,40.67,1496480981
Happycoin,HPC,412,0.0372063,0.00001503,66.9009,422904.0,11366469.0,11366469.0,0.23,1.89,139.57,1496480988
Dashcoin,DSH,413,0.024394,0.00000985,355.751,421811.0,17291579.0,17291579.0,-1.77,-2.21,24.57,1496481257
BitcoinTX,BTX,414,0.00490127,0.00000198,47.2616,397317.0,81064125.0,81064125.0,0.18,232.3,23.74,1496481261
FuelCoin,FC2,415,0.00383685,0.00000155,166.385,389109.0,101413629.0,101413629.0,0.18,6.78,,1496481252
Orbitcoin,ORB,416,0.128748,0.00005201,250.087,380601.0,2956173.0,2956173.0,0.22,3.49,28.03,1496481244
TeslaCoin,TES,417,0.00519791,0.00000210,361.588,373075.0,71774059.0,71774059.0,1.73,2.54,33.27,1496481258
LTBcoin,LTBC,418,0.000742106,0.00000032,,366499.0,493863915.0,493863915.0,,,,1496287754
Mineum,MNM,419,0.038774,0.00001566,115.386,365886.0,9436367.0,9586367.0,0.23,8.77,4.06,1496481272
RussiaCoin,RC,420,0.0437154,0.00001766,4.37198,359185.0,8216446.0,8216446.0,0.18,2.53,26.76,1496481267
SmartCoin,SMC,421,0.0146962,0.00000594,298.977,336483.0,22895926.0,22895926.0,-8.67,8.78,31.54,1496481247
Casino,CASINO,422,0.334288,0.00013504,3.67717,334288.0,1000000.0,1000000.0,4.0,-52.0,-13.76,1496480986
Shorty,SHORTY,423,0.0028963,0.00000117,0.28963,289630.0,100000000.0,100000000.0,0.23,,41.28,1496480981
Rare Pepe Party,RAREPEPEPRTY,424,15.8671,0.00640971,34.2455,285608.0,18000.0,100000.0,0.73,,37.63,1496480979
Kobocoin,KOBO,425,0.0110897,0.00000448,11.1171,273918.0,24700248.0,24700248.0,0.15,50.72,-29.11,1496481260
HitCoin,HTC,426,0.0000247539,0.00000001,12.6782,272202.0,10996318099.0,20996318099.0,0.17,-48.68,-38.44,1496481271
HOdlcoin,HODL,427,0.00292096,0.00000118,323.001,271461.0,92935380.0,250000000.0,0.18,-6.83,25.4,1496481269
Crypto Bullion,CBX,428,0.263828,0.00010658,311.854,262744.0,995890.0,995890.0,0.13,12.98,-12.08,1496481242
MTMGaming,MTM,429,0.0800426,0.00003233,386.766,240128.0,3000000.0,5000000.0,-3.9,-26.87,230.56,1496480985
BTCtalkcoin,TALK,430,0.00357833,0.00000161,,233631.0,65290635.0,65290635.0,,,-17.22,1496191750
Neutron,NTRN,431,0.0183472,0.00000741,247.147,231499.0,12617684.0,12617684.0,-0.91,-1.56,191.73,1496481262
Coin(O),CNO,432,0.00219945,0.00000089,137.455,226817.0,103124630.0,103124630.0,-0.93,14.02,206.24,1496481248
AgrolifeCoin,AGLC,433,0.0472658,0.00001990,,216935.0,4589678.0,204589678.0,,,,1496301878
VirtualCoin,VC,434,0.0213734,0.00000888,,215108.0,10064287.0,10064287.0,,-0.2,10.53,1496433855
Vault Coin,VLTC,435,0.00701916,0.00000284,30.9324,208670.0,29728590.0,529728590.0,0.15,48.12,9.16,1496480981
SwagBucks,BUCKS,436,1.01063,0.00040827,6.99266,208036.0,205848.0,205848.0,0.08,-1.07,-7.98,1496481269
BritCoin,BRIT,437,0.00945599,0.00000382,6.73722,201111.0,21268092.0,21268092.0,0.18,-1.73,13.24,1496481253
42-coin,42,438,4722.34,1.90771,294.969,198338.0,42.0,42.0,0.08,6.06,48.22,1496481246
KibiCoin,KIC,439,0.0134901,0.00000545,301.399,197780.0,14661100.0,14661100.0,-7.34,-25.11,,1496480992
The Cypherfunks,FUNK,440,0.0000043332,0.000000002,227.57,191394.0,44169520000.0,44169520000.0,1.18,-9.32,-1.33,1496481263
Bitz,BITZ,441,0.0892373,0.00003720,,177662.0,1990891.0,1990891.0,,,19.31,1496351362
Zero,ZER,442,0.23517,0.00009500,474.585,176483.0,750450.0,750450.0,0.23,-0.16,28.45,1496480986
Veltor,VLT,443,0.31686,0.000128,139.687,175811.0,554855.0,554855.0,0.23,-30.79,-36.91,1496480975
NetCoin,NET,444,0.000222265,0.00000009,29.0293,174951.0,787126712.0,787126712.0,0.16,2.21,18.85,1496481244
Bitstar,BITS,445,0.00750043,0.00000303,324.244,173108.0,23079737.0,23079737.0,1.86,-46.58,45.15,1496481249
Tristar Coin,TSTR,446,0.0343849,0.00001500,,172882.0,5027857.0,255027857.0,,,-4.91,1496271895
Tattoocoin (Standard Edition),TSE,447,0.00149393,0.00000060,275.989,170904.0,114398999.0,604398999.0,0.23,44.26,55.4,1496480983
Stress,STS,448,0.000297047,0.00000012,6.60018,167871.0,565134332.0,565134332.0,0.18,23.17,34.31,1496481269
BillaryCoin,BLRY,449,0.0178476,0.00000721,32.0091,160328.0,8983158.0,8983158.0,0.18,-11.69,-8.82,1496481272
Crave,CRAVE,450,0.127656,0.00005157,271.28,159531.0,1249695.0,1249695.0,10.62,2.68,195.14,1496481261
LottoCoin,LOT,451,0.0000104511,0.000000004,11.1889,151447.0,14491014421.0,14491014421.0,0.39,1.3,47.49,1496481244
Titcoin,TIT,452,0.00298851,0.00000121,81.8844,149121.0,49898202.0,49898202.0,-0.67,-5.05,-27.51,1496481254
GAIA,GAIA,453,0.00594094,0.00000240,59.4094,143185.0,24101381.0,24101381.0,0.15,,57.51,1496481258
Bottlecaps,CAP,454,0.000990422,0.00000040,370.142,137768.0,139100354.0,139100354.0,0.18,-64.36,53.76,1496481242
PureVidz,VIDZ,455,0.00108367,0.00000044,15.4416,135660.0,125185498.0,125185498.0,0.23,9.53,28.42,1496480982
DigitalPrice,DP,456,0.00582653,0.00000235,426.244,132049.0,22663356.0,22663356.0,-19.94,2.88,76.24,1496481257
Bitcurrency,BTCR,457,0.000758914,0.00000031,111.945,127779.0,168371047.0,168371047.0,0.23,6.72,96.97,1496480980
Dollarcoin,DLC,458,0.0136986,0.00000553,5.91333,124749.0,9106714.0,9106714.0,0.21,28.2,146.95,1496480977
CorgiCoin,CORG,459,0.0000989153,0.00000004,25.9628,123828.0,1251855418.0,1251855418.0,0.15,58.82,-19.64,1496481248
C-Bit,XCT,460,0.000915894,0.00000037,86.3153,120720.0,131805500.0,131805500.0,0.18,15.11,19.16,1496481269
MetalCoin,METAL,461,0.00154592,0.00000064,,118921.0,76925527.0,76925527.0,,0.16,-9.54,1496430259
TittieCoin,TTC,462,0.0000942314,0.00000004,396.587,118714.0,1259816434.0,1259816434.0,0.18,35.62,75.7,1496481258
Universal Currency,UNIT,463,0.0088619,0.00000358,6.33272,115616.0,13046431.0,13046431.0,0.18,221.02,41.27,1496481262
Swing,SWING,464,0.0496316,0.00002005,59.125,113180.0,2280393.0,2280393.0,2.11,14.25,11.15,1496481265
QuazarCoin,QCN,465,0.0198031,0.00000800,88.9984,113179.0,5715215.0,5715215.0,14.49,4.27,45.12,1496481251
RedCoin,RED,466,0.00148222,0.00000060,158.619,109844.0,74107896.0,74107896.0,0.06,146.68,74.1,1496481245
Xiaomicoin,MI,467,0.000256481,0.00000010,161.776,104168.0,406141855.0,406141855.0,1.79,-6.86,12.98,1496481265
Pakcoin,PAK,468,0.00282831,0.00000114,250.955,103708.0,36667700.0,36667700.0,-0.57,3.38,24.83,1496481265
BigUp,BIGUP,469,0.0000495078,0.00000002,218.413,101731.0,2054853678.0,2054853678.0,0.15,75.85,26.19,1496481271
Sterlingcoin,SLG,470,0.0255369,0.00001032,300.572,99113.0,3881156.0,3881156.0,0.15,0.26,20.53,1496481257
GlobalBoost-Y,BSTY,471,0.00858491,0.00000347,387.957,97854.0,11398430.0,11398430.0,0.12,19.82,36.41,1496481256
FlutterCoin,FLT,472,0.00029914,0.00000012,67.0134,96387.0,322214524.0,322214524.0,0.1,3.42,5.35,1496481248
BunnyCoin,BUN,473,0.0000009356,0.0000000004,40.6801,94889.0,101415417035,101415417035,0.49,11.24,50.09,1496481257
Cannacoin,CCN,474,0.0198279,0.00000801,48.6138,93145.0,4697675.0,4697675.0,0.18,-31.31,7.41,1496481249
NoLimitCoin,NLC2,475,0.000445585,0.00000018,71.9847,89322.0,200458992.0,200458992.0,0.23,31.98,-7.29,1496480976
WayGuide,WAY,476,0.000883361,0.00000036,,88372.0,100040708.0,100040708.0,,1.75,22.09,1496468977
bitGold,BITGOLD,477,1574.5,0.63606,190.126,88196.0,56.0,56.0,1.63,5.84,18.79,1496481259
Emerald Crypto,EMD,478,0.00423465,0.00000171,272.459,80954.0,19117129.0,19117129.0,0.16,-12.2,62.33,1496481242
AmberCoin,AMBER,479,0.00183179,0.00000074,2.82038,79945.0,43643263.0,43643263.0,0.15,,40.16,1496481260
GameUnits,UNITS,480,0.0228486,0.00000923,17.6482,79205.0,3466497.0,3466497.0,0.21,4.57,-15.04,1496480983
KushCoin,KUSH,481,0.0141349,0.00000571,84.8097,76245.0,5394084.0,5394084.0,0.23,43.66,42.17,1496480983
Triangles,TRI,482,1.03999,0.00042013,5.1022,75806.0,72891.0,72891.0,-7.33,3.88,-4.6,1496481254
UFO Coin,UFO,483,0.0000229521,0.00000001,,75461.0,3287757512.0,3287757512.0,,,,1496273048
Elementrem,ELE,484,0.00295871,0.00000120,4.03679,74035.0,25022767.0,25022767.0,0.18,-10.39,27.8,1496481275
Tigercoin,TGC,485,0.00168327,0.00000068,71.8394,73284.0,43536800.0,43536800.0,-4.08,62.32,168.88,1496481246
KiloCoin,KLC,486,0.000371309,0.00000015,262.903,72887.0,196297971.0,10025186872.0,0.18,-9.43,42.18,1496481269
Guncoin,GUN,487,0.000396062,0.00000016,26.5049,72148.0,182163478.0,182163478.0,0.18,9.49,64.21,1496481250
ChessCoin,CHESS,488,0.00133301,0.00000054,116.16,71940.0,53967931.0,53967931.0,5.8,13.9,45.33,1496481273
Valorbit,VAL,489,0.0000247539,0.00000001,6.68358,71128.0,2873418462.0,922340073418462,0.17,2.64,23.12,1496481271
SproutsExtreme,SPEX,490,0.0000247539,0.00000001,22.526,70960.0,2866607586.0,2866607586.0,0.18,2.64,23.12,1496481269
Darsek,KED,491,0.00715411,0.00000289,58.4155,70574.0,9864846.0,9864846.0,0.23,-7.29,2.12,1496480987
Blakecoin,BLC,492,0.00591477,0.00000239,211.816,70450.0,11910789.0,11910789.0,1.88,1.35,34.22,1496481245
CCMiner,CCM100,493,0.0278338,0.00001124,127.813,67256.0,2416354.0,6000000.0,4.0,3.59,89.93,1496480984
HempCoin,HMP,494,0.0000495078,0.00000002,260.124,67163.0,1356622106.0,2856622106.0,0.18,2.64,23.12,1496481268
Zayedcoin,ZYD,495,0.010397,0.00000420,80.9015,64917.0,6243840.0,6243840.0,0.21,30.65,29.65,1496480976
Yacoin,YAC,496,0.000544586,0.00000022,87.8246,63241.0,116126925.0,116126925.0,0.18,-1.81,17.76,1496481241
Ratecoin,XRA,497,0.000594089,0.00000024,194.698,63045.0,106120328.0,106120328.0,0.17,1.64,6.76,1496481263
Spots,SPT,498,0.00279801,0.00000113,481.05,62692.0,22406021.0,22406021.0,-0.38,-21.55,192.81,1496481243
Evotion,EVO,499,0.0248486,0.00001004,244.009,61357.0,2469220.0,2469220.0,0.35,43.59,-11.95,1496481267
Bitcloud,BTD,500,0.00540268,0.00000222,,60183.0,11139532.0,11139532.0,,0.92,-9.79,1496440775
DigiCube,CUBE,501,0.0000240999,0.000000010,13.0086,58542.0,2429126009.0,2429126009.0,0.21,20.68,19.86,1496481266
MiloCoin,MILO,502,0.00550185,0.00000222,33.9729,56637.0,10294261.0,10294261.0,0.23,23.31,63.72,1496480985
MarteXcoin,MXT,503,0.0207013,0.00000836,0.139792,56476.0,2728161.0,2728161.0,3.88,25.24,-7.96,1496481272
RevolverCoin,XRE,504,0.0025249,0.00000102,26.6405,55032.0,21795766.0,21795766.0,0.18,-3.06,22.47,1496481273
PayCon,CON,505,0.00228945,0.00000092,92.4525,52755.0,23042604.0,23042604.0,-1.18,101.53,94.32,1496481261
Debitcoin,DBTC,506,0.00292898,0.00000118,22.0852,52699.0,17992132.0,25992132.0,0.18,-17.38,78.51,1496481273
Argentum,ARG,507,0.00673305,0.00000272,485.926,50565.0,7510015.0,7510015.0,0.75,-2.02,18.65,1496481242
Eternity,ENT,508,0.0162365,0.00000656,194.303,49912.0,3074052.0,3074052.0,-5.53,8.08,-11.54,1496480980
SatoshiMadness,MAD,509,0.0000247539,0.00000001,15.1,49525.0,2000683485.0,2000683485.0,0.17,2.66,23.12,1496481265
NevaCoin,NEVA,510,0.0268703,0.00001086,129.22,48818.0,1816815.0,1816815.0,6.24,-8.34,29.02,1496481270
AurumCoin,AU,511,0.164168,0.00006632,91.8829,48629.0,296216.0,296216.0,-0.41,2.3,21.24,1496481258
Aricoin,ARI,512,0.000346555,0.00000014,45.7568,48609.0,140262505.0,140262505.0,0.16,-9.44,31.09,1496481246
ICOBID,ICOB,513,0.000467578,0.00000019,332.278,48564.0,103862796.0,103862796.0,2.38,13.73,44.25,1496480982
Artex Coin,ATX,514,0.00259694,0.00000105,295.218,48561.0,18699320.0,268699320.0,0.35,-30.41,10.35,1496480975
Prime-XI,PXI,515,0.00327849,0.00000132,80.8017,48547.0,14807705.0,14807705.0,-7.31,10.23,108.91,1496481257
CoExistCoin,COXST,516,0.00178151,0.00000072,57.2503,48348.0,27138905.0,27138905.0,0.04,71.11,67.17,1496481271
Lex4All,LEX,517,0.0466138,0.00001883,38.8293,46616.0,1000043.0,5000000.0,4.0,8.35,-21.29,1496480986
Joulecoin,XJO,518,0.00141246,0.00000057,9.57359,45580.0,32270216.0,32270216.0,1.02,11.39,44.02,1496481243
Nyancoin,NYAN,519,0.000149683,0.00000006,425.755,44589.0,297891209.0,297891209.0,0.19,-16.07,-12.14,1496481245
Jin Coin,JIN,520,0.00443109,0.00000179,67.4608,43640.0,9848485.0,9848485.0,0.23,-26.5,23.39,1496480976
Sativacoin,STV,521,0.00602717,0.00000243,0.881274,42654.0,7076908.0,7076908.0,0.15,,23.25,1496481258
UniCoin,UNIC,522,0.0143796,0.00000581,99.9602,41875.0,2912144.0,2912144.0,0.15,2.21,30.43,1496481263
UCoin,U,523,0.0153969,0.00000622,170.778,41415.0,2689812.0,2689812.0,0.15,2.97,29.4,1496481259
AmsterdamCoin,AMS,524,0.00430718,0.00000174,82.8814,41365.0,9603707.0,16803707.0,0.73,-6.18,35.27,1496481265
808Coin,808,525,0.000197516,0.00000008,389.32,41223.0,208705397.0,208705397.0,-19.73,-0.31,47.47,1496481274
BurstOcean,OCEAN,526,0.193114,0.00007801,31.9122,40907.0,211827.0,1000000.0,4.1,-6.32,125.72,1496480985
Francs,FRN,527,0.0232288,0.00000938,258.186,39816.0,1714100.0,1714100.0,-0.04,-15.08,27.47,1496481269
MACRON,MCRN,528,0.0000990189,0.00000004,278.368,39748.0,401421401.0,401421401.0,33.18,1.22,102.86,1496480990
Franko,FRK,529,0.0615877,0.00002488,6.57246,39228.0,636950.0,636950.0,0.16,7.66,2.11,1496481243
SpaceCoin,SPACE,530,0.00212157,0.00000086,54.7352,37782.0,17808547.0,17808547.0,0.18,4.56,25.25,1496481265
OctoCoin,888,531,0.000767344,0.00000031,29.5826,37135.0,48393828.0,48393828.0,0.16,0.07,53.27,1496481249
Dobbscoin,BOB,532,0.00722692,0.00000292,5.4354,36571.0,5060382.0,5060382.0,3.35,9.2,30.19,1496481255
Honey,HONEY,533,0.53308,0.00021535,329.895,36413.0,68306.0,68306.0,2.95,78.7,5.38,1496480986
HealthyWormCoin,WORM,534,0.00222792,0.00000090,481.159,36319.0,16301787.0,16301787.0,-23.38,31.98,-27.74,1496480987
FlavorCoin,FLVR,535,0.00173281,0.00000070,199.807,36212.0,20898106.0,20898106.0,0.15,19.98,76.81,1496481270
PopularCoin,POP,536,0.0000107773,0.000000004,33.8769,36027.0,3342867552.0,3342867552.0,8.59,1.68,42.09,1496481249
WMCoin,WMC,537,0.00311404,0.00000128,,35897.0,11527489.0,911527489.0,,0.9,54.88,1496438372
Cypher,CYP,538,0.00559142,0.00000226,,35591.0,6365285.0,6365285.0,,2.59,-6.99,1496459661
BitQuark,BTQ,539,0.00492603,0.00000199,92.7298,35249.0,7155671.0,7155671.0,10.75,147.6,54.68,1496481251
GoldPieces,GP,540,0.028614,0.00001156,321.07,34914.0,1220161.0,1220161.0,-1.45,31.15,10.84,1496481260
Evil Coin,EVIL,541,0.00158422,0.00000064,4.6709,33301.0,21020383.0,21020383.0,0.18,4.49,28.78,1496481268
Creatio,XCRE,542,0.00161125,0.00000065,254.972,33064.0,20520514.0,20520514.0,-9.12,11.58,48.46,1496480980
PlatinumBAR,XPTX,543,0.187635,0.00007580,12.8208,32884.0,175255.0,175255.0,0.18,,98.42,1496481272
CryptoWorldX Token,CWXT,544,0.000592092,0.00000024,1.55978,32398.0,54717190.0,54717190.0,0.36,2.3,46.94,1496480984
Uro,URO,545,0.02666,0.00001077,1.77594,32187.0,1207310.0,1207310.0,0.18,2.63,12.56,1496481252
RonPaulCoin,RPC,546,0.0399528,0.00001614,20.7641,31551.0,789712.0,789712.0,0.15,3.1,71.87,1496481247
Universe,UNI,547,0.0103227,0.00000417,79.3511,30906.0,2993939.0,14193939.0,0.23,-13.53,8.94,1496480987
Grantcoin,GRT,548,0.000742617,0.00000030,5.08105,30697.0,41336156.0,10041336156.0,0.18,23.17,47.75,1496481264
LeaCoin,LEA,549,0.0001098,0.00000004,79.8536,30340.0,276318489.0,276318489.0,-0.25,37.17,36.45,1496481262
Solarflarecoin,SFC,550,0.00220317,0.00000089,174.222,30252.0,13731100.0,13731100.0,-1.97,-6.78,-8.85,1496480983
Bitzeny,ZNY,551,0.000396062,0.00000016,56.1711,29948.0,75614500.0,75614500.0,0.18,9.51,31.33,1496481263
Zurcoin,ZUR,552,0.000371309,0.00000015,64.0726,29340.0,79017435.0,79017435.0,0.18,2.66,42.06,1496481271
Dreamcoin,DRM,553,0.0120275,0.00000503,,29311.0,2436996.0,2436996.0,,,12.66,1496330352
Hexx,HXX,554,0.0216259,0.00000874,77.4501,29292.0,1354502.0,1354502.0,0.17,-6.79,-25.08,1496481263
NeuCoin,NEU,555,0.0000145501,0.000000006,0.796652,28966.0,1990764588.0,2014638413.0,2.73,2.69,,1496481266
BumbaCoin,BUMBA,556,0.00131196,0.00000053,6.14668,28794.0,21947520.0,21947520.0,0.18,8.8,-10.74,1496481270
ParallelCoin,DUO,557,0.0972753,0.00003930,289.015,27966.0,287489.0,287489.0,-0.35,29.37,32.89,1496481265
Unrealcoin,URC,558,0.00396062,0.00000160,4.47107,27821.0,7024402.0,7024402.0,0.15,3.94,18.67,1496481262
PX,PX,559,0.000346566,0.00000014,11.0192,26644.0,76879572.0,76879572.0,0.23,-41.04,-9.24,1496480974
SoonCoin,SOON,560,0.00212884,0.00000086,5.481,26531.0,12462620.0,12462620.0,0.15,20.51,15.99,1496481260
Bitcoin 21,XBTC21,561,0.0323286,0.00001306,0.000693109,25640.0,793108.0,7093108.0,0.18,,82.51,1496481271
Firecoin,FIRE,562,0.257564,0.00010405,0.772569,25347.0,98412.0,98412.0,0.18,77.77,6.76,1496481253
BipCoin,BIP,563,0.0187182,0.00000756,155.007,25155.0,1343889.0,1343889.0,0.23,45.9,5.02,1496480979
Ride My Car,RIDE,564,0.000247864,0.00000010,92.8647,25059.0,101099620.0,101099620.0,-0.08,21.85,8.37,1496480984
CryptoEscudo,CESC,565,0.000173277,0.00000007,107.795,24970.0,144105100.0,594105100.0,0.15,-2.57,23.17,1496481250
PIECoin,PIE,566,0.000345453,0.00000014,275.265,24897.0,72071436.0,72071436.0,0.54,-5.17,8.49,1496480985
GanjaCoin,420G,567,0.0362053,0.00001463,0.000152207,24365.0,672975.0,1741116.0,3.24,1824.71,88.26,1496481257
Cannation,CNNC,568,0.00990189,0.00000400,62.8843,24309.0,2454993.0,2454993.0,0.23,0.87,2.64,1496480990
Photon,PHO,569,0.0000013472,0.0000000005,31.6848,24048.0,17850485395.0,17850485395.0,-0.63,-30.35,77.93,1496481247
ARbit,ARB,570,0.00357811,0.00000149,,23174.0,6476565.0,6476565.0,,,7.21,1496362165
AntiBitcoin,ANTI,571,0.00131196,0.00000053,212.333,22914.0,17465159.0,17465159.0,0.18,,18.64,1496481266
Luna Coin,LUNA,572,0.0182093,0.00000736,306.127,22350.0,1227386.0,1227386.0,1.14,20.63,46.04,1496480982
BiosCrypto,BIOS,573,0.0010627,0.00000043,,22037.0,20737003.0,20737003.0,,2.16,59.33,1496452465
Theresa May Coin,MAY,574,0.00143577,0.00000058,15.1712,21967.0,15299950.0,15299950.0,0.23,-7.21,,1496480991
X-Coin,XCO,575,0.00170802,0.00000069,3.79131,21154.0,12384976.0,12384976.0,0.18,-16.26,-0.06,1496481260
Prototanium,PR,576,0.105179,0.00004249,46.709,20453.0,194462.0,194462.0,0.18,34.29,32.29,1496481267
Halcyon,HAL,577,0.00438144,0.00000177,13.9754,20386.0,4652703.0,4652703.0,0.18,19.63,23.11,1496481255
MindCoin,MND,578,0.001609,0.00000065,7.06697,20188.0,12546625.0,12546625.0,0.18,-0.42,14.32,1496481267
Flaxscript,FLAX,579,0.00366358,0.00000148,19.222,20139.0,5497001.0,5497001.0,0.17,0.6,18.8,1496481264
Sprouts,SPRTS,580,0.0000001109,0.00000000004,72.4662,19485.0,175695936437,175695936437,3.88,42.3,253.47,1496481263
Destiny,DES,581,0.0120056,0.00000485,207.823,19209.0,1600000.0,1600000.0,0.18,-15.37,23.12,1496481269
IslaCoin,ISL,582,0.0126256,0.00000510,306.769,19111.0,1513704.0,1513704.0,0.18,0.87,-16.42,1496481265
BTCDragon,DRAGON,583,0.0466138,0.00001883,186.455,18839.0,404146.0,1000000.0,4.1,-50.12,-36.6,1496480984
Kittehcoin,MEOW,584,0.0000007842,0.0000000003,2.94611,18748.0,23905669976.0,23905669976.0,-0.54,-27.23,88.11,1496481245
Magnum,MGM,585,0.00516496,0.00000225,,18736.0,3627570.0,253627570.0,,,90.36,1496272491
Alexium,AUM,586,0.000912034,0.00000037,,18512.0,20297336.0,20297336.0,,2.21,22.6,1496454265
Vector,VEC2,587,0.00113868,0.00000046,3.72814,18043.0,15845909.0,15845909.0,1.28,7.31,-41.61,1496481265
SecretCoin,SCRT,588,0.00424808,0.00000177,,17964.0,4228672.0,4228672.0,,-0.46,27.28,1496414965
SongCoin,SONG,589,0.000538984,0.00000022,34.8153,17552.0,32565300.0,32565300.0,0.09,-8.37,25.69,1496481261
GPU Coin,GPU,590,0.000430326,0.00000017,442.495,17418.0,40477042.0,51530001.0,10.97,33.78,95.86,1496481272
DAPPSTER,DLISK,591,0.000173277,0.00000007,3.42084,17328.0,100000000.0,100000000.0,0.18,-10.17,-13.82,1496481274
GameBet Coin,GBT,592,0.000813435,0.00000033,,17296.0,21262780.0,22262780.0,,2.21,15.59,1496454270
VapersCoin,VPRC,593,0.0000218832,0.000000009,89.698,17072.0,780124964.0,1635124964.0,0.21,53.74,28.24,1496481275
PLNcoin,PLNC,594,0.000990156,0.00000040,1.58425,16921.0,17089600.0,19089600.0,0.18,-10.74,-3.44,1496481249
Sling,SLING,595,0.0155454,0.00000628,11.2083,16697.0,1074095.0,1074095.0,0.23,2.81,29.95,1496481262
Steps,STEPS,596,0.00089215,0.00000037,,16616.0,18625017.0,18625017.0,,-0.02,19.93,1496434766
VIP Tokens,VIP,597,0.000198031,0.00000008,20.7935,16526.0,83450403.0,83450403.0,0.18,-10.9,-10.46,1496481269
Litecred,LTCR,598,0.000545307,0.00000022,87.6029,16483.0,30227750.0,30227750.0,0.11,-13.21,19.44,1496481268
AnarchistsPrime,ACP,599,0.00371308,0.00000150,112.729,16319.0,4394874.0,4394874.0,5.82,8.24,21.77,1496481263
Impact,IMX,600,0.000148528,0.00000006,4.95094,16236.0,109314611.0,109314611.0,0.23,-12.01,-7.62,1496480987
Orlycoin,ORLY,601,0.000431634,0.00000018,,15818.0,36646779.0,36646779.0,,-0.57,26.28,1496410470
Blackstar,BSTAR,602,0.0000247547,0.00000001,109.689,15615.0,630795971.0,630795971.0,0.21,2.63,23.17,1496480982
TajCoin,TAJ,603,0.00268793,0.00000109,48.611,15523.0,5775218.0,5775218.0,0.78,41.15,74.22,1496481275
Hirocoin,HIRO,604,0.0000495078,0.00000002,4.95078,15426.0,311583485.0,311583485.0,0.18,105.26,146.24,1496481248
BowsCoin,BSC,605,0.00277244,0.00000112,16.6346,15387.0,5550102.0,5550102.0,0.18,2.64,94.21,1496481263
FuzzBalls,FUZZ,606,0.0031685,0.00000128,282.231,15304.0,4829945.0,4829945.0,-1.55,6.25,26.17,1496481271
OsmiumCoin,OS76,607,0.0166594,0.00000673,2.11138,14894.0,894026.0,894026.0,0.15,11.96,41.64,1496481267
Shilling,SH,608,0.00454897,0.00000184,226.277,14698.0,3231100.0,3231100.0,-3.77,87.32,74.13,1496480976
GuccioneCoin,GCC,609,0.000717863,0.00000029,0.362471,14562.0,20285537.0,23775537.0,0.18,2.64,2.01,1496481264
Metal Music Coin,MTLMC3,610,0.000172342,0.00000007,31.6751,13739.0,79719140.0,79719140.0,0.17,16.71,65.88,1496481264
BlazeCoin,BLZ,611,0.0000223630,0.000000009,7.49622,13609.0,608557394.0,608557394.0,-3.72,-0.34,48.17,1496481253
BitTokens,BXT,612,0.0259916,0.00001050,33.3641,13518.0,520101.0,520101.0,0.18,2.66,202.04,1496481276
JobsCoin,JOBS,613,0.000123774,0.00000005,65.456,13122.0,106019270.0,200019300.0,0.23,2.65,53.96,1496480978
LetItRide,LIR,614,0.000371309,0.00000015,30.6116,13097.0,35272090.0,35272090.0,0.18,3.87,67.96,1496481273
Crypto,CTO,615,0.00131196,0.00000053,40.3668,13033.0,9933732.0,9933732.0,0.18,-7.78,-27.42,1496481262
MustangCoin,MST,616,0.0200526,0.00000810,,12608.0,628736.0,628736.0,,-14.13,-46.21,1496450376
TAGRcoin,TAGR,617,0.000321801,0.00000013,1.2569,12444.0,38669634.0,38669634.0,0.18,2.66,-5.85,1496481263
Comet,CMT,618,0.0133574,0.00000540,4.9748,11659.0,872830.0,872830.0,0.18,7.11,33.19,1496481273
WARP,WARP,619,0.0105936,0.00000443,,11602.0,1095224.0,1095224.0,,-0.84,25.15,1496415568
Money,$$$,620,0.000241444,0.00000010,31.9435,11079.0,45887218.0,45887218.0,0.18,-14.87,-0.93,1496481266
Iconic,ICON,621,0.0178234,0.00000720,0.49757,10567.0,592894.0,592894.0,0.23,,4.95,1496480983
Solaris,XLR,622,0.0617458,0.00002494,114.928,10551.0,170883.0,270883.0,0.33,-14.69,-28.06,1496480987
Cabbage,CAB,623,0.000990156,0.00000040,238.455,10397.0,10499996.0,10499996.0,0.18,-12.87,16.41,1496481270
DPAY,DPAY,624,0.000123774,0.00000005,27.648,9845.0,79541001.0,79541001.0,0.21,28.31,53.96,1496480978
Zonecoin,ZNE,625,0.0038121,0.00000154,59.5284,9843.0,2581970.0,2581970.0,0.18,3.33,44.79,1496481275
Cashcoin,CASH,626,0.000272293,0.00000011,1.9138,9757.0,35831128.0,35831128.0,0.15,,23.12,1496481258
G3N,G3N,627,0.00127629,0.00000052,,9651.0,7561891.0,7561891.0,,1.79,17.55,1496469262
Scorecoin,SCORE,628,0.000577861,0.00000023,26.9134,9623.0,16652760.0,16652760.0,-9.72,-32.05,-26.23,1496480987
Xonecoin,XOC,629,0.0228486,0.00000923,3.31421,9596.0,420000.0,420000.0,0.21,2.86,23.44,1496480977
JIO Token,JIO,630,0.00490143,0.00000198,406.085,9353.0,1908128.0,8888888.0,-0.27,44.15,151.1,1496480981
1CRedit,1CR,631,0.105179,0.00004249,9.90156,9278.0,88213.0,88213.0,0.18,,62.59,1496481269
High Voltage,HVCO,632,0.00611441,0.00000256,,9136.0,1494171.0,1694171.0,,,33.38,1496333672
EGO,EGO,633,0.000148528,0.00000006,10.2154,8912.0,60000001.0,60000001.0,0.21,-12.01,5.57,1496480978
Pulse,PULSE,634,0.000602945,0.00000024,8.44239,8621.0,14298972.0,14298972.0,2.04,239.87,25.39,1496481270
iBank,IBANK,635,0.00188531,0.00000079,,8534.0,4526324.0,4526324.0,,,17.26,1496357683
B3Coin,B3,636,0.0273045,0.00001103,27.3641,8397.0,307535.0,307535.0,-43.32,-63.11,-3.14,1496480976
Abncoin,ABN,637,0.123774,0.00005000,3.09434,8380.0,67700.0,4734367.0,0.23,-22.78,68.81,1496480983
Qibuck Asset,QBK,638,0.00559366,0.00000226,2.23746,8145.0,1456187.0,2000000.0,4.1,59.6,50.88,1496480991
Speedcash,SCS,639,0.0311167,0.00001257,303.803,8125.0,261101.0,476188.0,0.23,-37.36,-10.71,1496480989
Coinonat,CXT,640,0.00336765,0.00000136,434.714,7265.0,2157302.0,8157302.0,0.61,28.12,31.61,1496480988
Hommalicoin,HMC,641,2.9664,0.00119836,178.563,7175.0,2419.0,1000000000.0,0.7,,-24.36,1496481273
PosEx,PEX,642,0.00287145,0.00000116,9.28902,7044.0,2453240.0,2453240.0,0.18,1.77,2.01,1496481270
Dix Asset,DIX,643,0.0000000684,0.00000000003,,6844.0,100000000000,100000000000,,0.06,7.73,1496417087
Future Digital Currency,FDC,644,0.00252498,0.00000102,54.4604,6526.0,2584401.0,1002584401.0,-20.12,-2.63,13.52,1496480981
Printerium,PRX,645,0.000664011,0.00000027,284.83,6026.0,9074428.0,9074428.0,0.21,-2.69,15.55,1496480983
SydPak,SDP,646,0.0347792,0.00001405,0.856856,5514.0,158539.0,158539.0,0.16,-14.0,25.44,1496481268
ImpulseCoin,IMPS,647,0.000272302,0.00000011,1.60698,5513.0,20245510.0,20245510.0,0.23,-24.72,23.17,1496480978
Concoin,CONX,648,0.00777298,0.00000314,40.3711,5347.0,687849.0,1538849.0,30.04,-8.03,92.46,1496480988
BioBar,BIOB,649,0.00522324,0.00000211,141.274,4627.0,885756.0,985756.0,-19.36,4.42,16.02,1496480986
Save and Gain,SANDG,650,0.00141989,0.00000064,,4352.0,3064800.0,3064800.0,,,7.0,1496226272
GeertCoin,GEERT,651,0.000792977,0.00000032,18.9977,4036.0,5090239.0,5090239.0,0.25,-3.35,-8.55,1496480985
Antilitecoin,ALTC,652,0.000123769,0.00000005,2.00846,3900.0,31512613.0,31512613.0,0.18,-26.68,-23.05,1496481269
Revenu,REV,653,0.00321801,0.00000130,36.9615,3847.0,1195525.0,1195525.0,0.15,15.03,,1496481271
NodeCoin,NODC,654,0.00221639,0.00000097,,3720.0,1678439.0,5878439.0,,,14.87,1496270080
Elysium,ELS,655,0.000767396,0.00000031,68.9544,3073.0,4005012.0,4005012.0,0.21,-61.32,-24.14,1496480984
Selfiecoin,SLFI,656,0.0000247539,0.00000001,1.98031,2669.0,107829281.0,107829281.0,0.18,2.64,23.12,1496481261
Californium,CF,657,0.0202982,0.00000820,18.2515,2255.0,111110.0,111110.0,0.17,4.43,0.93,1496481262
Doubloon,BOAT,658,0.000494975,0.00000020,124.35,1756.0,3547845.0,18547845.0,0.26,-6.25,-27.02,1496480984
P7Coin,P7C,659,0.0000495078,0.00000002,0.346134,1744.0,35220238.0,35220238.0,0.17,-31.57,23.12,1496481261
Enigma,XNG,660,0.0975551,0.00003941,10.4717,1622.0,16627.0,66627.0,0.18,21.84,24.89,1496481271
Dollar Online,DOLLAR,661,0.0155955,0.00000630,310.313,1378.0,88379.0,10088379.0,0.23,5.76,85.17,1496480980
Powercoin,PWR,662,0.0000247539,0.00000001,75.4809,1237.0,49983870.0,49983870.0,0.18,2.64,23.12,1496481273
Impeachcoin,IMPCH,663,0.00326762,0.00000132,4.49793,1007.0,308179.0,2501512.0,0.21,-12.01,72.72,1496480984
23 Skidoo,CHAO,664,3985.45,1.61003,101.912,1007.0,0.0,0.0,0.18,9.44,-20.94,1496481264
Digital Credits,DGCS,665,0.000148523,0.00000006,74.8482,865.0,5826388.0,201284316.0,0.17,53.97,23.12,1496481267
SwapToken,TOKEN,666,0.0000227843,0.000000009,9.88846,800.0,35110531.0,35110531.0,-2.59,127.41,4617.23,1496481274
Zcashshare,ZHS,667,0.000216504,0.00000009,,612.0,2826000.0,2826000.0,,-0.25,7.72,1496411380
CRTCoin,CRT,668,0.00495078,0.00000200,0.0000000248,392.0,79270.0,10079270.0,0.18,2.63,23.12,1496481250
PizzaCoin,PIZZA,669,0.000272302,0.00000011,153.467,375.0,1377917.0,10127917.0,22.51,-0.35,125.81,1496480974
Xenixcoin,XEN,670,0.0272285,0.00001100,,275.0,10100.0,10010100.0,,2.64,25.14,1496460285
CaliphCoin,CALC,671,0.00120941,0.00000049,22.9415,105.0,87140.0,148587140.0,0.21,8.77,-12.01,1496480978
MikeTheMug,MUG,672,0.0000051456,0.000000002,,5.0,999279.0,1000000.0,,,-99.23,1496047185
BTCGold,XBG,673,0.140013,0.00005656,1.00739,,,99000001.0,0.23,2.65,-34.73,1496480990
Soarcoin,SOAR,674,0.0188136,0.00000760,307.791,,,5000000000.0,0.23,-3.11,15.05,1496480986
Project-X,NANOX,675,460190.0,185.9,1196.27,,,1.0,0.23,52.63,,1496480992
Internet of Things,XOT,676,19684.1,7.95164,1569.72,,,21000000.0,28.74,1522.35,1970.85,1496480988
AMIS,AMIS,677,277.548,0.115061,,,,,,0.17,,1496391890
Bitcoin Unlimited (Futures),BTU,678,147.633,0.0596384,908.653,,,,-0.06,9.79,0.95,1496480986
Malcoin,MALC,679,32.2649,0.0130339,42363.6,,,1000000000.0,0.23,2.65,23.29,1496480989
GoldUnionCoin,GUC,680,22.2792,0.009,726.535,,,210000000.0,0.21,1.77,27.42,1496480990
Qtum (Pre-Launch),QTUM,681,12.548,0.00506892,47536700.0,,,100000000.0,-3.85,23.3,254.6,1496480992
ZenCash,ZEN,682,8.21876,0.00332008,20392.4,,,1396163.0,15.56,-7.26,,1496480992
Fargocoin,FRGC,683,7.15399,0.00288995,1026500.0,,,443989858.0,0.03,5.63,8.39,1496480982
Internet of People,IOP,684,3.96046,0.00159988,3736.75,,,2139406.0,1.93,11.87,86.99,1496480980
EcoCoin,ECO,685,3.24615,0.00131132,32377.7,,,1093895.0,-6.16,-15.69,14.68,1496480991
DECENT (Pre-Launch),DCT,686,2.9555,0.00119391,3148.56,,,73290000.0,0.23,3.47,-12.29,1496480982
PRIZM,PZM,687,1.10624,0.00044688,33055.9,,,,0.19,2.83,28.86,1496480991
Bitcore,BTX,688,1.06745,0.00043121,9060.07,,,16362228.0,0.23,0.35,-21.31,1496480990
OBITS.WARRANT,WARRANT,689,1.04922,0.00042689,,,,,,4.75,,1496473492
DynamicCoin,DMC,690,0.995602,0.00040219,223122.0,,,10541442931.0,0.02,-0.3,-0.32,1496480978
Databits,DTB,691,0.856339,0.00034593,150086.0,,,,0.37,5.97,33.64,1496480986
Aeternity (Pre-Launch),AE,692,0.839185,0.000339,1749.81,,,,0.23,2.35,,1496480992
XDE II,XDE2,693,0.834079,0.00033694,256.649,,,42249.0,0.23,43.59,75.38,1496480987
TechShares,THS,694,0.790805,0.00031946,64.2496,,,646359158.0,24.69,32.63,50.12,1496480974
GAY Money,GAY,695,0.615155,0.0002485,181.537,,,5603069120.0,-3.09,78.37,79.05,1496480977
TeslaCoilCoin,TESLA,696,0.569043,0.00022988,135.48,,,100000000.0,0.15,111.87,176.78,1496481274
Bitgem,BTG,697,0.558448,0.0002256,26.1354,,,,0.18,-29.88,-28.59,1496481241
LEOcoin,LEO,698,0.541653,0.00021881,287883.0,,,92936977.0,0.81,11.85,32.27,1496481264
InvisibleCoin,IVZ,699,0.438144,0.000177,125.356,,,,0.17,13.64,446.57,1496481266
WA Space,WA,700,0.375999,0.00015189,36277.2,,,,0.21,1.73,17.03,1496480980
ZenGold,ZENGOLD,701,0.353343,0.00014274,4074.29,,,,63.76,11.26,,1496480991
ClubCoin,CLUB,702,0.290335,0.00011729,21108.5,,,90899180.0,-0.29,6.16,10.51,1496481267
Yogold,YOG,703,0.272475,0.00011007,21.7974,,,100000000.0,0.23,2.65,31.93,1496480986
TROPTIONS,TROPTIONS,704,0.248173,0.00010598,,,,1000000001.0,,,,1496287780
Zilbercoin,ZBC,705,0.230947,0.00009329,93018.5,,,9009432.0,2.59,1.16,-16.16,1496480984
Tattoocoin (Limited Edition),TLE,706,0.216184,0.00008733,1803.97,,,975532.0,0.23,65.63,317.74,1496480989
LandCoin,LDCN,707,0.195652,0.00007904,36313.1,,,19003881978.0,5.7,101.93,419.13,1496480982
AlpaCoin,APC,708,0.172535,0.00006970,2386.91,,,,-0.2,8.05,18.31,1496481268
Pabyosi Coin (Special),PCS,709,0.170137,0.00006873,2684.32,,,30993751760.0,0.19,-0.22,36.65,1496480980
Golos Gold,GBG,710,0.163579,0.00006608,5214.47,,,,1.82,3.1,17.51,1496480984
Topaz Coin,TOPAZ,711,0.139419,0.00005632,25563.9,,,38352.0,-53.61,249.7,0.53,1496480990
EquiTrader,EQT,712,0.1312,0.00005300,112928.0,,,7673720.0,0.23,2.65,30.56,1496480991
Wowecoin,WEC,713,0.104,0.00004201,11334.2,,,8901692.0,0.24,-0.0,-1.12,1496481275
DeusCoin,DEUS,714,0.0890922,0.00003599,9793.81,,,,8.01,2.01,-3.71,1496480988
Omicron,OMC,715,0.0763683,0.00003085,0.247547,,,10134137.0,0.21,5.56,23.13,1496480977
WavesGo,WGO,716,0.0721772,0.00002916,1098.23,,,10000000.0,8.37,6.84,202.19,1496480989
InsaneCoin,INSN,717,0.0642284,0.00002595,2685.4,,,18528366.0,-17.47,-10.52,168.38,1496480991
Fazzcoin,FAZZ,718,0.0518862,0.00002096,761.503,,,1022577370.0,4.46,-7.48,-20.57,1496480989
Elacoin,ELC,719,0.0492355,0.00001989,45.759,,,,0.16,54.64,78.74,1496481257
Quartz,QRZ,720,0.0485688,0.00001962,2513.84,,,21000000.0,-60.51,-66.03,,1496480991
CryptoBuck,BUK,721,0.0390367,0.00001577,32.3767,,,,3.88,25.24,78.11,1496481257
International Diamond,XID,722,0.038234,0.00001588,,,,,,,,1496373575
DeltaCredits,DCRE,723,0.0293185,0.00001217,,,,,,-0.11,13.04,1496419764
President Johnson,GARY,724,0.0292096,0.00001180,224.861,,,57968072167.0,0.18,2.5,94.22,1496481275
IvugeoCoin,IEC,725,0.0246301,0.00000995,5.4435,,,,0.15,2.64,29.38,1496481263
RHFCoin,RHFC,726,0.0228486,0.00000923,10151.8,,,200157280.0,-4.38,-14.75,-7.81,1496480988
EDRCoin,EDRC,727,0.0224484,0.00000907,13260.0,,,3407292.0,0.1,-1.11,-12.79,1496481270
ShellPay,SHELL,728,0.0205503,0.00000830,12136.3,,,,0.72,-0.56,10.83,1496481263
Lepaoquan,HLB,729,0.0192145,0.00000776,770518.0,,,935398856.0,1.14,0.15,30.06,1496480981
Gycoin,GYC,730,0.0189206,0.00000764,5283.25,,,22213403.0,0.0,14.52,4.19,1496481275
Avoncoin,ACN,731,0.0174521,0.00000705,2980.33,,,,-8.27,-11.6,-17.12,1496480984
KolschCoin,TP1,732,0.0147961,0.00000620,,,,,,,56.91,1496357661
Digitalfund,DTF,733,0.0139449,0.00000563,12120.3,,,54000053.0,-0.0,-2.33,-21.5,1496480975
Mind Gene,MG,734,0.0123774,0.00000500,5700.52,,,,0.23,-0.26,-0.12,1496480977
Sharkcoin,SAK,735,0.0111457,0.00000450,3113.96,,,,4.81,18.96,80.32,1496481261
Dashs,DASHS,736,0.00930777,0.00000376,12.6763,,,,-0.56,131.12,51.91,1496480989
9COIN,9COIN,737,0.00908498,0.00000367,872.268,,,350050250.0,-0.04,37.99,33.27,1496480990
Tyrocoin,TYC,738,0.0080752,0.00000330,,,,50134500.0,,1.47,153.71,1496468088
Opal,OPAL,739,0.00728328,0.00000294,2315.8,,,,-24.57,6.07,38.47,1496481256
Goldpay Coin,GP,740,0.00701059,0.00000283,27750.5,,,,4.56,3.32,13.38,1496480991
Xaucoin,XAU,741,0.00594094,0.00000240,45.9977,,,,0.17,2.43,13.21,1496481261
Psilocybin,PSY,742,0.00588907,0.00000240,,,,,,1.75,10.53,1496468970
EggCoin,EGG,743,0.00562322,0.00000237,,,,,,,18.01,1496295864
First Bitcoin,BIT,744,0.00540578,0.00000218,384.631,,,20706894590.0,0.23,-18.97,-40.29,1496480973
PiCoin,PI,745,0.00514898,0.00000208,27.2302,,,1378369.0,-5.66,-64.41,-26.37,1496480990
Slimcoin,SLM,746,0.00507455,0.00000205,128.72,,,13925626.0,0.15,-22.07,,1496481261
Helleniccoin,HNC,747,0.00500029,0.00000202,602.432,,,,0.17,-20.25,64.49,1496481264
Axiom,AXIOM,748,0.00490127,0.00000198,2.3036,,,,0.18,2.64,22.5,1496481264
GoldReserve,XGR,749,0.00450521,0.00000182,1152.3,,,17162596.0,-1.58,3.46,24.31,1496481253
netBit,NBIT,750,0.00418355,0.00000169,4.18355,,,,0.23,-1.43,50.84,1496480979
BagCoin,BGC,751,0.0041174,0.00000166,76433.5,,,497214120.0,0.0,-1.12,-1.66,1496481275
GBCGoldCoin,GBC,752,0.00395544,0.00000160,39.7063,,,,-27.52,-29.69,-44.05,1496481266
Bitcoin Scrypt,BTCS,753,0.00356456,0.00000144,12.4958,,,,0.18,-8.57,0.41,1496481248
President Trump,PRES,754,0.00338724,0.00000137,392.47,,,57968072167.0,0.21,22.34,44.01,1496480976
AvatarCoin,AV,755,0.00314375,0.00000127,3.24214,,,,0.18,,-1.66,1496481268
RoyalCoin 2,RYCN,756,0.00292454,0.00000118,2076.84,,,2500124.0,0.23,,,1496480978
ZSEcoin,ZSE,757,0.00291115,0.00000118,53.6668,,,6384350.0,0.19,7.27,-47.86,1496480987
Quotient,XQN,758,0.00272293,0.00000110,22.8586,,,,0.15,-34.16,,1496481260
OCOW,OCOW,759,0.00227517,0.00000099,,,,,,,14.3,1496142268
TrickyCoin,TRICK,760,0.00225648,0.00000092,,,,,,1.7,-7.25,1496472262
Neptune Classic,NTCC,761,0.00225268,0.00000091,800.942,,,,0.23,1.58,106.7,1496480984
GameLeagueCoin,GML,762,0.0022031,0.00000089,0.550774,,,,0.18,,6.38,1496481253
BitcoinFast,BCF,763,0.00213133,0.00000086,1.82024,,,,-2.84,-13.28,-13.88,1496481258
SportsCoin,SPORT,764,0.00210415,0.00000085,3515.26,,,19800001.0,27.9,142.37,217.25,1496480977
RichCoin,RICHX,765,0.00210122,0.00000093,,,,5925522.0,,,12.37,1496167172
Condensate,RAIN,766,0.0020938,0.00000085,1519.11,,,42978123.0,1.02,13.82,37.22,1496480990
Advanced Internet Blocks,AIB,767,0.00196771,0.00000079,649.538,,,31411918277.0,0.23,2.94,33.67,1496481262
Digital Bullion Gold,DBG,768,0.00183179,0.00000074,16.4761,,,24523275.0,0.18,-9.75,51.84,1496481273
MMXVI,MMXVI,769,0.00170802,0.00000069,319.755,,,,0.18,5.84,-25.4,1496481268
Clinton,CLINT,770,0.00168327,0.00000068,32.8386,,,,0.18,-26.24,-22.48,1496481271
Mavro,MAVRO,771,0.00168043,0.00000070,,,,15005722.0,,,-15.54,1496349588
TodayCoin,TODAY,772,0.00136146,0.00000055,14.3988,,,,0.18,9.62,65.23,1496481275
UR,UR,773,0.00123774,0.00000050,186.059,,,,11.37,-17.87,11.9,1496480985
CBD Crystals,CBD,774,0.00122821,0.00000050,15.4024,,,,0.23,48.26,3.26,1496480979
Bitcedi,BXC,775,0.00116343,0.00000047,17.8194,,,,3.69,13.16,,1496481273
BestChain,BEST,776,0.00107939,0.00000044,6.80242,,,20042911.0,0.25,9.88,7.41,1496480987
True Investment Coin,TIC,777,0.00106445,0.00000043,21.9728,,,,0.23,6.79,-0.58,1496480985
Skeincoin,SKC,778,0.00106442,0.00000043,3.35924,,,,0.18,2.65,25.89,1496481247
Alphabet Coin Fund,FUN,779,0.000965402,0.00000039,0.965402,,,20742012.0,0.18,122.39,42.9,1496481272
RoyalCoin,ROYAL,780,0.000953185,0.00000039,41.1596,,,2500124.0,0.23,-20.77,30.96,1496480978
The Aladin,ADT,781,0.000892522,0.00000032,,,,,,,,1495722585
Donationcoin,DON,782,0.00089114,0.00000036,6892.59,,,,0.18,8.95,,1496481252
Braincoin,BRAIN,783,0.000842028,0.00000035,,,,,,-0.24,44.41,1496420372
Dubstep,DUB,784,0.000817313,0.00000034,,,,,,-0.32,19.56,1496411064
IrishCoin,IRL,785,0.000816879,0.00000033,236.912,,,,-2.77,3.69,,1496481263
KashhCoin,KASHH,786,0.000791048,0.00000032,1979.16,,,,5.09,7.93,231.11,1496480984
Motocoin,MOTO,787,0.000770285,0.00000031,21.7059,,,,2.94,-38.38,13.22,1496481251
FrankyWillCoin,FRWC,788,0.000745197,0.00000031,,,,,,-0.32,15.82,1496411075
Lazaruscoin,LAZ,789,0.000745197,0.00000031,,,,,,-0.34,61.21,1496411078
WeAreSatoshi,WSX,790,0.000742617,0.00000030,10.9553,,,,0.15,-3.77,7.98,1496481256
Opescoin,OPES,791,0.000674759,0.00000028,,,,,,-0.07,19.86,1496432667
Quebecoin,QBC,792,0.000668355,0.00000027,12.8297,,,,0.15,8.33,18.72,1496481250
RubleBit,RUBIT,793,0.000668355,0.00000027,42.7647,,,,0.18,-27.07,-2.23,1496481267
Cubits,QBT,794,0.000643623,0.00000026,3.11959,,,,0.23,34.33,60.5,1496480978
T-coin,TCOIN,795,0.000519849,0.00000021,3229.67,,,,7.37,19.74,37.98,1496480982
Vsync,XVS,796,0.000518721,0.00000021,144.28,,,103334172.0,0.01,-18.97,-25.66,1496480988
MarxCoin,MARX,797,0.000517909,0.00000021,140.261,,,29332120.0,0.21,10.19,6.79,1496480985
BitAlphaCoin,BAC,798,0.000513208,0.00000021,31.4665,,,,0.19,9.75,-12.47,1496481268
President Sanders,BURN,799,0.000396075,0.00000016,274.998,,,57968072167.0,0.23,64.24,31.38,1496480982
GoldMaxCoin,GMX,800,0.000392704,0.00000016,,,,84078950.0,,1.77,22.91,1496469270
UGAIN,GAIN,801,0.000371309,0.00000015,18.1477,,,,0.18,2.64,117.4,1496481275
PrismChain,PRM,802,0.000371309,0.00000015,72.0928,,,,0.18,9.98,-74.7,1496481272
Gambleo,GMB,803,0.000346566,0.00000014,0.330946,,,,0.23,2.65,32.64,1496480986
Sakuracoin,SKR,804,0.000346089,0.00000014,120.892,,,,0.24,5.01,47.5,1496480978
BlazerCoin,BLAZR,805,0.000321811,0.00000013,15.013,,,,0.23,-33.28,14.37,1496480988
The Vegan Initiative,XVE,806,0.000297057,0.00000012,137.514,,,,0.23,30.71,47.8,1496480988
VGINA,VGINA,807,0.000296716,0.00000012,0.00296716,,,11603228.0,0.29,,-58.82,1496480989
Operand,OP,808,0.000290011,0.00000012,,,,36309296.0,,0.21,10.95,1496423371
Happy Creator Coin,HCC,809,0.000283341,0.00000011,9.18734,,,,2.94,-2.07,35.91,1496481273
DarkLisk,DISK,810,0.000272293,0.00000011,294.111,,,17888425.0,0.18,-29.43,-3.26,1496481271
Cycling Coin,CYC,811,0.000272293,0.00000011,5.30555,,,,0.18,-5.91,23.12,1496481263
Grumfork,GMF,812,0.000247547,0.00000010,7.42641,,,,0.23,2.65,,1496480989
MobileCash,MBL,813,0.000222792,0.00000009,1.3749,,,1068669648.0,0.21,1.7,58.36,1496480978
AsicCoin,ASC,814,0.00020908,0.00000008,21.0202,,,,-0.25,8.95,46.36,1496481244
TeraCoin,TERA,815,0.000198038,0.00000008,8947.39,,,,-2.22,-7.95,-6.03,1496480985
TheCreed,TCR,816,0.000198031,0.00000008,1053.17,,,,167.15,105.29,96.99,1496481271
Moneta,MONETA,817,0.000198031,0.00000008,160.458,,,,0.18,2.64,23.12,1496481266
LAthaan,LTH,818,0.000123774,0.00000005,168.188,,,,0.23,-26.68,-12.55,1496480978
Halloween Coin,HALLO,819,0.0000990334,0.00000004,349.251,,,264606216.0,0.24,-16.67,-3.63,1496480991
TeamUp,TEAM,820,0.0000990189,0.00000004,0.260024,,,301004896.0,0.23,2.65,64.23,1496480978
PayPeer,PAYP,821,0.0000990156,0.00000004,100.99,,,,0.18,89.43,146.24,1496481270
Wowcoin,WOW,822,0.0000964807,0.00000004,,,,,,0.02,140.02,1496426381
FireFlyCoin,FFC,823,0.0000742617,0.00000003,3.78759,,,,0.15,2.64,269.35,1496481258
LinkedCoin,LKC,824,0.0000742617,0.00000003,15.6193,,,,0.18,-23.02,-7.66,1496481274
LePen,LEPEN,825,0.0000595032,0.00000002,39.1353,,,,0.23,37.46,170.01,1496480984
PokeCoin,POKE,826,0.0000495078,0.00000002,6.16127,,,,0.18,2.64,-17.92,1496481275
UNCoin,UNC,827,0.0000495078,0.00000002,1049.43,,,,27.84,54.94,112.09,1496481261
VegasCoin,VGC,828,0.0000495078,0.00000002,2.47539,,,,0.18,,146.34,1496481250
X2,X2,829,0.0000495078,0.00000002,8.02955,,,,0.18,105.29,146.24,1496481267
Cashme,CME,830,0.0000491969,0.00000002,,,,,,2.02,22.34,1496446166
PinkDog,PDG,831,0.0000490794,0.00000002,,,,,,1.76,137.7,1496464184
Tellurion,TELL,832,0.0000488758,0.00000002,,,,,,1.34,143.19,1496466875
InflationCoin,IFLT,833,0.0000468385,0.00000002,446.87,,,3313179365.0,-1.55,-1.58,43.24,1496480982
Aces,ACES,834,0.0000247547,0.00000001,3.71412,,,,0.23,2.65,23.17,1496480974
Global Business Revolution,GBRC,835,0.0000247547,0.00000001,986.717,,,900096049.0,0.21,-48.67,23.17,1496480980
Safe Trade Coin,XSTC,836,0.0000247547,0.00000001,24.7547,,,604880000.0,0.23,2.65,23.17,1496480982
Rcoin,RCN,837,0.0000247547,0.00000001,72.0014,,,,0.23,-20.49,23.17,1496480977
ChoofCoin,CHOOF,838,0.0000247547,0.00000001,7.47595,,,,0.21,2.65,23.17,1496480979
MoneyCoin,MONEY,839,0.0000247547,0.00000001,351.716,,,,0.23,-45.24,-38.42,1496480981
Yescoin,YES,840,0.0000247541,0.000000010,1356.65,,,,0.23,2.69,31.4,1496480983
SuperTurboStake,STRB,841,0.0000247539,0.00000001,0.247539,,,,0.18,2.64,23.12,1496481268
President Clinton,HILL,842,0.0000247539,0.00000001,23.1996,,,57968072167.0,0.18,2.64,23.12,1496481275
CyberCoin,CC,843,0.0000247539,0.00000001,50.1266,,,549267534.0,-33.22,-48.68,23.12,1496481262
SoulCoin,SOUL,844,0.0000247539,0.00000001,3.976,,,,0.18,2.64,23.12,1496481272
FedoraShare,FEDS,845,0.0000234861,0.000000009,4634420.0,,,499001353074,6.67,-2.41,-45.8,1496480976
Virtacoin,VTA,846,0.0000108624,0.000000004,50.0755,,,12423206610.0,16.14,13.58,-0.32,1496481255
Victoriouscoin,VTY,847,0.0000097754,0.000000004,6.09006,,,10263290326.0,4.19,-58.89,40.28,1496480977
Dimecoin,DIME,848,0.0000010315,0.0000000004,361.154,,,527162942416,-86.44,-92.3,-30.67,1496481244
XP,XP,849,0.0000010269,0.0000000004,567.645,,,133635560466,2.45,-73.04,-78.01,1496480975
BatCoin,BAT,850,0.0000007998,0.0000000003,477.395,,,,-0.43,28.99,,1496481247
BitCentavo,NBE,851,0.0000005705,0.0000000002,,,,,,0.69,173.68,1496398156
RabbitCoin,RBBT,852,0.0000004224,0.0000000002,20.7167,,,,0.26,-22.13,76.07,1496481256
StrongHands,SHND,853,0.0000002052,0.00000000008,245.053,,,,2.16,81.32,,1496481269
Paccoin,PAC,854,0.0000000756,0.00000000003,363.694,,,,-1.09,18.7,108.56,1496481266
Bond,BOND,855,,,,,1349.0,1349.0,,,,
bitRUBLE,BITRUBLE,856,,,,,,,,,,
