Name,Symbol,Rank,Price(BTC),Price(USD),24HVolume,MarketCap,%Change_1h,%Change_24h,%Change_7d,LastUpdated
Bitcoin,BTC,1,2473.5,1.0,1333720000.0,40488874857.0,16369062.0,16369062.0,-0.3,2.05,24.95,1496484853
Ethereum,ETH,2,221.186,0.0890585,456675000.0,20386101702.0,92167233.0,92167233.0,-0.69,-1.63,59.19,1496484863
Ripple,XRP,3,0.294426,0.00011855,215930000.0,11371230858.0,38621693933.0,99994661895.0,-1.79,-5.7,46.77,1496484843
NEM,XEM,4,0.222589,0.00008962,11751900.0,2003301000.0,8999999999.0,8999999999.0,-2.06,-1.42,49.23,1496484861
Ethereum Classic,ETC,5,16.3711,0.0065917,80817700.0,1509761407.0,92221134.0,92221134.0,-3.22,-5.29,37.25,1496484873
Litecoin,LTC,6,26.9838,0.0108648,320202000.0,1386792799.0,51393532.0,51393532.0,-2.45,-5.69,24.49,1496484842
Stratis,STRAT,7,10.9903,0.00442515,74992600.0,1081552284.0,98409714.0,98409714.0,-4.57,49.82,370.95,1496484874
Dash,DASH,8,143.592,0.0578162,40211400.0,1053211470.0,7334750.0,7334750.0,-1.38,-0.03,48.63,1496484845
Monero,XMR,9,43.6455,0.0175735,8431170.0,635775627.0,14566808.0,14566808.0,-0.22,-1.62,37.84,1496484851
Waves,WAVES,10,5.85412,0.00235711,8205190.0,585412000.0,100000000.0,100000000.0,-3.65,57.19,201.04,1496484871
Bytecoin,BCN,11,0.00274158,0.00000110,2398360.0,501635601.0,182973176531,182973176531,-0.43,-15.64,24.86,1496484851
DigiByte,DGB,12,0.0480548,0.00001935,114416000.0,389581797.0,8107031908.0,8107031908.0,19.92,85.09,352.02,1496484844
Golem,GNT,13,0.466304,0.00018775,11072800.0,384641113.0,824872000.0,1000000000.0,-1.87,0.5,55.12,1496484879
Stellar Lumens,XLM,14,0.0389187,0.00001567,14226300.0,376144601.0,9664880916.0,102940435314,-3.03,-3.76,33.81,1496484854
Zcash,ZEC,15,232.561,0.0936388,15515300.0,335354416.0,1442006.0,1442006.0,-2.21,-5.59,40.58,1496484878
Dogecoin,DOGE,16,0.00286107,0.00000115,25841300.0,313708297.0,109647193868,109647193868,-1.86,-2.19,47.1,1496484844
Siacoin,SC,17,0.011189,0.00000451,46076800.0,296889533.0,26534054247.0,26534054247.0,4.68,25.55,102.92,1496484866
Steem,STEEM,18,1.23706,0.00049809,7005680.0,289938629.0,234377176.0,251351270.0,2.15,12.65,66.27,1496484870
Gnosis,GNO,19,256.602,0.103329,1675950.0,283440003.0,1104590.0,10000000.0,0.01,3.12,59.18,1496484588
Augur,REP,20,25.0743,0.010096,5361230.0,275817300.0,11000000.0,11000000.0,-0.56,-2.24,39.51,1496484865
BitShares,BTS,21,0.0850705,0.00003425,18712300.0,221373858.0,2602240000.0,2602240000.0,-2.88,1.46,79.27,1496484854
GameCredits,GAME,22,3.30178,0.00132944,3504580.0,208140791.0,63038964.0,63038964.0,-2.96,24.06,70.17,1496484855
MaidSafeCoin,MAID,23,0.401998,0.00016186,2452140.0,181925165.0,452552412.0,452552412.0,-0.22,2.29,25.9,1496484849
Decred,DCR,24,34.3012,0.0138111,5404540.0,172548299.0,5030387.0,5450387.0,4.08,34.21,90.23,1496484867
Basic Attention Token,BAT,25,0.164925,0.00006641,4121770.0,164925000.0,1000000000.0,1500000000.0,-0.98,-1.52,,1496484591
BitConnect,BCC,26,24.6938,0.00994275,2678930.0,159062687.0,6441402.0,6441402.0,0.09,6.92,72.48,1496484881
DigixDAO,DGD,27,77.6398,0.031261,913034.0,155279600.0,2000000.0,2000000.0,-1.85,-4.55,30.48,1496484870
Byteball,GBYTE,28,785.5,0.316275,1034290.0,148682479.0,189284.0,1000000.0,7.1,46.49,206.68,1496484881
Lisk,LSK,29,1.3607,0.00054788,2737110.0,146706796.0,107817150.0,107817150.0,-2.24,4.26,52.68,1496484869
Ardor,ARDR,30,0.133252,0.00005365,2511010.0,133118681.0,998999495.0,998999495.0,-1.0,2.55,62.14,1496484873
Factom,FCT,31,15.0021,0.00604049,3236500.0,131316667.0,8753219.0,8753219.0,-1.35,10.75,50.68,1496484864
SingularDTV,SNGLS,32,0.190996,0.00007690,212361.0,114597600.0,600000000.0,1000000000.0,-4.04,-1.9,46.14,1496484876
Iconomi,ICN,33,1.25077,0.00050361,728843.0,108816990.0,87000000.0,100000000.0,-1.38,3.72,36.46,1496484876
Tether,USDT,34,1.03149,0.00041532,44663700.0,108299941.0,104993690.0,124951468.0,0.4,-1.2,-4.39,1496484859
Komodo,KMD,35,0.94831,0.00038183,1806040.0,95727637.0,100945510.0,100945510.0,-0.52,46.74,121.18,1496484883
Round,ROUND,36,0.11039,0.00004445,395514.0,93831500.0,850000000.0,1000000000.0,0.75,5.79,2.67,1496484880
PIVX,PIVX,37,1.58667,0.00063886,976151.0,84956458.0,53543874.0,53543874.0,0.15,-5.29,73.89,1496484867
SysCoin,SYS,38,0.147416,0.00005936,8340260.0,77421491.0,525190553.0,525190553.0,-3.28,20.9,73.03,1496484855
Aragon,ANT,39,2.22501,0.00089597,902735.0,74771833.0,33605167.0,39609523.0,0.33,5.61,40.86,1496484590
FirstBlood,1ST,40,0.850455,0.00034243,5198290.0,72763544.0,85558371.0,93468691.0,-3.16,6.86,78.97,1496484876
Nxt,NXT,41,0.0678968,0.00002734,4184180.0,67828902.0,998999983.0,998999983.0,-0.58,8.76,59.02,1496484844
iExec RLC,RLC,42,0.862423,0.00034728,1244830.0,67330048.0,78070793.0,86999785.0,-1.73,28.37,102.64,1496484588
AntShares,ANS,43,1.2313,0.00049577,4638680.0,61565000.0,50000000.0,100000000.0,-1.96,-1.26,82.77,1496484876
Ubiq,UBQ,44,1.5599,0.00062808,2451650.0,57879709.0,37104756.0,37104756.0,-10.0,33.96,218.92,1496484855
ReddCoin,RDD,45,0.00169033,0.00000068,2969900.0,48218540.0,28526110514.0,28526110514.0,-1.1,20.85,73.69,1496484845
Wings,WINGS,46,0.532019,0.00021421,1737110.0,47726538.0,89708333.0,100000000.0,-0.17,21.58,137.97,1496484881
BitcoinDark,BTCD,47,34.9434,0.0140697,1987970.0,45037227.0,1288862.0,1288862.0,-1.89,30.67,73.0,1496484853
Ark,ARK,48,0.47216,0.00019013,1142080.0,45011553.0,95331144.0,126581144.0,-1.27,42.58,126.78,1496484585
Peercoin,PPC,49,1.67823,0.00067572,1469200.0,40489474.0,24126296.0,24126296.0,-0.47,4.63,33.92,1496484840
Lykke,LKK,50,0.276705,0.00011141,444422.0,38044855.0,137492474.0,1285690000.0,0.08,3.98,14.36,1496484879
Storjcoin X,SJCX,51,0.689542,0.00027764,383428.0,35286032.0,51173144.0,500000000.0,0.27,15.25,50.54,1496484855
Melon,MLN,52,57.2331,0.0230444,280831.0,34305520.0,599400.0,749400.0,-0.89,6.08,17.49,1496484884
Emercoin,EMC,53,0.839039,0.00033783,774727.0,33697197.0,40161657.0,40161657.0,-3.26,-5.03,41.21,1496484854
Omni,OMNI,54,56.6532,0.0228109,8855790.0,31668615.0,558991.0,615307.0,-4.94,6.18,286.49,1496484844
Xaurum,XAUR,55,0.26952,0.00010852,316758.0,30645583.0,113704300.0,113704300.0,0.4,9.89,36.54,1496484862
Counterparty,XCP,56,11.6311,0.00468316,508647.0,30458806.0,2618738.0,2618738.0,1.8,6.04,46.91,1496484845
Blocknet,BLOCK,57,7.442,0.00299646,204819.0,29102063.0,3910516.0,3910516.0,2.29,17.13,158.52,1496484857
XtraBYtes,XBY,58,0.0429853,0.00001731,871898.0,27940445.0,650000000.0,650000000.0,14.85,33.5,714.02,1496484588
SuperNET,UNITY,59,33.7936,0.0136067,36737.6,27577639.0,816061.0,816061.0,-0.42,117.67,624.69,1496484856
Gulden,NLG,60,0.078179,0.00003148,151789.0,27097251.0,346605245.0,448625400.0,0.64,5.44,29.4,1496484848
Namecoin,NMC,61,1.83538,0.000739,830470.0,27046894.0,14736400.0,14736400.0,-0.76,5.55,44.2,1496484840
WeTrust,TRST,62,0.29249,0.00011778,481082.0,26952222.0,92147500.0,100000000.0,0.08,19.69,64.62,1496484588
Synereo,AMP,63,0.322873,0.00013,758416.0,26558346.0,82256324.0,949291063.0,0.24,15.68,82.65,1496484865
Nexus,NXS,64,0.5116,0.00020599,54962.8,25513432.0,49869883.0,49869883.0,-1.12,1.13,28.45,1496484859
Burst,BURST,65,0.0137976,0.00000556,3741080.0,24570498.0,1780780562.0,1780780562.0,2.33,11.51,103.49,1496484855
Verge,XVG,66,0.00178859,0.00000072,3641730.0,23984048.0,13409472280.0,13409472280.0,-0.11,30.78,132.44,1496484857
Bankcoin,B@,67,5.39424,0.00217216,11994.5,23006865.0,4265080.0,25000000.0,8.89,55.63,119.3,1496484586
NAV Coin,NAV,68,0.37254,0.00015,1655650.0,22849472.0,61334279.0,61334279.0,-0.67,28.38,63.71,1496484851
Edgeless,EDG,69,0.284098,0.0001144,616087.0,22566597.0,79432438.0,132046997.0,1.08,16.33,40.62,1496484585
Matchpool,GUP,70,0.29211,0.00011763,315737.0,21908250.0,75000000.0,98855150.0,-0.61,4.21,60.35,1496484586
Shift,SHIFT,71,2.0046,0.00080714,670211.0,21716878.0,10833522.0,10833522.0,10.74,82.87,317.63,1496484863
YbCoin,YBC,72,7.08594,0.00285309,2564230.0,21401483.0,3020274.0,3020274.0,-0.01,0.16,45.47,1496484844
EarthCoin,EAC,73,0.0022859,0.00000092,4915940.0,21365092.0,9346468332.0,9346468332.0,-2.25,-1.93,54.98,1496484843
Humaniq,HMQ,74,0.166503,0.00006705,989104.0,20702102.0,124334708.0,184190414.0,-0.28,31.56,26.79,1496484589
BitBay,BAY,75,0.0196209,0.00000790,102205.0,19768550.0,1007525140.0,1007525140.0,2.5,6.24,49.05,1496484857
PotCoin,POT,76,0.0866333,0.00003488,664777.0,18795187.0,216951068.0,216951068.0,0.85,4.94,29.7,1496484847
BlackCoin,BLK,77,0.245362,0.00009879,1025370.0,18689370.0,76170595.0,76170595.0,-1.36,1.79,84.57,1496484847
TokenCard,TKN,78,0.773882,0.00031163,469838.0,18297709.0,23644056.0,39406760.0,0.68,-7.82,-2.16,1496484589
BCAP,BCAP,79,1.81776,0.00073198,190311.0,18177600.0,10000000.0,10000000.0,-2.22,7.78,3.12,1496484589
OBITS,OBITS,80,1.21604,0.00048963,315680.0,17935254.0,14748902.0,16443700.0,-4.34,-3.81,107.47,1496484866
Chronobank,TIME,81,25.1528,0.0101276,635330.0,17861326.0,710113.0,710113.0,7.44,29.69,58.49,1496484884
Nexium,NXC,82,0.265822,0.00010703,964104.0,17682901.0,66521586.0,66521586.0,0.97,-0.78,95.72,1496484880
Expanse,EXP,83,2.4362,0.00098091,651962.0,17660780.0,7249315.0,16249315.0,-0.46,3.57,50.8,1496484864
Waves Community Token,WCT,84,3.53201,0.00142213,183396.0,17660050.0,5000000.0,10000000.0,2.12,41.99,103.69,1496484882
TaaS,TAAS,85,2.11362,0.00085112,210127.0,17217550.0,8146001.0,8146001.0,1.47,18.92,76.82,1496484586
LBRY Credits,LBC,86,0.250583,0.0001009,789400.0,17171081.0,68524524.0,466424524.0,0.15,11.51,65.97,1496484873
GridCoin,GRC,87,0.0435937,0.00001755,453173.0,17015177.0,390312753.0,390312753.0,6.41,18.23,86.34,1496484859
Mooncoin,MOON,88,0.0000733768,0.00000003,153375.0,16285890.0,221948760019,221948760019,7.88,65.21,86.01,1496484844
E-Dinar Coin,EDR,89,0.0245431,0.00000988,453676.0,16220167.0,660884998.0,785884998.0,-3.6,-14.63,4.78,1496484874
ZCoin,XZC,90,7.0798,0.00285062,805546.0,15855806.0,2239584.0,2239584.0,0.15,-1.03,56.02,1496484877
Swarm City,SWT,91,2.36238,0.00095119,79732.4,15692405.0,6642625.0,6642625.0,-3.26,1.34,23.17,1496484884
Agoras Tokens,AGRS,92,0.372987,0.00015018,32162.4,15665454.0,42000000.0,42000000.0,-3.26,4.23,25.6,1496484863
Infinitecoin,IFC,93,0.000172369,0.00000007,2387710.0,15615989.0,90596274910.0,90596274910.0,-2.16,-5.28,48.09,1496484841
Unity Ingot,UNY,94,0.0770156,0.00003101,123027.0,15557151.0,202000000.0,10000000000.0,-2.27,-1.63,92.99,1496484589
Blitzcash,BLITZ,95,3.72534,0.00149998,1097160.0,15140976.0,4064321.0,4064321.0,22.96,181.82,1125.63,1496484858
I/O Coin,IOC,96,0.9258,0.00037277,56184.7,15124343.0,16336512.0,16336512.0,4.52,10.2,43.66,1496484853
Radium,RADS,97,4.6544,0.00187405,325322.0,15115593.0,3247592.0,3247592.0,0.89,7.32,84.18,1496484866
Pepe Cash,PEPECASH,98,0.020646,0.00000831,47156.1,14491097.0,701884009.0,701884009.0,-2.69,-8.0,21.97,1496484877
DigitalNote,XDN,99,0.00206159,0.00000083,2223520.0,14186987.0,6881575469.0,6881575469.0,-2.22,30.65,85.36,1496484853
Golos,GOLOS,100,0.104259,0.00004198,49246.6,12835146.0,123108282.0,123108282.0,-0.47,7.86,111.78,1496484879
Vertcoin,VTC,101,0.383499,0.00015441,623144.0,12824851.0,33441681.0,33441681.0,0.25,4.63,57.91,1496484844
MonaCoin,MONA,102,0.252846,0.00010181,46656.4,12789747.0,50583150.0,50583150.0,-0.01,-2.75,38.23,1496484848
Clams,CLAM,103,5.2528,0.00211499,878833.0,12099787.0,2303493.0,16208817.0,-0.25,8.88,58.55,1496484853
E-coin,ECN,104,4.23103,0.00170376,122361.0,11835405.0,2797287.0,211086179.0,-9.71,-6.61,6.23,1496484588
Bitland,CADASTRAL,105,0.391235,0.00015753,24896.9,11737050.0,30000000.0,30000000.0,0.95,-6.27,66.33,1496484872
LuckChain,BASH,106,0.0160657,0.00000647,842596.0,11632493.0,724057665.0,724057665.0,-1.94,14.03,112.26,1496484878
Bitcrystals,BCY,107,0.495282,0.00019942,455916.0,11535822.0,23291422.0,23291422.0,-0.77,24.44,56.56,1496484864
MergeCoin,MGC,108,0.115808,0.00004663,2354640.0,11461276.0,98967910.0,103967910.0,-5.73,-4.67,40.77,1496484588
FlorinCoin,FLO,109,0.0851418,0.00003428,498156.0,11410681.0,134019726.0,134019726.0,7.51,19.35,72.62,1496484843
Etheroll,DICE,110,1.59448,0.00064207,56637.3,11163947.0,7001623.0,7001623.0,-1.3,2.74,7.08,1496484590
Creditbit,CRB,111,0.923547,0.00037186,1683110.0,10966513.0,11874342.0,11874342.0,10.57,51.33,43.64,1496484866
Viacoin,VIA,112,0.465143,0.00018729,392106.0,10534721.0,22648348.0,22648348.0,-2.24,15.43,49.86,1496484853
Pluton,PLU,113,12.2017,0.0049129,125918.0,10371439.0,850000.0,20000000.0,-0.24,-4.66,67.3,1496484876
HEAT,HEAT,114,0.367,0.00014777,18943.0,9680553.0,26377528.0,26377528.0,0.32,1.41,18.88,1496484873
DNotes,NOTE,115,0.07428,0.00002991,599595.0,9202711.0,123892176.0,123892176.0,-4.97,9.91,84.57,1496484848
Skycoin,SKY,116,1.68312,0.00067776,18709.7,9199599.0,5465801.0,100000000.0,0.34,20.8,13.88,1496484588
Energycoin,ENRG,117,0.0758739,0.00003055,9833.75,9176501.0,120944111.0,120944111.0,0.32,4.2,13.16,1496484850
Primecoin,XPM,118,0.472848,0.00019039,5244370.0,9144414.0,19339014.0,19339014.0,4.64,14.94,77.97,1496484842
VeriCoin,VRC,119,0.300805,0.00012112,505267.0,9088071.0,30212500.0,30212500.0,1.51,-1.39,41.51,1496484850
vSlice,VSL,120,0.270691,0.00010899,138884.0,9038507.0,33390496.0,33390496.0,-3.31,-0.43,10.05,1496484880
Rubycoin,RBY,121,0.367792,0.00014809,29958.6,8972890.0,24396642.0,24396642.0,0.05,2.41,32.13,1496484848
Crown,CRW,122,0.644916,0.00025967,17265.7,8944847.0,13869786.0,13869786.0,-0.83,11.67,15.25,1496484858
Pascal Coin,PASC,123,0.863377,0.00034763,294640.0,8664506.0,10035600.0,10035600.0,-0.02,10.47,52.65,1496484879
NeosCoin,NEOS,124,2.57829,0.00103813,531594.0,8632716.0,3348233.0,3348233.0,3.47,3.8,37.41,1496484855
SolarCoin,SLR,125,0.242554,0.00009766,93181.1,8529394.0,35164929.0,98034181660.0,-0.34,15.12,54.23,1496484849
Bitcoin Plus,XBC,126,84.3315,0.0339554,257852.0,8175218.0,96941.0,96941.0,0.76,15.34,47.55,1496484849
Einsteinium,EMC2,127,0.0382929,0.00001542,384201.0,8093786.0,211365194.0,211365194.0,4.67,15.51,60.13,1496484847
FedoraCoin,TIPS,128,0.0000177765,0.000000007,52507.4,7877979.0,443168182458,443168182458,-1.09,-9.15,7.26,1496484845
BelaCoin,BELA,129,0.223537,0.00009001,375459.0,7819581.0,34981150.0,34981150.0,0.39,3.38,39.34,1496484849
SaluS,SLS,130,7.6496,0.00308005,22616.2,7676040.0,1003456.0,1003456.0,0.31,-5.19,99.3,1496484867
PinkCoin,PINK,131,0.0238495,0.00000960,3142800.0,7656923.0,321051700.0,371051700.0,2.87,47.93,111.7,1496484850
ION,ION,132,0.548054,0.00022067,64487.2,7548348.0,13773000.0,19673000.0,-5.76,29.46,45.14,1496484872
VPNCoin,VASH,133,0.0186448,0.00000751,1373700.0,7464254.0,400339746.0,400339746.0,-2.3,-1.03,44.2,1496484858
Incent,INCNT,134,0.321454,0.00012943,137616.0,7396114.0,23008312.0,46016625.0,-0.09,4.49,78.97,1496484880
FoldingCoin,FLDC,135,0.0148468,0.00000598,1714050.0,7271101.0,489741985.0,1000000000.0,-12.93,40.78,96.56,1496484855
MonetaryUnit,MUE,136,0.0592726,0.00002387,126404.0,7207657.0,121601840.0,121601840.0,2.49,44.25,72.05,1496484858
Rise,RISE,137,0.0658078,0.00002650,370832.0,7066916.0,107387215.0,107387215.0,4.19,142.66,301.49,1496484872
Asch,XAS,138,0.0886599,0.00003570,62611.4,6649493.0,75000000.0,100000000.0,-0.3,0.08,47.11,1496484587
Safe Exchange Coin,SAFEX,139,0.00305531,0.00000123,39083.6,6561228.0,2147483647.0,2147483647.0,-1.27,12.15,69.19,1496484868
Lunyr,LUN,140,2.84063,0.00114387,172085.0,6527350.0,2297853.0,2703356.0,0.74,2.94,19.78,1496484589
Novacoin,NVC,141,3.75793,0.0015131,79657.5,6526924.0,1736840.0,1736840.0,-0.64,1.71,24.22,1496484840
Global Currency Reserve,GCR,142,0.0634807,0.00002556,40286.6,6519135.0,102694751.0,102694751.0,0.24,-0.47,13.86,1496484863
Feathercoin,FTC,143,0.0393851,0.00001586,124822.0,6456190.0,163924680.0,163924680.0,0.8,1.89,54.03,1496484840
Darcrus,DAR,144,0.471809,0.00018997,51650.5,6427814.0,13623762.0,13623762.0,3.67,51.6,91.29,1496484882
RouletteToken,RLT,145,0.625577,0.00025191,172652.0,6313460.0,10092219.0,10092942.0,-9.29,30.15,54.05,1496484590
FirstCoin,FRST,146,2.0421,0.00082223,50704.9,6298078.0,3084118.0,110000000.0,0.58,7.85,33.91,1496484883
MUSE,MUSE,147,0.00448306,0.00000181,774.62,6163492.0,1374840478.0,1524840478.0,-7.91,37.5,365.06,1496484861
Vcash,XVC,148,0.402082,0.0001619,1149680.0,6132665.0,15252273.0,15252273.0,10.64,27.2,54.81,1496484860
Aeon,AEON,149,0.428197,0.00017241,27666.6,6095713.0,14235767.0,14235767.0,-2.39,-8.21,6.87,1496484863
ZClassic,ZCL,150,3.98019,0.00160259,312538.0,5903766.0,1483288.0,1483288.0,-0.03,-6.34,80.87,1496484879
WorldCoin,WDC,151,0.0515095,0.00002074,308545.0,5903310.0,114606246.0,114606246.0,-1.0,2.83,67.72,1496484841
SIBCoin,SIB,152,0.394798,0.00015896,31852.4,5787702.0,14659907.0,14659907.0,0.12,-0.15,51.11,1496484864
Gambit,GAM,153,4.84083,0.00194912,21204.1,5732601.0,1184219.0,1184219.0,1.63,-5.54,37.82,1496484861
Janus,JNS,154,0.251952,0.00010145,9052.54,5321753.0,21122091.0,25201489.0,-0.23,0.84,25.1,1496484882
Auroracoin,AUR,155,0.61026,0.00024572,12443.9,5283716.0,8658139.0,8658139.0,-3.01,1.03,20.0,1496484846
Quark,QRK,156,0.0208569,0.00000840,250162.0,5216333.0,250101047.0,250101047.0,-4.96,17.23,111.41,1496484842
HunterCoin,HUC,157,0.278198,0.00011201,9413840.0,4911358.0,17654180.0,17654180.0,-12.69,62.18,248.17,1496484846
SpreadCoin,SPR,158,0.60138,0.00024214,60828.7,4895195.0,8139937.0,8139937.0,-4.73,36.54,100.68,1496484857
Circuits of Value,COVAL,159,0.0116481,0.00000469,218535.0,4659240.0,400000000.0,1200000000.0,6.75,42.72,78.43,1496484858
APX,APX,160,5.15143,0.00207439,404121.0,4636287.0,900000.0,1000000.0,-3.38,20.16,40.56,1496484590
ICO OpenLedger,ICOO,161,9.61699,0.0038722,8731.09,4537247.0,471795.0,471795.0,-1.83,11.13,85.45,1496484871
Sphere,SPHR,162,1.45494,0.00058582,8916.51,4485493.0,3082940.0,3082940.0,-1.24,-5.62,149.8,1496484861
OKCash,OK,163,0.0621586,0.00002503,103637.0,4449728.0,71586684.0,71586684.0,0.23,-1.59,168.24,1496484858
FairCoin,FAIR,164,0.0836476,0.00003368,3934.38,4442206.0,53106196.0,53106196.0,0.32,-0.9,57.76,1496484848
Bitmark,BTM,165,1.13252,0.000456,312646.0,4418164.0,3901180.0,3901180.0,-2.29,14.28,3.76,1496484854
bitCNY,BITCNY,166,0.144081,0.00005801,457448.0,4335902.0,30093500.0,30093500.0,-0.24,1.99,2.47,1496484855
CloakCoin,CLOAK,167,0.856139,0.00034472,33849.9,4283935.0,5003785.0,5003785.0,-0.87,0.85,47.69,1496484852
Ethereum Movie Venture,EMV,168,0.631093,0.00025413,2755.6,4207286.0,6666666.0,6666666.0,-1.4,-14.75,34.11,1496484587
Wild Beast Block,WBB,169,1.78994,0.0007207,50013.6,4162998.0,2325775.0,2325775.0,5.0,40.42,51.94,1496484860
NautilusCoin,NAUT,170,0.255947,0.00010305,367651.0,4141222.0,16180000.0,16180000.0,-1.1,5.99,52.94,1496484850
Unobtanium,UNO,171,20.607,0.00829724,66360.9,4074535.0,197726.0,197726.0,1.71,-5.48,21.21,1496484842
Musicoin,MUSIC,172,0.0232498,0.00000936,178585.0,4027556.0,173229718.0,173229718.0,3.28,35.83,86.23,1496484585
BitBean,BITB,173,0.00203395,0.00000082,268522.0,3986695.0,1960075000.0,1960075000.0,2.29,49.67,86.51,1496484859
Minereum,MNE,174,9.78872,0.00394174,251821.0,3967531.0,405317.0,405317.0,-0.19,37.21,338.93,1496484590
LoMoCoin,LMC,175,0.0189845,0.00000764,299827.0,3960111.0,208597087.0,293597087.0,0.87,-3.77,19.46,1496484875
Riecoin,RIC,176,0.110318,0.00004442,674994.0,3775554.0,34224275.0,34224275.0,-0.85,7.05,87.29,1496484846
ArtByte,ABY,177,0.00486679,0.00000196,105157.0,3762405.0,773077250.0,773077250.0,-4.95,-2.44,55.89,1496484851
DubaiCoin,DBIX,178,4.16281,0.00167629,35536.4,3625473.0,870920.0,870920.0,3.21,-4.45,83.63,1496484587
PoSW Coin,POSW,179,0.0861741,0.00003470,73510.9,3533138.0,41000000.0,70000000.0,-3.51,21.21,98.89,1496484881
BitSend,BSD,180,0.230665,0.00009288,46214.8,3521049.0,15264775.0,15264775.0,0.72,23.96,63.3,1496484851
Zennies,ZENI,181,0.00337507,0.00000136,6362.86,3377368.0,1000681003.0,1000681003.0,1.54,9.08,30.2,1496484588
Bata,BTA,182,0.665284,0.00026787,111196.0,3294202.0,4951573.0,4951573.0,4.65,59.55,173.78,1496484861
Diamond,DMD,183,1.49694,0.00060273,7530.37,3181368.0,2125247.0,2125247.0,-3.63,-1.79,28.08,1496484844
Myriad,XMY,184,0.0020877,0.00000084,202733.0,3103013.0,1486330750.0,1486330750.0,1.15,34.35,28.06,1496484847
Curecoin,CURE,185,0.126546,0.00005095,19039.5,3000211.0,23708463.0,23708463.0,-1.2,6.18,22.18,1496484851
Megacoin,MEC,186,0.0899467,0.00003622,437103.0,2958028.0,32886450.0,32886450.0,-6.69,-3.56,44.23,1496484842
RaiBlocks,XRB,187,0.0384135,0.00001547,23978.4,2893102.0,75314727.0,340282367.0,-2.72,5.4,87.61,1496484885
Atmos,ATMS,188,0.02796,0.00001126,128453.0,2798080.0,100074404.0,110074404.0,-2.07,13.78,93.76,1496484587
Zetacoin,ZET,189,0.0165933,0.00000668,307275.0,2757156.0,166160813.0,166160813.0,-1.56,-3.19,73.33,1496484843
InstantDEX,DEX,190,2.70823,0.00109044,3382.57,2708230.0,1000000.0,1000000.0,-0.42,13.23,,1496484856
Cryptonite,XCN,191,0.00817003,0.00000329,867012.0,2681395.0,328198860.0,328198860.0,-0.51,8.42,65.92,1496484853
Steem Dollars,SBD,192,1.82614,0.00073528,260429.0,2608350.0,1428341.0,1428341.0,0.86,10.41,54.08,1496484873
ZcCoin,ZCC,193,0.0416253,0.00001676,1150920.0,2566493.0,61657044.0,61657044.0,-1.08,-3.04,64.51,1496484853
Ethbits,ETB,194,1.87842,0.00075641,3322.19,2530205.0,1346986.0,1634691.0,-1.45,-32.61,,1496484591
Breakout Stake,BRX,195,0.402318,0.00016199,12190.7,2521762.0,6268082.0,6268082.0,-5.73,19.94,109.76,1496484873
Mintcoin,MINT,196,0.0000999957,0.00000004,8909.44,2434878.0,24349822927.0,24349822927.0,0.35,3.63,90.36,1496484845
Adzcoin,ADZ,197,0.0435322,0.00001753,13548.4,2387675.0,54848480.0,54848480.0,4.19,15.62,44.06,1496484866
Spectrecoin,XSPEC,198,0.112128,0.00004515,133071.0,2287244.0,20398506.0,20398506.0,0.56,-1.8,12.55,1496484881
Veros,VRS,199,0.0266653,0.00001074,41089.7,2279535.0,85486938.0,10000000000.0,-0.5,-9.92,14.76,1496484878
bitUSD,BITUSD,200,1.01735,0.00040963,159095.0,2263431.0,2224830.0,2224830.0,-0.29,6.48,1.9,1496484855
Digitalcoin,DGC,201,0.0644426,0.00002595,187501.0,2216168.0,34389793.0,34389793.0,-6.2,-3.34,58.12,1496484841
iCash,ICASH,202,0.00990289,0.00000399,12388.7,2188137.0,220959445.0,220959445.0,0.08,9.67,41.99,1496484860
Groestlcoin,GRS,203,0.0322641,0.00001299,13542.8,2181899.0,67626203.0,67626203.0,4.67,8.44,35.01,1496484849
Qwark,QWARK,204,0.120455,0.00004850,119084.0,2134714.0,17722085.0,250377576.0,15.44,83.41,236.94,1496484869
FUNCoin,FUNC,205,0.368591,0.00014842,27423.6,2129317.0,5776909.0,100000000.0,4.43,7.41,58.74,1496484590
BoostCoin,BOST,206,0.176747,0.00007117,107402.0,2095422.0,11855487.0,11855487.0,-4.76,-6.9,44.72,1496484851
Zeitcoin,ZEIT,207,0.0000568606,0.00000002,9224.87,2065719.0,36329528078.0,36329528078.0,0.8,-5.51,33.14,1496484849
BlockPay,BLOCKPAY,208,0.376387,0.00015155,21173.9,2043142.0,5428300.0,98928316.0,-9.25,6.85,75.15,1496484876
MaxCoin,MAX,209,0.0366964,0.00001478,226497.0,1997850.0,54442678.0,54442678.0,1.18,4.64,91.37,1496484845
Espers,ESP,210,0.0000974541,0.00000004,6983.2,1961746.0,20129950428.0,20129950428.0,-0.37,-14.98,25.66,1496484869
Project Decorum,PDC,211,0.0386696,0.00001557,5376.57,1933480.0,50000000.0,50000000.0,0.45,2.2,17.57,1496484871
Anoncoin,ANC,212,0.89448,0.00036016,128557.0,1887636.0,2110317.0,2110317.0,-1.2,-2.8,124.78,1496484842
GoldCoin,GLD,213,0.0464742,0.00001871,8241.93,1870871.0,40256112.0,40256112.0,2.54,5.5,21.03,1496484842
TransferCoin,TX,214,0.307255,0.00012371,8419.49,1835912.0,5975205.0,5975205.0,1.94,2.93,-1.95,1496484863
Tickets,TIX,215,0.0000259521,0.00000001,27697.4,1735580.0,66876281414.0,66876281414.0,0.88,-5.56,33.59,1496484847
CryptoCarbon,CCRB,216,0.486734,0.00019598,18948.8,1733801.0,3562111.0,10000150.0,0.28,6.9,44.73,1496484882
Visio,VISIO,217,0.0318283,0.00001282,4863.03,1610654.0,50604448.0,62604448.0,0.32,29.86,31.27,1496484885
DeepWebCash,DWC,218,1.18242,0.00047609,11171.2,1585817.0,1341163.0,1341163.0,-1.28,-10.26,-25.4,1496484880
Sequence,SEQ,219,0.0347455,0.00001399,6643.96,1553228.0,44702994.0,44702994.0,0.32,10.41,61.1,1496484876
Breakout,BRK,220,0.0848397,0.00003416,6606.77,1520107.0,17917407.0,17917407.0,-0.92,21.93,38.22,1496484872
Bitswift,SWIFT,221,0.373782,0.0001505,10158.0,1517903.0,4060931.0,4060931.0,-2.07,23.37,134.38,1496484857
Boolberry,XBB,222,0.15714,0.00006327,6860.75,1497934.0,9532480.0,9532480.0,-4.83,-2.54,45.96,1496484853
vTorrent,VTR,223,0.138063,0.00005559,9290.87,1493285.0,10815966.0,10815966.0,0.35,0.58,79.08,1496484858
2GIVE,2GIVE,224,0.00290598,0.00000117,17210.0,1490768.0,513000051.0,513000051.0,-1.32,12.15,1.65,1496484871
Startcoin,START,225,0.0324589,0.00001307,71361.6,1463240.0,45079785.0,70782220.0,-1.83,3.95,1.54,1496484852
Voxels,VOX,226,0.0448568,0.00001806,404264.0,1412989.0,31500000.0,210000000.0,-2.11,2.31,103.06,1496484868
EB3 Coin,EB3,227,0.298002,0.00012,262027.0,1396364.0,4685754.0,786000000.0,0.37,6.14,15.87,1496484587
InsaneCoin,INSANE,228,0.0758542,0.00003054,930.384,1391243.0,18341011.0,18341011.0,3.07,5.43,73.19,1496484878
Renos,RNS,229,0.0405586,0.00001633,522869.0,1352728.0,33352432.0,33352432.0,-0.62,0.79,205.01,1496484884
EuropeCoin,ERC,230,0.135977,0.00005475,1569.67,1339597.0,9851644.0,9851644.0,0.05,7.38,38.43,1496484861
Stealthcoin,XST,231,0.0497465,0.00002003,3470.95,1302440.0,26181535.0,26181535.0,-3.67,8.49,47.54,1496484853
MediterraneanCoin,MED,232,0.0255811,0.00001030,144509.0,1271549.0,49706598.0,49706598.0,-1.35,7.78,144.62,1496484857
VeriumReserve,VRM,233,1.13283,0.00045612,105240.0,1262905.0,1114823.0,1114823.0,7.16,16.34,65.38,1496484875
Creativecoin,CREA,234,0.116577,0.00004694,9388.64,1231063.0,10560087.0,12271815.0,0.37,24.08,11.07,1496484590
Ripto Bux,RBX,235,0.00354824,0.00000143,11699.6,1213853.0,342100100.0,1000000000.0,-1.33,52.17,177.79,1496484587
Dynamic,DYN,236,0.745104,0.00030004,6253.97,1204904.0,1617095.0,4370999.0,-2.61,11.42,39.79,1496484586
WhiteCoin,XWC,237,0.00479335,0.00000193,26348.4,1189027.0,248057713.0,248057713.0,2.45,19.23,129.06,1496484849
ChainCoin,CHC,238,0.0788791,0.00003176,8643.76,1158705.0,14689627.0,14689627.0,0.33,-11.7,16.69,1496484862
Inpay,INPAY,239,0.113366,0.00004565,22614.6,1133660.0,10000000.0,10000000.0,0.51,12.17,-4.0,1496484588
GeoCoin,GEO,240,0.453384,0.00018255,51723.6,1113094.0,2455079.0,2455079.0,-7.88,59.65,148.97,1496484860
Ixcoin,IXC,241,0.0522741,0.00002105,539.91,1097708.0,20999088.0,20999088.0,-1.43,-8.65,8.18,1496484845
DopeCoin,DOPE,242,0.00973571,0.00000392,26441.3,1081498.0,111085648.0,111085648.0,3.49,9.09,36.72,1496484846
Yocoin,YOC,243,0.010095,0.00000406,54649.0,1066222.0,105618830.0,200000000.0,-0.29,-3.57,31.57,1496484866
TagCoin,TAG,244,0.19376,0.00007802,199375.0,1064380.0,5493288.0,5493288.0,-4.0,-0.87,38.26,1496484843
SecureCoin,SRC,245,0.135485,0.00005455,157810.0,1054873.0,7785901.0,7785901.0,0.68,2.26,35.2,1496484843
Triggers,TRIG,246,0.0322868,0.00001300,4312.98,1036587.0,32105593.0,100000000.0,0.32,6.15,13.72,1496484878
PepeCoin,PEPE,247,0.0746586,0.00003006,10205.0,1029294.0,13786671.0,13786671.0,0.49,6.47,82.93,1496484867
HTMLCOIN,HTML5,248,0.0000252509,0.00000001,3356.12,1026677.0,40659020000.0,40659020000.0,0.48,18.78,47.23,1496484855
Hacker Gold,HKG,249,0.0626727,0.00002523,2058.89,1009713.0,16110893.0,16110893.0,0.32,8.99,23.52,1496484880
AudioCoin,ADC,250,0.00126175,0.00000051,1364.13,1000818.0,793198644.0,793198644.0,0.36,8.72,9.45,1496484862
CannabisCoin,CANN,251,0.012887,0.00000519,56782.7,995278.0,77231176.0,91859176.0,0.32,2.98,79.98,1496484854
DIBCOIN,DIBC,252,0.196561,0.00007915,4466.93,982805.0,5000000.0,5000000000.0,2.13,5.61,27.46,1496484586
Pesetacoin,PTC,253,0.00752674,0.00000303,4781.75,982677.0,130558126.0,130558126.0,1.99,25.67,44.99,1496484848
PutinCoin,PUT,254,0.00477141,0.00000192,4147.29,956275.0,200417616.0,200417616.0,0.35,-0.15,57.83,1496484872
Woodcoin,LOG,255,0.118642,0.00004777,3375.69,953311.0,8035193.0,8035193.0,0.32,15.83,35.98,1496484860
LiteDoge,LDOGE,256,0.0000625259,0.00000003,9154.08,923819.0,14774977660.0,14774977660.0,-1.38,-17.65,30.88,1496484859
Syndicate,SYNX,257,0.0815267,0.00003283,10375.7,918713.0,11268860.0,11268860.0,4.95,-9.43,101.41,1496484872
HiCoin,XHI,258,0.00479207,0.00000193,92789.7,909199.0,189729990.0,10189729990.0,1.12,2.89,7.91,1496484871
Hush,HUSH,259,0.80293,0.00032329,28368.1,883936.0,1100888.0,1222363.0,7.98,13.52,100.34,1496484879
Mercury,MER,260,0.00866235,0.00000349,1798.0,866235.0,100000000.0,100000000.0,-17.99,-7.46,-4.72,1496484586
Tao,XTO,261,0.0281036,0.00001132,1405.43,852051.0,30318222.0,32318222.0,35.04,40.06,70.97,1496484875
EverGreenCoin,EGC,262,0.0631692,0.00002543,5646.65,841496.0,13321301.0,13321301.0,0.15,1.24,31.77,1496484867
ArcticCoin,ARC,263,0.0358944,0.00001445,1110.45,838729.0,23366572.0,23366572.0,-1.66,-2.56,-9.23,1496484877
HempCoin,THC,264,0.00392409,0.00000158,23389.1,831213.0,211823061.0,211823061.0,8.57,18.28,42.03,1496484852
ShadowCash,SDC,265,0.121372,0.00004887,551.08,809239.0,6667426.0,6667426.0,1.93,-1.13,12.41,1496484855
e-Gulden,EFL,266,0.0501826,0.00002021,1896.67,770125.0,15346448.0,20385788.0,-1.26,1.75,-12.45,1496484848
BlueCoin,BLU,267,0.00133598,0.00000054,3084.66,767766.0,574683675.0,574683675.0,5.22,-1.76,217.52,1496484849
Tokes,TKS,268,1.18317,0.00047644,22397.1,766249.0,647624.0,50000000.0,-0.31,11.52,42.06,1496484585
Fantomcoin,FCN,269,0.129147,0.00005200,3796.15,757437.0,5864918.0,5864918.0,4.34,4.79,54.01,1496484852
ExclusiveCoin,EXCL,270,0.183389,0.00007384,5477.09,749987.0,4089596.0,4089596.0,-0.34,14.21,30.84,1496484856
ProCurrency,PROC,271,0.261664,0.00010537,944.839,736638.0,2815205.0,15000053805.0,0.38,3.06,12.14,1496484588
CacheCoin,CACH,272,0.198688,0.00008000,36348.9,716510.0,3606209.0,3606209.0,0.32,135.1,,1496484846
SuperCoin,SUPER,273,0.0173852,0.00000700,4201.58,715499.0,41155630.0,41155630.0,0.32,105.72,,1496484851
Unitus,UIS,274,0.0150115,0.00000604,6342.14,702326.0,46785866.0,46785866.0,-0.1,-11.86,-6.93,1496484858
Altcoin,ALT,275,5.73179,0.00230809,2292.39,700283.0,122175.0,134063.0,0.24,9.03,115.86,1496484589
TrustPlus,TRUST,276,0.021508,0.00000866,4411.48,690118.0,32086595.0,32086595.0,0.32,19.14,90.47,1496484853
Synergy,SNRG,277,0.246563,0.00009928,1405.5,684862.0,2777635.0,2777635.0,0.21,8.01,57.73,1496484861
DT Token,DRACO,278,0.0073016,0.00000294,85908.7,649031.0,88888888.0,88888888.0,1.8,13.24,128.59,1496484872
Centurion,CNT,279,0.0236272,0.00000951,32212.2,610771.0,25850354.0,63389153.0,-11.85,-24.18,-11.06,1496484883
Magi,XMG,280,0.0850257,0.00003423,4720.27,600061.0,7057409.0,7057409.0,0.32,2.71,14.28,1496484856
Deutsche eMark,DEM,281,0.0205653,0.00000828,931.521,571580.0,27793416.0,27793416.0,0.33,-3.34,30.58,1496484843
TileCoin,XTC,282,0.00567961,0.00000229,16585.3,567961.0,100000000.0,100000000.0,-1.01,6.69,29.05,1496484856
UniBURST,UNIBURST,283,0.553272,0.00022277,11309.4,553271.0,999999.0,1000000.0,3.3,-9.25,236.44,1496484884
ReeCoin,REE,284,0.0447048,0.00001800,5142.19,552896.0,12367704.0,6662367704.0,-7.72,20.22,124.72,1496484872
1337,1337,285,0.0000238821,0.000000010,6736.25,545826.0,22855037776.0,22855037776.0,-2.72,12.07,27.7,1496484866
Moin,MOIN,286,0.0774174,0.00003117,1698.59,538126.0,6950969.0,6950969.0,1.56,-0.17,39.31,1496484866
FujiCoin,FJC,287,0.000556364,0.00000022,3623.29,536298.0,963934373.0,963934373.0,-2.05,-4.29,36.2,1496484861
Elcoin,EL,288,0.0473043,0.00001905,2165.51,530232.0,11208967.0,20935289.0,1.76,39.02,17.97,1496484870
NuShares,NSR,289,0.00019314,0.00000008,2181.98,521916.0,2702268334.0,3317185701.0,15.19,11.49,-37.82,1496484857
TrumpCoin,TRUMP,290,0.0742565,0.00002990,1369.98,485606.0,6539572.0,6539572.0,8.91,14.17,41.66,1496484868
IncaKoin,NKA,291,0.0000618167,0.00000002,4521.05,465914.0,7537018448.0,7537018448.0,-0.22,-15.52,207.56,1496484858
Capricoin,CPC,292,0.453884,0.00018275,51716.3,447115.0,985087.0,200985087.0,-1.39,0.27,32.6,1496484863
KoreCoin,KORE,293,0.23855,0.00009605,2455.11,436773.0,1830949.0,1830949.0,0.32,-4.39,23.92,1496484852
I0Coin,I0C,294,0.0198936,0.00000801,851.685,417258.0,20974489.0,20974489.0,0.7,2.71,26.35,1496484843
Newbium,NEWB,295,0.0168388,0.00000678,33691.1,404131.0,24000000.0,51000000.0,1.41,32.33,343.27,1496484872
NobleCoin,NOBL,296,0.000173353,0.00000007,14866.0,397277.0,2291723799.0,2291723799.0,0.39,-8.67,-7.85,1496484845
BitBar,BTB,297,12.1527,0.00489317,957.77,396156.0,32598.0,32598.0,0.3,3.8,22.88,1496484841
CasinoCoin,CSC,298,0.010002,0.00000403,805.805,386089.0,38601187.0,38601187.0,-14.32,-15.93,-9.3,1496484858
Terracoin,TRC,299,0.0190415,0.00000767,6887.39,382920.0,20109740.0,20109740.0,0.46,15.13,30.65,1496484840
PostCoin,POST,300,0.0238216,0.00000959,3116.48,375794.0,15775332.0,15775332.0,2.1,0.82,26.0,1496484869
iTicoin,ITI,301,11.6619,0.00469606,49247.2,373181.0,32000.0,9999992.0,0.0,8.67,23.29,1496484589
GCoin,GCN,302,0.0000026423,0.000000001,2702.14,367420.0,139054535000,139054535000,-1.41,11.28,72.54,1496484857
Wyvern,WYV,303,0.32291,0.00013003,2255.33,352176.0,1090631.0,1090631.0,0.37,0.82,4.61,1496484587
MazaCoin,MZC,304,0.000320952,0.00000013,703.629,350678.0,1092618137.0,1092618137.0,10.67,-6.22,44.44,1496484846
Jewels,JWL,305,0.0173355,0.00000698,4970.71,349773.0,20176678.0,20176678.0,-3.71,0.46,24.34,1496484875
Virtacoinplus,XVP,306,0.0393106,0.00001583,1284.07,346818.0,8822508.0,10357102.0,-1.11,-2.46,-28.07,1496484885
Trollcoin,TROLL,307,0.000620314,0.00000025,831.688,343532.0,553802674.0,553802674.0,0.33,0.73,8.21,1496484856
Influxcoin,INFX,308,0.198685,0.00008000,11694.4,332476.0,1673383.0,1673383.0,-0.37,20.7,2.35,1496484865
Master Swiscoin,MSCN,309,0.0322432,0.00001298,11879.9,330946.0,10264060.0,1002590060.0,0.07,-5.96,-5.99,1496484883
Dotcoin,DOT,310,0.00141801,0.00000057,27539.3,319140.0,225061750.0,490061750.0,-1.05,-0.74,36.84,1496484860
Bytecent,BYC,311,0.190691,0.00007678,11690.6,309436.0,1622707.0,1622707.0,-2.5,16.71,21.66,1496484858
Joincoin,J,312,0.125064,0.00005036,528.261,306207.0,2448402.0,2448402.0,0.32,-89.89,-16.93,1496484854
ParkByte,PKB,313,0.063469,0.00002556,1817.22,302368.0,4764026.0,4764026.0,-0.98,2.68,48.71,1496484861
Karbowanec,KRB,314,0.083439,0.00003360,5318.25,295855.0,3545767.0,3545767.0,15.18,7.1,22.94,1496484875
Atomic Coin,ATOM,315,0.0293999,0.00001184,1124.65,295518.0,10051651.0,10051651.0,-8.43,8.61,57.32,1496484877
Quatloo,QTL,316,0.0395655,0.00001593,5327.22,294340.0,7439319.0,7439319.0,1.8,8.43,13.35,1496484852
8Bit,8BIT,317,0.23437,0.00009437,2455.81,272904.0,1164415.0,1164415.0,0.33,17.29,-7.38,1496484860
Rubies,RBIES,318,0.0257957,0.00001039,2282.74,267594.0,10373577.0,10373577.0,17.5,16.72,15.89,1496484868
Zoin,ZOI,319,0.0247599,0.00000997,2350.09,266750.0,10773450.0,10773450.0,5.82,1.72,36.26,1496484879
Sexcoin,SXC,320,0.00211278,0.00000085,2378.0,258929.0,122553489.0,122553489.0,0.09,-2.17,25.77,1496484859
Asiadigicoin,ADCN,321,0.0102076,0.00000411,2198.84,254486.0,24931054.0,210000000.0,-1.83,-13.41,-14.12,1496484868
PRCoin,PRC,322,0.0245658,0.00000989,3436.62,233075.0,9487800.0,789487800.0,1.1,-0.88,5.51,1496484884
Torcoin,TOR,323,0.877624,0.0003534,9035.08,231292.0,263544.0,1263544.0,0.28,18.52,16.29,1496484587
UltraCoin,UTC,324,0.00509138,0.00000205,2876.5,219470.0,43106260.0,43106260.0,-4.01,-13.24,35.23,1496484845
Neutron,NTRN,325,0.0168112,0.00000677,597.636,212118.0,12617684.0,12617684.0,-9.05,-8.97,175.62,1496484860
Flycoin,FLY,326,0.990409,0.00039878,16220.7,208784.0,210806.0,210806.0,0.32,61.6,285.69,1496484864
GoldBlocks,GB,327,0.0140023,0.00000564,917.105,208193.0,14868511.0,14868511.0,0.05,16.72,47.54,1496484872
Pesobit,PSB,328,0.00615933,0.00000248,1131.68,201255.0,32674816.0,32674816.0,4.98,2.31,25.13,1496484877
LiteBar,LTB,329,0.310228,0.00012491,1657.91,200478.0,646227.0,646227.0,0.32,4.35,10.44,1496484847
NuBits,USNBT,330,1.0065,0.00040526,29682.9,198051.0,196772.0,838087.0,0.31,-0.09,-0.95,1496484856
Cryptojacks,CJ,331,0.000484881,0.00000020,93511.7,197137.0,406568581.0,406568581.0,-21.56,-39.79,81.85,1496484873
Sumokoin,SUMO,332,0.38097,0.00015341,12074.3,179443.0,471015.0,9359904.0,5.68,43.14,,1496484591
Piggycoin,PIGGY,333,0.000355886,0.00000014,1250.0,172183.0,483815562.0,483815562.0,37.03,22.16,4.44,1496484852
UnbreakableCoin,UNB,334,0.0755355,0.00003041,2389.16,172081.0,2278150.0,2278150.0,0.32,-2.15,36.41,1496484850
Netko,NETKO,335,0.0660183,0.00002658,962.303,162951.0,2468270.0,2468270.0,-4.16,0.91,7.78,1496484585
Truckcoin,TRK,336,0.00131631,0.00000053,797.251,162156.0,123189907.0,123189907.0,0.32,16.0,82.87,1496484853
bitBTC,BITBTC,337,2535.56,1.02092,50929.8,161464.0,64.0,64.0,-1.88,-2.03,25.77,1496484856
Fastcoin,FST,338,0.00125896,0.00000051,1766.84,159591.0,126764507.0,126764507.0,1.54,-2.39,56.75,1496484842
Pascal Lite,PASL,339,0.0768348,0.00003094,2546.35,152698.0,1987350.0,1987350.0,2.89,9.29,-1.08,1496484585
TEKcoin,TEK,340,0.000107501,0.00000004,1796.24,152012.0,1414054562.0,1414054562.0,-12.89,32.53,235.05,1496484850
TheGCCcoin,GCC,341,0.0206139,0.00000830,2957.97,145219.0,7044718.0,867044718.0,3.96,-1.25,-0.68,1496484883
Phoenixcoin,PXC,342,0.0024581,0.00000099,844.867,142330.0,57902475.0,57902475.0,5.87,43.25,189.19,1496484842
BERNcash,BERN,343,0.00192312,0.00000077,976.791,136992.0,71234301.0,71234301.0,-1.16,1.04,23.87,1496484870
LanaCoin,LANA,344,0.00017834,0.00000007,1036.96,133599.0,749127051.0,749127051.0,25.6,15.9,84.77,1496484871
HoboNickels,HBN,345,0.00273196,0.00000110,716.402,132779.0,48601987.0,48601987.0,0.3,0.13,102.92,1496484846
Machinecoin,MAC,346,0.00638284,0.00000257,2170.13,124860.0,19561825.0,19561825.0,0.42,-1.21,22.83,1496484859
Rimbit,RBT,347,0.00104232,0.00000042,966.136,120388.0,115499623.0,393459356.0,0.32,7.17,27.76,1496484857
bitEUR,BITEUR,348,1.14151,0.00045962,40548.7,117119.0,102600.0,102600.0,-0.52,0.89,3.83,1496484861
MojoCoin,MOJO,349,0.00971184,0.00000391,3253.8,117090.0,12056448.0,12056448.0,2.16,2.38,-12.69,1496484869
Digital Rupees,DRS,350,0.000223524,0.00000009,1150.19,114177.0,510802961.0,510802961.0,0.32,18.17,-39.23,1496484882
bitSilver,BITSILVER,351,19.747,0.00795098,5355.75,111305.0,5637.0,5637.0,-1.99,-3.63,4.75,1496484860
HyperStake,HYP,352,0.00028309,0.00000011,532.939,109215.0,385796097.0,385796097.0,0.31,12.33,41.35,1496484855
Eryllium,ERY,353,0.0237104,0.00000955,4695.9,103303.0,4356884.0,14356884.0,7.04,2.45,-23.97,1496484883
CHNCoin,CNC,354,0.00402218,0.00000162,13556.6,101601.0,25260247.0,170109984.0,3.15,-8.49,24.44,1496484857
PipCoin,PIP,355,0.0149016,0.00000600,838.832,97951.0,6573177.0,6999979.0,0.32,-26.22,-13.75,1496484877
Chronos,CRX,356,0.00127603,0.00000051,1316.94,94082.0,73729962.0,73729962.0,6.34,63.37,135.19,1496484873
Gapcoin,GAP,357,0.00705768,0.00000284,10390.2,76846.0,10888268.0,10888268.0,2.92,6.74,55.81,1496484858
Freicoin,FRC,358,0.00273196,0.00000110,18324.9,76245.0,27908548.0,100000000.0,0.3,2.88,40.95,1496484842
Greencoin,GREV2,359,0.0000248360,0.00000001,613.067,76031.0,3061340641.0,3061340641.0,0.32,-48.57,-30.18,1496484852
Kurrent,KURT,360,0.00711177,0.00000286,2116.44,70545.0,9919485.0,21319485.0,-4.17,6.48,22.48,1496484879
MCAP,MCAP,361,6.88712,0.00277332,79521.3,68906.0,10005.0,100000000.0,1.43,8.45,,1496484590
Nyancoin,NYAN,362,0.000228437,0.00000009,666.556,68049.0,297891209.0,297891209.0,52.62,25.58,34.26,1496484845
AquariusCoin,ARCO,363,0.0536987,0.00002162,615.242,65685.0,1223209.0,1223209.0,-2.35,26.25,48.23,1496484870
CrevaCoin,CREVA,364,0.00177128,0.00000071,14359.0,64458.0,36390750.0,6240390800.0,0.51,0.66,8.2,1496484862
PetroDollar,XPD,365,0.0009366,0.00000038,2300.79,59936.0,63993275.0,63993275.0,5.83,39.35,-4.62,1496484850
Acoin,ACOIN,366,0.0446054,0.00001796,10035.6,54422.0,1220085.0,1220085.0,-0.92,4.88,-8.36,1496484856
Wexcoin,WEX,367,0.316362,0.00012738,1170.46,53170.0,168068.0,10000168068.0,-10.42,-10.72,-13.68,1496484876
Philosopher Stones,PHS,368,0.0200923,0.00000809,2252.5,48809.0,2429219.0,2429219.0,0.57,3.02,33.35,1496484843
LevoPlus,LVPS,369,0.0978692,0.00003941,4538.16,40397.0,412763.0,91412763.0,0.38,171.75,2.61,1496484885
Allion,ALL,370,0.00620975,0.00000250,796.145,38496.0,6199359.0,7323359.0,0.32,-3.67,13.92,1496484884
Independent Money System,IMS,371,0.00676602,0.00000272,768.055,36326.0,5368934.0,5368934.0,0.6,0.09,20.66,1496484868
Bolivarcoin,BOLI,372,0.00542726,0.00000219,806.427,35245.0,6494075.0,6494075.0,-10.58,4.64,50.86,1496484864
Marijuanacoin,MAR,373,0.0623632,0.00002511,11484.2,32597.0,522690.0,522690.0,-0.93,62.89,47.32,1496484883
Rawcoin,XRC,374,0.0432146,0.00001740,1222.5,30461.0,704882.0,704882.0,-2.97,-9.72,211.25,1496484879
BeaverCoin,BVC,375,0.00976054,0.00000393,560.41,30407.0,3115258.0,3115258.0,-0.12,10.82,20.25,1496484856
SixEleven,611,376,0.0581162,0.00002340,3783.34,23954.0,412178.0,412178.0,-8.86,-16.7,-58.4,1496484871
Eurocoin,EUC,377,0.00176336,0.00000071,1555.08,20685.0,11730350.0,11730350.0,0.79,15.57,3.41,1496484864
GPU Coin,GPU,378,0.00042128,0.00000017,522.123,17052.0,40477042.0,51530001.0,-2.02,29.84,90.04,1496484871
Bitvolt,VOLT,379,0.000844338,0.00000034,817.431,12760.0,15112554.0,60132654.0,3.43,33.0,16.63,1496484588
Beatcoin,XBTS,380,0.00775215,0.00000312,1369.77,11820.0,1524686.0,2524686.0,27.49,13.95,81.13,1496484877
BenjiRolls,BENJI,381,0.000596064,0.00000024,4280.45,11296.0,18951336.0,18951336.0,0.32,31.66,46.12,1496484882
AllSafe,ASAFE,382,0.0000158469,0.000000006,777.384,11251.0,710000000.0,710000000.0,3.22,-12.62,207.44,1496484877
Ebittree Coin,EBT,383,0.0103059,0.00000415,1196.97,9005.0,873750.0,810873750.0,0.37,-12.9,14.76,1496484588
Argus,ARGUS,384,0.0070039,0.00000282,1004.95,8043.0,1148324.0,5194373.0,1.02,25.73,58.23,1496484884
Digital Money Bits,DMB,385,0.016386,0.00000660,8758.19,5230.0,319200.0,10319200.0,2.97,7.9,265.83,1496484590
Environ,ENV,386,0.0000248208,0.000000010,3461.23,3255.0,131129509.0,931129509.0,0.36,2.83,,1496484589
Gold Pressed Latinum,GPL,387,0.186599,0.00007514,6255.25,,,204235.0,0.7,5.78,0.35,1496484589
SnakeEyes,SNAKE,388,0.158917,0.00006399,1887.94,,,10000000.0,3.9,3.32,113.11,1496484589
Arcade Token,ARC,389,3.74133,0.00167261,,10773690.0,2879642.0,2879642.0,,,58.88,1496180681
Scotcoin,SCOT,390,0.00774289,0.00000321,,7742890.0,1000000000.0,1000000000.0,,19.66,118.32,1496426352
Jinn,JINN,391,56.0427,0.0228523,,3289875.0,58703.0,1000000.0,,15.36,-9.78,1496444660
AsiaCoin,AC,392,0.00304104,0.00000122,9.29871,2557090.0,840860451.0,840860451.0,0.25,8.4,32.73,1496484849
XCurrency,XC,393,0.397376,0.00016,481.818,2307547.0,5806962.0,5806962.0,-23.89,-8.57,-0.74,1496484850
Pangea Poker,PANGEA,394,1.69306,0.0006817,123.841,1691963.0,999352.0,1000000.0,-0.42,81.76,182.44,1496484858
Bitpark Coin,BPC,395,0.019844,0.00000799,70.9463,1488300.0,75000000.0,100000000.0,4.54,-0.46,24.52,1496484880
NewYorkCoin,NYC,396,0.0000191193,0.000000008,137.993,1141803.0,59719935819.0,59719935819.0,0.4,-20.82,-4.84,1496484849
GlobalCoin,GLC,397,0.0133121,0.00000536,0.545796,867563.0,65171010.0,65171010.0,0.32,5.34,-44.45,1496484842
Devcoin,DVC,398,0.0000608032,0.00000002,5.5372,851611.0,14006027500.0,14006027500.0,-1.44,23.61,130.72,1496484840
Pandacoin,PND,399,0.0000248360,0.00000001,262.983,807540.0,32514916898.0,32514916898.0,0.32,2.86,23.57,1496484847
Ultimate Secure Cash,USC,400,0.0764871,0.00003080,7.45004,791115.0,10343113.0,38602656.0,0.37,6.63,19.37,1496484587
Carboncoin,CARBON,401,0.0000496720,0.00000002,21.7512,764548.0,15391934462.0,15391934462.0,0.32,2.86,23.57,1496484853
DubaiCoin,DBIC,402,0.147759,0.00005949,310.213,757858.0,5129014.0,6146942.0,0.91,-8.19,6.99,1496484868
Version,V,403,0.00163901,0.00000066,329.611,717128.0,437537549.0,437537549.0,0.37,15.04,,1496484592
BTSR,BTSR,404,0.173967,0.00007005,99.4312,575973.0,3310819.0,3310819.0,-2.23,4.31,61.82,1496484869
CageCoin,CAGE,405,0.0000056411,0.000000002,439.342,570705.0,101168328395,101168328395,-14.82,10.86,-44.58,1496484848
Cryptofund,FUND,406,0.5588,0.0002553,,558800.0,1000000.0,1000000.0,,,14.41,1495948164
E-Currency Coin ,ECC,407,0.0000248360,0.00000001,5.48875,547897.0,22060603799.0,22060603799.0,0.32,2.86,23.57,1496484847
Canada eCoin,CDN,408,0.00515072,0.00000207,373.084,501760.0,97415544.0,97415544.0,0.35,-8.58,28.26,1496484850
Colossuscoin V2,CV2,409,0.0000209959,0.000000008,178.706,465953.0,22192580273.0,22192580273.0,-0.45,9.49,20.62,1496484860
PayCoin,XPY,410,0.0389454,0.00001568,120.963,455785.0,11703180.0,11753180.0,0.32,426.16,51.6,1496484858
SmileyCoin,SMLY,411,0.0000175241,0.000000007,63.8566,454930.0,25960250000.0,25960250000.0,-1.47,-16.77,193.56,1496484859
Happycoin,HPC,412,0.0399571,0.00001609,59.0995,454171.0,11366469.0,11366469.0,7.45,4.27,157.36,1496484588
Dashcoin,DSH,413,0.0251893,0.00001014,364.486,435563.0,17291579.0,17291579.0,2.26,4.17,28.97,1496484856
BitcoinTX,BTX,414,0.00491753,0.00000198,47.4183,398636.0,81064211.0,81064211.0,0.32,245.24,24.92,1496484861
YashCoin,YASH,415,0.0397376,0.00001600,167.55,397381.0,10000117.0,10000117.0,-8.2,-13.53,18.63,1496484880
FuelCoin,FC2,416,0.00384958,0.00000155,166.937,390400.0,101413730.0,101413730.0,0.32,7.0,,1496484852
SmartCoin,SMC,417,0.0170266,0.00000686,345.727,389840.0,22895926.0,22895926.0,15.82,42.48,52.78,1496484847
Orbitcoin,ORB,418,0.129294,0.00005206,251.92,382221.0,2956213.0,2956213.0,0.4,3.64,28.56,1496484845
TeslaCoin,TES,419,0.00524957,0.00000211,363.591,376783.0,71774059.0,71774059.0,0.99,5.23,35.25,1496484846
Mineum,MNM,420,0.038946,0.00001568,115.811,367509.0,9436367.0,9586367.0,0.44,7.53,4.73,1496484871
LTBcoin,LTBC,421,0.000742106,0.00000032,,366499.0,493863915.0,493863915.0,,,,1496287754
RussiaCoin,RC,422,0.0438604,0.00001766,4.38647,360377.0,8216446.0,8216446.0,0.32,2.74,26.62,1496484866
Casino,CASINO,423,0.346855,0.00013967,3.8154,346855.0,1000000.0,1000000.0,3.9,-52.54,-8.62,1496484585
Shorty,SHORTY,424,0.00290581,0.00000117,0.290581,290581.0,100000000.0,100000000.0,0.32,,41.74,1496484881
Rare Pepe Party,RAREPEPEPRTY,425,16.1101,0.00648659,34.77,289982.0,18000.0,100000.0,1.58,,37.13,1496484877
Kobocoin,KOBO,426,0.0111265,0.00000448,11.1539,274827.0,24700248.0,24700248.0,0.32,51.03,-27.66,1496484859
HitCoin,HTC,427,0.0000248360,0.00000001,84.142,273105.0,10996318099.0,20996318099.0,0.32,-36.7,-38.22,1496484869
HOdlcoin,HODL,428,0.00293065,0.00000118,324.073,272404.0,92949900.0,250000000.0,0.32,-6.62,23.75,1496484869
Crypto Bullion,CBX,429,0.264847,0.00010664,315.333,263759.0,995892.0,995892.0,0.37,13.29,-5.51,1496484843
MTMGaming,MTM,430,0.0843529,0.00003396,238.887,253059.0,3000000.0,5000000.0,4.84,-30.12,244.44,1496484885
BTCtalkcoin,TALK,431,0.00357833,0.00000161,,233631.0,65290635.0,65290635.0,,,-17.21,1496191750
AgrolifeCoin,AGLC,432,0.0472658,0.00001990,,216937.0,4589734.0,204589734.0,,,,1496301878
VirtualCoin,VC,433,0.0213734,0.00000888,,215108.0,10064287.0,10064287.0,,-0.32,10.71,1496433855
KibiCoin,KIC,434,0.0144019,0.00000580,324.479,211154.0,14661550.0,14661550.0,6.54,-15.88,,1496484591
SwagBucks,BUCKS,435,1.01682,0.00040941,6.92172,209320.0,205857.0,205857.0,0.58,6.94,-7.42,1496484867
Vault Coin,VLTC,436,0.00697616,0.00000281,39.3799,207393.0,29728820.0,529728820.0,-0.62,41.08,4.39,1496484880
BritCoin,BRIT,437,0.00948735,0.00000382,6.75956,201778.0,21268092.0,21268092.0,0.32,-1.53,13.4,1496484852
42-coin,42,438,4725.96,1.90287,269.998,198490.0,42.0,42.0,0.05,5.55,48.97,1496484844
The Cypherfunks,FUNK,439,0.0000042686,0.000000002,223.45,188544.0,44169520000.0,44169520000.0,0.79,-9.87,-7.58,1496484862
Bitz,BITZ,440,0.0892373,0.00003720,,177662.0,1990891.0,1990891.0,,,19.35,1496351362
Zero,ZER,441,0.235918,0.00009500,412.613,177101.0,750690.0,750690.0,0.37,2.3,28.88,1496484585
Coin(O),CNO,442,0.00171094,0.00000069,107.083,176441.0,103124990.0,103124990.0,-22.22,-10.73,140.8,1496484849
Veltor,VLT,443,0.317901,0.000128,140.145,176389.0,554855.0,554855.0,0.32,-30.65,-36.7,1496484875
NetCoin,NET,444,0.000222898,0.00000009,29.0876,175449.0,787126712.0,787126712.0,0.27,2.05,21.35,1496484843
Bitstar,BITS,445,0.0075253,0.00000303,325.319,173682.0,23079737.0,23079737.0,0.74,-46.61,42.26,1496484850
Tristar Coin,TSTR,446,0.0343849,0.00001500,,172882.0,5027857.0,255027857.0,,,-4.97,1496271895
Tattoocoin (Standard Edition),TSE,447,0.00149889,0.00000060,276.846,171472.0,114399149.0,604399149.0,0.33,44.48,51.71,1496484882
Stress,STS,448,0.000298032,0.00000012,6.62207,168428.0,565134332.0,565134332.0,0.32,23.45,34.8,1496484868
DigitalPrice,DP,449,0.0071389,0.00000287,431.14,161793.0,22663601.0,22663601.0,22.52,17.54,116.89,1496484856
BillaryCoin,BLRY,450,0.0179067,0.00000721,32.1153,160859.0,8983158.0,8983158.0,0.32,-11.49,-10.01,1496484871
Crave,CRAVE,451,0.128079,0.00005157,272.18,160060.0,1249695.0,1249695.0,2.75,2.9,186.62,1496484860
Titcoin,TIT,452,0.00305841,0.00000123,85.0621,152609.0,49898202.0,49898202.0,1.66,-4.09,-24.96,1496484854
LottoCoin,LOT,453,0.0000102769,0.000000004,11.0042,148923.0,14491014421.0,14491014421.0,-1.36,10.61,47.82,1496484843
Bottlecaps,CAP,454,0.000993684,0.00000040,371.364,138236.0,139114389.0,139114389.0,0.3,-59.47,59.5,1496484858
PureVidz,VIDZ,455,0.00108723,0.00000044,15.4923,136105.0,125185553.0,125185553.0,0.32,9.75,28.96,1496484881
GAIA,GAIA,456,0.00533974,0.00000215,54.157,128695.0,24101381.0,24101381.0,-10.13,,40.52,1496484857
Bitcurrency,BTCR,457,0.000761406,0.00000031,112.312,128205.0,168378887.0,168378887.0,0.32,6.94,100.7,1496484879
Dollarcoin,DLC,458,0.0137436,0.00000553,5.93275,125159.0,9106714.0,9106714.0,0.32,28.48,147.75,1496484875
CorgiCoin,CORG,459,0.0000992430,0.00000004,26.0479,124238.0,1251855418.0,1251855418.0,0.32,62.71,-17.67,1496484847
TittieCoin,TTC,460,0.0000945439,0.00000004,397.902,119108.0,1259816434.0,1259816434.0,0.32,35.42,89.75,1496484857
MetalCoin,METAL,461,0.00154592,0.00000064,,118921.0,76925527.0,76925527.0,,0.05,-9.51,1496430259
C-Bit,XCT,462,0.000894096,0.00000036,84.2609,117847.0,131806250.0,131806250.0,-2.39,12.21,18.14,1496484868
Universal Currency,UNIT,463,0.00889128,0.00000358,6.35372,115999.0,13046431.0,13046431.0,0.32,201.95,41.78,1496484861
RedCoin,RED,464,0.00156419,0.00000063,174.37,115919.0,74107896.0,74107896.0,5.53,159.12,82.97,1496484845
Xiaomicoin,MI,465,0.000283411,0.00000011,139.344,115105.0,406141855.0,406141855.0,10.33,0.74,30.25,1496484867
Cannacoin,CCN,466,0.0244138,0.00000983,62.5909,114688.0,4697675.0,4697675.0,23.12,-13.21,32.51,1496484850
QuazarCoin,QCN,467,0.0198688,0.00000800,89.6603,113558.0,5715373.0,5715373.0,0.32,4.49,45.41,1496484851
Swing,SWING,468,0.0497962,0.00002005,59.3211,113555.0,2280393.0,2280393.0,0.32,14.5,10.94,1496484864
Pakcoin,PAK,469,0.00280509,0.00000113,256.808,102863.0,36669950.0,36669950.0,-0.83,2.46,27.78,1496484864
BigUp,BIGUP,470,0.0000496720,0.00000002,94.9569,102074.0,2054962770.0,2054962770.0,0.32,29.86,25.09,1496484868
Sterlingcoin,SLG,471,0.0261328,0.00001052,307.781,101425.0,3881156.0,3881156.0,2.33,2.39,23.17,1496484855
GlobalBoost-Y,BSTY,472,0.00862782,0.00000347,386.21,98344.0,11398430.0,11398430.0,0.49,9.77,38.13,1496484856
FlutterCoin,FLT,473,0.000297635,0.00000012,66.419,95902.0,322214524.0,322214524.0,-0.44,2.55,4.61,1496484848
Coin2.1,C2,474,0.000958728,0.00000039,382.15,95850.0,99976323.0,99976323.0,-1.98,-7.83,11.34,1496484852
BunnyCoin,BUN,475,0.0000009208,0.0000000004,39.8431,93380.0,101415696536,101415696536,-1.26,8.74,48.86,1496484855
WayGuide,WAY,476,0.000883361,0.00000036,,88372.0,100040708.0,100040708.0,,1.62,22.08,1496468977
bitGold,BITGOLD,477,1553.09,0.625337,187.538,86996.0,56.0,56.0,-1.86,5.25,1.94,1496484858
Emerald Crypto,EMD,478,0.00424856,0.00000171,273.358,81220.0,19117129.0,19117129.0,0.32,-12.01,64.57,1496484842
AmberCoin,AMBER,479,0.00183786,0.00000074,2.82974,80210.0,43643263.0,43643263.0,0.32,,40.68,1496484859
NoLimitCoin,NLC2,480,0.000397376,0.00000016,84.1723,79658.0,200459007.0,200459007.0,-8.27,17.55,-17.62,1496484875
GameUnits,UNITS,481,0.0229236,0.00000923,17.7062,79465.0,3466524.0,3466524.0,0.32,4.8,-18.61,1496484882
Triangles,TRI,482,1.04343,0.00042013,5.11912,76057.0,72891.0,72891.0,0.32,4.1,-4.94,1496484853
UFO Coin,UFO,483,0.0000229521,0.00000001,,75462.0,3287800012.0,3287800012.0,,,,1496273048
Elementrem,ELE,484,0.00296853,0.00000120,4.05018,74281.0,25022914.0,25022914.0,0.32,-10.2,28.32,1496484873
KiloCoin,KLC,485,0.00037254,0.00000015,263.775,73129.0,196297971.0,10025186872.0,0.32,-9.24,42.58,1496484867
Guncoin,GUN,486,0.000397376,0.00000016,26.3494,72388.0,182165878.0,182165878.0,0.32,9.73,56.72,1496484850
ChessCoin,CHESS,487,0.0013329,0.00000054,126.984,71934.0,53968015.0,53968015.0,3.13,13.61,45.32,1496484872
Valorbit,VAL,488,0.0000248360,0.00000001,6.70574,71399.0,2874821140.0,922340074821140,0.32,2.86,23.57,1496484869
SproutsExtreme,SPEX,489,0.0000248360,0.00000001,22.6007,71195.0,2866607586.0,2866607586.0,0.32,2.88,23.57,1496484868
Darsek,KED,490,0.00717688,0.00000289,58.6014,70800.0,9865035.0,9865035.0,0.37,-6.1,-6.37,1496484587
Blakecoin,BLC,491,0.00593452,0.00000239,212.227,70685.0,11910789.0,11910789.0,0.33,1.58,30.9,1496484846
CCMiner,CCM100,492,0.0288999,0.00001164,132.708,69832.0,2416354.0,6000000.0,2.73,1.48,87.26,1496484884
HempCoin,HMP,493,0.0000496720,0.00000002,136.807,67386.0,1356622190.0,2856622190.0,0.32,2.86,23.57,1496484867
Zayedcoin,ZYD,494,0.0104311,0.00000420,82.4088,65130.0,6243840.0,6243840.0,0.32,30.91,30.07,1496484876
Yacoin,YAC,495,0.000546392,0.00000022,88.1158,63451.0,116127536.0,116127536.0,0.32,-1.61,18.19,1496484841
Tigercoin,TGC,496,0.00144049,0.00000058,109.863,62714.0,43536800.0,43536800.0,-14.43,38.74,129.01,1496484843
Evotion,EVO,497,0.0250505,0.00001009,245.849,61855.0,2469220.0,2469220.0,0.81,44.16,-11.62,1496484866
Spots,SPT,498,0.00273998,0.00000110,491.175,61392.0,22406021.0,22406021.0,-2.1,-21.2,186.86,1496484846
Ratecoin,XRA,499,0.00057417,0.00000023,153.589,60932.0,106122128.0,106122128.0,-3.36,-1.17,3.22,1496484862
Bitcloud,BTD,500,0.00540268,0.00000222,,60184.0,11139566.0,11139566.0,,0.79,-9.8,1496440775
PonziCoin,PONZI,501,0.0695408,0.00002800,455.371,59882.0,861099.0,861099.0,0.32,-5.59,72.99,1496484871
KushCoin,KUSH,502,0.0110023,0.00000443,70.0677,59348.0,5394110.0,5394110.0,-22.17,11.68,12.73,1496484882
DigiCube,CUBE,503,0.0000241652,0.000000010,13.0754,58700.0,2429126009.0,2429126009.0,0.31,19.36,20.52,1496484865
MiloCoin,MILO,504,0.00551992,0.00000222,34.0844,56824.0,10294402.0,10294402.0,0.32,24.24,64.25,1496484885
NevaCoin,NEVA,505,0.0307773,0.00001239,136.803,55923.0,1817035.0,1817035.0,17.91,5.48,47.76,1496484868
Lex4All,LEX,506,0.0552618,0.00002225,36.086,55264.0,1000043.0,5000000.0,18.72,12.28,-10.17,1496484585
RevolverCoin,XRE,507,0.00250843,0.00000101,43.4169,54673.0,21795882.0,21795882.0,-0.42,-3.79,19.15,1496484872
MarteXcoin,MXT,508,0.019823,0.00000798,0.133862,54080.0,2728161.0,2728161.0,-4.12,18.22,-11.85,1496484871
Eternity,ENT,509,0.01724,0.00000694,211.929,53003.0,3074434.0,3074434.0,6.19,14.77,-6.08,1496484879
PayCon,CON,510,0.00229598,0.00000092,92.8503,52905.0,23042604.0,23042604.0,0.28,100.9,94.76,1496484859
Debitcoin,DBTC,511,0.0029387,0.00000118,22.1584,52873.0,17992138.0,25992138.0,0.32,-17.21,81.13,1496484872
Argentum,ARG,512,0.00675538,0.00000272,463.893,50735.0,7510249.0,7510249.0,0.3,-7.84,22.83,1496484846
SatoshiMadness,MAD,513,0.0000248360,0.00000001,5.21561,49689.0,2000683485.0,2000683485.0,0.32,2.86,23.57,1496484863
AurumCoin,AU,514,0.166625,0.00006709,91.4817,49357.0,296216.0,296216.0,0.91,3.74,24.4,1496484857
Artex Coin,ATX,515,0.00261386,0.00000105,300.583,48878.0,18699470.0,268699470.0,-10.49,-30.04,15.21,1496484874
CoExistCoin,COXST,516,0.0017998,0.00000072,56.9125,48845.0,27138905.0,27138905.0,1.0,129.84,69.02,1496484869
Aricoin,ARI,517,0.000347704,0.00000014,31.007,48770.0,140262505.0,140262505.0,0.31,-3.3,34.99,1496484847
ICOBID,ICOB,518,0.00046912,0.00000019,334.187,48724.0,103862796.0,103862796.0,0.33,13.96,45.4,1496484882
Prime-XI,PXI,519,0.00328959,0.00000132,81.3565,48713.0,14808305.0,14808305.0,0.28,11.36,107.2,1496484856
Joulecoin,XJO,520,0.00142654,0.00000057,11.2883,46036.0,32270888.0,32270888.0,1.5,12.36,46.45,1496484843
Jin Coin,JIN,521,0.00444564,0.00000179,67.6823,43783.0,9848485.0,9848485.0,0.32,-26.34,21.76,1496484876
Sativacoin,STV,522,0.00604705,0.00000243,0.884196,42794.0,7076911.0,7076911.0,0.31,,23.73,1496484857
BurstOcean,OCEAN,523,0.200511,0.00008073,33.1344,42474.0,211827.0,1000000.0,3.3,1.1,131.27,1496484885
UniCoin,UNIC,524,0.0144276,0.00000581,100.167,42015.0,2912154.0,2912154.0,0.32,2.42,30.65,1496484862
UCoin,U,525,0.015448,0.00000622,171.344,41552.0,2689812.0,2689812.0,0.32,3.19,32.5,1496484858
AmsterdamCoin,AMS,526,0.00432146,0.00000174,82.6843,41502.0,9603707.0,16803707.0,0.31,-5.97,35.65,1496484864
808Coin,808,527,0.000197945,0.00000008,290.16,41324.0,208765857.0,208765857.0,0.21,-3.81,50.64,1496484874
Francs,FRN,528,0.0233664,0.00000941,258.086,40052.0,1714100.0,1714100.0,0.58,-14.03,28.41,1496484867
MACRON,MCRN,529,0.0000993339,0.00000004,284.221,39875.0,401421401.0,401421401.0,0.37,6.76,103.22,1496484588
Franko,FRK,530,0.0617919,0.00002488,5.81291,39358.0,636950.0,636950.0,0.32,7.91,2.48,1496484841
SpaceCoin,SPACE,531,0.00212844,0.00000086,54.9136,37906.0,17809075.0,17809075.0,0.32,4.9,24.86,1496484864
OctoCoin,888,532,0.000769884,0.00000031,26.327,37258.0,48394508.0,48394508.0,0.31,0.19,54.03,1496484849
Dobbscoin,BOB,533,0.00724893,0.00000292,2.56793,36682.0,5060382.0,5060382.0,0.3,9.4,30.92,1496484854
HealthyWormCoin,WORM,534,0.00223501,0.00000090,482.69,36521.0,16340575.0,16340575.0,0.37,32.22,-25.14,1496484586
FlavorCoin,FLVR,535,0.00173848,0.00000070,200.465,36331.0,20898106.0,20898106.0,0.32,18.87,77.45,1496484866
GoldPieces,GP,536,0.0295531,0.00001190,324.51,36060.0,1220161.0,1220161.0,1.42,35.61,20.73,1496484859
Honey,HONEY,537,0.527117,0.00021226,324.765,36005.0,68306.0,68306.0,-1.08,53.84,0.11,1496484585
WMCoin,WMC,538,0.00311404,0.00000128,,35897.0,11527489.0,911527489.0,,0.77,54.93,1496438372
Cypher,CYP,539,0.00559142,0.00000226,,35591.0,6365285.0,6365285.0,,2.46,-6.96,1496459661
PopularCoin,POP,540,0.0000106207,0.000000004,33.4326,35504.0,3342879234.0,3342879234.0,-1.44,1.58,41.5,1496484850
BitQuark,BTQ,541,0.00494236,0.00000199,278.338,35366.0,7155671.0,7155671.0,0.32,146.61,51.9,1496484851
CryptoWorldX Token,CWXT,542,0.00062065,0.00000025,13.3849,33962.0,54719340.0,54719340.0,2.52,7.1,54.46,1496484884
Evil Coin,EVIL,543,0.00158947,0.00000064,4.68638,33411.0,21020383.0,21020383.0,0.32,4.71,28.84,1496484867
Creatio,XCRE,544,0.00161699,0.00000065,251.572,33181.0,20520514.0,20520514.0,-2.75,9.09,48.98,1496484880
PlatinumBAR,XPTX,545,0.188257,0.00007580,12.8633,32997.0,175275.0,175275.0,0.32,,102.91,1496484870
Uro,URO,546,0.0267484,0.00001077,3.88047,32294.0,1207310.0,1207310.0,0.32,2.86,12.97,1496484852
RonPaulCoin,RPC,547,0.0402343,0.00001620,21.9205,31774.0,789732.0,789732.0,0.68,3.7,73.36,1496484846
Universe,UNI,548,0.0103556,0.00000417,79.6036,31004.0,2993980.0,14193980.0,0.37,-13.38,6.73,1496484586
Grantcoin,GRT,549,0.00074508,0.00000030,5.0979,30799.0,41336496.0,10041336496.0,0.31,23.45,48.26,1496484864
Solarflarecoin,SFC,550,0.0022104,0.00000089,174.794,30353.0,13732000.0,13732000.0,0.32,-3.72,-8.29,1496484882
Bitzeny,ZNY,551,0.000397376,0.00000016,56.3573,30047.0,75614500.0,75614500.0,0.32,9.71,30.82,1496484862
Zurcoin,ZUR,552,0.00037254,0.00000015,64.9188,29438.0,79019976.0,79019976.0,0.32,2.86,42.58,1496484870
Hexx,HXX,553,0.0216981,0.00000874,77.709,29391.0,1354536.0,1354536.0,0.3,-6.59,-24.55,1496484863
Dreamcoin,DRM,554,0.0120275,0.00000503,,29311.0,2436996.0,2436996.0,,,12.68,1496330352
BumbaCoin,BUMBA,555,0.00131631,0.00000053,6.16706,28890.0,21947640.0,21947640.0,0.32,9.03,-10.0,1496484869
LeaCoin,LEA,556,0.000102074,0.00000004,79.2983,28205.0,276322689.0,276322689.0,-7.03,27.22,26.9,1496484861
ParallelCoin,DUO,557,0.0977218,0.00003935,282.982,28094.0,287489.0,287489.0,0.57,29.64,33.11,1496484865
Unrealcoin,URC,558,0.00397376,0.00000160,4.4859,27913.0,7024402.0,7024402.0,0.32,4.16,19.1,1496484861
NeuCoin,NEU,559,0.0000139328,0.000000006,0.762854,27737.0,1990764588.0,2014638413.0,-3.9,-3.13,,1496484865
PX,PX,560,0.000347704,0.00000014,6.45934,26733.0,76883696.0,76883696.0,0.32,-42.21,-8.95,1496484874
SoonCoin,SOON,561,0.00211106,0.00000085,6.51355,26309.0,12462620.0,12462620.0,-0.84,18.15,13.3,1496484858
Bitcoin 21,XBTC21,562,0.0324358,0.00001306,0.000695408,25725.0,793108.0,7093108.0,0.32,,83.18,1496484870
Firecoin,FIRE,563,0.258418,0.00010405,0.775131,25431.0,98412.0,98412.0,0.32,78.13,7.15,1496484853
BipCoin,BIP,564,0.0187794,0.00000756,155.515,25237.0,1343889.0,1343889.0,0.32,46.19,5.52,1496484878
PIECoin,PIE,565,0.000347704,0.00000014,273.686,25060.0,72071668.0,72071668.0,0.73,-2.78,8.83,1496484884
CryptoEscudo,CESC,566,0.000173852,0.00000007,106.518,25053.0,144105100.0,594105100.0,0.32,2.86,23.57,1496484848
Cannation,CNNC,567,0.00993339,0.00000400,63.0844,24386.0,2454993.0,2454993.0,0.39,-1.05,2.91,1496484589
Photon,PHO,568,0.0000013276,0.0000000005,31.2243,23699.0,17851009683.0,17851009683.0,-1.45,-31.43,82.64,1496484848
GanjaCoin,420G,569,0.0345412,0.00001391,0.000145211,23245.0,672975.0,1741116.0,1.92,1733.99,103.71,1496484856
ARbit,ARB,570,0.00357811,0.00000149,,23175.0,6476905.0,6476905.0,,,7.24,1496362165
AntiBitcoin,ANTI,571,0.00131631,0.00000053,213.038,22990.0,17465159.0,17465159.0,0.32,,19.07,1496484866
Ride My Car,RIDE,572,0.00022398,0.00000009,97.4314,22644.0,101099743.0,101099743.0,-9.64,9.31,0.04,1496484884
Luna Coin,LUNA,573,0.0183138,0.00000737,311.14,22478.0,1227386.0,1227386.0,0.57,20.85,43.52,1496484881
Theresa May Coin,MAY,574,0.00144034,0.00000058,4.44879,22039.0,15301200.0,15301200.0,0.39,-5.56,,1496484590
BiosCrypto,BIOS,575,0.0010627,0.00000043,,22037.0,20737003.0,20737003.0,,2.32,61.1,1496452465
X-Coin,XCO,576,0.00171368,0.00000069,3.80388,21224.0,12384976.0,12384976.0,0.32,-11.27,-12.14,1496484860
Prototanium,PR,577,0.105528,0.00004249,46.8639,20521.0,194462.0,194462.0,0.32,33.68,47.26,1496484864
MindCoin,MND,578,0.00161434,0.00000065,9.2067,20255.0,12546625.0,12546625.0,0.32,0.66,14.74,1496484866
Flaxscript,FLAX,579,0.00367573,0.00000148,19.2858,20206.0,5497042.0,5497042.0,0.32,0.81,18.62,1496484862
BTCDragon,DRAGON,580,0.0483992,0.00001949,193.597,19560.0,404146.0,1000000.0,3.3,-50.88,-35.19,1496484883
Destiny,DES,581,0.0120229,0.00000485,,19237.0,1600000.0,1600000.0,0.14,-3.72,23.33,1496482470
IslaCoin,ISL,582,0.0126675,0.00000510,307.787,19175.0,1513704.0,1513704.0,0.32,1.08,-15.72,1496484864
Kittehcoin,MEOW,583,0.0000007813,0.0000000003,2.85529,18678.0,23905669976.0,23905669976.0,-0.24,-28.7,88.21,1496484844
Alexium,AUM,584,0.000912034,0.00000037,,18512.0,20297336.0,20297336.0,,2.09,22.64,1496454265
Halcyon,HAL,585,0.00389925,0.00000157,12.2301,18143.0,4652869.0,4652869.0,-11.01,7.3,7.67,1496484854
Vector,VEC2,586,0.00114246,0.00000046,3.7405,18104.0,15846080.0,15846080.0,0.32,7.53,-41.4,1496484864
SecretCoin,SCRT,587,0.00424808,0.00000177,,17964.0,4228672.0,4228672.0,,-0.6,27.32,1496414965
DAPPSTER,DLISK,588,0.000173852,0.00000007,3.43218,17385.0,100000000.0,100000000.0,0.32,-10.0,-13.5,1496484873
GameBet Coin,GBT,589,0.000813435,0.00000033,,17296.0,21262780.0,22262780.0,,2.09,15.63,1496454270
Sprouts,SPRTS,590,0.0000000968,0.00000000004,63.4711,17017.0,175707950163,175707950163,-12.56,22.52,210.98,1496484862
PLNcoin,PLNC,591,0.000993439,0.00000040,1.5895,16977.0,17089600.0,19089600.0,0.32,-10.56,-3.09,1496484849
Sling,SLING,592,0.015597,0.00000628,11.2455,16753.0,1074095.0,1074095.0,0.32,3.02,30.42,1496484860
AnarchistsPrime,ACP,593,0.00379991,0.00000153,115.383,16700.0,4394874.0,4394874.0,3.71,10.63,49.64,1496484862
Steps,STEPS,594,0.00089215,0.00000037,,16616.0,18625017.0,18625017.0,,-0.14,19.95,1496434766
VIP Tokens,VIP,595,0.000198688,0.00000008,20.8625,16581.0,83450403.0,83450403.0,0.32,-8.57,-10.13,1496484868
SongCoin,SONG,596,0.000504336,0.00000020,47.5623,16424.0,32565300.0,32565300.0,-6.43,-14.14,15.36,1496484859
Impact,IMX,597,0.000149001,0.00000006,4.9667,16288.0,109314611.0,109314611.0,0.37,-11.85,-7.08,1496484586
VapersCoin,VPRC,598,0.0000207579,0.000000008,63.1357,16194.0,780124964.0,1635124964.0,-5.15,21.35,18.76,1496484874
Orlycoin,ORLY,599,0.000431634,0.00000018,,15818.0,36646779.0,36646779.0,,-0.67,26.32,1496410470
Blackstar,BSTAR,600,0.0000248360,0.00000001,110.545,15666.0,630795971.0,630795971.0,0.32,2.86,23.57,1496484880
FuzzBalls,FUZZ,601,0.00322868,0.00000130,279.959,15594.0,4829945.0,4829945.0,2.09,8.67,29.16,1496484870
Hirocoin,HIRO,602,0.0000496720,0.00000002,4.9672,15478.0,311594173.0,311594173.0,0.32,105.72,147.13,1496484848
BowsCoin,BSC,603,0.00278163,0.00000112,19.4714,15438.0,5550102.0,5550102.0,0.32,2.86,94.92,1496484862
Scorecoin,SCORE,604,0.000918839,0.00000037,11.9881,15301.0,16653010.0,16653010.0,59.08,29.93,12.52,1496484587
OsmiumCoin,OS76,605,0.0167146,0.00000673,2.11839,14943.0,894026.0,894026.0,0.32,12.21,42.15,1496484865
Litecred,LTCR,606,0.000489602,0.00000020,98.6059,14800.0,30227750.0,30227750.0,-10.22,-31.09,6.26,1496484867
GuccioneCoin,GCC,607,0.000720244,0.00000029,0.363673,14611.0,20285537.0,23775537.0,0.32,2.86,2.38,1496484863
Metal Music Coin,MTLMC3,608,0.000172913,0.00000007,31.7801,13784.0,79719140.0,79719140.0,0.31,16.93,62.78,1496484863
BitTokens,BXT,609,0.0260778,0.00001050,33.4747,13564.0,520155.0,520155.0,0.32,2.86,203.14,1496484875
BlazeCoin,BLZ,610,0.0000220378,0.000000009,7.38724,13411.0,608557394.0,608557394.0,-1.44,-1.74,44.68,1496484853
JobsCoin,JOBS,611,0.00012418,0.00000005,65.6709,13165.0,106019270.0,200019300.0,0.32,2.86,54.46,1496484877
LetItRide,LIR,612,0.00037254,0.00000015,30.1667,13140.0,35272331.0,35272331.0,0.32,20.24,68.5,1496484873
Crypto,CTO,613,0.00131631,0.00000053,40.5007,13077.0,9934262.0,9934262.0,0.31,-7.6,-26.85,1496484862
B3Coin,B3,614,0.0424857,0.00001711,197.077,13066.0,307549.0,307549.0,55.59,-42.69,64.67,1496484875
TajCoin,TAJ,615,0.00225042,0.00000091,45.9723,12997.0,5775218.0,5775218.0,-16.17,7.94,41.12,1496484874
MustangCoin,MST,616,0.0200526,0.00000810,,12608.0,628737.0,628737.0,,-14.25,-46.19,1496450376
TAGRcoin,TAGR,617,0.000322868,0.00000013,1.26107,12485.0,38669634.0,38669634.0,0.32,2.86,-5.51,1496484863
Solaris,XLR,618,0.0701507,0.00002825,129.578,11993.0,170960.0,270960.0,10.74,-3.2,-18.06,1496484587
Comet,CMT,619,0.0134965,0.00000543,5.0524,11780.0,872830.0,872830.0,0.86,8.07,35.0,1496484872
WARP,WARP,620,0.0105936,0.00000443,,11602.0,1095224.0,1095224.0,,-0.96,25.19,1496415568
Money,$$$,621,0.000240544,0.00000010,31.799,11038.0,45887218.0,45887218.0,-0.36,-13.63,-0.08,1496484865
Iconic,ICON,622,0.0178819,0.00000720,0.499203,10602.0,592894.0,592894.0,0.32,,5.29,1496484883
Cabbage,CAB,623,0.000993439,0.00000040,238.502,10431.0,10499996.0,10499996.0,0.32,-8.14,20.55,1496484869
Abncoin,ABN,624,0.149115,0.00006004,7.45576,10095.0,67700.0,4734367.0,9.48,-5.98,103.94,1496484882
Zonecoin,ZNE,625,0.00382474,0.00000154,59.7258,9875.0,2581970.0,2581970.0,0.32,3.55,45.26,1496484875
Cashcoin,CASH,626,0.000273196,0.00000011,1.92014,9789.0,35831128.0,35831128.0,0.32,,23.57,1496484846
G3N,G3N,627,0.00127629,0.00000052,,9651.0,7561891.0,7561891.0,,1.65,17.59,1496469262
Xonecoin,XOC,628,0.0229236,0.00000923,3.32509,9628.0,420000.0,420000.0,0.32,3.08,23.83,1496484874
JIO Token,JIO,629,0.00491753,0.00000198,407.418,9383.0,1908128.0,8888888.0,0.32,29.31,154.81,1496484881
1CRedit,1CR,630,0.105528,0.00004249,9.93439,9309.0,88213.0,88213.0,0.32,,58.91,1496484869
High Voltage,HVCO,631,0.00611441,0.00000256,,9136.0,1494171.0,1694171.0,,,33.43,1496333672
EGO,EGO,632,0.000149016,0.00000006,0.298032,8941.0,60000001.0,60000001.0,0.32,-4.43,5.91,1496484877
Shilling,SH,633,0.00272901,0.00000110,153.817,8818.0,3231100.0,3231100.0,-40.01,-21.03,6.34,1496484875
iBank,IBANK,634,0.00188531,0.00000079,,8534.0,4526324.0,4526324.0,,,17.25,1496357683
Qibuck Asset,QBK,635,0.00580394,0.00000234,2.32158,8452.0,1456187.0,2000000.0,3.9,57.23,49.39,1496484591
Pulse,PULSE,636,0.000589186,0.00000024,8.12146,8425.0,14298972.0,14298972.0,-2.21,230.02,13.2,1496484869
Coinonat,CXT,637,0.00386992,0.00000156,464.327,8356.0,2159102.0,8159102.0,14.92,48.05,53.15,1496484588
Speedcash,SCS,638,0.0312157,0.00001257,304.77,8151.0,261106.0,476193.0,0.37,-37.24,-10.48,1496484588
DPAY,DPAY,639,0.0000993440,0.00000004,27.9872,7902.0,79541001.0,79541001.0,-19.74,2.88,23.57,1496484878
Hommalicoin,HMC,640,3.0134,0.00121332,181.393,7289.0,2419.0,1000000000.0,1.58,,-23.53,1496484872
PosEx,PEX,641,0.00288097,0.00000116,7.5793,7068.0,2453240.0,2453240.0,0.32,1.98,2.38,1496484869
Dix Asset,DIX,642,0.0000000684,0.00000000003,,6844.0,100000000000,100000000000,,0.2,7.79,1496417087
Future Digital Currency,FDC,643,0.00253327,0.00000102,54.6392,6547.0,2584401.0,1002584401.0,0.32,16.57,11.63,1496484881
Printerium,PRX,644,0.000670572,0.00000027,275.683,6085.0,9074428.0,9074428.0,0.98,4.92,22.41,1496484882
Magnum,MGM,645,0.00153983,0.00000062,0.34758,5586.0,3627570.0,253627570.0,,,-43.25,1496484882
SydPak,SDP,646,0.0348946,0.00001405,0.859698,5532.0,158540.0,158540.0,0.32,-13.83,25.9,1496484863
ImpulseCoin,IMPS,647,0.000273196,0.00000011,1.61225,5531.0,20245510.0,20245510.0,0.32,-24.57,23.57,1496484878
Concoin,CONX,648,0.00779771,0.00000314,40.4996,5364.0,687849.0,1538849.0,0.37,-8.63,92.88,1496484587
Elysium,ELS,649,0.00121696,0.00000049,112.266,4874.0,4005012.0,4005012.0,38.47,-38.73,18.56,1496484883
BioBar,BIOB,650,0.00528953,0.00000213,135.546,4685.0,885756.0,985756.0,-4.99,1.06,17.51,1496484586
Save and Gain,SANDG,651,0.00141989,0.00000064,,4352.0,3064800.0,3064800.0,,,7.04,1496226272
GeertCoin,GEERT,652,0.000844337,0.00000034,8.79616,4298.0,5090239.0,5090239.0,6.61,6.08,-1.24,1496484885
Antilitecoin,ALTC,653,0.00012418,0.00000005,2.01512,3913.0,31512613.0,31512613.0,0.32,-26.52,-22.77,1496484869
Revenu,REV,654,0.00322868,0.00000130,37.084,3860.0,1195525.0,1195525.0,0.32,16.09,,1496484869
NodeCoin,NODC,655,0.00221639,0.00000097,,3720.0,1678439.0,5878439.0,,,14.87,1496270080
Selfiecoin,SLFI,656,0.0000248360,0.00000001,1.98688,2678.0,107829281.0,107829281.0,0.32,2.88,23.57,1496484860
Californium,CF,657,0.0203655,0.00000820,18.7702,2263.0,111110.0,111110.0,0.32,4.66,-0.95,1496484861
Doubloon,BOAT,658,0.000496597,0.00000020,122.275,1762.0,3547845.0,18547845.0,0.32,-16.2,-27.59,1496484883
P7Coin,P7C,659,0.0000496720,0.00000002,0.347282,1749.0,35220238.0,35220238.0,0.32,-24.05,23.57,1496484860
Enigma,XNG,660,0.0978786,0.00003941,10.5064,1627.0,16627.0,66627.0,0.32,22.1,25.35,1496484869
Dollar Online,DOLLAR,661,0.0156963,0.00000632,304.738,1387.0,88379.0,10088379.0,0.64,5.44,68.44,1496484880
Powercoin,PWR,662,0.0000248360,0.00000001,75.7312,1241.0,49983870.0,49983870.0,0.32,2.86,23.57,1496484871
Impeachcoin,IMPCH,663,0.00327835,0.00000132,4.5127,1010.0,308179.0,2501512.0,0.32,-11.84,51.35,1496484883
23 Skidoo,CHAO,664,3998.67,1.61003,100.076,1010.0,0.0,0.0,0.32,9.69,-20.7,1496484863
Digital Credits,DGCS,665,0.000149016,0.00000006,75.0964,868.0,5826388.0,201284316.0,0.32,49.83,23.57,1496484866
SwapToken,TOKEN,666,0.0000228996,0.000000009,9.89772,804.0,35110531.0,35110531.0,0.39,118.82,4097.12,1496484873
Zcashshare,ZHS,667,0.000216504,0.00000009,,612.0,2826000.0,2826000.0,,-0.37,7.72,1496411380
CRTCoin,CRT,668,0.0049672,0.00000200,0.0000000248,394.0,79270.0,10079270.0,0.32,2.86,23.57,1496484850
PizzaCoin,PIZZA,669,0.000273196,0.00000011,153.93,376.0,1377917.0,10127917.0,0.32,13.64,130.88,1496484875
Xenixcoin,XEN,670,0.0272285,0.00001100,,275.0,10100.0,10010100.0,,2.51,24.35,1496460285
CaliphCoin,CALC,671,0.00121338,0.00000049,23.0169,106.0,87140.0,148587140.0,0.32,17.65,-12.28,1496484876
MikeTheMug,MUG,672,0.0000051456,0.000000002,,5.0,999279.0,1000000.0,,,-99.24,1496047185
BTCGold,XBG,673,0.140458,0.00005656,1.0106,,,99000001.0,0.39,2.85,-36.37,1496484588
Soarcoin,SOAR,674,0.0188734,0.00000760,308.77,,,5000000000.0,0.37,-1.99,16.2,1496484586
Project-X,NANOX,675,461654.0,185.9,1200.08,,,1.0,0.37,52.94,,1496484591
Internet of Things,XOT,676,19039.2,7.66676,1625.05,,,21000000.0,-4.0,1468.79,1902.46,1496484587
AMIS,AMIS,677,277.548,0.115061,,,,,,,,1496391890
Bitcoin Unlimited (Futures),BTU,678,143.97,0.0579743,785.191,,,,-2.48,3.42,-1.81,1496484585
Malcoin,MALC,679,32.3676,0.0130339,42498.4,,,1000000000.0,0.37,2.84,23.7,1496484589
GoldUnionCoin,GUC,680,22.3501,0.009,728.846,,,210000000.0,0.37,1.71,27.84,1496484589
Qtum (Pre-Launch),QTUM,681,12.2271,0.00492364,44418600.0,,,100000000.0,-2.51,20.81,235.45,1496484590
Fargocoin,FRGC,682,7.13232,0.00287177,846177.0,,,443998841.0,-0.3,1.87,7.72,1496484881
ZenCash,ZEN,683,6.20993,0.00250063,19299.8,,,1396400.0,-20.19,-24.56,,1496484591
Internet of People,IOP,684,3.97346,0.00159988,3728.57,,,2139406.0,0.32,13.8,87.22,1496484878
DECENT (Pre-Launch),DCT,685,3.38794,0.00136413,2439.27,,,73290000.0,14.63,19.28,0.54,1496484879
EcoCoin,ECO,686,3.37944,0.00136084,30230.2,,,1093895.0,2.44,-13.98,20.12,1496484590
PRIZM,PZM,687,1.10971,0.00044686,33159.5,,,,0.36,3.01,28.7,1496484590
Bitcore,BTX,688,1.07077,0.00043118,8916.11,,,16362341.0,0.36,-0.24,-19.46,1496484589
OBITS.WARRANT,WARRANT,689,1.04922,0.00042689,,,,,,5.04,,1496473492
DynamicCoin,DMC,690,0.992367,0.00039957,134267.0,,,10541442931.0,-0.32,-0.62,-0.66,1496484878
Databits,DTB,691,0.853453,0.00034367,145540.0,,,,-0.06,3.61,34.11,1496484586
Aeternity (Pre-Launch),AE,692,0.841855,0.000339,1753.69,,,,0.37,2.55,,1496484591
XDE II,XDE2,693,0.836732,0.00033694,257.459,,,42249.0,0.37,43.84,75.98,1496484586
TechShares,THS,694,0.810409,0.0003263,71.3885,,,646359158.0,2.49,35.71,53.84,1496484875
GAY Money,GAY,695,0.617174,0.0002485,182.133,,,5603071458.0,-0.53,78.05,79.95,1496484876
TeslaCoilCoin,TESLA,696,0.57093,0.00022988,135.93,,,100000000.0,0.32,112.31,177.78,1496484871
Bitgem,BTG,697,0.5603,0.0002256,26.222,,,,0.32,-29.72,-28.03,1496484842
LEOcoin,LEO,698,0.551886,0.00022221,318705.0,,,92938400.0,1.79,14.04,34.36,1496484863
InvisibleCoin,IVZ,699,0.439597,0.000177,125.772,,,,0.3,9.12,448.47,1496484868
WA Space,WA,700,0.377234,0.00015189,36396.3,,,,0.32,1.95,17.16,1496484878
ZenGold,ZENGOLD,701,0.346461,0.00013951,3975.75,,,,19.98,21.41,,1496484590
ClubCoin,CLUB,702,0.288883,0.00011632,24399.6,,,90899180.0,-0.51,5.18,9.54,1496484866
Yogold,YOG,703,0.273342,0.00011007,21.8667,,,100000000.0,0.37,2.84,31.21,1496484586
TROPTIONS,TROPTIONS,704,0.248173,0.00010598,,,,1000000001.0,,,,1496287780
Zilbercoin,ZBC,705,0.228613,0.00009205,92863.5,,,9009448.0,-0.62,-0.67,-18.07,1496484883
Tattoocoin (Limited Edition),TLE,706,0.216872,0.00008733,1809.71,,,975532.0,0.37,,243.37,1496484589
LandCoin,LDCN,707,0.191864,0.00007725,39022.9,,,19003881978.0,-1.44,101.61,416.26,1496484881
Pabyosi Coin (Special),PCS,708,0.170696,0.00006873,2693.13,,,30993751760.0,0.32,3.13,39.23,1496484880
Golos Gold,GBG,709,0.168885,0.00006800,5682.42,,,,3.24,6.58,22.48,1496484883
Topaz Coin,TOPAZ,710,0.141337,0.00005691,25645.2,,,38356.0,1.42,254.09,-2.61,1496484589
AlpaCoin,APC,711,0.139181,0.00005604,3072.39,,,,-20.48,-13.44,-8.24,1496484867
EquiTrader,EQT,712,0.131617,0.00005300,114803.0,,,7674160.0,0.37,2.85,30.9,1496484590
Wowecoin,WEC,713,0.104,0.00004187,11334.2,,,8901692.0,,-0.0,-1.58,1496484874
DeusCoin,DEUS,714,0.0879105,0.00003540,10108.7,,,,-1.27,0.66,-5.32,1496484588
WavesGo,WGO,715,0.0776322,0.00003126,1181.06,,,10000000.0,7.28,14.84,205.16,1496484588
Omicron,OMC,716,0.076619,0.00003085,0.24836,,,10134137.0,0.32,5.77,23.53,1496484876
Quartz,QRZ,717,0.0620589,0.00002499,1439.32,,,21000000.0,27.87,-42.26,,1496484590
InsaneCoin,INSN,718,0.0594465,0.00002394,1890.31,,,18528370.0,-7.63,-21.15,119.36,1496484590
Fazzcoin,FAZZ,719,0.0519727,0.00002093,741.363,,,1022577370.0,0.26,-11.55,-25.08,1496484588
Elacoin,ELC,720,0.0493988,0.00001989,27.1933,,,,0.31,55.15,79.4,1496484841
International Diamond,XID,721,0.038234,0.00001588,,,,,,,,1496373575
CryptoBuck,BUK,722,0.0373806,0.00001505,31.0173,,,,-4.12,18.22,82.12,1496484856
DeltaCredits,DCRE,723,0.0293185,0.00001217,,,,,,-0.23,13.08,1496419764
President Johnson,GARY,724,0.0293065,0.00001180,225.606,,,57968072167.0,0.32,2.71,94.93,1496484874
IvugeoCoin,IEC,725,0.0247118,0.00000995,5.46156,,,,0.31,2.86,28.22,1496484861
EDRCoin,EDRC,726,0.0224755,0.00000905,13283.3,,,3407292.0,0.12,-3.62,-12.02,1496484869
RHFCoin,RHFC,727,0.0223501,0.00000900,10881.4,,,200157410.0,-2.11,-13.35,-9.39,1496484587
ShellPay,SHELL,728,0.0199632,0.00000804,12390.7,,,,-3.03,-3.87,7.28,1496484862
Gycoin,GYC,729,0.0190419,0.00000767,3535.98,,,22213403.0,0.64,14.56,5.12,1496484873
Lepaoquan,HLB,730,0.0187889,0.00000757,708925.0,,,935398864.0,-2.44,-1.05,20.93,1496484880
Avoncoin,ACN,731,0.0187263,0.00000754,3227.96,,,,0.86,-5.19,-15.64,1496484882
KolschCoin,TP1,732,0.0147961,0.00000620,,,,,,,56.96,1496357661
Digitalfund,DTF,733,0.0139449,0.00000561,12120.3,,,54000053.0,-0.0,-3.81,-25.14,1496484875
Mind Gene,MG,734,0.012418,0.00000500,5752.76,,,,0.32,1.92,-0.23,1496484876
Sharkcoin,SAK,735,0.0108398,0.00000436,2901.2,,,,-1.23,15.12,80.86,1496484859
Dashs,DASHS,736,0.00933739,0.00000376,12.7167,,,,0.37,131.54,52.24,1496484588
9COIN,9COIN,737,0.00911389,0.00000367,875.044,,,350050250.0,0.39,38.27,21.9,1496484589
Tyrocoin,TYC,738,0.0080752,0.00000330,,,,50134500.0,,1.35,133.99,1496468088
Opal,OPAL,739,0.00695664,0.00000280,2148.34,,,,-1.9,0.92,33.24,1496484856
Goldpay Coin,GP,740,0.00685793,0.00000276,27777.6,,,,-2.12,0.86,8.61,1496484590
GBCGoldCoin,GBC,741,0.00671806,0.00000270,69.1361,,,,69.84,17.26,-9.96,1496484865
Helleniccoin,HNC,742,0.006209,0.00000250,751.472,,,,17.2,-1.1,105.53,1496484862
Xaucoin,XAU,743,0.00596064,0.00000240,24.9415,,,,0.32,2.86,13.62,1496484860
Psilocybin,PSY,744,0.00588907,0.00000240,,,,,,1.62,10.57,1496468970
EggCoin,EGG,745,0.00562322,0.00000237,,,,,,,18.05,1496295864
First Bitcoin,BIT,746,0.00547599,0.00000220,517.595,,,20706894653.0,1.29,-17.89,-38.14,1496484874
PiCoin,PI,747,0.00516536,0.00000208,39.7336,,,1378369.0,0.39,-63.95,-17.75,1496484589
Slimcoin,SLM,748,0.00509138,0.00000205,129.147,,,13925626.0,0.32,-21.9,,1496484859
Axiom,AXIOM,749,0.00491753,0.00000198,2.31124,,,,0.32,2.86,22.95,1496484863
GoldReserve,XGR,750,0.00447048,0.00000180,1110.58,,,17162629.0,-2.12,1.73,23.35,1496484852
RoyalCoin 2,RYCN,751,0.00430972,0.00000174,2091.29,,,2500124.0,47.36,34.46,,1496484878
netBit,NBIT,752,0.00419728,0.00000169,4.19728,,,,0.32,-1.23,51.32,1496484878
BagCoin,BGC,753,0.0041174,0.00000166,76433.5,,,497214120.0,0.0,0.34,-0.62,1496484873
SportsCoin,SPORT,754,0.00384958,0.00000155,3649.21,,,19800001.0,91.39,342.86,480.39,1496484875
Bitcoin Scrypt,BTCS,755,0.00357638,0.00000144,12.338,,,,0.32,-7.33,11.38,1496484847
President Trump,PRES,756,0.00339777,0.00000137,397.07,,,57968072167.0,0.31,22.59,44.49,1496484874
AvatarCoin,AV,757,0.00315417,0.00000127,3.25289,,,,0.32,,-1.3,1496484866
ZSEcoin,ZSE,758,0.00277847,0.00000112,56.9155,,,6384440.0,-4.51,1.45,-51.22,1496484586
Quotient,XQN,759,0.00273196,0.00000110,22.9344,,,,0.31,-41.06,,1496484858
Neptune Classic,NTCC,760,0.00238425,0.00000096,755.349,,,,5.84,8.11,119.73,1496484884
OCOW,OCOW,761,0.00227517,0.00000099,,,,,,,14.34,1496142268
BitcoinFast,BCF,762,0.00226995,0.00000091,2.16704,,,,6.75,-7.77,-7.96,1496484858
TrickyCoin,TRICK,763,0.00225648,0.00000092,,,,,,1.58,-7.22,1496472262
GameLeagueCoin,GML,764,0.0022104,0.00000089,0.552601,,,,0.31,,6.77,1496484853
RichCoin,RICHX,765,0.00210122,0.00000093,,,,5925522.0,,,12.41,1496167172
Condensate,RAIN,766,0.00199969,0.00000081,2232.21,,,42978123.0,-2.74,10.86,37.09,1496484590
Advanced Internet Blocks,AIB,767,0.00197424,0.00000079,651.692,,,31411918344.0,0.31,11.25,35.73,1496484862
Digital Bullion Gold,DBG,768,0.00183786,0.00000074,16.5308,,,24523275.0,0.32,-15.43,52.4,1496484872
MMXVI,MMXVI,769,0.00171368,0.00000069,319.923,,,,0.32,7.33,-24.55,1496484868
Clinton,CLINT,770,0.00168569,0.00000068,,,,,0.14,-8.51,-22.34,1496482473
Mavro,MAVRO,771,0.00168043,0.00000070,,,,15005722.0,,,-15.53,1496349588
TodayCoin,TODAY,772,0.00136598,0.00000055,12.6449,,,,0.32,8.8,65.76,1496484874
CBD Crystals,CBD,773,0.00123224,0.00000050,15.453,,,,0.32,48.56,3.49,1496484879
UR,UR,774,0.00119213,0.00000048,201.37,,,,-3.69,-17.13,6.91,1496484884
Bitcedi,BXC,775,0.00116729,0.00000047,17.8785,,,,0.32,20.61,,1496484871
BestChain,BEST,776,0.00107831,0.00000043,6.77934,,,20042911.0,0.05,7.5,7.24,1496484586
True Investment Coin,TIC,777,0.00106795,0.00000043,8.9535,,,,0.32,12.93,-0.31,1496484885
Skeincoin,SKC,778,0.00106795,0.00000043,3.37038,,,,0.31,6.13,25.05,1496484849
Alphabet Coin Fund,FUN,779,0.000968604,0.00000039,0.968603,,,20742012.0,0.32,122.86,46.03,1496484871
RoyalCoin,ROYAL,780,0.000956315,0.00000039,41.2947,,,2500124.0,0.32,-20.47,33.79,1496484877
Donationcoin,DON,781,0.000894096,0.00000036,7382.95,,,,0.31,10.75,,1496484853
The Aladin,ADT,782,0.000892522,0.00000032,,,,,,,,1495722585
Motocoin,MOTO,783,0.000849522,0.00000034,5.78836,,,,10.28,-6.76,33.09,1496484851
Braincoin,BRAIN,784,0.000842028,0.00000035,,,,,,-0.35,44.46,1496420372
Dubstep,DUB,785,0.000817313,0.00000034,,,,,,-0.45,19.6,1496411064
IrishCoin,IRL,786,0.000794752,0.00000032,222.589,,,,-1.22,-0.36,,1496484862
KashhCoin,KASHH,787,0.000790299,0.00000032,1969.08,,,,1.2,7.88,230.73,1496484883
Lazaruscoin,LAZ,788,0.000769916,0.00000031,0.633268,,,,,2.86,66.55,1496484876
FrankyWillCoin,FRWC,789,0.000745197,0.00000031,,,,,,-0.45,15.86,1496411075
WeAreSatoshi,WSX,790,0.00074508,0.00000030,10.9916,,,,0.32,-3.57,7.84,1496484855
RubleBit,RUBIT,791,0.000695408,0.00000028,43.2542,,,,4.04,-24.21,1.76,1496484865
Opescoin,OPES,792,0.000674759,0.00000028,,,,,,-0.2,19.9,1496432667
Quebecoin,QBC,793,0.000670572,0.00000027,12.2623,,,,0.32,10.54,19.15,1496484849
Cubits,QBT,794,0.000645736,0.00000026,3.12983,,,,0.32,79.13,52.56,1496484877
MarxCoin,MARX,795,0.00051961,0.00000021,140.721,,,29332120.0,0.32,14.48,8.45,1496484885
BitAlphaCoin,BAC,796,0.000514909,0.00000021,31.5708,,,,0.32,2.13,-12.15,1496484867
T-coin,TCOIN,797,0.00049672,0.00000020,3250.51,,,,-2.12,14.29,28.81,1496484881
Vsync,XVS,798,0.000496205,0.00000020,136.195,,,103334172.0,-2.56,-19.88,-29.48,1496484587
President Sanders,BURN,799,0.000397376,0.00000016,275.901,,,57968072167.0,0.32,70.98,31.8,1496484881
UGAIN,GAIN,800,0.00037254,0.00000015,18.2079,,,,0.32,2.86,118.19,1496484874
PrismChain,PRM,801,0.00037254,0.00000015,73.2657,,,,0.32,10.2,-74.61,1496484871
Sakuracoin,SKR,802,0.000347159,0.00000014,118.036,,,,0.31,5.21,50.32,1496484877
Gambleo,GMB,803,0.000322835,0.00000013,50.3968,,,,-6.8,-4.51,23.49,1496484585
BlazerCoin,BLAZR,804,0.000322835,0.00000013,15.0608,,,,0.37,-30.75,14.67,1496484587
VGINA,VGINA,805,0.00029132,0.00000012,0.0029132,,,11603228.0,-1.26,1.27,-59.66,1496484589
The Vegan Initiative,XVE,806,0.000290019,0.00000012,129.207,,,,-2.3,14.66,43.99,1496484587
Operand,OP,807,0.000290011,0.00000012,,,,36309296.0,,0.11,10.99,1496423371
Happy Creator Coin,HCC,808,0.000284281,0.00000011,9.2178,,,,0.32,-1.89,27.69,1496484872
DarkLisk,DISK,809,0.000273196,0.00000011,295.087,,,17888425.0,0.32,-29.29,-2.91,1496484870
Cycling Coin,CYC,810,0.000273196,0.00000011,5.32315,,,,0.32,-0.9,23.57,1496484862
GoldMaxCoin,GMX,811,0.00024836,0.00000010,10.222,,,84078950.0,,-35.7,-7.37,1496484869
Grumfork,GMF,812,0.000248335,0.00000010,7.45004,,,,0.39,4.59,,1496484588
TeraCoin,TERA,813,0.000223524,0.00000009,9238.8,,,,12.86,1.92,1.79,1496484884
MobileCash,MBL,814,0.000223524,0.00000009,1.37942,,,1068669648.0,0.32,2.86,58.87,1496484877
AsicCoin,ASC,815,0.000208012,0.00000008,,,,,-0.5,4.35,42.39,1496483944
Moneta,MONETA,816,0.000198688,0.00000008,166.081,,,,0.32,2.86,23.57,1496484865
LAthaan,LTH,817,0.000149016,0.00000006,169.187,,,,14.65,-11.84,5.91,1496484877
Halloween Coin,HALLO,818,0.0000993607,0.00000004,350.964,,,264606220.0,0.37,-13.16,-2.19,1496484590
TeamUp,TEAM,819,0.0000993440,0.00000004,0.260877,,,301004896.0,0.32,2.86,64.75,1496484877
PayPeer,PAYP,820,0.0000993440,0.00000004,100.899,,,,0.32,33.39,147.13,1496484869
TheCreed,TCR,821,0.0000745080,0.00000003,1233.08,,,,-63.52,-22.86,-25.86,1496484870
FireFlyCoin,FFC,822,0.0000745080,0.00000003,3.80015,,,,0.32,2.86,270.7,1496484857
Wowcoin,WOW,823,0.0000745080,0.00000003,48.25,,,,,-22.86,85.35,1496484878
LinkedCoin,LKC,824,0.0000745080,0.00000003,4.49551,,,,0.32,-22.86,-7.33,1496484873
LePen,LEPEN,825,0.0000538746,0.00000002,37.072,,,,-9.46,20.41,141.53,1496484882
PokeCoin,POKE,826,0.0000496720,0.00000002,6.1817,,,,0.32,2.86,-17.62,1496484873
UNCoin,UNC,827,0.0000496720,0.00000002,1011.38,,,,0.32,69.77,137.21,1496484860
VegasCoin,VGC,828,0.0000496720,0.00000002,2.4836,,,,0.31,,147.13,1496484851
Rcoin,RCN,829,0.0000496720,0.00000002,72.2875,,,,60.51,45.24,147.13,1496484877
X2,X2,830,0.0000496720,0.00000002,8.05617,,,,0.32,105.75,147.13,1496484866
Cashme,CME,831,0.0000491969,0.00000002,,,,,,1.89,22.38,1496446166
PinkDog,PDG,832,0.0000490794,0.00000002,,,,,,1.63,135.61,1496464184
Tellurion,TELL,833,0.0000488758,0.00000002,,,,,,1.21,143.13,1496466875
InflationCoin,IFLT,834,0.0000317471,0.00000001,461.602,,,3315673472.0,-26.77,-37.04,-3.9,1496484882
SuperTurboStake,STRB,835,0.0000248360,0.00000001,0.24836,,,,0.32,2.86,23.57,1496484867
President Clinton,HILL,836,0.0000248360,0.00000001,23.2766,,,57968072167.0,0.32,2.86,23.57,1496484874
CyberCoin,CC,837,0.0000248360,0.00000001,50.2928,,,549267534.0,0.31,-48.56,23.57,1496484861
Aces,ACES,838,0.0000248360,0.00000001,3.72632,,,,0.32,2.88,23.57,1496484875
Global Business Revolution,GBRC,839,0.0000248360,0.00000001,989.956,,,900096049.0,0.32,-48.57,23.57,1496484878
Safe Trade Coin,XSTC,840,0.0000248360,0.00000001,24.836,,,604880000.0,0.32,2.86,23.57,1496484881
ChoofCoin,CHOOF,841,0.0000248360,0.00000001,7.50049,,,,0.32,2.86,23.57,1496484879
MoneyCoin,MONEY,842,0.0000248360,0.00000001,352.374,,,,0.32,-49.62,-38.23,1496484881
SoulCoin,SOUL,843,0.0000248360,0.00000001,3.98918,,,,0.31,2.84,23.55,1496484872
Yescoin,YES,844,0.0000248353,0.000000010,1400.94,,,,0.32,2.89,29.45,1496484882
Virtacoin,VTA,845,0.0000224959,0.000000009,298.469,,,12423206610.0,107.08,110.16,104.64,1496484854
FedoraShare,FEDS,846,0.0000198164,0.000000008,7570180.0,,,499001353074,-15.63,-11.11,-54.36,1496484875
Victoriouscoin,VTY,847,0.0000093451,0.000000004,5.82199,,,10263290326.0,-4.12,-60.74,38.09,1496484876
Dimecoin,DIME,848,0.0000009984,0.0000000004,372.523,,,527163681616,-1.62,-92.92,-28.44,1496484846
XP,XP,849,0.0000009952,0.0000000004,548.527,,,133635560466,0.39,-73.57,-72.92,1496484875
BatCoin,BAT,850,0.0000008099,0.0000000003,484.974,,,,1.28,48.45,,1496484847
RabbitCoin,RBBT,851,0.0000006122,0.0000000002,29.2459,,,,45.17,16.64,156.36,1496484854
BitCentavo,NBE,852,0.0000005705,0.0000000002,,,,,,0.54,170.76,1496398156
StrongHands,SHND,853,0.0000002009,0.00000000008,245.949,,,,-1.1,75.2,,1496484865
Paccoin,PAC,854,0.0000000753,0.00000000003,367.657,,,,-1.08,15.87,114.09,1496484865
Bond,BOND,855,,,,,1349.0,1349.0,,,,
bitRUBLE,BITRUBLE,856,,,,,,,,,,
