Name,Symbol,Rank,Price(BTC),Price(USD),24HVolume,MarketCap,%Change_1h,%Change_24h,%Change_7d,LastUpdated
Bitcoin,BTC,1,2422.2,1.0,1702900000.0,39640029660.0,16365300.0,16365300.0,-0.77,8.1,-8.75,1496329167
Ethereum,ETH,2,220.898,0.0914511,879954000.0,20348754108.0,92118327.0,92118327.0,-3.19,-4.76,9.86,1496329174
Ripple,XRP,3,0.304951,0.00012625,484030000.0,11664173080.0,38249335400.0,99994682853.0,-2.05,37.37,9.16,1496329174
NEM,XEM,4,0.224769,0.00009305,17738400.0,2022921000.0,8999999999.0,8999999999.0,-2.04,16.53,-2.55,1496329171
Ethereum Classic,ETC,5,17.3232,0.00717175,127577000.0,1596940734.0,92185089.0,92185089.0,-2.07,-2.56,-10.45,1496329185
Litecoin,LTC,6,28.7546,0.0119043,440388000.0,1476998213.0,51365632.0,51365632.0,-1.0,16.68,-14.01,1496329151
Dash,DASH,7,137.583,0.0569588,69552800.0,1008649869.0,7331210.0,7331210.0,-0.98,5.31,0.99,1496329155
Monero,XMR,8,45.223,0.0187222,13421000.0,658298340.0,14556715.0,14556715.0,-0.06,10.47,-4.18,1496329160
Stratis,STRAT,9,5.56813,0.00230519,22960400.0,547945220.0,98407404.0,98407404.0,-1.76,-3.63,78.71,1496329186
Bytecoin,BCN,10,0.00246319,0.00000102,5456580.0,450678416.0,182965347998,182965347998,0.8,12.59,-15.49,1496329161
Stellar Lumens,XLM,11,0.0413789,0.00001713,42780200.0,399913466.0,9664671269.0,102940435314,-0.03,28.18,-9.17,1496329164
Golem,GNT,12,0.476079,0.00019709,9380370.0,392704237.0,824872000.0,1000000000.0,3.12,10.8,4.98,1496329191
Zcash,ZEC,13,248.718,0.102968,26270000.0,355478647.0,1429244.0,1429244.0,-0.36,3.69,0.16,1496329190
Waves,WAVES,14,3.43533,0.00142222,3901650.0,343533000.0,100000000.0,100000000.0,-0.63,34.88,23.67,1496329183
Dogecoin,DOGE,15,0.00283108,0.00000117,25993200.0,310341626.0,109619518442,109619518442,-1.03,9.16,-15.92,1496329153
Gnosis,GNO,16,257.031,0.10641,2964910.0,283913872.0,1104590.0,10000000.0,-1.51,3.0,-4.72,1496329202
Augur,REP,17,24.232,0.010032,4298030.0,266552000.0,11000000.0,11000000.0,-2.26,13.22,-17.78,1496329176
Steem,STEEM,18,1.00338,0.0004154,2863720.0,235123004.0,234330966.0,251305060.0,-0.76,10.15,-15.77,1496329182
Siacoin,SC,19,0.00791503,0.00000328,15911400.0,209646454.0,26487133169.0,26487133169.0,-0.76,7.1,-9.84,1496329175
BitShares,BTS,20,0.0736006,0.00003047,13606000.0,191521273.0,2602170000.0,2602170000.0,2.25,18.98,-12.67,1496329162
MaidSafeCoin,MAID,21,0.409933,0.00016971,2297040.0,185516168.0,452552412.0,452552412.0,-1.12,7.91,-10.74,1496329160
DigiByte,DGB,22,0.0209838,0.00000869,15678200.0,170116336.0,8107031908.0,8107031908.0,6.3,19.28,45.73,1496329154
DigixDAO,DGD,23,80.4984,0.0333261,961913.0,160996800.0,2000000.0,2000000.0,-0.6,5.24,-14.24,1496329181
GameCredits,GAME,24,2.54504,0.00105364,2431120.0,160387820.0,63019764.0,63019764.0,-0.42,0.72,-13.27,1496329165
BitConnect,BCC,25,22.7551,0.00942056,2636210.0,146371317.0,6432462.0,6432462.0,-0.69,24.69,64.31,1496329193
Lisk,LSK,26,1.27321,0.0005271,2280390.0,137175633.0,107739990.0,107739990.0,-2.56,7.17,-8.89,1496329181
Decred,DCR,27,24.2452,0.0100374,2676200.0,121620990.0,5016291.0,5436291.0,-1.38,13.86,-4.41,1496329178
Factom,FCT,28,13.2884,0.00550136,1507000.0,116316275.0,8753219.0,8753219.0,-1.88,9.69,-9.8,1496329176
Ardor,ARDR,29,0.113349,0.00004693,1559600.0,113235594.0,998999495.0,998999495.0,-1.21,16.55,-22.28,1496329185
SingularDTV,SNGLS,30,0.186327,0.00007714,265528.0,111796200.0,600000000.0,1000000000.0,-1.4,2.37,4.85,1496329189
Tether,USDT,31,1.0388,0.00043006,91430200.0,109067445.0,104993690.0,124951468.0,0.98,0.78,0.21,1496329169
Iconomi,ICN,32,1.19846,0.00049616,1070300.0,104266020.0,87000000.0,100000000.0,-0.5,16.26,-10.53,1496329188
Byteball,GBYTE,33,504.719,0.208952,681818.0,95535165.0,189284.0,1000000.0,-0.9,41.38,50.45,1496329192
Round,ROUND,34,0.110581,0.00004578,385215.0,93993850.0,850000000.0,1000000000.0,0.08,-0.52,-25.56,1496329191
PIVX,PIVX,35,1.60736,0.00066544,1498400.0,86045904.0,53532441.0,53532441.0,-1.85,-0.02,97.61,1496329179
FirstBlood,1ST,36,0.850514,0.00035211,3643880.0,72768592.0,85558371.0,93468691.0,7.39,16.56,-8.95,1496329188
Aragon,ANT,37,2.1127,0.00087465,710673.0,70997636.0,33605167.0,39609523.0,-1.41,6.2,-8.19,1496329205
AntShares,ANS,38,1.28194,0.00053072,7854780.0,64097000.0,50000000.0,100000000.0,3.93,24.92,1.68,1496329187
Nxt,NXT,39,0.0575548,0.00002383,2924480.0,57497244.0,998999983.0,998999983.0,-0.3,9.13,-20.68,1496329174
SysCoin,SYS,40,0.109194,0.00004521,1478710.0,57343249.0,525150183.0,525150183.0,0.57,12.1,-37.88,1496329164
Komodo,KMD,41,0.567147,0.0002348,204319.0,57250943.0,100945510.0,100945510.0,1.31,15.42,1.65,1496329193
iExec RLC,RLC,42,0.59042,0.00024443,431776.0,46094558.0,78070793.0,86999785.0,-1.37,6.29,-15.91,1496329201
Ubiq,UBQ,43,1.08457,0.00044901,1198220.0,40226832.0,37090120.0,37090120.0,-0.12,56.3,122.47,1496329164
Peercoin,PPC,44,1.6027,0.00066351,1209620.0,38657983.0,24120536.0,24120536.0,-0.59,7.56,-19.74,1496329149
Lykke,LKK,45,0.255061,0.00010559,624227.0,35115703.0,137675704.0,1285690000.0,-0.6,4.65,9.04,1496329191
Emercoin,EMC,46,0.865617,0.00035836,801720.0,34759684.0,40155963.0,40155963.0,-0.51,8.68,-20.86,1496329165
Omni,OMNI,47,59.3778,0.0245822,13512200.0,33190792.0,558976.0,615292.0,16.5,-15.91,168.42,1496329153
Melon,MLN,48,55.0045,0.0227717,372252.0,32969697.0,599400.0,749400.0,-2.92,-0.31,-13.33,1496329195
Storjcoin X,SJCX,49,0.632115,0.00026169,568752.0,32347312.0,51173144.0,500000000.0,-0.51,20.49,0.34,1496329163
ReddCoin,RDD,50,0.00111071,0.00000046,885069.0,31682581.0,28524619975.0,28524619975.0,0.62,3.98,-39.35,1496329155
BitcoinDark,BTCD,51,24.4096,0.0101055,196745.0,31460610.0,1288862.0,1288862.0,-0.99,12.86,-0.34,1496329162
Counterparty,XCP,52,11.336,0.00469308,3670730.0,29686277.0,2618761.0,2618761.0,-0.53,18.65,-18.43,1496329155
Wings,WINGS,53,0.319655,0.00013234,344410.0,28675717.0,89708333.0,100000000.0,-1.52,15.2,4.41,1496329193
Ark,ARK,54,0.299633,0.00012405,405158.0,28552761.0,95292446.0,126542446.0,1.74,29.57,2.3,1496329197
Xaurum,XAUR,55,0.245618,0.00010168,145083.0,27927836.0,113704353.0,113704353.0,-0.65,-3.15,17.38,1496329171
Nexus,NXS,56,0.529039,0.00021902,94152.9,26364624.0,49834934.0,49834934.0,-1.29,22.76,-3.92,1496329168
Namecoin,NMC,57,1.71859,0.00071149,774908.0,25325830.0,14736400.0,14736400.0,0.03,7.94,-16.24,1496329150
Gulden,NLG,58,0.0680732,0.00002818,58555.8,23587462.0,346501445.0,448521600.0,-0.62,5.12,-8.5,1496329159
Synereo,AMP,59,0.280185,0.000116,1072380.0,23046988.0,82256324.0,949291063.0,-2.98,-2.46,0.17,1496329178
Burst,BURST,60,0.012828,0.00000531,2611820.0,22829006.0,1779623202.0,1779623202.0,24.39,44.81,14.53,1496329165
WeTrust,TRST,61,0.231413,0.00009580,545599.0,21324129.0,92147500.0,100000000.0,0.01,12.49,-15.57,1496329201
EarthCoin,EAC,62,0.00226414,0.00000094,6920960.0,21161713.0,9346468332.0,9346468332.0,-0.23,6.86,-23.72,1496329153
E-Dinar Coin,EDR,63,0.0319549,0.00001323,290008.0,21102286.0,660377156.0,785377156.0,1.89,36.63,24.76,1496329186
YbCoin,YBC,64,6.89394,0.00285407,2005190.0,20821502.0,3020262.0,3020262.0,0.7,8.72,-17.01,1496329153
TokenCard,TKN,65,0.864603,0.00035794,338718.0,20442722.0,23644056.0,39406760.0,-1.86,5.01,-20.68,1496329203
Matchpool,GUP,66,0.267316,0.00011067,253026.0,20048700.0,75000000.0,98855150.0,0.13,19.87,-9.27,1496329200
Edgeless,EDG,67,0.243197,0.00010068,361912.0,19317731.0,79432438.0,132046997.0,3.66,9.41,-12.85,1496329199
BitBay,BAY,68,0.0181483,0.00000751,64571.9,18284806.0,1007521692.0,1007521692.0,-0.47,10.91,-11.63,1496329167
Blocknet,BLOCK,69,4.58945,0.00190002,54805.0,17947119.0,3910516.0,3910516.0,-0.17,12.87,29.11,1496329167
BlackCoin,BLK,70,0.232688,0.00009633,1549260.0,17723175.0,76167119.0,76167119.0,0.55,10.32,-5.31,1496329158
NAV Coin,NAV,71,0.288159,0.0001193,815784.0,17671887.0,61326860.0,61326860.0,-0.96,4.0,-17.89,1496329161
PotCoin,POT,72,0.0799015,0.00003308,177015.0,17333626.0,216937425.0,216937425.0,-0.3,15.16,-20.53,1496329156
Expanse,EXP,73,2.35017,0.00097296,890981.0,17002048.0,7234391.0,16234391.0,-0.69,-9.53,0.88,1496329175
ZCoin,XZC,74,7.62293,0.00315587,1913720.0,16986395.0,2228329.0,2228329.0,0.43,4.41,11.47,1496329189
Infinitecoin,IFC,75,0.000184492,0.00000008,4564250.0,16714288.0,90596274910.0,90596274910.0,-0.22,5.44,-19.41,1496329173
BCAP,BCAP,76,1.66256,0.00068829,122826.0,16625600.0,10000000.0,10000000.0,-1.26,4.52,-13.61,1496329203
Unity Ingot,UNY,77,0.0821967,0.00003403,332898.0,16603733.0,202000000.0,10000000000.0,-1.49,12.3,32.49,1496329204
Nexium,NXC,78,0.246411,0.00010201,18704200.0,16391651.0,66521586.0,66521586.0,-5.13,37.09,8.09,1496329192
Agoras Tokens,AGRS,79,0.368143,0.00015241,28898.9,15462006.0,42000000.0,42000000.0,0.12,-1.28,-12.03,1496329176
Pepe Cash,PEPECASH,80,0.0219879,0.00000910,26614.7,15432955.0,701884009.0,701884009.0,-0.73,5.99,-13.47,1496329188
Bankcoin,B@,81,3.61196,0.00149534,27922.2,15405298.0,4265080.0,25000000.0,-0.78,23.44,11.61,1496329199
Swarm City,SWT,82,2.29021,0.00094814,93557.6,15205518.0,6639355.0,6639355.0,-1.08,36.46,-7.34,1496329196
Humaniq,HMQ,83,0.121125,0.00005015,614505.0,14921246.0,123188825.0,184190414.0,-2.2,-4.02,-44.96,1496329203
LBRY Credits,LBC,84,0.206799,0.00008561,729011.0,14170803.0,68524524.0,466424524.0,0.11,1.29,-11.33,1496329184
Chronobank,TIME,85,19.7441,0.00817399,516180.0,14020538.0,710113.0,710113.0,-1.15,16.59,5.38,1496329195
GridCoin,GRC,86,0.0356664,0.00001477,208140.0,13921051.0,390312753.0,390312753.0,-0.03,7.65,1.58,1496329170
TaaS,TAAS,87,1.69922,0.00070347,216016.0,13841847.0,8146001.0,8146001.0,-1.33,0.06,0.76,1496329198
MonaCoin,MONA,88,0.269453,0.00011155,32374.2,13607632.0,50500950.0,50500950.0,-0.64,5.9,-11.63,1496329157
XtraBYtes,XBY,89,0.0203823,0.00000844,392049.0,13248495.0,650000000.0,650000000.0,7.13,63.45,159.66,1496329200
OBITS,OBITS,90,0.87058,0.00036042,84693.7,12841370.0,14750362.0,16801100.0,0.99,15.43,-2.43,1496329177
Waves Community Token,WCT,91,2.55703,0.0010586,7358.83,12785150.0,5000000.0,10000000.0,-4.73,23.2,33.62,1496329194
Etheroll,DICE,92,1.81671,0.00075211,24533.9,12719918.0,7001623.0,7001623.0,0.87,13.05,-32.94,1496329204
Radium,RADS,93,3.9186,0.00162229,1114290.0,12718723.0,3245731.0,3245731.0,-7.49,2.96,-0.59,1496329178
E-coin,ECN,94,4.46512,0.00184855,120821.0,12399443.0,2776956.0,211065848.0,-2.01,1.44,-5.14,1496329200
Bitland,CADASTRAL,95,0.412809,0.0001709,31731.2,12384270.0,30000000.0,30000000.0,0.04,16.21,203.12,1496329184
I/O Coin,IOC,96,0.74887,0.00031003,25155.7,12233598.0,16336077.0,16336077.0,-6.97,3.32,-11.81,1496329163
Vertcoin,VTC,97,0.353018,0.00014615,585638.0,11804986.0,33440180.0,33440180.0,-1.57,3.59,-7.3,1496329154
Clams,CLAM,98,5.07475,0.00210093,1316780.0,11675354.0,2300676.0,16206267.0,2.48,33.32,-13.35,1496329162
Shift,SHIFT,99,1.05403,0.00043637,286918.0,11412858.0,10827830.0,10827830.0,0.14,18.99,70.85,1496329175
Verge,XVG,100,0.00084586,0.00000035,421332.0,11342536.0,13409472280.0,13409472280.0,-2.35,4.23,-39.48,1496329167
Pluton,PLU,101,13.1767,0.00545512,124953.0,11200188.0,850000.0,20000000.0,-3.03,10.47,43.74,1496329187
Golos,GOLOS,102,0.0879399,0.00003641,32712.6,10820357.0,123042633.0,123042633.0,-0.23,15.59,25.35,1496329192
DigitalNote,XDN,103,0.00152175,0.00000063,355277.0,10471881.0,6881472719.0,6881472719.0,-0.79,-5.43,-28.5,1496329162
MergeCoin,MGC,104,0.105761,0.00004378,1817700.0,10447175.0,98780980.0,103780980.0,-2.14,10.85,-37.1,1496329202
HEAT,HEAT,105,0.384359,0.00015912,5509.27,10122688.0,26336544.0,26336544.0,8.7,11.53,-10.64,1496329184
FedoraCoin,TIPS,106,0.0000213580,0.000000009,93009.1,9465186.0,443168182458,443168182458,0.42,4.3,-29.68,1496329153
LuckChain,BASH,107,0.0127273,0.00000527,599165.0,9215821.0,724098659.0,724098659.0,-0.53,45.6,16.43,1496329191
vSlice,VSL,108,0.272487,0.00011281,250914.0,9098476.0,33390496.0,33390496.0,-2.9,11.91,-15.38,1496329191
FlorinCoin,FLO,109,0.0678382,0.00002808,860966.0,9089373.0,133986061.0,133986061.0,1.99,15.49,-13.4,1496329151
Bitcrystals,BCY,110,0.387252,0.00016032,286227.0,9019650.0,23291422.0,23291422.0,0.39,4.91,-18.03,1496329178
NeosCoin,NEOS,111,2.66995,0.00110535,2906310.0,8932993.0,3345753.0,3345753.0,-7.52,33.86,23.86,1496329164
Viacoin,VIA,112,0.393145,0.00016276,376936.0,8902510.0,22644341.0,22644341.0,-3.13,15.82,-12.9,1496329163
Skycoin,SKY,113,1.62023,0.00067077,63677.3,8823450.0,5445801.0,100000000.0,0.19,3.75,-13.37,1496329199
Rubycoin,RBY,114,0.359552,0.00014885,19501.4,8769582.0,24390302.0,24390302.0,-0.97,7.3,-4.67,1496329158
VeriCoin,VRC,115,0.289174,0.00011972,158317.0,8736158.0,30210730.0,30210730.0,0.86,8.52,-25.8,1496329161
Scotcoin,SCOT,116,0.00853239,0.00000353,6805.87,8532390.0,1000000000.0,1000000000.0,-0.02,78.8,666.94,1496329161
DNotes,NOTE,117,0.0688606,0.00002851,282935.0,8527464.0,123836618.0,123836618.0,-1.64,10.64,2.54,1496329157
Crown,CRW,118,0.609998,0.00025254,17042.1,8447069.0,13847700.0,13847700.0,-1.8,12.0,-0.95,1496329167
Energycoin,ENRG,119,0.0695416,0.00002879,7591.26,8410315.0,120939339.0,120939339.0,-1.24,-8.65,-8.12,1496329160
SolarCoin,SLR,120,0.224539,0.00009296,119645.0,7895489.0,35163109.0,98034179840.0,-0.57,5.86,-0.43,1496329158
SaluS,SLS,121,7.7491,0.0032081,63048.3,7775686.0,1003431.0,1003431.0,-10.95,95.31,4.82,1496329179
Creditbit,CRB,122,0.649972,0.00026909,205884.0,7717983.0,11874332.0,11874332.0,2.67,-5.59,-8.92,1496329178
Pascal Coin,PASC,123,0.766508,0.00031733,219567.0,7639172.0,9966200.0,9966200.0,-2.73,2.04,-24.37,1496329191
Primecoin,XPM,124,0.393884,0.00016307,685022.0,7608179.0,19315786.0,19315786.0,-0.05,2.43,-27.03,1496329155
VPNCoin,VASH,125,0.0183684,0.00000760,1737020.0,7353601.0,400339746.0,400339746.0,4.61,12.25,-24.57,1496329168
Ixcoin,IXC,126,0.345715,0.00014312,21599.6,7259700.0,20999088.0,20999088.0,-0.27,990.38,555.26,1496329151
BelaCoin,BELA,127,0.198624,0.00008223,174930.0,6941680.0,34948850.0,34948850.0,-1.88,6.1,-13.5,1496329157
Bitcoin Plus,XBC,128,71.5325,0.0296142,104941.0,6931592.0,96901.0,96901.0,-0.59,12.73,-9.74,1496329159
Global Currency Reserve,GCR,129,0.0655283,0.00002713,8879.46,6728931.0,102687401.0,102687401.0,-2.35,4.74,-1.8,1496329178
Aeon,AEON,130,0.472714,0.0001957,4307.82,6724979.0,14226316.0,14226316.0,-0.87,10.28,-1.61,1496329174
Einsteinium,EMC2,131,0.0314215,0.00001301,152910.0,6623969.0,210810073.0,210810073.0,0.02,8.9,-14.55,1496329157
Asch,XAS,132,0.087108,0.00003606,167799.0,6533100.0,75000000.0,100000000.0,-1.41,12.68,-29.12,1496329199
Novacoin,NVC,133,3.74578,0.00155074,113221.0,6498354.0,1734847.0,1734847.0,-0.83,3.5,-17.34,1496329149
Incent,INCNT,134,0.278197,0.00011517,116504.0,6400843.0,23008312.0,46016625.0,-1.14,10.31,7.23,1496329192
Mooncoin,MOON,135,0.0000287122,0.00000001,23848.0,6372457.0,221942475013,221942475013,-35.8,-21.52,-68.51,1496329154
Feathercoin,FTC,136,0.0388979,0.00001610,149514.0,6368615.0,163726440.0,163726440.0,0.59,17.2,-3.69,1496329149
ZClassic,ZCL,137,4.28419,0.00177364,834639.0,6300812.0,1470713.0,1470713.0,-1.0,14.22,14.04,1496329191
Lunyr,LUN,138,2.60495,0.00107844,182444.0,5985792.0,2297853.0,2703356.0,-2.62,-2.0,-21.47,1496329203
Safe Exchange Coin,SAFEX,139,0.00270036,0.00000112,18118.8,5798979.0,2147483647.0,2147483647.0,-0.31,2.16,-15.18,1496329179
SIBCoin,SIB,140,0.381513,0.00015794,36447.1,5585755.0,14641061.0,14641061.0,-0.53,3.67,18.63,1496329175
WorldCoin,WDC,141,0.0474787,0.00001966,155774.0,5440395.0,114586025.0,114586025.0,3.14,10.63,-26.35,1496329150
MonetaryUnit,MUE,142,0.0447395,0.00001852,20700.1,5433825.0,121454760.0,121454760.0,-0.4,8.94,-16.45,1496329167
OKCash,OK,143,0.0757214,0.00003135,484239.0,5419521.0,71571860.0,71571860.0,-0.93,74.14,137.94,1496329168
FirstCoin,FRST,144,1.73673,0.000719,45856.9,5358649.0,3085482.0,110000000.0,-0.93,-5.13,-1.67,1496329194
Auroracoin,AUR,145,0.610551,0.00025277,17760.3,5286236.0,8658139.0,8658139.0,-6.86,-1.61,-12.81,1496329156
Gambit,GAM,146,4.3238,0.00179004,12196.2,5119098.0,1183935.0,1183935.0,-0.96,15.35,-3.38,1496329172
ION,ION,147,0.369404,0.00015293,21500.4,5073917.0,13735413.0,19635413.0,1.58,0.7,-34.74,1496329183
Janus,JNS,148,0.238467,0.00009872,14429.3,4991846.0,20933069.0,25201489.0,4.58,9.8,-21.71,1496329194
RouletteToken,RLT,149,0.482711,0.00019984,24141.9,4871621.0,10092209.0,10092932.0,-0.96,23.46,-7.99,1496329206
FoldingCoin,FLDC,150,0.00992687,0.00000411,414999.0,4861605.0,489741985.0,1000000000.0,0.01,-5.17,-12.33,1496329165
Vcash,XVC,151,0.314903,0.00013037,169738.0,4802519.0,15250788.0,15250788.0,-0.4,11.84,0.19,1496329169
PinkCoin,PINK,152,0.0145059,0.00000601,256560.0,4654737.0,320885800.0,370885800.0,-2.57,5.33,-14.33,1496329160
Unobtanium,UNO,153,23.0212,0.00953072,66413.7,4551847.0,197724.0,197724.0,4.21,30.83,-4.05,1496329152
CloakCoin,CLOAK,154,0.880905,0.00036469,36097.2,4407273.0,5003120.0,5003120.0,-0.85,0.26,-7.96,1496329162
Blitzcash,BLITZ,155,1.0341,0.00042811,151678.0,4201536.0,4062989.0,4062989.0,-3.33,12.69,183.21,1496329167
Darcrus,DAR,156,0.304495,0.00012606,19134.3,4148367.0,13623762.0,13623762.0,-3.96,5.65,-3.28,1496329193
Sphere,SPHR,157,1.34371,0.00055629,11220.6,4142578.0,3082940.0,3082940.0,-4.47,17.45,42.78,1496329172
bitCNY,BITCNY,158,0.141383,0.00005853,316855.0,4064691.0,28749500.0,28749500.0,3.14,2.48,0.48,1496329166
MUSE,MUSE,159,0.0029486,0.00000122,1572.54,4053855.0,1374840478.0,1524840478.0,5.47,31.32,-43.05,1496329171
FairCoin,FAIR,160,0.0746382,0.00003090,4554.37,3963610.0,53104303.0,53104303.0,-0.96,12.82,-16.61,1496329158
NautilusCoin,NAUT,161,0.239679,0.00009923,1099500.0,3878006.0,16180000.0,16180000.0,-1.48,-9.46,10.25,1496329160
APX,APX,162,4.28602,0.0017744,107705.0,3857418.0,900000.0,1000000.0,0.53,14.44,15.2,1496329205
LoMoCoin,LMC,163,0.0179197,0.00000742,127714.0,3734911.0,208424885.0,293424885.0,1.1,7.12,-15.35,1496329187
Bitmark,BTM,164,0.954162,0.00039502,163095.0,3722358.0,3901180.0,3901180.0,-3.69,1.55,10.39,1496329164
ArtByte,ABY,165,0.00455864,0.00000189,61637.8,3522018.0,772602850.0,772602850.0,4.42,46.43,-36.03,1496329161
ICO OpenLedger,ICOO,166,7.44071,0.00308043,970.219,3510489.0,471795.0,471795.0,0.86,19.05,-4.49,1496329183
DubaiCoin,DBIX,167,4.03385,0.00167,39765.1,3505725.0,869077.0,869077.0,-7.81,-2.24,28.03,1496329199
Diamond,DMD,168,1.52711,0.00063222,11708.2,3242402.0,2123227.0,2123227.0,-0.96,13.18,-5.0,1496329152
Riecoin,RIC,169,0.0936747,0.00003878,622427.0,3200928.0,34170675.0,34170675.0,-1.64,3.48,-4.78,1496329156
Zennies,ZENI,170,0.00314012,0.00000130,6174.88,3142253.0,1000679369.0,1000679369.0,-1.15,7.96,-7.82,1496329200
SpreadCoin,SPR,171,0.384248,0.00015908,15309.0,3123525.0,8128930.0,8128930.0,-4.93,12.65,-12.57,1496329167
Wild Beast Block,WBB,172,1.27582,0.00052819,35608.5,2965372.0,2324287.0,2324287.0,-1.03,7.44,-38.01,1496329170
Quark,QRK,173,0.0118374,0.00000490,35676.5,2960546.0,250101047.0,250101047.0,3.22,7.0,-44.23,1496329156
BitSend,BSD,174,0.194034,0.00008033,26760.3,2957806.0,15243750.0,15243750.0,0.13,6.48,5.01,1496329161
PoSW Coin,POSW,175,0.0709581,0.00002938,93452.2,2909282.0,41000000.0,70000000.0,-7.3,90.03,12.72,1496329193
Circuits of Value,COVAL,176,0.00727058,0.00000301,71719.0,2908232.0,400000000.0,1200000000.0,0.62,3.08,-15.31,1496329168
Zetacoin,ZET,177,0.0173623,0.00000719,262766.0,2884798.0,166152998.0,166152998.0,0.03,4.62,-15.41,1496329153
Musicoin,MUSIC,178,0.0167745,0.00000694,69961.5,2857589.0,170353164.0,170353164.0,-0.39,7.31,-10.41,1496329197
Veros,VRS,179,0.0325367,0.00001347,33714.9,2781463.0,85486938.0,10000000000.0,-1.21,-1.73,9.7,1496329191
Curecoin,CURE,180,0.115197,0.00004769,17790.3,2731066.0,23707788.0,23707788.0,1.78,0.29,-22.79,1496329160
Syndicate,SYNX,181,0.238017,0.00009854,26359.9,2682180.0,11268860.0,11268860.0,-1.63,371.13,286.99,1496329184
Megacoin,MEC,182,0.0814991,0.00003374,281585.0,2680216.0,32886450.0,32886450.0,2.35,10.6,-35.12,1496329150
AsiaCoin,AC,183,0.00314812,0.00000130,782.463,2638940.0,838259128.0,838259128.0,18.69,-1.62,-38.76,1496329158
XCurrency,XC,184,0.437201,0.000181,524.158,2538714.0,5806742.0,5806742.0,-0.96,3.68,-28.39,1496329160
Spectrecoin,XSPEC,185,0.123802,0.00005125,210876.0,2524747.0,20393423.0,20393423.0,0.8,21.25,16.24,1496329193
BitBean,BITB,186,0.00123675,0.00000051,71479.3,2420681.0,1957292000.0,1957292000.0,-1.03,-1.01,-39.26,1496329169
Atmos,ATMS,187,0.0238412,0.00000987,146944.0,2385839.0,100072092.0,110072092.0,-2.35,4.1,-0.48,1496329200
BlockPay,BLOCKPAY,188,0.432553,0.00017908,916.813,2348027.0,5428300.0,98928316.0,1.68,38.96,23.61,1496329187
RaiBlocks,XRB,189,0.0314768,0.00001303,33986.3,2347522.0,74579427.0,340282367.0,-1.48,-4.59,-11.41,1496329197
Zeitcoin,ZEIT,190,0.0000644852,0.00000003,3516.79,2342332.0,36323561174.0,36323561174.0,-0.38,18.25,39.39,1496329157
Myriad,XMY,191,0.00157372,0.00000065,49644.5,2338352.0,1485875750.0,1485875750.0,-3.97,8.29,-24.37,1496329157
Mintcoin,MINT,192,0.0000959846,0.00000004,5078.88,2336514.0,24342588047.0,24342588047.0,-0.9,37.94,-23.07,1496329155
Rise,RISE,193,0.0217472,0.00000900,61389.6,2335371.0,107387215.0,107387215.0,-0.28,12.39,-9.06,1496329184
bitUSD,BITUSD,194,0.997706,0.00041305,144707.0,2276615.0,2281850.0,2281850.0,1.44,2.58,2.0,1496329165
Breakout Stake,BRX,195,0.357491,0.000148,3479.91,2240783.0,6268082.0,6268082.0,-2.28,47.38,40.03,1496329184
Steem Dollars,SBD,196,1.58081,0.00065445,191235.0,2218036.0,1403101.0,1403101.0,3.38,14.98,-14.13,1496329184
Digitalcoin,DGC,197,0.0628763,0.00002603,103310.0,2162303.0,34389793.0,34389793.0,0.7,7.32,-21.31,1496329151
ZcCoin,ZCC,198,0.0345055,0.00001429,413194.0,2127507.0,61657044.0,61657044.0,0.95,5.19,-34.85,1496329163
HunterCoin,HUC,199,0.119815,0.00004960,124653.0,2112360.0,17630180.0,17630180.0,-1.63,10.89,-16.19,1496329155
BoostCoin,BOST,200,0.175997,0.00007286,114566.0,2086530.0,11855487.0,11855487.0,0.17,8.52,-15.12,1496329161
Espers,ESP,201,0.000100143,0.00000004,16997.2,2015405.0,20125272797.0,20125272797.0,-1.04,-11.59,-25.63,1496329181
Adzcoin,ADZ,202,0.0358668,0.00001485,7110.26,1967030.0,54842640.0,54842640.0,-1.13,14.68,-24.69,1496329178
Cryptonite,XCN,203,0.00599871,0.00000248,138055.0,1965108.0,327588400.0,327588400.0,-1.8,9.74,-41.78,1496329163
Groestlcoin,GRS,204,0.0289789,0.00001200,9291.69,1959319.0,67611916.0,67611916.0,-5.06,3.44,-11.56,1496329158
Tickets,TIX,205,0.0000291597,0.00000001,46670.4,1950092.0,66876281414.0,66876281414.0,-0.7,6.41,-34.35,1496329151
MaxCoin,MAX,206,0.0349607,0.00001447,63078.5,1903354.0,54442678.0,54442678.0,2.19,-0.37,-13.06,1496329155
Project Decorum,PDC,207,0.0378505,0.00001567,1086.91,1892525.0,50000000.0,50000000.0,1.76,5.95,-17.75,1496329183
Bata,BTA,208,0.371587,0.00015384,24908.3,1839702.0,4950932.0,4950932.0,-0.96,-0.67,3.16,1496329172
FUNCoin,FUNC,209,0.334966,0.00013867,64033.2,1794828.0,5358241.0,100000000.0,-2.68,-8.22,1.9,1496329203
GoldCoin,GLD,210,0.0445727,0.00001845,8780.66,1794180.0,40252900.0,40252900.0,-0.94,6.95,-11.83,1496329155
TransferCoin,TX,211,0.292719,0.00012118,12966.7,1748335.0,5972742.0,5972742.0,-5.25,8.41,-31.6,1496329174
CryptoCarbon,CCRB,212,0.484556,0.0002006,15844.7,1726042.0,3562111.0,10000150.0,-1.01,15.98,28.03,1496329194
DeepWebCash,DWC,213,1.27962,0.00052976,12160.6,1699815.0,1328375.0,1328375.0,-1.1,53.93,-42.62,1496329192
iCash,ICASH,214,0.00746382,0.00000309,8077.56,1648472.0,220861660.0,220861660.0,-1.22,-1.86,-25.8,1496329170
Minereum,MNE,215,4.17064,0.00172663,58065.8,1637792.0,392696.0,392696.0,1.16,39.8,46.37,1496329204
vTorrent,VTR,216,0.150774,0.00006242,7994.85,1630766.0,10815966.0,10815966.0,0.51,8.07,9.44,1496329168
Startcoin,START,217,0.0325611,0.00001348,51269.6,1467847.0,45079785.0,70782220.0,-2.47,-1.57,-39.08,1496329161
Ethereum Movie Venture,EMV,218,0.22107,0.00009152,733.908,1451693.0,6566666.0,6666666.0,-2.77,-66.53,-66.32,1496329200
InsaneCoin,INSANE,219,0.0785063,0.00003250,666.862,1439880.0,18340955.0,18340955.0,-5.46,-10.86,30.75,1496329190
Sequence,SEQ,220,0.0309906,0.00001283,1894.35,1385225.0,44698234.0,44698234.0,4.24,16.44,0.92,1496329188
Joincoin,J,221,0.553439,0.00022912,1164.33,1355041.0,2448402.0,2448402.0,-11.48,-36.49,894.87,1496329164
Boolberry,XBB,222,0.139573,0.00005778,2130.01,1330477.0,9532480.0,9532480.0,-1.12,6.67,-21.38,1496329162
2GIVE,2GIVE,223,0.00251239,0.00000104,12405.3,1288847.0,512996268.0,512996268.0,-1.2,-6.8,-13.25,1496329183
ChainCoin,CHC,224,0.0873195,0.00003615,24198.0,1281419.0,14675067.0,14675067.0,-0.74,-0.09,-14.7,1496329173
Bitswift,SWIFT,225,0.312901,0.00012954,6331.12,1270646.0,4060855.0,4060855.0,-0.56,3.95,47.12,1496329166
Visio,VISIO,226,0.0243285,0.00001007,1285.51,1230856.0,50593178.0,62593178.0,-0.99,-2.99,-22.25,1496329197
Stealthcoin,XST,227,0.0463288,0.00001918,3397.79,1212432.0,26170148.0,26170148.0,0.19,21.92,-4.45,1496329162
EuropeCoin,ERC,228,0.118866,0.00004921,3050.63,1170961.0,9851102.0,9851102.0,-0.96,7.72,-0.32,1496329172
Inpay,INPAY,229,0.111957,0.00004635,101533.0,1119570.0,10000000.0,10000000.0,-0.73,6.65,-35.69,1496329200
GlobalCoin,GLC,230,0.0168842,0.00000699,895.372,1100360.0,65171010.0,65171010.0,-0.96,-24.67,-24.49,1496329150
Dynamic,DYN,231,0.681164,0.000282,3045.64,1100327.0,1615362.0,4369266.0,-0.96,4.99,-8.91,1496329198
Mercury,MER,232,0.0107851,0.00000446,1488.43,1078510.0,100000000.0,100000000.0,-1.0,50.12,-18.04,1496329198
WhiteCoin,XWC,233,0.00434786,0.00000180,41113.8,1078500.0,248053095.0,248053095.0,-2.19,-1.56,53.77,1496329159
TagCoin,TAG,234,0.1939,0.00008027,119987.0,1064648.0,5490705.0,5490705.0,2.72,8.55,-27.53,1496329151
Triggers,TRIG,235,0.0326331,0.00001351,990.551,1047705.0,32105593.0,100000000.0,1.83,8.59,-13.55,1496329189
LiteDoge,LDOGE,236,0.0000697318,0.00000003,6682.36,1030204.0,14773811659.0,14773811659.0,-16.41,-28.57,28.86,1496329170
Hacker Gold,HKG,237,0.0623004,0.00002579,2912.24,1003715.0,16110893.0,16110893.0,0.81,12.28,-7.14,1496329191
DIBCOIN,DIBC,238,0.199937,0.00008277,4563.35,999685.0,5000000.0,5000000000.0,1.33,3.65,38.46,1496329199
SecureCoin,SRC,239,0.127654,0.00005285,104980.0,993894.0,7785846.0,7785846.0,1.4,5.91,-35.11,1496329151
CannabisCoin,CANN,240,0.0125326,0.00000519,56440.3,967907.0,77231176.0,91859176.0,-0.95,8.19,20.72,1496329163
Devcoin,DVC,241,0.0000684955,0.00000003,1432.51,958812.0,13998177500.0,13998177500.0,-0.7,774.62,16.28,1496329150
HiCoin,XHI,242,0.00503486,0.00000208,56746.4,955264.0,189729990.0,10189729990.0,1.2,11.21,-13.16,1496329181
BlueCoin,BLU,243,0.00166169,0.00000069,3240.06,954946.0,574683675.0,574683675.0,-39.48,-11.92,218.09,1496329159
Qwark,QWARK,244,0.054783,0.00002268,13750.7,954123.0,17416409.0,250377576.0,-2.34,9.21,14.82,1496329181
PepeCoin,PEPE,245,0.0690209,0.00002857,11166.6,949326.0,13754178.0,13754178.0,-0.92,5.77,30.14,1496329180
Woodcoin,LOG,246,0.116619,0.00004828,3610.62,937056.0,8035193.0,8035193.0,-0.96,13.82,-7.57,1496329169
Yocoin,YOC,247,0.00875393,0.00000362,24972.7,924580.0,105618830.0,200000000.0,-16.41,8.41,-4.25,1496329178
Creativecoin,CREA,248,0.0866912,0.00003589,2253.66,915147.0,10556399.0,12268127.0,-1.8,-17.16,-45.15,1496329205
Anoncoin,ANC,249,0.425051,0.00017597,5754.63,896992.0,2110317.0,2110317.0,1.21,8.61,-43.54,1496329152
AudioCoin,ADC,250,0.00112869,0.00000047,960.351,895275.0,793198644.0,793198644.0,-5.22,-0.36,-30.45,1496329172
PutinCoin,PUT,251,0.00434454,0.00000180,33661.9,870722.0,200417616.0,200417616.0,-8.85,14.47,-5.16,1496329184
Voxels,VOX,252,0.0274007,0.00001134,102167.0,863122.0,31500000.0,210000000.0,-2.3,1.33,-30.25,1496329180
EverGreenCoin,EGC,253,0.0647357,0.00002680,5988.74,862364.0,13321301.0,13321301.0,-1.26,10.94,-8.3,1496329178
ArcticCoin,ARC,254,0.0363712,0.00001506,5271.19,849163.0,23347113.0,23347113.0,-6.44,-1.69,-32.12,1496329189
HTMLCOIN,HTML5,255,0.0000205604,0.000000009,1176.39,835966.0,40659020000.0,40659020000.0,-1.91,64.84,-17.18,1496329165
Centurion,CNT,256,0.031938,0.00001322,57813.0,825582.0,25849529.0,63388328.0,-1.06,22.65,-17.88,1496329196
VeriumReserve,VRM,257,0.740913,0.00030674,14173.6,823676.0,1111704.0,1111704.0,-0.58,7.56,-31.94,1496329187
Renos,RNS,258,0.0244446,0.00001012,262907.0,815277.0,33352034.0,33352034.0,0.6,13.5,36.87,1496329196
Unitus,UIS,259,0.0170192,0.00000705,23285.0,795312.0,46730295.0,46730295.0,5.2,-2.24,-6.11,1496329168
e-Gulden,EFL,260,0.0515193,0.00002133,1848.93,790538.0,15344502.0,20383842.0,-1.93,12.74,-17.79,1496329158
Pesetacoin,PTC,261,0.00598,0.00000248,3514.38,780580.0,130531760.0,130531760.0,-0.96,10.99,-26.78,1496329156
FujiCoin,FJC,262,0.000801102,0.00000033,5502.99,770459.0,961748522.0,961748522.0,32.66,64.79,34.55,1496329172
DopeCoin,DOPE,263,0.00678749,0.00000281,14245.7,753993.0,111085648.0,111085648.0,1.94,-6.2,-38.69,1496329156
ProCurrency,PROC,264,0.2592,0.00010731,2802.37,729701.0,2815205.0,15000053805.0,-1.13,11.05,16.22,1496329202
Fantomcoin,FCN,265,0.123189,0.00005100,2807.46,721515.0,5856975.0,5856975.0,1.02,35.99,-8.22,1496329161
MediterraneanCoin,MED,266,0.0140098,0.00000580,11675.4,696379.0,49706598.0,49706598.0,-2.64,13.38,-32.43,1496329167
Tokes,TKS,267,1.03866,0.00043,7917.9,672661.0,647624.0,50000000.0,-0.96,25.85,4.85,1496329197
YashCoin,YASH,268,0.0665343,0.00002755,779.759,665351.0,10000116.0,10000116.0,50.43,49.63,26.12,1496329193
HempCoin,THC,269,0.00313967,0.00000130,19392.6,665055.0,211823061.0,211823061.0,0.97,-3.57,-25.3,1496329162
UniBURST,UNIBURST,270,0.661799,0.00027398,1095.94,661798.0,999999.0,1000000.0,27.7,41.12,253.3,1496329197
GeoCoin,GEO,271,0.267375,0.00011069,1859.83,656427.0,2455079.0,2455079.0,-0.77,2.3,3.07,1496329169
NuShares,NSR,272,0.000241707,0.00000010,15782.4,653157.0,2702268334.0,3317612163.0,-0.95,15.31,-60.27,1496329167
ExclusiveCoin,EXCL,273,0.157145,0.00006506,4426.27,642266.0,4087094.0,4087094.0,-0.96,5.27,-35.65,1496329165
Synergy,SNRG,274,0.230841,0.00009557,979.655,640137.0,2773065.0,2773065.0,-0.97,19.17,-13.94,1496329172
Hush,HUSH,275,0.567516,0.00023495,193596.0,624771.0,1100888.0,1222363.0,-0.84,18.95,35.55,1496329191
Ripto Bux,RBX,276,0.00178596,0.00000074,3752.53,610977.0,342100100.0,1000000000.0,-9.7,27.91,19.95,1496329199
Elcoin,EL,277,0.0541922,0.00002244,3304.9,607439.0,11208967.0,20935289.0,-2.48,0.78,1.0,1496329182
Altcoin,ALT,278,4.95948,0.00205321,1566.59,605926.0,122175.0,134063.0,-0.79,43.62,7.39,1496329201
Deutsche eMark,DEM,279,0.020973,0.00000868,1061.3,582911.0,27793416.0,27793416.0,-0.12,5.91,-1.78,1496329152
TrustPlus,TRUST,280,0.0170291,0.00000705,1552.81,546406.0,32086595.0,32086595.0,-0.96,7.94,-10.13,1496329162
TileCoin,XTC,281,0.00538601,0.00000223,10150.1,538601.0,100000000.0,100000000.0,-4.65,2.82,-31.53,1496329166
Canada eCoin,CDN,282,0.00524158,0.00000217,827.836,510611.0,97415544.0,97415544.0,-0.8,7.66,-13.11,1496329160
Magi,XMG,283,0.0715339,0.00002961,1139.17,504533.0,7053066.0,7053066.0,-3.13,3.22,-25.6,1496329165
NobleCoin,NOBL,284,0.000217315,0.00000009,31543.4,497995.0,2291582105.0,2291582105.0,-0.97,8.5,-18.35,1496329155
BTSR,BTSR,285,0.144579,0.00005986,803.382,478675.0,3310819.0,3310819.0,2.03,19.98,-24.87,1496329180
KoreCoin,KORE,286,0.256403,0.00010615,1895.98,469461.0,1830949.0,1830949.0,-0.96,11.91,-3.13,1496329161
DT Token,DRACO,287,0.0052075,0.00000216,17352.9,462889.0,88888888.0,88888888.0,3.05,21.74,8.67,1496329183
Capricoin,CPC,288,0.442671,0.00018326,25786.2,435600.0,984027.0,200984027.0,-0.97,8.15,7.77,1496329173
TrumpCoin,TRUMP,289,0.0653136,0.00002704,4678.81,427115.0,6539452.0,6539452.0,-7.31,4.42,-4.43,1496329180
Moin,MOIN,290,0.0608859,0.00002521,649.031,423022.0,6947789.0,6947789.0,0.6,6.42,-6.63,1496329178
IncaKoin,NKA,291,0.0000561082,0.00000002,2574.29,422887.0,7536988003.0,7536988003.0,-0.77,36.5,111.3,1496329168
Happycoin,HPC,292,0.0368206,0.00001524,826.337,418497.0,11365828.0,11365828.0,-19.71,-3.89,181.14,1496329201
1337,1337,293,0.0000176536,0.000000007,2379.46,401878.0,22764628606.0,22764628606.0,-10.41,21.46,23.6,1496329177
I0Coin,I0C,294,0.0187924,0.00000778,2498.68,394159.0,20974362.0,20974362.0,-0.77,7.42,-10.2,1496329151
PostCoin,POST,295,0.0246781,0.00001022,4559.69,389305.0,15775332.0,15775332.0,-0.16,17.57,-9.03,1496329181
Virtacoinplus,XVP,296,0.0437028,0.00001809,1496.25,385258.0,8815402.0,10349995.0,-2.01,5.03,-52.07,1496329197
iTicoin,ITI,297,11.843,0.00490296,15768.0,378976.0,32000.0,9999992.0,-3.88,-17.14,30.93,1496329204
Jewels,JWL,298,0.0177213,0.00000734,1276.21,357537.0,20175527.0,20175527.0,-0.96,9.96,-1.4,1496329187
CacheCoin,CACH,299,0.0990345,0.00004100,7457.33,356706.0,3601841.0,3601841.0,-0.96,-56.28,,1496329155
Master Swiscoin,MSCN,300,0.0346604,0.00001435,7667.43,354368.0,10224000.0,1002550028.0,-0.92,1.46,-22.28,1496329196
Mineum,MNM,301,0.0366795,0.00001519,567.303,346121.0,9436367.0,9586367.0,20.93,-24.32,-32.74,1496329184
GCoin,GCN,302,0.0000024771,0.000000001,510.544,344240.0,138969335000,138969335000,7.61,6.36,29.53,1496329167
Wyvern,WYV,303,0.302152,0.00012509,4880.58,329491.0,1090481.0,1090481.0,-0.96,30.92,-23.3,1496329199
Terracoin,TRC,304,0.0159749,0.00000661,5680.99,320862.0,20085380.0,20085380.0,-0.97,14.53,-26.41,1496329149
Dotcoin,DOT,305,0.00141034,0.00000058,73000.4,316840.0,224655000.0,489655000.0,-2.24,25.66,7.3,1496329169
Quatloo,QTL,306,0.0419256,0.00001736,14060.1,311708.0,7434786.0,7434786.0,0.13,-6.95,-12.5,1496329162
Asiadigicoin,ADCN,307,0.0123914,0.00000513,1579.6,308931.0,24931054.0,210000000.0,-0.96,10.83,-34.58,1496329179
Kobocoin,KOBO,308,0.0120552,0.00000499,1027.9,297766.0,24700248.0,24700248.0,-0.96,-23.87,-18.02,1496329169
Influxcoin,INFX,309,0.173385,0.00007178,3120.03,290140.0,1673383.0,1673383.0,-0.96,11.3,-28.19,1496329175
Karbowanec,KRB,310,0.0809082,0.00003350,8715.62,285669.0,3530780.0,3530780.0,1.36,8.9,-13.8,1496329185
Sexcoin,SXC,311,0.00231259,0.00000096,4861.24,283340.0,122520439.0,122520439.0,-5.05,6.45,4.45,1496329152
Zoin,ZOI,312,0.02608,0.00001080,1214.26,279725.0,10725650.0,10725650.0,-0.94,14.99,-18.68,1496329191
TeslaCoin,TES,313,0.00362553,0.00000150,774.923,260204.0,71769831.0,71769831.0,-24.38,-22.13,-27.08,1496329154
Bytecent,BYC,314,0.159639,0.00006609,12125.5,258624.0,1620053.0,1620053.0,-7.95,-5.91,-20.83,1496329168
Newbium,NEWB,315,0.0105315,0.00000436,28762.3,252756.0,24000000.0,51000000.0,-0.96,84.94,136.08,1496329184
ParkByte,PKB,316,0.0519569,0.00002151,961.477,247524.0,4764026.0,4764026.0,-6.89,0.86,-14.64,1496329172
Atomic Coin,ATOM,317,0.0236044,0.00000977,952.73,237154.0,10047032.0,10047032.0,0.08,8.14,-32.73,1496329188
MTMGaming,MTM,318,0.0782488,0.00003239,3176.74,234746.0,3000000.0,5000000.0,27.7,47.45,69.15,1496329197
UltraCoin,UTC,319,0.00521743,0.00000216,5148.23,224823.0,43090665.0,43090665.0,-3.75,13.03,19.69,1496329155
8Bit,8BIT,320,0.189916,0.00007862,2875.07,221141.0,1164415.0,1164415.0,-0.96,-5.35,-45.7,1496329171
SmartCoin,SMC,321,0.00963212,0.00000399,984.019,220472.0,22889222.0,22889222.0,0.06,50.93,-39.97,1496329154
Rubies,RBIES,322,0.0211364,0.00000875,2867.82,219256.0,10373391.0,10373391.0,-0.98,-6.0,-24.48,1496329179
Flycoin,FLY,323,1.03653,0.00042912,20197.5,218506.0,210806.0,210806.0,-0.96,-27.26,133.15,1496329175
Neutron,NTRN,324,0.017187,0.00000712,3356.09,216860.0,12617684.0,12617684.0,-1.75,-1.69,67.69,1496329171
Torcoin,TOR,325,0.801433,0.00033179,6516.52,209507.0,261416.0,1261416.0,-4.72,32.31,-24.53,1496329199
PRCoin,PRC,326,0.021523,0.00000891,30145.3,202695.0,9417600.0,789417600.0,-0.96,9.99,-12.1,1496329197
Crave,CRAVE,327,0.161064,0.00006668,2661.85,201281.0,1249695.0,1249695.0,-0.96,54.18,169.28,1496329171
NuBits,USNBT,328,0.994766,0.00041183,31182.6,195742.0,196772.0,838087.0,-0.57,-1.65,-2.08,1496329166
42-coin,42,329,4591.25,1.90076,2219.15,192832.0,42.0,42.0,-0.95,13.38,15.94,1496329154
LiteBar,LTB,330,0.292403,0.00012105,870.877,188511.0,644697.0,644697.0,-24.84,8.8,6.01,1496329157
GoldBlocks,GB,331,0.0122417,0.00000507,2365.29,181978.0,14865409.0,14865409.0,-4.38,24.55,-5.47,1496329183
UnbreakableCoin,UNB,332,0.0782075,0.00003238,3797.73,178168.0,2278150.0,2278150.0,-9.27,10.71,4.01,1496329160
Zero,ZER,333,0.229567,0.00009504,578.402,169384.0,737840.0,737840.0,-0.96,4.57,3.48,1496329198
Netko,NETKO,334,0.0676207,0.00002799,787.324,163561.0,2418801.0,2418801.0,-0.96,5.55,-23.19,1496329197
DigitalPrice,DP,335,0.0068593,0.00000284,717.294,155360.0,22649478.0,22649478.0,7.95,17.5,42.17,1496329166
TheGCCcoin,GCC,336,0.0218359,0.00000904,995.176,153560.0,7032436.0,867032436.0,-0.96,4.63,-27.33,1496329194
bitBTC,BITBTC,337,2384.44,0.987151,22376.6,152795.0,64.0,64.0,-0.0,7.08,-14.96,1496329166
Piggycoin,PIGGY,338,0.000314037,0.00000013,2603.86,151933.0,483807547.0,483807547.0,32.48,-12.17,-36.83,1496329162
Fastcoin,FST,339,0.00116772,0.00000048,1928.33,148025.0,126764507.0,126764507.0,-0.84,29.23,-0.6,1496329151
PipCoin,PIP,340,0.0223368,0.00000925,3573.86,146824.0,6573177.0,6999979.0,-2.0,-12.38,-8.85,1496329189
LanaCoin,LANA,341,0.000192791,0.00000008,525.39,144242.0,748180335.0,748180335.0,-0.98,72.47,36.91,1496329183
Pascal Lite,PASL,342,0.0715947,0.00002964,3062.75,140816.0,1966850.0,1966850.0,-1.24,6.94,-40.51,1496329197
Digital Rupees,DRS,343,0.000241548,0.00000010,3762.82,123383.0,510802961.0,510802961.0,65.06,-28.3,16.95,1496329195
BERNcash,BERN,344,0.00169662,0.00000070,537.352,120858.0,71234301.0,71234301.0,-10.26,40.3,14.83,1496329181
Machinecoin,MAC,345,0.00601454,0.00000249,3744.45,117597.0,19552100.0,19552100.0,-0.16,12.15,-24.86,1496329169
HoboNickels,HBN,346,0.002416,0.00000100,1177.45,117228.0,48521646.0,48521646.0,-0.96,-26.92,58.68,1496329153
bitEUR,BITEUR,347,1.14891,0.00047564,17709.2,116603.0,101490.0,101490.0,2.57,2.6,3.32,1496329172
MojoCoin,MOJO,348,0.00905804,0.00000375,2430.77,109201.0,12055694.0,12055694.0,0.79,2.23,-43.82,1496329181
Rimbit,RBT,349,0.000942687,0.00000039,978.947,108880.0,115499623.0,393459356.0,-0.96,9.71,-17.5,1496329167
bitSilver,BITSILVER,350,19.4238,0.0080414,8781.09,107541.0,5537.0,5537.0,2.05,4.53,-3.24,1496329169
HyperStake,HYP,351,0.000274592,0.00000011,655.002,105937.0,385796097.0,385796097.0,10.41,2.74,7.41,1496329163
Sumokoin,SUMO,352,0.21732,0.00008997,5769.94,96902.0,445895.0,9334784.0,24.86,73.3,,1496329205
Xiaomicoin,MI,353,0.000236693,0.00000010,1388.9,96131.0,406141855.0,406141855.0,-0.01,-5.22,-18.23,1496329175
Eryllium,ERY,354,0.0212893,0.00000881,2876.21,92625.0,4350787.0,14350787.0,-0.95,7.09,-48.69,1496329194
Phoenixcoin,PXC,355,0.00132918,0.00000055,589.523,76900.0,57855175.0,57855175.0,2.74,50.91,0.11,1496329152
bitGold,BITGOLD,356,1427.32,0.590904,13328.4,76240.0,53.0,53.0,-2.66,0.99,2.37,1496329168
Emerald Crypto,EMD,357,0.00398553,0.00000165,1034.67,76192.0,19117129.0,19117129.0,-0.96,14.34,30.33,1496329152
Freicoin,FRC,358,0.00265702,0.00000110,17741.0,74138.0,27902772.0,100000000.0,-0.96,6.19,-4.56,1496329172
Elementrem,ELE,359,0.00296323,0.00000123,787.268,74120.0,25013254.0,25013254.0,0.51,-15.71,-19.37,1496329186
Greencoin,GREV2,360,0.0000241548,0.00000001,1758.23,73823.0,3056228641.0,3056228641.0,-0.96,-60.34,-7.43,1496329162
Argentum,ARG,361,0.00966191,0.00000400,2603.4,72465.0,7500019.0,7500019.0,-3.67,-1.89,15.27,1496329150
Kurrent,KURT,362,0.00704669,0.00000292,1005.07,69900.0,9919485.0,21319485.0,4.2,5.11,-4.87,1496329191
Gapcoin,GAP,363,0.00640099,0.00000265,12985.0,69624.0,10877043.0,10877043.0,-1.89,4.84,8.3,1496329167
CrevaCoin,CREVA,364,0.00175784,0.00000073,12031.7,63969.0,36390750.0,6240390800.0,-3.46,6.2,-21.72,1496329173
AurumCoin,AU,365,0.215022,0.00008902,654.42,63693.0,296216.0,296216.0,0.86,44.62,20.91,1496329166
Wexcoin,WEX,366,0.378318,0.00015662,5537.61,63215.0,167095.0,10000167095.0,-0.36,10.65,3.25,1496329188
MCAP,MCAP,367,6.28024,0.0026,4935.3,62834.0,10005.0,100000000.0,-0.96,7.56,,1496329205
Ratecoin,XRA,368,0.000590877,0.00000024,752.614,62662.0,106048979.0,106048979.0,-15.35,-2.55,-26.75,1496329173
NevaCoin,NEVA,369,0.0282689,0.00001170,536.335,51157.0,1809655.0,1809655.0,-2.6,9.6,11.13,1496329180
Acoin,ACOIN,370,0.0414501,0.00001716,8930.72,50573.0,1220085.0,1220085.0,-2.71,-1.02,-9.99,1496329165
Philosopher Stones,PHS,371,0.0194687,0.00000806,4199.58,47294.0,2429219.0,2429219.0,-1.12,7.61,0.7,1496329152
Prime-XI,PXI,372,0.00311626,0.00000129,728.942,46055.0,14779050.0,14779050.0,10.8,36.86,60.02,1496329166
MACRON,MCRN,373,0.0000986811,0.00000004,901.968,39613.0,401421401.0,401421401.0,27.79,46.47,19.0,1496329201
Independent Money System,IMS,374,0.00698123,0.00000289,1155.13,37482.0,5368934.0,5368934.0,1.32,17.11,-10.56,1496329180
Rawcoin,XRC,375,0.0531405,0.00002200,4028.57,37458.0,704882.0,704882.0,-5.33,54.7,238.8,1496329192
Marijuanacoin,MAR,376,0.0533579,0.00002209,3426.12,27890.0,522690.0,522690.0,-0.91,8.46,3.99,1496329195
Honey,HONEY,377,0.399108,0.00016523,612.728,27261.0,68306.0,68306.0,-4.05,-13.13,-64.63,1496329198
BeaverCoin,BVC,378,0.00869572,0.00000360,1308.08,27089.0,3115258.0,3115258.0,0.5,10.32,-24.44,1496329166
GoldPieces,GP,379,0.0216667,0.00000897,501.703,26437.0,1220161.0,1220161.0,1.62,-2.92,-46.23,1496329168
Litecred,LTCR,380,0.000836235,0.00000035,515.622,25278.0,30227750.0,30227750.0,-8.75,121.71,364.75,1496329178
ParallelCoin,DUO,381,0.0760556,0.00003149,535.394,21865.0,287489.0,287489.0,-2.26,7.5,-25.56,1496329176
LevoPlus,LVPS,382,0.0512081,0.00002120,2166.27,20919.0,408502.0,91408502.0,-0.96,-37.12,-55.42,1496329196
Eurocoin,EUC,383,0.00159484,0.00000066,1390.84,18708.0,11730325.0,11730325.0,-1.33,-1.38,-19.24,1496329174
Kittehcoin,MEOW,384,0.0000006866,0.0000000003,570.612,16414.0,23905669976.0,23905669976.0,-0.3,39.87,4.61,1496329156
AnarchistsPrime,ACP,385,0.00338167,0.00000140,623.832,14862.0,4394874.0,4394874.0,-1.0,-25.68,9.41,1496329173
AllSafe,ASAFE,386,0.0000172691,0.000000007,3490.36,12261.0,710000000.0,710000000.0,-0.11,424.54,2730.11,1496329190
Beatcoin,XBTS,387,0.00717537,0.00000297,2187.55,10940.0,1524686.0,2524686.0,-2.05,16.46,16.11,1496329188
BenjiRolls,BENJI,388,0.000458942,0.00000019,3863.24,8692.0,18938336.0,18938336.0,-0.96,-6.75,-28.72,1496329193
Digital Money Bits,DMB,389,0.011376,0.00000471,2894.62,3363.0,295600.0,10295600.0,-18.45,-15.48,-1.93,1496329204
Environ,ENV,390,0.0000241536,0.000000010,7019.71,3167.0,131129509.0,931129509.0,-0.96,-36.83,-95.87,1496329203
Gold Pressed Latinum,GPL,391,0.194881,0.00008068,8738.51,,,203757.0,-1.2,14.84,-0.7,1496329203
BTCGold,XBG,392,0.0748798,0.00003100,10116.9,,,99000001.0,-0.96,-59.78,-72.62,1496329202
Soarcoin,SOAR,393,0.0168342,0.00000697,640.009,,,5000000000.0,36.25,12.42,-22.29,1496329199
Arcade Token,ARC,394,3.74133,0.00167261,,10785924.0,2882912.0,2882912.0,,,69.63,1496180681
SuperNET,UNITY,395,12.1798,0.00504239,288.763,9939460.0,816061.0,816061.0,0.27,-6.76,62.19,1496329166
GetGems,GEMZ,396,0.0456407,0.00002251,,4022108.0,88125475.0,88135367.0,,,,1495403058
Jinn,JINN,397,45.1402,0.0186879,451.402,2649865.0,58703.0,1000000.0,0.27,,7.47,1496329166
InstantDEX,DEX,398,2.22238,0.00092006,322.245,2222380.0,1000000.0,1000000.0,0.27,37.99,-9.74,1496329165
Breakout,BRK,399,0.0707493,0.00002929,499.241,1267280.0,17912267.0,17912267.0,3.38,5.06,-17.43,1496329183
Bitpark Coin,BPC,400,0.0159421,0.00000660,42.5251,1195658.0,75000000.0,100000000.0,-0.96,-16.49,-18.09,1496329193
Pangea Poker,PANGEA,401,0.865861,0.00035846,10.3903,865300.0,999352.0,1000000.0,0.27,10.04,,1496329168
DubaiCoin,DBIC,402,0.166989,0.00006913,358.671,856489.0,5129014.0,6146942.0,-0.26,0.73,5.32,1496329179
ShadowCash,SDC,403,0.122419,0.00005068,422.678,816143.0,6666799.0,6666799.0,-0.96,6.66,-27.96,1496329163
Pandacoin,PND,404,0.0000241548,0.00000001,200.885,785391.0,32514916898.0,32514916898.0,-0.96,7.56,-9.03,1496329156
Carboncoin,CARBON,405,0.0000483095,0.00000002,1.69564,743577.0,15391932687.0,15391932687.0,-0.96,5.25,45.09,1496329163
SATOSHICARD,SATOSHICARD,406,3197.31,2.04467,,639462.0,200.0,200.0,,,,1494179076
Ultimate Secure Cash,USC,407,0.0592935,0.00002463,,613279.0,10343113.0,38602656.0,,7.19,8.92,1496306688
SmileyCoin,SMLY,408,0.0000222611,0.000000009,54.3113,577904.0,25960250000.0,25960250000.0,-0.7,-73.79,-75.89,1496329169
Cryptofund,FUND,409,0.5588,0.0002553,,558800.0,1000000.0,1000000.0,,,157.21,1495948164
CageCoin,CAGE,410,0.0000054914,0.000000002,448.542,555558.0,101168328395,101168328395,16.31,54.49,-21.94,1496329156
Tao,XTO,411,0.0176033,0.00000729,366.206,533658.0,30315819.0,32315819.0,3.87,-37.61,-30.59,1496329188
E-Currency Coin ,ECC,412,0.0000241548,0.00000001,2.43316,532869.0,22060603799.0,22060603799.0,-0.96,7.56,-9.03,1496329157
HitCoin,HTC,413,0.0000483095,0.00000002,282.132,531227.0,10996318099.0,20996318099.0,98.07,115.11,40.31,1496329181
Casino,CASINO,414,0.5305,0.00021963,48.806,530500.0,1000000.0,1000000.0,27.7,50.33,-5.2,1496329197
ReeCoin,REE,415,0.0412322,0.00001707,312.86,509948.0,12367704.0,6662367704.0,-0.7,3.04,-10.91,1496329185
Shorty,SHORTY,416,0.0050725,0.00000210,0.241765,507250.0,100000000.0,100000000.0,-0.96,7.56,91.06,1496329192
Colossuscoin V2,CV2,417,0.0000210005,0.000000009,190.541,465917.0,22185995273.0,22185995273.0,-0.97,14.45,-75.75,1496329170
Dashcoin,DSH,418,0.0268776,0.00001113,133.502,464756.0,17291579.0,17291579.0,-3.86,-0.19,-2.32,1496329166
CasinoCoin,CSC,419,0.0117299,0.00000486,213.618,452788.0,38601187.0,38601187.0,-1.31,13.29,-22.25,1496329151
Orbitcoin,ORB,420,0.131532,0.00005445,28.4412,388663.0,2954894.0,2954894.0,2.54,9.07,-2.48,1496329155
BitBar,BTB,421,11.7664,0.00487124,464.605,383297.0,32576.0,32576.0,1.84,5.56,-5.97,1496329150
LTBcoin,LTBC,422,0.000742106,0.00000032,,366499.0,493863915.0,493863915.0,,-13.61,,1496287754
RussiaCoin,RC,423,0.0426573,0.00001766,13.6609,350491.0,8216446.0,8216446.0,-0.96,7.56,-6.19,1496329177
Trollcoin,TROLL,424,0.000629565,0.00000026,227.37,348575.0,553675592.0,553675592.0,-0.0,1.32,-18.83,1496329166
FuelCoin,FC2,425,0.00338167,0.00000140,23.4718,342943.0,101412207.0,101412207.0,-0.96,13.97,,1496329161
MazaCoin,MZC,426,0.000289857,0.00000012,262.965,316703.0,1092618137.0,1092618137.0,1.14,17.65,-7.66,1496329156
Rare Pepe Party,RAREPEPEPRTY,427,16.1275,0.0067095,,290295.0,18000.0,100000.0,,12.65,,1496315982
Veltor,VLT,428,0.482661,0.00019982,334.703,267807.0,554855.0,554855.0,18.35,37.57,39.04,1496329187
Crypto Bullion,CBX,429,0.259437,0.00010741,9.49694,258347.0,995800.0,995800.0,-0.97,10.34,-60.86,1496329151
HOdlcoin,HODL,430,0.00263287,0.00000109,346.614,243123.0,92341270.0,250000000.0,-0.96,-23.09,-13.72,1496329179
BTCtalkcoin,TALK,431,0.00357833,0.00000161,,233631.0,65290635.0,65290635.0,,,-10.19,1496191750
The Cypherfunks,FUNK,432,0.0000052523,0.000000002,66.0309,231867.0,44145895000.0,44145895000.0,10.6,10.2,-58.11,1496329173
Vault Coin,VLTC,433,0.00733807,0.00000304,117.376,218092.0,29720640.0,529720640.0,-0.96,42.22,36.96,1496329192
AgrolifeCoin,AGLC,434,0.0472658,0.00001990,,215029.0,4549354.0,204549354.0,,5.76,85.61,1496301878
Pesobit,PSB,435,0.00647348,0.00000268,351.335,211459.0,32665418.0,32665418.0,-0.96,13.06,-11.7,1496329188
Bitstar,BITS,436,0.00888559,0.00000368,214.115,205077.0,23079737.0,23079737.0,-1.09,33.22,33.05,1496329159
BitcoinTX,BTX,437,0.00241548,0.00000100,7.616,195787.0,81055061.0,81055061.0,-0.96,5.98,-32.7,1496329171
VirtualCoin,VC,438,0.0193238,0.00000800,8.68982,194480.0,10064287.0,10064287.0,-0.96,14.73,5.47,1496329164
NetCoin,NET,439,0.000237824,0.00000010,169.762,187198.0,787126712.0,787126712.0,3.36,-3.28,-14.1,1496329152
SwagBucks,BUCKS,440,0.902251,0.00037353,2.78968,185276.0,205349.0,205349.0,-7.26,-27.36,-37.62,1496329178
PureVidz,VIDZ,441,0.00146561,0.00000061,161.147,183470.0,125183217.0,125183217.0,-0.96,20.84,36.01,1496329193
Bitz,BITZ,442,0.0898557,0.00003720,0.718846,178893.0,1990891.0,1990891.0,-0.96,7.56,-8.52,1496329169
Tristar Coin,TSTR,443,0.0343849,0.00001500,,172882.0,5027857.0,255027857.0,,2.07,14.81,1496271895
BillaryCoin,BLRY,444,0.0187199,0.00000775,329.659,168164.0,8983158.0,8983158.0,-1.6,-15.12,-23.92,1496329182
Tattoocoin (Standard Edition),TSE,445,0.00142212,0.00000059,313.966,162648.0,114369816.0,604369816.0,-0.96,17.49,-27.36,1496329194
MetalCoin,METAL,446,0.00190823,0.00000079,0.241765,146792.0,76925527.0,76925527.0,-0.96,32.76,-4.18,1496329169
LottoCoin,LOT,447,0.0000099632,0.000000004,42.0822,144376.0,14491014421.0,14491014421.0,-0.25,32.4,-4.57,1496329153
TEKcoin,TEK,448,0.000101866,0.00000004,487.06,144044.0,1414054562.0,1414054562.0,-0.92,15.52,28.26,1496329160
Titcoin,TIT,449,0.0028563,0.00000118,88.9895,142524.0,49898202.0,49898202.0,-1.35,10.18,-13.33,1496329163
Truckcoin,TRK,450,0.00115919,0.00000048,9.04338,142449.0,122886502.0,122886502.0,-0.97,5.26,47.55,1496329162
Stress,STS,451,0.000241548,0.00000010,0.241548,136507.0,565134332.0,565134332.0,-0.96,19.51,-24.19,1496329180
Bottlecaps,CAP,452,0.000967742,0.00000040,291.06,134020.0,138487082.0,138487082.0,-0.91,26.8,12.24,1496329151
Swing,SWING,453,0.0584441,0.00002420,22.6572,133048.0,2276505.0,2276505.0,-2.2,56.7,17.62,1496329175
Bitcurrency,BTCR,454,0.000749075,0.00000031,104.648,125882.0,168049279.0,168049279.0,-0.96,22.57,62.6,1496329190
GameUnits,UNITS,455,0.0361161,0.00001495,445.172,125169.0,3465733.0,3465733.0,-0.96,114.54,14.04,1496329194
Cannacoin,CCN,456,0.0252417,0.00001045,81.5894,118577.0,4697670.0,4697670.0,-0.96,14.88,-18.19,1496329159
Coin(O),CNO,457,0.00113365,0.00000047,0.90324,116880.0,103100166.0,103100166.0,-0.96,9.74,13.4,1496329157
GAIA,GAIA,458,0.00478264,0.00000198,0.237098,115268.0,24101381.0,24101381.0,-0.96,-1.86,-23.35,1496329167
BritCoin,BRIT,459,0.00531405,0.00000220,117.748,113020.0,21268092.0,21268092.0,-0.96,,,1496329162
PetroDollar,XPD,460,0.00161795,0.00000067,150.414,103538.0,63993275.0,63993275.0,-0.97,147.42,-6.66,1496329159
C-Bit,XCT,461,0.000772953,0.00000032,62.2083,101854.0,131772000.0,131772000.0,-3.96,7.56,-20.9,1496329180
Pakcoin,PAK,462,0.00275515,0.00000114,165.632,100796.0,36584650.0,36584650.0,-2.47,7.5,-28.6,1496329176
Cryptojacks,CJ,463,0.000243566,0.00000010,329.881,99026.0,406568581.0,406568581.0,-0.97,13.4,-28.34,1496329184
Sterlingcoin,SLG,464,0.0254007,0.00001052,92.3928,98584.0,3881156.0,3881156.0,0.83,4.37,-5.61,1496329166
Coin2.1,C2,465,0.000984838,0.00000041,265.472,98460.0,99976323.0,99976323.0,4.47,37.04,-15.28,1496329161
BigUp,BIGUP,466,0.0000472115,0.00000002,5.31407,96954.0,2053607789.0,2053607789.0,-0.96,,47.1,1496329180
GlobalBoost-Y,BSTY,467,0.00845367,0.00000350,212.625,96359.0,11398430.0,11398430.0,-0.99,8.05,4.2,1496329165
FlutterCoin,FLT,468,0.000290047,0.00000012,34.8709,93457.0,322214524.0,322214524.0,-0.93,10.76,-14.79,1496329158
TittieCoin,TTC,469,0.0000723148,0.00000003,43.8321,91103.0,1259816434.0,1259816434.0,0.09,21.36,36.45,1496329167
Dollarcoin,DLC,470,0.00978268,0.00000405,1.20955,89088.0,9106714.0,9106714.0,-0.96,-49.08,-33.49,1496329187
WayGuide,WAY,471,0.000873793,0.00000036,,87415.0,100040708.0,100040708.0,,8.08,6.15,1496318076
PayCoin,XPY,472,0.00739223,0.00000306,3.08192,86505.0,11702189.0,11752189.0,1.03,-10.97,-65.81,1496329168
Triangles,TRI,473,1.18076,0.00048883,47.2303,86067.0,72891.0,72891.0,-0.96,29.45,-19.89,1496329163
BunnyCoin,BUN,474,0.0000008452,0.0000000003,183.152,85711.0,101405205859,101405205859,0.89,14.7,23.55,1496329165
CorgiCoin,CORG,475,0.0000679268,0.00000003,11.2089,85035.0,1251855418.0,1251855418.0,-15.07,83.76,-49.66,1496329156
QuazarCoin,QCN,476,0.0144929,0.00000600,348.0,82717.0,5707406.0,5707406.0,-15.11,3.17,-25.9,1496329161
NoLimitCoin,NLC2,477,0.000410631,0.00000017,131.75,82314.0,200458350.0,200458350.0,-0.96,66.22,13.41,1496329187
Spots,SPT,478,0.00358933,0.00000149,174.189,80423.0,22406021.0,22406021.0,-3.82,19.65,10.6,1496329151
Darsek,KED,479,0.00772902,0.00000320,45.6862,76125.0,9849259.0,9849259.0,-0.96,9.26,-32.14,1496329199
KiloCoin,KLC,480,0.000386476,0.00000016,151.99,75864.0,196297971.0,10025186872.0,-0.96,27.61,-2.75,1496329180
UFO Coin,UFO,481,0.0000229521,0.00000001,,75411.0,3285585012.0,3285585012.0,,2.2,-13.56,1496273048
Guncoin,GUN,482,0.000410566,0.00000017,28.0291,74729.0,182013778.0,182013778.0,12.25,21.88,-0.71,1496329159
CCMiner,CCM100,483,0.0305038,0.00001263,30.2902,73708.0,2416354.0,6000000.0,27.7,44.91,12.78,1496329194
Blakecoin,BLC,484,0.00584545,0.00000242,118.523,69624.0,11910789.0,11910789.0,-0.96,7.63,7.83,1496329155
Valorbit,VAL,485,0.0000241548,0.00000001,12.802,69376.0,2872127389.0,922340072127388,-0.96,7.56,-9.03,1496329180
SproutsExtreme,SPEX,486,0.0000241548,0.00000001,0.724643,69242.0,2866607586.0,2866607586.0,-0.96,7.56,-9.03,1496329179
AmberCoin,AMBER,487,0.00152175,0.00000063,0.24348,66414.0,43643263.0,43643263.0,-0.96,-8.43,-23.7,1496329169
HempCoin,HMP,488,0.0000483095,0.00000002,73.8171,65538.0,1356618818.0,2856618818.0,-0.96,7.56,2.41,1496329179
ChessCoin,CHESS,489,0.00120534,0.00000050,206.245,65026.0,53948349.0,53948349.0,-2.89,74.72,24.59,1496329184
Nyancoin,NYAN,490,0.000217296,0.00000009,10.643,64731.0,297891209.0,297891209.0,11.49,-62.53,23.83,1496329154
Yacoin,YAC,491,0.00055556,0.00000023,0.265678,64494.0,116087616.0,116087616.0,-0.96,7.56,-18.4,1496329150
Jin Coin,JIN,492,0.00649375,0.00000269,13.0578,63954.0,9848485.0,9848485.0,-0.96,15.66,,1496329187
Debitcoin,DBTC,493,0.00332908,0.00000138,22.8987,59896.0,17991887.0,25991887.0,-0.96,4.07,-12.97,1496329184
KushCoin,KUSH,494,0.0108213,0.00000448,0.0932007,58361.0,5393134.0,5393134.0,-0.96,7.72,-20.41,1496329194
Bitcloud,BTD,495,0.00519327,0.00000215,1.49566,57834.0,11136385.0,11136385.0,-0.96,-33.99,,1496329187
DigiCube,CUBE,496,0.0000228839,0.00000001,,55588.0,2429126009.0,2429126009.0,,1.9,-13.82,1496273666
Artex Coin,ATX,497,0.00297128,0.00000123,40.1665,55548.0,18695075.0,268695075.0,-18.78,-16.27,-7.04,1496329186
AquariusCoin,ARCO,498,0.045326,0.00001876,44.8161,55333.0,1220768.0,1220768.0,-6.06,33.54,40.52,1496329182
Lex4All,LEX,499,0.0543763,0.00002251,101.738,54379.0,1000043.0,5000000.0,29.29,53.7,67.35,1496329197
Eternity,ENT,500,0.0174716,0.00000723,98.5945,53334.0,3052599.0,3052599.0,-0.96,9.06,-27.64,1496329192
Aricoin,ARI,501,0.000373867,0.00000015,54.6298,52440.0,140262505.0,140262505.0,1.17,22.0,-9.91,1496329157
Chronos,CRX,502,0.00070837,0.00000029,301.407,52228.0,73729962.0,73729962.0,0.06,33.74,21.86,1496329185
Zayedcoin,ZYD,503,0.00809185,0.00000335,12.243,50524.0,6243840.0,6243840.0,-0.96,7.56,-7.93,1496329187
BurstOcean,OCEAN,504,0.237399,0.00009828,18.2963,50288.0,211827.0,1000000.0,27.7,57.98,-0.51,1496329196
OctoCoin,888,505,0.00103139,0.00000043,171.833,49860.0,48342468.0,48342468.0,2.5,20.71,80.23,1496329158
ICOBID,ICOB,506,0.000477186,0.00000020,362.51,49562.0,103862796.0,103862796.0,-0.96,16.9,-0.29,1496329195
Francs,FRN,507,0.0285994,0.00001184,271.493,49022.0,1714100.0,1714100.0,-0.11,16.24,7.99,1496329178
SatoshiMadness,MAD,508,0.0000241548,0.00000001,15.525,48326.0,2000683485.0,2000683485.0,-0.96,7.56,-9.03,1496329174
UniCoin,UNIC,509,0.0165016,0.00000683,175.092,48029.0,2910582.0,2910582.0,16.25,25.9,23.83,1496329173
PonziCoin,PONZI,510,0.055556,0.00002300,37.389,47839.0,861099.0,861099.0,-0.96,22.67,16.6,1496329182
MarteXcoin,MXT,511,0.0171857,0.00000711,0.0850523,46885.0,2728161.0,2728161.0,-7.26,-63.64,-45.83,1496329184
Sativacoin,STV,512,0.00661841,0.00000274,0.33092,46837.0,7076794.0,7076794.0,-0.96,67.44,1.16,1496329166
Universal Currency,UNIT,513,0.00348945,0.00000144,53.7458,45525.0,13046431.0,13046431.0,-0.96,428.44,-3.82,1496329171
AmsterdamCoin,AMS,514,0.00471539,0.00000195,152.802,45285.0,9603707.0,16803707.0,-0.95,16.0,-9.88,1496329174
808Coin,808,515,0.000217826,0.00000009,146.25,44722.0,205311017.0,205311017.0,9.11,22.02,2.43,1496329185
Evotion,EVO,516,0.0180146,0.00000746,55.4727,44482.0,2469220.0,2469220.0,-0.83,-10.86,-58.03,1496329178
Zurcoin,ZUR,517,0.00055556,0.00000023,180.611,43857.0,78942024.0,78942024.0,62.7,76.7,44.82,1496329182
RedCoin,RED,518,0.000584035,0.00000024,27.6155,43282.0,74107896.0,74107896.0,-6.7,-20.21,-44.02,1496329154
BTCDragon,DRAGON,519,0.1061,0.00004393,4.5623,42880.0,404146.0,1000000.0,-44.78,49.95,-52.25,1496329196
Joulecoin,XJO,520,0.00132801,0.00000055,6.36511,42818.0,32242592.0,32242592.0,-0.96,5.54,12.8,1496329152
CoExistCoin,COXST,521,0.00156293,0.00000065,63.3778,42416.0,27138905.0,27138905.0,-0.18,76.0,-43.13,1496329181
Tigercoin,TGC,522,0.000966191,0.00000040,131.761,42065.0,43536800.0,43536800.0,-0.96,22.06,21.29,1496329153
Allion,ALL,523,0.00662429,0.00000274,44.5546,41066.0,6199359.0,7323359.0,-1.06,-17.0,-29.31,1496329195
RevolverCoin,XRE,524,0.00185992,0.00000077,122.865,40529.0,21790784.0,21790784.0,-5.85,2.24,-32.15,1496329183
UCoin,U,525,0.014976,0.00000620,1.12078,40283.0,2689812.0,2689812.0,-0.96,7.21,-10.19,1496329167
MiloCoin,MILO,526,0.00379407,0.00000157,115.117,39022.0,10284939.0,10284939.0,7.19,-29.6,41.28,1496329197
PX,PX,527,0.00050725,0.00000021,20.8221,38911.0,76710394.0,76710394.0,-0.96,12.93,112.26,1496329187
RonPaulCoin,RPC,528,0.0484547,0.00002006,278.156,38204.0,788441.0,788441.0,5.93,10.04,18.21,1496329155
Bolivarcoin,BOLI,529,0.005766,0.00000239,362.278,37321.0,6472600.0,6472600.0,1.09,24.32,21.6,1496329176
SpaceCoin,SPACE,530,0.00207099,0.00000086,95.6464,36828.0,17782763.0,17782763.0,-0.88,4.78,5.4,1496329175
SixEleven,611,531,0.0881649,0.00003650,20.7558,36321.0,411972.0,411972.0,-0.96,35.79,-61.85,1496329183
Franko,FRK,532,0.0564255,0.00002336,0.420341,35940.0,636950.0,636950.0,,,-50.36,1496329150
PopularCoin,POP,533,0.0000105642,0.000000004,100.979,35311.0,3342524517.0,3342524517.0,1.8,28.82,20.77,1496329159
WMCoin,WMC,534,0.00295748,0.00000121,,34092.0,11527489.0,911527489.0,,8.83,,1496321071
Vector,VEC2,535,0.00214977,0.00000089,130.922,34049.0,15838580.0,15838580.0,-0.96,127.92,69.64,1496329175
Dobbscoin,BOB,536,0.00667208,0.00000276,3.37698,33763.0,5060382.0,5060382.0,-0.95,,-11.96,1496329165
Universe,UNI,537,0.0113244,0.00000469,22.081,33360.0,2945858.0,14145858.0,-0.96,7.56,-6.81,1496329199
Evil Coin,EVIL,538,0.0015276,0.00000063,41.972,32111.0,21020383.0,21020383.0,-4.06,14.41,-5.57,1496329178
Uro,URO,539,0.0265461,0.00001099,12.0208,32049.0,1207310.0,1207310.0,-0.96,8.87,10.14,1496329161
CryptoWorldX Token,CWXT,540,0.000579714,0.00000024,5.05796,31683.0,54652010.0,54652010.0,-0.96,29.07,-16.03,1496329196
Cypher,CYP,541,0.00495173,0.00000205,0.990345,31519.0,6365285.0,6365285.0,-0.96,7.56,-29.95,1496329170
Cannabis Industry Coin,XCI,542,0.0314525,0.00001586,,30765.0,978145.0,1608145.0,,,,1495247976
FlavorCoin,FLVR,543,0.00146713,0.00000061,8.98059,30660.0,20898106.0,20898106.0,-0.55,98.38,62.01,1496329179
Grantcoin,GRT,544,0.000724643,0.00000030,25.2999,29942.0,41319081.0,10041319081.0,-0.96,29.07,-73.18,1496329175
Creatio,XCRE,545,0.00144929,0.00000060,8.69572,29740.0,20520514.0,20520514.0,-0.96,21.76,39.95,1496329192
Dreamcoin,DRM,546,0.0121498,0.00000503,0.971988,29609.0,2436996.0,2436996.0,-0.96,2.44,,1496329160
Solarflarecoin,SFC,547,0.00214975,0.00000089,273.436,29471.0,13709200.0,13709200.0,-0.96,10.65,-25.02,1496329195
NeuCoin,NEU,548,0.0000147306,0.000000006,78.9715,29325.0,1990764588.0,2014638413.0,-7.26,-4.13,-69.46,1496329179
Hommalicoin,HMC,549,11.7946,0.00496011,,28528.0,2419.0,1000000000.0,,394.31,,1496299177
Theresa May Coin,MAY,550,0.00183576,0.00000076,302.063,28007.0,15256350.0,15256350.0,15.8,10.46,,1496329205
PayCon,CON,551,0.00119965,0.00000050,37.7008,27643.0,23042604.0,23042604.0,-1.88,5.21,-18.39,1496329169
Bitzeny,ZNY,552,0.000362322,0.00000015,12.8242,27397.0,75614500.0,75614500.0,-0.96,7.56,-1.52,1496329173
Cannation,CNNC,553,0.0110812,0.00000459,131.189,27190.0,2453734.0,2453734.0,-0.96,17.79,-14.57,1496329204
SoonCoin,SOON,554,0.00214977,0.00000089,4.22943,26792.0,12462620.0,12462620.0,-0.96,2.67,-19.59,1496329168
Ride My Car,RIDE,555,0.000263575,0.00000011,27.4269,26646.0,101095182.0,101095182.0,-0.96,9.42,-6.33,1496329195
Hexx,HXX,556,0.0196291,0.00000813,388.968,26528.0,1351480.0,1351480.0,-0.94,-27.06,-58.52,1496329173
BumbaCoin,BUMBA,557,0.00120774,0.00000050,28.3958,26501.0,21942758.0,21942758.0,-0.96,-39.91,-27.8,1496329180
NewYorkCoin,NYC,558,0.0000004329,0.0000000002,0.00108267,25852.0,59719935819.0,59719935819.0,-96.51,-98.07,-96.14,1496329159
Unrealcoin,URC,559,0.00363403,0.00000160,,25527.0,7024402.0,7024402.0,,1.13,3.17,1496267362
HealthyWormCoin,WORM,560,0.00169083,0.00000070,29.287,25017.0,14795543.0,14795543.0,-0.96,6.04,-57.83,1496329198
BiosCrypto,BIOS,561,0.00120637,0.00000050,0.28443,25016.0,20737003.0,20737003.0,-2.24,5.42,63.19,1496329174
Destiny,DES,562,0.0153383,0.00000635,49.3877,24541.0,1600000.0,1600000.0,-0.96,8.86,19.1,1496329179
AntiBitcoin,ANTI,563,0.00140098,0.00000058,1.40098,24468.0,17465159.0,17465159.0,-0.96,,,1496329177
CryptoEscudo,CESC,564,0.000169083,0.00000007,41.6126,24366.0,144105100.0,594105100.0,-0.96,-4.88,-9.03,1496329158
X-Coin,XCO,565,0.00193238,0.00000080,0.360703,23932.0,12384976.0,12384976.0,-0.96,0.56,-18.33,1496329170
LeaCoin,LEA,566,0.0000864545,0.00000004,42.3352,23874.0,276149689.0,276149689.0,18.24,92.38,28.9,1496329172
PlatinumBAR,XPTX,567,0.134349,0.00005562,12.1934,23340.0,173728.0,173728.0,-0.96,7.54,-21.21,1496329182
Impact,IMX,568,0.000213067,0.00000009,40.4646,23291.0,109314611.0,109314611.0,5.25,89.75,-15.9,1496329199
ARbit,ARB,569,0.00359906,0.00000149,7.19802,23264.0,6463885.0,6463885.0,-0.96,7.56,1.91,1496329171
Photon,PHO,570,0.0000012896,0.0000000005,21.1539,22986.0,17824041614.0,17824041614.0,1.24,-12.14,32.74,1496329157
PIECoin,PIE,571,0.000318795,0.00000013,292.776,22972.0,72058671.0,72058671.0,-0.96,-12.26,-29.08,1496329196
B3Coin,B3,572,0.0686677,0.00002843,11.2611,21079.0,306970.0,306970.0,0.46,131.92,-7.43,1496329186
Luna Coin,LUNA,573,0.0165801,0.00000686,114.101,20350.0,1227386.0,1227386.0,8.94,20.01,-21.36,1496329193
MindCoin,MND,574,0.00161837,0.00000067,4.52595,20305.0,12546625.0,12546625.0,-0.96,12.24,12.6,1496329177
VIP Tokens,VIP,575,0.000241548,0.00000010,0.434738,20157.0,83450403.0,83450403.0,-0.96,-10.37,1.07,1496329179
Flaxscript,FLAX,576,0.00364733,0.00000151,12.5983,20044.0,5495516.0,5495516.0,-0.96,5.67,-0.05,1496329174
SongCoin,SONG,577,0.000606463,0.00000025,45.495,19750.0,32565300.0,32565300.0,-0.96,28.29,-26.0,1496329171
Prototanium,PR,578,0.10153,0.00004203,269.101,19744.0,194462.0,194462.0,-0.92,8.12,-14.73,1496329176
DAPPSTER,DLISK,579,0.000193238,0.00000008,1.20774,19324.0,100000000.0,100000000.0,-0.96,7.56,22.2,1496329185
Comet,CMT,580,0.0215962,0.00000894,3.88078,18850.0,872830.0,872830.0,-0.96,91.72,60.08,1496329184
Alexium,AUM,581,0.000926663,0.00000038,,18809.0,20297336.0,20297336.0,,8.58,2.64,1496320165
Magnum,MGM,582,0.00516496,0.00000225,,18733.0,3626950.0,253626950.0,,2.21,11.15,1496272491
IslaCoin,ISL,583,0.0122948,0.00000509,26.1984,18611.0,1513704.0,1513704.0,-0.96,-31.82,-38.1,1496329177
PLNcoin,PLNC,584,0.00108696,0.00000045,0.241548,18576.0,17089600.0,19089600.0,-0.96,7.56,15.28,1496329159
BipCoin,BIP,585,0.0135267,0.00000560,17.2479,18178.0,1343889.0,1343889.0,-0.96,2.43,-43.11,1496329190
SecretCoin,SCRT,586,0.00427539,0.00000177,0.427539,18079.0,4228672.0,4228672.0,0.82,9.41,13.56,1496329177
GameBet Coin,GBT,587,0.000845417,0.00000035,0.265678,17976.0,21262780.0,22262780.0,-0.96,14.31,13.71,1496329181
Solaris,XLR,588,0.105941,0.00004386,205.444,17685.0,166936.0,266936.0,44.5,47.96,-96.64,1496329198
Halcyon,HAL,589,0.00362322,0.00000150,8.81862,16834.0,4646027.0,4646027.0,-0.96,-1.79,-15.26,1496329164
Steps,STEPS,590,0.000901683,0.00000037,,16794.0,18625017.0,18625017.0,,8.51,-5.14,1496319565
Sling,SLING,591,0.015145,0.00000627,17.2225,16267.0,1074095.0,1074095.0,-0.92,4.88,-2.94,1496329170
GuccioneCoin,GCC,592,0.000797107,0.00000033,21.6275,16170.0,20285537.0,23775537.0,-0.96,36.96,,1496329174
Orlycoin,ORLY,593,0.000434786,0.00000018,2.35164,15934.0,36646779.0,36646779.0,-0.96,,-9.03,1496329182
BlazeCoin,BLZ,594,0.0000251967,0.00000001,9.52744,15334.0,608557394.0,608557394.0,9.11,41.08,16.93,1496329162
Crypto,CTO,595,0.00154591,0.00000064,7.4188,15322.0,9911618.0,9911618.0,-0.96,10.86,-29.0,1496329171
Blackstar,BSTAR,596,0.0000241548,0.00000001,13.7682,15237.0,630795971.0,630795971.0,-0.96,7.56,-9.03,1496329193
BowsCoin,BSC,597,0.00270533,0.00000112,0.299447,15015.0,5550102.0,5550102.0,,19.27,47.34,1496329173
FuzzBalls,FUZZ,598,0.00297151,0.00000123,1.3236,14352.0,4829945.0,4829945.0,-0.96,0.24,-13.35,1496329182
Firecoin,FIRE,599,0.145025,0.00006004,19.2622,14272.0,98412.0,98412.0,-0.96,,-56.02,1496329163
Scorecoin,SCORE,600,0.000848139,0.00000035,30.8784,14122.0,16651010.0,16651010.0,-0.96,-12.17,-34.95,1496329199
Metal Music Coin,MTLMC3,601,0.000175951,0.00000007,18.5371,14027.0,79719140.0,79719140.0,2.07,28.85,32.53,1496329173
BitTokens,BXT,602,0.0263215,0.00001090,5.79152,13652.0,518658.0,518658.0,-21.09,35.82,132.44,1496329186
OsmiumCoin,OS76,603,0.0149035,0.00000617,109.511,13324.0,894026.0,894026.0,38.56,9.69,-2.89,1496329178
BitQuark,BTQ,604,0.00185992,0.00000077,9.64654,13309.0,7155671.0,7155671.0,-0.96,3.31,-52.76,1496329160
TAGRcoin,TAGR,605,0.000338167,0.00000014,2.65705,13077.0,38669634.0,38669634.0,-0.96,-5.89,-13.12,1496329173
Speedcash,SCS,606,0.0497347,0.00002059,15.0097,12981.0,261011.0,476098.0,-0.96,-20.91,8.02,1496329202
JobsCoin,JOBS,607,0.000120774,0.00000005,236.372,12804.0,106019270.0,200019300.0,-0.96,34.44,24.35,1496329189
GPU Coin,GPU,608,0.000316185,0.00000013,18.5867,12798.0,40477042.0,51530001.0,-1.2,3.55,9.92,1496329182
Sprouts,SPRTS,609,0.0000000737,0.00000000003,20.6647,12792.0,173675068448,173675068448,-5.36,116.5,-91.81,1496329173
Bitvolt,VOLT,610,0.000797107,0.00000033,493.507,12046.0,15112554.0,60132654.0,-0.96,-6.6,-10.16,1496329202
Money,$$$,611,0.000262239,0.00000011,50.3118,12033.0,45887218.0,45887218.0,20.27,30.52,-24.62,1496329176
Cabbage,CAB,612,0.00113927,0.00000047,76.7489,11962.0,10499996.0,10499996.0,13.42,15.29,-2.52,1496329180
MustangCoin,MST,613,0.0187102,0.00000775,6.46219,11763.0,628695.0,628695.0,-0.96,-16.78,-54.1,1496329188
WARP,WARP,614,0.0107006,0.00000443,2.69432,11720.0,1095224.0,1095224.0,2.27,11.07,-3.84,1496329178
Bitcoin 21,XBTC21,615,0.0145198,0.00000655,,11516.0,793108.0,7093108.0,,,-38.08,1496220571
LetItRide,LIR,616,0.000314012,0.00000013,39.0729,11072.0,35261284.0,35261284.0,-0.96,27.11,-3.43,1496329185
Iconic,ICON,617,0.0182906,0.00000750,,10844.0,592894.0,592894.0,,8.59,-18.87,1496321984
Ebittree Coin,EBT,618,0.0121015,0.00000501,314.012,10510.0,868500.0,810868500.0,-0.96,7.61,27.06,1496329201
Bikercoin,BIC,619,0.00111658,0.00000052,,10443.0,9352463.0,9352463.0,,,,1495433081
TajCoin,TAJ,620,0.00180763,0.00000075,43.4122,10416.0,5762105.0,5762105.0,-1.07,9.89,38.35,1496329186
EGO,EGO,621,0.000169083,0.00000007,0.700464,10145.0,60000001.0,60000001.0,-0.96,7.56,-5.27,1496329189
Future Digital Currency,FDC,622,0.00384061,0.00000159,9.66191,9882.0,2572901.0,1002572901.0,5.51,-0.57,18.98,1496329193
G3N,G3N,623,0.0012802,0.00000053,2.55415,9681.0,7561891.0,7561891.0,-0.96,7.56,-10.94,1496329172
Zonecoin,ZNE,624,0.00369568,0.00000153,129.252,9542.0,2581970.0,2581970.0,-0.31,16.58,8.83,1496329185
High Voltage,HVCO,625,0.00618362,0.00000256,2.50323,9239.0,1494171.0,1694171.0,-0.96,9.26,,1496329184
1CRedit,1CR,626,0.102561,0.00004246,2.41548,9047.0,88213.0,88213.0,-0.96,7.61,-13.98,1496329180
Cashcoin,CASH,627,0.000244984,0.00000011,,8778.0,35831128.0,35831128.0,,,-24.91,1496155747
iBank,IBANK,628,0.00190823,0.00000079,0.699522,8637.0,4526324.0,4526324.0,-0.96,24.95,-4.18,1496329194
Printerium,PRX,629,0.000946277,0.00000039,7.86892,8587.0,9074428.0,9074428.0,-0.96,8.04,-7.96,1496329194
Xonecoin,XOC,630,0.0183576,0.00000760,0.257997,7710.0,420000.0,420000.0,-0.96,-8.65,-24.39,1496329186
DPAY,DPAY,631,0.0000966191,0.00000004,6.00753,7685.0,79541001.0,79541001.0,-0.96,,-9.03,1496329190
Hirocoin,HIRO,632,0.0000241548,0.00000001,2.41548,7522.0,311402390.0,311402390.0,-0.96,7.56,-26.55,1496329158
ImpulseCoin,IMPS,633,0.000362322,0.00000015,39.6736,7335.0,20245510.0,20245510.0,-0.96,0.83,24.05,1496329190
Pulse,PULSE,634,0.00050914,0.00000021,4.88624,7280.0,14298972.0,14298972.0,-3.91,66.22,-48.11,1496329180
PosEx,PEX,635,0.00285026,0.00000118,2.71536,6992.0,2453240.0,2453240.0,-0.96,8.1,-14.81,1496329181
JIO Token,JIO,636,0.00347829,0.00000144,438.735,6637.0,1908128.0,8888888.0,-0.96,-2.04,25.03,1496329193
SydPak,SDP,637,0.0405075,0.00001677,216.744,6422.0,158529.0,158529.0,1.02,29.4,10.32,1496329175
Argus,ARGUS,638,0.00558004,0.00000231,218.73,6408.0,1148324.0,5194373.0,-0.86,7.7,-14.53,1496329196
Coinonat,CXT,639,0.00304736,0.00000126,223.872,6408.0,2102702.0,8102702.0,13.2,25.05,-27.92,1496329200
Qibuck Asset,QBK,640,0.00437663,0.00000181,93.4847,6373.0,1456187.0,2000000.0,27.7,,-26.77,1496329204
Dix Asset,DIX,641,0.0000000635,0.00000000003,29.2084,6350.0,100000000000,100000000000,0.27,,-41.55,1496329193
Shilling,SH,642,0.00197402,0.00000082,19.5962,6340.0,3211800.0,3211800.0,-0.96,-44.06,67.06,1496329187
Abncoin,ABN,643,0.0853698,0.00003534,261.923,5780.0,67700.0,4734367.0,-0.96,-52.49,-40.51,1496329194
BioBar,BIOB,644,0.00625608,0.00000259,42.788,5541.0,885756.0,985756.0,10.2,11.47,74.36,1496329197
Antilitecoin,ALTC,645,0.000169083,0.00000007,30.8215,5328.0,31512613.0,31512613.0,-0.96,25.48,-14.83,1496329180
Concoin,CONX,646,0.00747866,0.00000310,231.71,5144.0,687849.0,1538849.0,3.56,-5.07,9.59,1496329200
VapersCoin,VPRC,647,0.0000062788,0.000000003,6.30387,4898.0,780124964.0,1635124964.0,-0.7,-16.64,-15.99,1496329186
GanjaCoin,420G,648,0.00724643,0.00000300,82.1262,4871.0,672234.0,1740375.0,-0.96,-76.06,-78.92,1496329166
Save and Gain,SANDG,649,0.00141989,0.00000064,,4352.0,3064800.0,3064800.0,,,4.85,1496226272
GeertCoin,GEERT,650,0.000848254,0.00000035,121.482,4311.0,5081639.0,5081639.0,18.8,5.44,-21.0,1496329197
NodeCoin,NODC,651,0.00221639,0.00000097,,3720.0,1678439.0,5878439.0,,1.74,-4.42,1496270080
Elysium,ELS,652,0.000917881,0.00000038,9.19447,3676.0,4005012.0,4005012.0,-0.96,-3.54,-46.95,1496329195
Revenu,REV,653,0.00280195,0.00000116,72.1633,3350.0,1195525.0,1195525.0,-0.96,-43.44,-74.26,1496329180
Selfiecoin,SLFI,654,0.0000241548,0.00000001,13.0436,2605.0,107829281.0,107829281.0,-0.96,7.56,-9.03,1496329170
P7Coin,P7C,655,0.0000724643,0.00000003,0.541043,2552.0,35220238.0,35220238.0,-0.96,,172.9,1496329171
Enigma,XNG,656,0.132416,0.00005482,173.689,2202.0,16627.0,66627.0,-0.45,27.02,-14.44,1496329182
Californium,CF,657,0.019348,0.00000801,146.423,2150.0,111110.0,111110.0,-2.18,6.36,-10.38,1496329170
Doubloon,BOAT,658,0.000603489,0.00000025,268.963,2141.0,3547845.0,18547845.0,-0.95,2.78,-33.6,1496329195
Dollar Online,DOLLAR,659,0.0164011,0.00000679,433.166,1450.0,88379.0,10088379.0,-0.96,0.45,37.26,1496329193
Impeachcoin,IMPCH,660,0.00434786,0.00000180,33.1366,1340.0,308179.0,2501512.0,-0.96,61.33,-52.88,1496329195
Powercoin,PWR,661,0.0000241548,0.00000001,56.4142,1207.0,49983870.0,49983870.0,-0.96,7.56,-9.03,1496329183
23 Skidoo,CHAO,662,3647.41,1.51002,220.902,921.0,0.0,0.0,-0.96,8.27,-67.03,1496329173
SwapToken,TOKEN,663,0.0000205859,0.000000009,64.039,723.0,35110531.0,35110531.0,0.12,13.71,998.4,1496329185
Digital Credits,DGCS,664,0.000120774,0.00000005,29.2605,704.0,5826388.0,201284316.0,-0.96,-23.17,-26.88,1496329177
Zcashshare,ZHS,665,0.000217393,0.00000009,3.85104,614.0,2826000.0,2826000.0,-0.96,21.0,,1496329191
CRTCoin,CRT,666,0.00483095,0.00000200,0.0000000242,383.0,79270.0,10079270.0,-0.96,7.56,-9.03,1496329159
PizzaCoin,PIZZA,667,0.000169083,0.00000007,9.24838,233.0,1377917.0,10127917.0,-0.96,25.48,-36.86,1496329186
Xenixcoin,XEN,668,0.0157006,0.00000650,79.7107,159.0,10100.0,10010100.0,-0.96,7.39,55.67,1496329191
CaliphCoin,CALC,669,0.000801529,0.00000033,161.919,70.0,87140.0,148587140.0,-0.96,-35.95,-39.53,1496329188
MikeTheMug,MUG,670,0.0000051456,0.000000002,,5.0,999279.0,1000000.0,,,,1496047185
SnakeEyes,SNAKE,671,0.153182,0.00006342,437.181,,,10000000.0,20.3,38.55,41.61,1496329204
Project-X,NANOX,672,314012.0,130.0,2957.11,,,1.0,-56.5,-44.07,,1496329205
Internet of Things,XOT,673,1019.95,0.422257,912.231,,,21000000.0,-0.43,18.39,14.02,1496329201
AMIS,AMIS,674,274.696,0.113723,0.437762,,,,-2.77,41.49,-46.02,1496329201
Bitcoin Unlimited (Futures),BTU,675,132.182,0.054723,470.091,,,,-19.57,19.72,-32.35,1496329197
Malcoin,MALC,676,31.483,0.0130339,43720.3,,,1000000000.0,-0.96,7.56,-8.91,1496329202
GoldUnionCoin,GUC,677,20.4161,0.00845222,23724.3,,,210000000.0,-0.96,-2.25,-14.57,1496329201
Forevercoin,XFC,678,17.1375,0.00767998,,,,,,,,1495573462
Fargocoin,FRGC,679,7.13791,0.00295507,412055.0,,,443664631.0,-0.01,1.5,0.16,1496329193
Qtum (Pre-Launch),QTUM,680,7.09246,0.00293626,23013400.0,,,100000000.0,-4.17,51.01,39.2,1496329205
Internet of People,IOP,681,3.66207,0.00151609,5313.83,,,2139398.0,-0.96,-0.42,-12.51,1496329191
EcoCoin,ECO,682,3.35034,0.00138703,78832.7,,,1093895.0,-2.59,3.6,-36.55,1496329206
DECENT (Pre-Launch),DCT,683,1.6925,0.00070069,2078.77,,,73290000.0,-0.96,-49.07,-64.93,1496329192
Bitcore,BTX,684,1.13581,0.00047022,28075.7,,,16358840.0,0.07,16.53,-19.3,1496329203
OBITS.WARRANT,WARRANT,685,1.00256,0.00045776,,,,,,,,1496189094
DynamicCoin,DMC,686,0.998212,0.00041326,301313.0,,,10541442931.0,0.03,-0.05,-0.06,1496329190
PRIZM,PZM,687,0.95495,0.00039535,17581.6,,,,5.82,-7.54,-1.03,1496329204
Bitgem,BTG,688,0.845513,0.00035004,0.0211474,,,,-0.96,7.56,-41.27,1496329150
Databits,DTB,689,0.804353,0.000333,133002.0,,,,1.63,3.79,-6.41,1496329199
TechShares,THS,690,0.617754,0.00025575,533.304,,,646359158.0,-1.0,19.03,-19.34,1496329187
XDE II,XDE2,691,0.585196,0.00024227,14.8165,,,42249.0,1.5,6.66,7.1,1496329198
TeslaCoilCoin,TESLA,692,0.555294,0.00022989,55.3573,,,100000000.0,-0.96,7.56,24.65,1496329183
GAY Money,GAY,693,0.50408,0.00020869,126.51,,,5602621328.0,-19.29,-26.43,4.49,1496329188
Quartz,QRZ,694,0.458941,0.00019,3696.61,,,21000000.0,-0.96,-72.13,,1496329206
LEOcoin,LEO,695,0.456103,0.00018882,186816.0,,,92882753.0,-0.57,3.54,10.11,1496329174
WA Space,WA,696,0.387056,0.00016024,34829.3,,,,-0.96,6.98,5.03,1496329190
EB3 Coin,EB3,697,0.285026,0.000118,169290.0,,,786000000.0,-0.96,7.4,-4.32,1496329199
ZenGold,ZENGOLD,698,0.281619,0.00011659,5885.75,,,,2.04,24.58,,1496329205
ClubCoin,CLUB,699,0.281352,0.00011648,46538.4,,,90899180.0,-0.75,1.33,-21.68,1496329177
Yogold,YOG,700,0.265557,0.00010994,106.733,,,100000000.0,-0.96,17.15,-4.67,1496329198
TROPTIONS,TROPTIONS,701,0.248173,0.00010598,,,,1000000001.0,,87.21,28.49,1496287780
Zilbercoin,ZBC,702,0.242517,0.0001004,749522.0,,,9008632.0,0.36,18.78,-18.82,1496329194
Pabyosi Coin (Special),PCS,703,0.169519,0.00007018,4172.59,,,30993751760.0,-0.87,-13.15,23.74,1496329193
Basic Attention Token,BAT,704,0.16764,0.00006940,9618050.0,,,1500000000.0,-2.99,,,1496329206
InvisibleCoin,IVZ,705,0.14761,0.00006111,4.75226,,,,-0.96,7.7,,1496329179
Golos Gold,GBG,706,0.144397,0.00005978,4293.4,,,,1.32,9.4,-22.45,1496329195
AlpaCoin,APC,707,0.144083,0.00005965,995.882,,,,-0.96,11.53,12.1,1496329179
EquiTrader,EQT,708,0.12802,0.00005300,84397.4,,,7655160.0,-0.96,11.77,-3.57,1496329205
Wowecoin,WEC,709,0.104,0.00004306,12085.9,,,8901692.0,,-0.0,-0.87,1496329185
DeusCoin,DEUS,710,0.0893485,0.00003699,3916.36,,,,-0.96,8.03,-34.09,1496329202
Tattoocoin (Limited Edition),TLE,711,0.0848665,0.00003513,3.9738,,,975530.0,-0.96,-30.02,-17.41,1496329202
WavesGo,WGO,712,0.0783369,0.00003243,345.757,,,10000000.0,-3.59,31.33,13.61,1496329201
LandCoin,LDCN,713,0.0747371,0.00003094,18877.7,,,19003881978.0,-0.82,43.01,37.68,1496329193
InsaneCoin,INSN,714,0.06764,0.00002800,5896.16,,,18528219.0,-5.85,19.16,-6.5,1496329204
Omicron,OMC,715,0.0444935,0.00002001,,,,10134076.0,,,-0.97,1496216076
Elacoin,ELC,716,0.0420728,0.00001727,,,,,-0.11,8.15,24.96,1496326751
Fazzcoin,FAZZ,717,0.0401726,0.00001663,93.4006,,,1022574778.0,-0.91,-33.14,-58.7,1496329201
Topaz Coin,TOPAZ,718,0.0400527,0.00001658,10.8431,,,37813.0,-1.89,-1.98,-76.16,1496329203
International Diamond,XID,719,0.0383578,0.00001588,2420.9,,,,-0.96,,-45.16,1496329185
CryptoBuck,BUK,720,0.0368264,0.00001525,0.808548,,,,-7.26,68.79,78.13,1496329166
RHFCoin,RHFC,721,0.0321258,0.00001330,2096.52,,,200156880.0,-0.96,8.92,-0.57,1496329201
DeltaCredits,DCRE,722,0.0307721,0.00001295,,,,,,5.81,,1496303363
President Johnson,GARY,723,0.02872,0.00001189,86.1339,,,57968072167.0,-0.96,7.28,-7.97,1496329186
IvugeoCoin,IEC,724,0.0239132,0.00000990,0.0879516,,,,-0.96,7.56,-10.12,1496329170
EDRCoin,EDRC,725,0.0232653,0.00000963,5945.65,,,3407292.0,0.39,-8.8,-7.48,1496329181
ShellPay,SHELL,726,0.0210058,0.00000870,12175.8,,,,2.14,1.09,-21.5,1496329172
Avoncoin,ACN,727,0.0204349,0.00000846,3288.75,,,,3.12,-4.23,1.03,1496329195
Lepaoquan,HLB,728,0.0189787,0.00000786,563011.0,,,935498343.0,1.12,8.63,-33.21,1496329192
Gycoin,GYC,729,0.017503,0.00000725,30578.7,,,22213403.0,-0.0,-1.16,-6.92,1496329185
KolschCoin,TP1,730,0.014976,0.00000620,0.516187,,,,-0.96,35.79,26.17,1496329172
Digitalfund,DTF,731,0.0145425,0.00000602,8680.59,,,54000053.0,-0.0,17.96,-26.87,1496329187
Mind Gene,MG,732,0.0132851,0.00000550,13828.6,,,,0.87,1.18,-3.64,1496329188
Sharkcoin,SAK,733,0.0108056,0.00000447,1794.97,,,,15.42,23.01,3.71,1496329170
9COIN,9COIN,734,0.00990345,0.00000410,836.606,,,350050250.0,-0.96,77.1,79.12,1496329203
Dashs,DASHS,735,0.00956529,0.00000396,39.3931,,,,106.42,41.97,153.68,1496329201
Tyrocoin,TYC,736,0.00763291,0.00000316,43.4786,,,50129800.0,-0.96,-62.24,,1496329202
First Bitcoin,BIT,737,0.00660143,0.00000273,709.166,,,20706892726.0,-2.39,43.62,-21.06,1496329185
Opal,OPAL,738,0.00654594,0.00000271,3329.01,,,,-1.33,4.93,-6.46,1496329165
GBCGoldCoin,GBC,739,0.0065341,0.00000271,273.24,,,,0.0,-0.36,-16.48,1496329177
Slimcoin,SLM,740,0.00652179,0.00000270,12.0774,,,13925626.0,-0.96,,29.27,1496329169
Goldpay Coin,GP,741,0.00641926,0.00000266,16368.1,,,,-0.51,3.7,-31.94,1496329205
Psilocybin,PSY,742,0.00640101,0.00000265,0.320027,,,,-0.96,,-1.61,1496329180
Helleniccoin,HNC,743,0.00599038,0.00000248,20864.4,,,,15.58,-21.26,39.79,1496329174
Xaucoin,XAU,744,0.00579714,0.00000240,3.97696,,,,-0.96,5.25,3.96,1496329169
EggCoin,EGG,745,0.00562322,0.00000237,,,,,,5.65,,1496295864
PiCoin,PI,746,0.00502419,0.00000208,12.0774,,,1378369.0,-0.48,10.75,-37.13,1496329203
Axiom,AXIOM,747,0.0048068,0.00000199,5.98446,,,,-0.96,7.56,-9.49,1496329174
GoldReserve,XGR,748,0.00420293,0.00000174,1956.87,,,17160946.0,-5.7,3.14,-21.8,1496329162
CHNCoin,CNC,749,0.00413511,0.00000171,7890.14,,,,-2.24,4.07,-34.3,1496329154
netBit,NBIT,750,0.00408216,0.00000169,0.244929,,,,-0.96,3.99,11.4,1496329190
BagCoin,BGC,751,0.00405721,0.00000168,62152.9,,,497214120.0,-5.52,-12.2,-19.01,1496329185
Bitcoin Scrypt,BTCS,752,0.0039458,0.00000163,1.53397,,,,-0.83,17.13,-4.83,1496329157
AvatarCoin,AV,753,0.00352518,0.00000159,,,,,,,-2.38,1496159368
ZSEcoin,ZSE,754,0.00345958,0.00000143,54.245,,,6377525.0,-0.96,-7.62,-62.04,1496329198
President Trump,PRES,755,0.00290826,0.00000120,40.6321,,,57968072167.0,-0.96,8.14,-31.91,1496329186
Quotient,XQN,756,0.00289857,0.00000120,50.6339,,,,-0.96,,-25.73,1496329167
Clinton,CLINT,757,0.00260871,0.00000108,0.326089,,,,-0.96,,6.64,1496329182
RoyalCoin 2,RYCN,758,0.00248794,0.00000103,0.0370534,,,2500124.0,-0.96,7.56,-30.23,1496329189
GameLeagueCoin,GML,759,0.00237139,0.00000103,,,,,,,1.49,1496142551
Neptune Classic,NTCC,760,0.00231886,0.00000096,1338.58,,,,-0.96,-0.5,68.03,1496329197
TrickyCoin,TRICK,761,0.0022947,0.00000095,3.23642,,,,-0.96,-4.11,-19.25,1496329170
OCOW,OCOW,762,0.00227517,0.00000099,,,,,,,21.43,1496142268
VGINA,VGINA,763,0.0021059,0.00000095,,,,11603228.0,,,,1496238289
RichCoin,RICHX,764,0.00210122,0.00000093,,,,5925522.0,,,,1496167172
BitcoinFast,BCF,765,0.00183586,0.00000076,240.108,,,,-0.96,-41.39,-44.66,1496329168
Condensate,RAIN,766,0.0017456,0.00000072,908.817,,,42978104.0,-7.33,19.59,-26.3,1496329203
Mavro,MAVRO,767,0.00169083,0.00000070,2.6835,,,15005722.0,-0.96,,-4.96,1496329198
Advanced Internet Blocks,AIB,768,0.00163694,0.00000068,26.3113,,,31411915834.0,-0.96,56.7,53.3,1496329171
MMXVI,MMXVI,769,0.00159421,0.00000066,1132.18,,,,33.4,38.0,-65.52,1496329179
TodayCoin,TODAY,770,0.00152175,0.00000063,71.8967,,,,38.65,56.59,2.66,1496329187
UR,UR,771,0.00135256,0.00000056,159.334,,,,-0.96,9.56,-4.58,1496329196
Alphabet Coin Fund,FUN,772,0.00115943,0.00000048,106.568,,,20742012.0,-0.96,7.56,,1496329182
Digital Bullion Gold,DBG,773,0.00108696,0.00000045,9.81019,,,24523275.0,-0.96,8.37,-31.24,1496329184
RoyalCoin,ROYAL,774,0.0010806,0.00000045,73.3304,,,2500124.0,-0.98,22.47,-2.87,1496329189
True Investment Coin,TIC,775,0.0010145,0.00000042,9.96183,,,,-3.27,5.05,81.93,1496329196
Bitcedi,BXC,776,0.0010145,0.00000042,4.3506,,,,-0.96,-1.8,,1496329183
Skeincoin,SKC,777,0.000917535,0.00000042,,,,,,,,1496020148
BestChain,BEST,778,0.000904305,0.00000037,66.1645,,,20042911.0,-0.91,-27.31,-4.44,1496329198
The Aladin,ADT,779,0.000892522,0.00000032,,,,,,,0.0,1495722585
SportsCoin,SPORT,780,0.000869572,0.00000036,0.241548,,,19800001.0,-0.96,,12.92,1496329188
RubleBit,RUBIT,781,0.000869572,0.00000036,1.13875,,,,-0.96,43.41,12.92,1496329176
Braincoin,BRAIN,782,0.000845417,0.00000035,8.60103,,,,-0.96,,9.79,1496329181
BitAlphaCoin,BAC,783,0.000841192,0.00000035,2.97526,,,,-0.96,21.13,23.56,1496329178
Motocoin,MOTO,784,0.000832158,0.00000034,51.1316,,,,-0.96,23.45,43.35,1496329160
Dubstep,DUB,785,0.000821262,0.00000034,7.58274,,,,-0.96,,,1496329173
WeAreSatoshi,WSX,786,0.000748798,0.00000031,1.96321,,,,-0.96,4.19,-27.69,1496329164
FrankyWillCoin,FRWC,787,0.000748798,0.00000031,0.806745,,,,-0.96,,0.71,1496329185
Lazaruscoin,LAZ,788,0.000748798,0.00000031,14.7576,,,,-0.96,,,1496329189
Opescoin,OPES,789,0.000676333,0.00000028,0.265678,,,,-0.96,7.56,-5.66,1496329177
CBD Crystals,CBD,790,0.0006076,0.00000025,70.9949,,,,-0.96,-54.65,-24.45,1496329190
Quebecoin,QBC,791,0.000603869,0.00000025,20.3074,,,,-17.47,3.42,-5.24,1496329159
KashhCoin,KASHH,792,0.000603826,0.00000025,8931.46,,,,-0.97,30.58,75.62,1496329195
Vsync,XVS,793,0.000539104,0.00000022,321.584,,,103334172.0,22.7,0.67,-43.15,1496329199
Cubits,QBT,794,0.00050724,0.00000021,15.219,,,,-0.96,,-34.21,1496329189
T-coin,TCOIN,795,0.000458941,0.00000019,4797.02,,,,-0.96,16.52,-0.61,1496329192
MarxCoin,MARX,796,0.000389063,0.00000016,254.242,,,29128280.0,-46.64,9.88,-43.37,1496329196
DarkLisk,DISK,797,0.000386476,0.00000016,0.265702,,,17888425.0,-0.96,22.92,3.96,1496329183
UGAIN,GAIN,798,0.000362322,0.00000015,0.555535,,,,-0.96,34.44,,1496329185
BlazerCoin,BLAZR,799,0.000362322,0.00000015,7.58646,,,,-0.96,46.67,24.05,1496329199
Operand,OP,800,0.000362322,0.00000015,5.85057,,,36309296.0,-0.96,,,1496329181
GoldMaxCoin,GMX,801,0.000338167,0.00000014,6.34128,,,84078950.0,-0.96,-9.02,-36.32,1496329180
Gambleo,GMB,802,0.000327765,0.00000014,,,,,,4.25,-5.72,1496283589
Sakuracoin,SKR,803,0.000313964,0.00000013,115.145,,,,-2.83,8.22,-4.07,1496329189
Cycling Coin,CYC,804,0.000289857,0.00000012,0.265678,,,,-0.96,17.77,7.53,1496329173
PrismChain,PRM,805,0.000265702,0.00000011,288.731,,,,-0.96,0.85,-86.57,1496329183
Grumfork,GMF,806,0.000241548,0.00000010,4.83095,,,,-0.96,7.56,-35.02,1496329201
TeraCoin,TERA,807,0.000241548,0.00000010,3194.35,,,,-0.96,7.56,21.24,1496329197
Happy Creator Coin,HCC,808,0.000221148,0.00000009,94.6305,,,,-0.72,-1.91,-49.25,1496329184
The Vegan Initiative,XVE,809,0.000217642,0.00000009,173.343,,,,-10.88,15.09,-15.27,1496329200
LAthaan,LTH,810,0.000217393,0.00000009,3.35746,,,,-0.96,,63.74,1496329189
AsicCoin,ASC,811,0.000199493,0.00000008,0.32126,,,,-0.7,,-7.5,1496329153
Moneta,MONETA,812,0.000193238,0.00000008,1.95654,,,,-0.96,22.92,-27.23,1496329176
President Sanders,BURN,813,0.000193238,0.00000008,329.527,,,57968072167.0,-0.96,-39.91,-57.19,1496329194
MobileCash,MBL,814,0.000169083,0.00000007,4.5545,,,1068669648.0,-0.96,7.56,-12.72,1496329189
TheCreed,TCR,815,0.000120774,0.00000005,18.452,,,,-0.96,63.09,51.61,1496329182
TeamUp,TEAM,816,0.0000966191,0.00000004,3.51189,,,301004896.0,-0.96,43.41,81.93,1496329189
LinkedCoin,LKC,817,0.0000966191,0.00000004,34.5555,,,,-0.96,-10.92,-19.41,1496329185
Halloween Coin,HALLO,818,0.0000861133,0.00000004,171.804,,,264606081.0,25.24,-0.28,-38.55,1496329204
MoneyCoin,MONEY,819,0.0000724643,0.00000003,230.14,,,,48.56,7.56,36.45,1496329192
FireFlyCoin,FFC,820,0.0000724643,0.00000003,102.388,,,,-0.96,61.33,45.55,1496329166
PayPeer,PAYP,821,0.0000724643,0.00000003,9.44449,,,,-0.96,43.58,-9.03,1496329181
Wowcoin,WOW,822,0.0000724643,0.00000003,98.7743,,,,-0.96,-19.33,2.82,1496329190
PokeCoin,POKE,823,0.0000724643,0.00000003,0.265678,,,,-0.96,,36.45,1496329186
VegasCoin,VGC,824,0.0000719415,0.00000003,2.44404,,,,-0.96,-71.35,,1496329159
LePen,LEPEN,825,0.0000646190,0.00000003,138.882,,,,14.09,132.1,18.16,1496329194
UNCoin,UNC,826,0.0000483095,0.00000002,618.205,,,,-0.96,7.61,26.1,1496329170
CyberCoin,CC,827,0.0000483095,0.00000002,18.8406,,,549267534.0,-0.96,,-3.01,1496329175
PinkDog,PDG,828,0.0000483095,0.00000002,21.9717,,,,-0.96,-46.22,-2.34,1496329195
Global Business Revolution,GBRC,829,0.0000483095,0.00000002,290.755,,,900096049.0,-0.96,115.11,-9.03,1496329190
Cashme,CME,830,0.0000483095,0.00000002,12.3189,,,,-0.96,112.56,77.49,1496329176
Tellurion,TELL,831,0.0000483095,0.00000002,0.724643,,,,-0.96,7.56,81.93,1496329188
InflationCoin,IFLT,832,0.0000418382,0.00000002,2955.49,,,3220979665.0,-2.99,-4.3,-17.42,1496329193
FedoraShare,FEDS,833,0.0000243844,0.00000001,13176.4,,,499001343914,36.07,0.41,32.61,1496329188
SuperTurboStake,STRB,834,0.0000241548,0.00000001,0.724643,,,,-0.96,,-9.03,1496329179
President Clinton,HILL,835,0.0000241548,0.00000001,79.5374,,,57968072167.0,-0.96,7.56,-40.63,1496329186
Aces,ACES,836,0.0000241548,0.00000001,26.9905,,,,-0.96,7.37,-19.6,1496329186
Victoriouscoin,VTY,837,0.0000241548,0.00000001,12.3189,,,10263290326.0,-0.96,-68.97,-7.29,1496329188
X2,X2,838,0.0000241548,0.00000001,0.241548,,,,-0.96,7.56,-9.03,1496329177
Rcoin,RCN,839,0.0000241548,0.00000001,119.461,,,,-0.96,-43.91,-9.03,1496329189
Safe Trade Coin,XSTC,840,0.0000241548,0.00000001,8.10262,,,604880000.0,-0.96,7.56,-9.03,1496329193
ChoofCoin,CHOOF,841,0.0000241548,0.00000001,116.98,,,,-0.96,7.56,-9.03,1496329190
SoulCoin,SOUL,842,0.0000241548,0.00000001,12.5605,,,,-0.96,7.56,-9.03,1496329182
Yescoin,YES,843,0.0000241522,0.000000010,385.819,,,,-0.96,7.54,-8.96,1496329194
Virtacoin,VTA,844,0.0000184938,0.000000008,2713.2,,,12423206610.0,-1.0,7.4,-1.5,1496329163
XP,XP,845,0.0000018562,0.0000000008,196.507,,,133635560466,23.08,-54.19,485.66,1496329187
BatCoin,BAT,846,0.0000008562,0.0000000004,1074.15,,,,32.27,,,1496329157
BitCentavo,NBE,847,0.0000005504,0.0000000002,2.9484,,,,27.95,,-54.45,1496329165
RabbitCoin,RBBT,848,0.0000003360,0.0000000001,30.181,,,,0.51,-34.2,-67.9,1496329164
Dimecoin,DIME,849,0.0000003359,0.0000000001,1510.35,,,527072896400,-18.92,-15.56,-96.01,1496329153
StrongHands,SHND,850,0.0000000944,0.00000000004,226.672,,,,-0.15,-71.81,,1496329176
Paccoin,PAC,851,0.0000000693,0.00000000003,665.848,,,,0.35,-6.69,-0.98,1496329176
Bond,BOND,852,,,,,1349.0,1349.0,,,,
bitRUBLE,BITRUBLE,853,,,,,,,,,,
