Name,Symbol,Rank,Price(BTC),Price(USD),24HVolume,MarketCap,%Change_1h,%Change_24h,%Change_7d,LastUpdated
Bitcoin,BTC,1,2401.33,1.0,1645320000.0,39299806581.0,16365850.0,16365850.0,0.73,5.58,-2.52,1496351651
Ethereum,ETH,2,221.502,0.0924037,818575000.0,20405993167.0,92125548.0,92125548.0,1.67,-3.86,20.09,1496351665
Ripple,XRP,3,0.313146,0.00013064,551165000.0,12094228968.0,38621693933.0,99994661895.0,0.31,35.32,18.42,1496351642
NEM,XEM,4,0.221429,0.00009237,17244600.0,1992861000.0,8999999999.0,8999999999.0,0.45,11.3,-1.54,1496351663
Ethereum Classic,ETC,5,16.82,0.00701677,128751000.0,1550688783.0,92193150.0,92193150.0,0.16,-4.52,-8.09,1496351676
Litecoin,LTC,6,28.29,0.0118017,404953000.0,1453220024.0,51368682.0,51368682.0,0.45,11.88,-11.04,1496351653
Dash,DASH,7,138.961,0.0579701,49600300.0,1018820368.0,7331700.0,7331700.0,0.49,2.51,7.44,1496351647
Monero,XMR,8,44.4382,0.0185382,12620300.0,646949132.0,14558401.0,14558401.0,0.09,5.76,1.22,1496351652
Stratis,STRAT,9,5.58195,0.00232861,19729100.0,549306969.0,98407719.0,98407719.0,-1.54,-0.2,90.69,1496351677
Bytecoin,BCN,10,0.00260349,0.00000109,5936380.0,476352091.0,182966745141,182966745141,-0.87,22.15,2.43,1496351658
Stellar Lumens,XLM,11,0.0405576,0.00001692,46424500.0,391979891.0,9664770367.0,102940435314,-0.68,22.25,-7.21,1496351656
Golem,GNT,12,0.465512,0.0001942,12229900.0,383987814.0,824872000.0,1000000000.0,-0.43,6.14,10.26,1496351681
Zcash,ZEC,13,247.761,0.103358,24204300.0,354563025.0,1431069.0,1431069.0,0.05,4.26,6.84,1496351680
Waves,WAVES,14,3.34313,0.00139465,3782260.0,334313000.0,100000000.0,100000000.0,0.35,21.69,31.63,1496351673
Dogecoin,DOGE,15,0.0028198,0.00000118,23916600.0,309105118.0,109619518442,109619518442,0.11,7.6,-12.04,1496351645
Gnosis,GNO,16,244.737,0.102096,3003340.0,270334043.0,1104590.0,10000000.0,0.35,-2.82,0.71,1496351692
Augur,REP,17,23.5807,0.00983714,4562120.0,259387700.0,11000000.0,11000000.0,1.12,4.9,-11.13,1496351667
Steem,STEEM,18,1.0048,0.00041917,2907550.0,235449473.0,234324714.0,251298808.0,0.79,7.98,-12.67,1496351672
Siacoin,SC,19,0.00825754,0.00000344,19230900.0,218770992.0,26493482534.0,26493482534.0,0.54,10.93,-13.2,1496351668
BitShares,BTS,20,0.0729306,0.00003042,13221100.0,189777819.0,2602170000.0,2602170000.0,0.67,15.18,-12.12,1496351656
MaidSafeCoin,MAID,21,0.402596,0.00016795,1806640.0,182195791.0,452552412.0,452552412.0,-0.63,0.79,-4.96,1496351651
DigiByte,DGB,22,0.0215828,0.00000900,28876700.0,174972448.0,8107031908.0,8107031908.0,-2.49,20.14,38.05,1496351647
GameCredits,GAME,23,2.64004,0.00110134,1903970.0,166381699.0,63022416.0,63022416.0,-0.69,5.97,-7.58,1496351656
DigixDAO,DGD,24,80.4446,0.033559,899480.0,160889200.0,2000000.0,2000000.0,0.43,1.93,-9.36,1496351671
Basic Attention Token,BAT,25,0.159298,0.00006645,4903160.0,159298000.0,1000000000.0,1500000000.0,0.67,,,1496351694
BitConnect,BCC,26,22.5947,0.0094258,2460910.0,145432038.0,6436555.0,6436555.0,0.35,21.02,39.9,1496351684
Lisk,LSK,27,1.29393,0.00053979,2219980.0,139421954.0,107750770.0,107750770.0,1.42,11.04,2.11,1496351670
Decred,DCR,28,24.7678,0.0103323,2795910.0,124290549.0,5018231.0,5438231.0,-0.1,14.52,5.02,1496351669
Ardor,ARDR,29,0.11977,0.00004996,1941030.0,119650170.0,998999495.0,998999495.0,2.1,20.29,-12.19,1496351677
SingularDTV,SNGLS,30,0.188963,0.00007883,322283.0,113377800.0,600000000.0,1000000000.0,3.1,3.72,13.99,1496351680
Factom,FCT,31,12.8727,0.00537007,1389320.0,112677562.0,8753219.0,8753219.0,0.2,6.91,-4.94,1496351667
Tether,USDT,32,1.02957,0.00042951,100530000.0,108098353.0,104993690.0,124951468.0,0.25,-0.66,-2.09,1496351661
Iconomi,ICN,33,1.17885,0.00049178,819315.0,102559950.0,87000000.0,100000000.0,0.47,5.6,-1.38,1496351680
Byteball,GBYTE,34,509.512,0.212553,768911.0,96442403.0,189284.0,1000000.0,-1.01,27.85,60.65,1496351684
PIVX,PIVX,35,1.68505,0.00070295,1193500.0,90207575.0,53534065.0,53534065.0,0.12,8.43,55.71,1496351669
Round,ROUND,36,0.105077,0.00004384,363775.0,89315450.0,850000000.0,1000000000.0,-0.17,9.47,-25.08,1496351682
Aragon,ANT,37,2.09575,0.00087428,645450.0,70428029.0,33605167.0,39609523.0,0.18,1.47,-0.31,1496351693
FirstBlood,1ST,38,0.785458,0.00032767,3564170.0,67202507.0,85558371.0,93468691.0,-2.24,5.41,-12.43,1496351679
AntShares,ANS,39,1.22363,0.00051046,7887550.0,61181500.0,50000000.0,100000000.0,0.06,18.26,0.68,1496351678
Nxt,NXT,40,0.059905,0.00002499,2842920.0,59845094.0,998999983.0,998999983.0,2.67,10.42,-15.58,1496351643
SysCoin,SYS,41,0.106514,0.00004443,1551500.0,55936440.0,525155755.0,525155755.0,0.36,4.93,-27.74,1496351657
Komodo,KMD,42,0.535683,0.00022347,229496.0,54074794.0,100945510.0,100945510.0,-4.53,8.39,8.6,1496351685
iExec RLC,RLC,43,0.635654,0.00026517,411526.0,49626012.0,78070793.0,86999785.0,2.19,8.24,0.38,1496351690
Ubiq,UBQ,44,1.1938,0.00049802,1545110.0,44280827.0,37092333.0,37092333.0,4.28,42.26,162.34,1496351658
Peercoin,PPC,45,1.58878,0.00066279,1347560.0,38323050.0,24121055.0,24121055.0,0.9,6.94,-13.0,1496351640
Wings,WINGS,46,0.417891,0.00017433,1103650.0,37488305.0,89708333.0,100000000.0,-1.85,42.96,47.42,1496351684
Lykke,LKK,47,0.257898,0.00010759,652291.0,35506340.0,137675904.0,1285690000.0,-0.02,6.37,12.79,1496351682
ReddCoin,RDD,48,0.00119671,0.00000050,1203450.0,34135943.0,28524824351.0,28524824351.0,3.01,11.47,-29.71,1496351646
Emercoin,EMC,49,0.835869,0.0003487,729150.0,33565736.0,40156694.0,40156694.0,0.34,4.9,-21.24,1496351656
Storjcoin X,SJCX,50,0.641691,0.00026769,597942.0,32837346.0,51173144.0,500000000.0,-1.0,17.78,4.55,1496351656
Melon,MLN,51,53.967,0.0225133,467237.0,32347820.0,599400.0,749400.0,0.31,-5.06,-6.63,1496351686
BitcoinDark,BTCD,52,24.4155,0.0101854,60507.2,31468215.0,1288862.0,1288862.0,0.87,8.08,7.67,1496351655
Omni,OMNI,53,54.5169,0.0227427,13239100.0,30473764.0,558978.0,615294.0,-2.93,-18.24,162.75,1496351644
Counterparty,XCP,54,11.006,0.00459134,2032310.0,28822075.0,2618760.0,2618760.0,-1.55,-6.54,-10.67,1496351648
Xaurum,XAUR,55,0.245862,0.00010257,160034.0,27955578.0,113704347.0,113704347.0,-3.83,-4.27,22.22,1496351664
Ark,ARK,56,0.292362,0.00012196,398233.0,27861470.0,95297850.0,126547850.0,1.9,16.46,9.92,1496351688
Nexus,NXS,57,0.513101,0.00021405,98083.6,25573646.0,49841349.0,49841349.0,1.79,16.71,2.65,1496351660
Namecoin,NMC,58,1.72987,0.00072165,1022450.0,25492056.0,14736400.0,14736400.0,-2.09,9.03,-8.08,1496351640
Gulden,NLG,59,0.0691459,0.00002885,82289.9,23960136.0,346515645.0,448535800.0,-1.52,5.8,-5.28,1496351650
Synereo,AMP,60,0.278697,0.00011626,696864.0,22924591.0,82256324.0,949291063.0,0.53,9.4,1.96,1496351667
YbCoin,YBC,61,7.24663,0.00302307,2000580.0,21886719.0,3020262.0,3020262.0,2.8,13.97,-10.79,1496351645
Burst,BURST,62,0.0122572,0.00000511,4589460.0,21815250.0,1779790642.0,1779790642.0,4.79,39.88,12.88,1496351656
WeTrust,TRST,63,0.230857,0.00009631,469960.0,21272895.0,92147500.0,100000000.0,-1.28,-3.29,-10.82,1496351691
EarthCoin,EAC,64,0.0022514,0.00000094,5749600.0,21042639.0,9346468332.0,9346468332.0,1.85,3.57,-19.21,1496351645
TokenCard,TKN,65,0.875794,0.00036535,330136.0,20707322.0,23644056.0,39406760.0,0.87,5.28,-12.34,1496351692
Edgeless,EDG,66,0.241067,0.00010056,396907.0,19148540.0,79432438.0,132046997.0,3.03,7.57,-9.2,1496351688
Matchpool,GUP,67,0.255275,0.00010649,256478.0,19145625.0,75000000.0,98855150.0,0.02,11.11,-6.91,1496351689
Blocknet,BLOCK,68,4.89423,0.00204172,93967.5,19138966.0,3910516.0,3910516.0,-0.43,21.45,42.29,1496351660
PotCoin,POT,69,0.0864838,0.00003608,784458.0,18761587.0,216937586.0,216937586.0,0.82,19.08,-12.09,1496351647
E-Dinar Coin,EDR,70,0.0276951,0.00001155,358529.0,18289211.0,660377156.0,785377156.0,-6.82,9.73,5.9,1496351678
NAV Coin,NAV,71,0.295247,0.00012317,660108.0,18106878.0,61327899.0,61327899.0,0.83,6.49,-10.07,1496351654
BlackCoin,BLK,72,0.234674,0.00009790,1216010.0,17874557.0,76167607.0,76167607.0,0.66,5.45,-0.65,1496351649
BitBay,BAY,73,0.0177174,0.00000739,52227.2,17850673.0,1007522170.0,1007522170.0,-4.14,4.46,-8.2,1496351660
Nexium,NXC,74,0.259988,0.00010846,10061300.0,17294814.0,66521586.0,66521586.0,-0.42,-15.83,28.55,1496351682
Expanse,EXP,75,2.38598,0.00099536,839848.0,17266948.0,7236837.0,16236837.0,-0.12,2.1,2.28,1496351666
ZCoin,XZC,76,7.53148,0.0031419,1712640.0,16795423.0,2230030.0,2230030.0,3.56,-2.52,13.12,1496351680
Infinitecoin,IFC,77,0.000182416,0.00000008,4097710.0,16526210.0,90596274910.0,90596274910.0,0.03,5.74,-16.1,1496351657
Unity Ingot,UNY,78,0.0813996,0.00003396,326923.0,16442719.0,202000000.0,10000000000.0,0.63,9.3,51.35,1496351693
BCAP,BCAP,79,1.62922,0.00067966,120304.0,16292200.0,10000000.0,10000000.0,0.86,4.1,-12.63,1496351692
Agoras Tokens,AGRS,80,0.383514,0.00015999,26337.5,16107588.0,42000000.0,42000000.0,2.87,-0.42,2.67,1496351665
Swarm City,SWT,81,2.37794,0.000992,61426.3,15787989.0,6639355.0,6639355.0,0.65,20.68,7.15,1496351687
Pepe Cash,PEPECASH,82,0.0224766,0.00000938,20067.0,15775966.0,701884009.0,701884009.0,4.2,3.48,-11.25,1496351679
Verge,XVG,83,0.00112672,0.00000047,951171.0,15108721.0,13409472280.0,13409472280.0,-3.31,38.93,-10.85,1496351659
OBITS,OBITS,84,1.01115,0.00042182,213735.0,14914828.0,14750362.0,16801100.0,-6.54,29.84,15.39,1496351667
Humaniq,HMQ,85,0.120113,0.00005011,637250.0,14841362.0,123561662.0,184190414.0,-1.38,-2.06,-40.43,1496351692
LBRY Credits,LBC,86,0.20932,0.00008732,588639.0,14343553.0,68524524.0,466424524.0,2.86,1.25,-6.57,1496351674
GridCoin,GRC,87,0.0361684,0.00001509,181257.0,14116988.0,390312753.0,390312753.0,2.35,0.26,4.13,1496351661
MonaCoin,MONA,88,0.277898,0.00011593,28336.8,14037337.0,50512550.0,50512550.0,0.33,7.96,-6.75,1496351649
Bankcoin,B@,89,3.26681,0.00136281,12404.9,13933206.0,4265080.0,25000000.0,-0.25,37.8,-8.37,1496351689
Chronobank,TIME,90,19.3512,0.00807269,446085.0,13741535.0,710113.0,710113.0,0.02,7.02,10.58,1496351686
TaaS,TAAS,91,1.68456,0.00070275,179952.0,13722427.0,8146001.0,8146001.0,3.04,6.22,7.68,1496351688
I/O Coin,IOC,92,0.832055,0.00034711,23401.4,13592559.0,16336130.0,16336130.0,0.35,6.87,0.78,1496351656
Radium,RADS,93,4.17833,0.00174307,1027490.0,13562808.0,3245988.0,3245988.0,-1.63,6.96,10.39,1496351669
XtraBYtes,XBY,94,0.0198412,0.00000828,468577.0,12896780.0,650000000.0,650000000.0,-9.45,27.44,198.49,1496351691
E-coin,ECN,95,4.53701,0.0018927,103751.0,12611727.0,2779744.0,211068636.0,3.64,0.95,-1.84,1496351689
Waves Community Token,WCT,96,2.52029,0.00105139,10803.5,12601450.0,5000000.0,10000000.0,0.24,26.49,21.79,1496351685
Bitland,CADASTRAL,97,0.409414,0.0001708,20586.3,12282420.0,30000000.0,30000000.0,0.54,42.56,174.97,1496351674
Vertcoin,VTC,98,0.36452,0.00015207,655184.0,12189633.0,33440230.0,33440230.0,2.4,8.63,-2.22,1496351645
Shift,SHIFT,99,1.12004,0.00046724,300592.0,12128493.0,10828625.0,10828625.0,1.02,28.65,94.95,1496351665
Etheroll,DICE,100,1.732,0.00072253,13283.8,12126810.0,7001623.0,7001623.0,-0.24,8.94,-19.98,1496351693
Pluton,PLU,101,13.5126,0.00563704,155151.0,11485703.0,850000.0,20000000.0,0.3,16.63,59.85,1496351679
Golos,GOLOS,102,0.0929067,0.00003876,33131.9,11432113.0,123049395.0,123049395.0,0.52,16.7,55.3,1496351683
Clams,CLAM,103,4.68168,0.00195305,1561360.0,10773033.0,2301104.0,16206617.0,-0.95,14.66,-17.25,1496351655
DigitalNote,XDN,104,0.00154291,0.00000064,1034940.0,10617520.0,6881490269.0,6881490269.0,3.45,-2.82,-18.61,1496351654
MergeCoin,MGC,105,0.105057,0.00004383,1580180.0,10381084.0,98813830.0,103813830.0,2.14,5.94,-30.27,1496351691
Mooncoin,MOON,106,0.0000456064,0.00000002,22365.7,10122035.0,221943298689,221943298689,-0.55,2.13,-31.06,1496351646
LuckChain,BASH,107,0.0135971,0.00000567,578644.0,9845715.0,724104020.0,724104020.0,-2.24,52.32,29.6,1496351682
vSlice,VSL,108,0.287889,0.0001201,198358.0,9612757.0,33390496.0,33390496.0,6.36,-7.06,-2.23,1496351683
FlorinCoin,FLO,109,0.0716655,0.00002990,460310.0,9602408.0,133989263.0,133989263.0,-0.07,5.14,-14.76,1496351645
HEAT,HEAT,110,0.358938,0.00014974,11608.0,9455219.0,26342208.0,26342208.0,0.54,9.12,-14.53,1496351675
Viacoin,VIA,111,0.407367,0.00016994,466403.0,9224785.0,22644901.0,22644901.0,1.09,13.37,-3.29,1496351655
Bitcrystals,BCY,112,0.396044,0.00016522,194517.0,9224428.0,23291422.0,23291422.0,2.44,6.72,-10.15,1496351666
Skycoin,SKY,113,1.63349,0.00068144,58045.5,8895661.0,5445801.0,100000000.0,0.39,1.64,-18.94,1496351690
Rubycoin,RBY,114,0.356734,0.00014882,22570.9,8701167.0,24391190.0,24391190.0,0.45,4.75,3.34,1496351650
Energycoin,ENRG,115,0.0717216,0.00002992,4308.09,8674011.0,120940008.0,120940008.0,-0.44,-1.19,11.55,1496351652
VeriCoin,VRC,116,0.282617,0.0001179,136054.0,8538153.0,30211038.0,30211038.0,0.91,10.01,-40.81,1496351652
DNotes,NOTE,117,0.0682564,0.00002847,252433.0,8453104.0,123843391.0,123843391.0,2.57,6.43,5.26,1496351649
FedoraCoin,TIPS,118,0.0000190293,0.000000008,81246.9,8433180.0,443168182458,443168182458,0.03,-9.09,-23.07,1496351646
NeosCoin,NEOS,119,2.51576,0.0010495,3429660.0,8417985.0,3346100.0,3346100.0,3.64,23.24,19.87,1496351657
Scotcoin,SCOT,120,0.00826915,0.00000345,6765.41,8269150.0,1000000000.0,1000000000.0,-1.8,40.35,736.99,1496351653
Crown,CRW,121,0.588354,0.00024544,19609.2,8149208.0,13850859.0,13850859.0,-0.16,4.6,-4.11,1496351660
SolarCoin,SLR,122,0.224226,0.00009354,121699.0,7884524.0,35163291.0,98034180022.0,-0.99,-0.07,10.06,1496351657
Creditbit,CRB,123,0.661722,0.00027605,220338.0,7857513.0,11874342.0,11874342.0,1.62,-3.26,-4.35,1496351668
Pascal Coin,PASC,124,0.779631,0.00032524,237515.0,7774091.0,9971500.0,9971500.0,1.03,2.54,-6.41,1496351683
Primecoin,XPM,125,0.38849,0.00016207,539057.0,7504977.0,19318327.0,19318327.0,-0.31,2.44,-21.41,1496351643
SaluS,SLS,126,7.44487,0.00310577,105482.0,7470437.0,1003434.0,1003434.0,-11.78,56.79,12.58,1496351669
VPNCoin,VASH,127,0.0179552,0.00000749,1491030.0,7188180.0,400339746.0,400339746.0,1.65,9.68,-22.53,1496351660
BelaCoin,BELA,128,0.20319,0.00008476,220252.0,7103441.0,34959600.0,34959600.0,1.37,6.72,-6.29,1496351650
Bitcoin Plus,XBC,129,70.328,0.0293386,112318.0,6815317.0,96908.0,96908.0,0.53,7.93,-5.98,1496351651
Aeon,AEON,130,0.472779,0.00019723,4064.59,6726534.0,14227649.0,14227649.0,2.67,4.09,2.4,1496351666
Einsteinium,EMC2,131,0.0318261,0.00001328,141531.0,6709262.0,210810073.0,210810073.0,2.0,4.84,-8.67,1496351649
Asch,XAS,132,0.0881618,0.00003678,165190.0,6612135.0,75000000.0,100000000.0,0.0,14.23,-22.54,1496351690
Global Currency Reserve,GCR,133,0.0635599,0.00002652,18221.1,6526863.0,102688382.0,102688382.0,0.18,2.3,1.19,1496351665
Feathercoin,FTC,134,0.0398547,0.00001663,156237.0,6526381.0,163754360.0,163754360.0,2.53,17.43,3.61,1496351640
Incent,INCNT,135,0.283346,0.0001182,132468.0,6519313.0,23008312.0,46016625.0,0.28,12.91,19.44,1496351682
Novacoin,NVC,136,3.70874,0.00154717,109301.0,6435741.0,1735291.0,1735291.0,0.14,3.19,-13.98,1496351640
Lunyr,LUN,137,2.71192,0.00113133,184619.0,6231594.0,2297853.0,2703356.0,-0.76,2.94,-9.09,1496351691
ZClassic,ZCL,138,3.97136,0.00165673,931978.0,5847579.0,1472438.0,1472438.0,-0.61,-3.69,16.59,1496351681
SIBCoin,SIB,139,0.388966,0.00016226,17832.2,5695931.0,14643776.0,14643776.0,-0.75,7.86,31.25,1496351666
Safe Exchange Coin,SAFEX,140,0.00254508,0.00000106,21133.3,5465518.0,2147483647.0,2147483647.0,-2.16,-4.71,-12.75,1496351669
FirstCoin,FRST,141,1.74598,0.00072837,63037.7,5422705.0,3105823.0,110000000.0,-0.65,-2.94,5.86,1496351686
WorldCoin,WDC,142,0.0473124,0.00001974,135152.0,5421605.0,114591629.0,114591629.0,0.25,7.33,-25.29,1496351641
Blitzcash,BLITZ,143,1.31838,0.00054999,166761.0,5356881.0,4063230.0,4063230.0,14.01,36.68,291.6,1496351659
ION,ION,144,0.388167,0.00016193,21778.6,5333732.0,13740819.0,19640819.0,0.35,5.65,-21.48,1496351674
Gambit,GAM,145,4.45863,0.00186,10884.8,5278759.0,1183942.0,1183942.0,0.31,13.96,6.48,1496351663
MonetaryUnit,MUE,146,0.0432049,0.00001802,34249.3,5248317.0,121475040.0,121475040.0,1.2,2.41,-13.31,1496351659
Auroracoin,AUR,147,0.600532,0.00025052,10835.1,5199490.0,8658139.0,8658139.0,0.41,7.66,-1.8,1496351647
FoldingCoin,FLDC,148,0.0101635,0.00000424,406509.0,4977493.0,489741985.0,1000000000.0,1.37,4.38,-9.18,1496351657
Janus,JNS,149,0.231825,0.00009671,15547.2,4852809.0,20933069.0,25201489.0,1.24,17.88,1.11,1496351684
PinkCoin,PINK,150,0.0150166,0.00000626,336395.0,4819087.0,320917350.0,370917350.0,-2.42,6.22,-12.64,1496351652
OKCash,OK,151,0.0647716,0.00002702,555627.0,4635945.0,71573724.0,71573724.0,-7.77,58.06,114.83,1496351660
Vcash,XVC,152,0.303593,0.00012665,173393.0,4630093.0,15250988.0,15250988.0,-0.52,4.95,4.2,1496351661
RouletteToken,RLT,153,0.455543,0.00019004,28118.4,4597435.0,10092210.0,10092933.0,-4.49,5.94,1.81,1496351693
MUSE,MUSE,154,0.00332322,0.00000139,1531.39,4568897.0,1374840478.0,1524840478.0,-0.2,53.96,-18.5,1496351663
Darcrus,DAR,155,0.334589,0.00013958,21045.6,4558361.0,13623762.0,13623762.0,1.35,8.39,14.34,1496351684
Sphere,SPHR,156,1.35511,0.00056531,11122.7,4177723.0,3082940.0,3082940.0,0.35,20.1,55.75,1496351662
CloakCoin,CLOAK,157,0.820419,0.00034225,25907.8,4104775.0,5003266.0,5003266.0,0.27,-1.78,3.31,1496351653
bitCNY,BITCNY,158,0.141276,0.00005894,364331.0,4059312.0,28733200.0,28733200.0,-0.51,2.16,-0.95,1496351658
FairCoin,FAIR,159,0.0760124,0.00003171,1771.71,4036620.0,53104763.0,53104763.0,1.56,2.01,3.95,1496351650
NautilusCoin,NAUT,160,0.245459,0.0001024,661628.0,3971527.0,16180000.0,16180000.0,0.59,2.98,18.8,1496351652
DubaiCoin,DBIX,161,4.49176,0.00187382,17908.0,3903855.0,869115.0,869115.0,3.89,8.92,46.99,1496351689
Bitmark,BTM,162,0.999644,0.00041702,206918.0,3899791.0,3901180.0,3901180.0,2.07,6.48,12.1,1496351656
Unobtanium,UNO,163,19.4461,0.00811228,70155.4,3844968.0,197724.0,197724.0,0.75,8.16,-12.91,1496351643
APX,APX,164,4.26348,0.00177859,89883.8,3837132.0,900000.0,1000000.0,2.88,17.26,24.67,1496351693
LoMoCoin,LMC,165,0.0177629,0.00000741,106732.0,3702289.0,208428189.0,293428189.0,0.03,2.57,-13.79,1496351679
ICO OpenLedger,ICOO,166,7.29178,0.0030419,4260.4,3440225.0,471795.0,471795.0,-0.58,13.55,-19.17,1496351674
Riecoin,RIC,167,0.0966056,0.00004030,680632.0,3301793.0,34178075.0,34178075.0,1.12,8.58,-2.03,1496351648
Diamond,DMD,168,1.46037,0.00060922,11507.7,3101159.0,2123543.0,2123543.0,0.46,4.03,-1.89,1496351645
SpreadCoin,SPR,169,0.378183,0.00015777,20088.9,3074793.0,8130436.0,8130436.0,0.46,4.61,-4.68,1496351659
Zennies,ZENI,170,0.00304433,0.00000127,6173.54,3046399.0,1000679571.0,1000679571.0,-0.05,1.88,-3.86,1496351690
ArtByte,ABY,171,0.00393086,0.00000164,78844.6,3037270.0,772673250.0,772673250.0,-7.47,22.45,-26.31,1496351654
BitSend,BSD,172,0.195058,0.00008137,19652.4,2974015.0,15246825.0,15246825.0,2.98,-0.19,22.24,1496351653
Circuits of Value,COVAL,173,0.00743105,0.00000310,75421.5,2972420.0,400000000.0,1200000000.0,4.3,7.91,-5.68,1496351661
Wild Beast Block,WBB,174,1.26516,0.00052778,35344.8,2940862.0,2324498.0,2324498.0,0.34,5.32,-28.15,1496351661
Quark,QRK,175,0.0117308,0.00000489,32546.2,2933885.0,250101047.0,250101047.0,-6.98,1.3,-41.47,1496351643
Musicoin,MUSIC,176,0.016832,0.00000702,62382.7,2874118.0,170753200.0,170753200.0,-0.7,3.9,-2.53,1496351688
Zetacoin,ZET,177,0.0171532,0.00000716,247493.0,2850075.0,166154104.0,166154104.0,1.7,7.97,-11.37,1496351644
PoSW Coin,POSW,178,0.0667294,0.00002784,89241.6,2735905.0,41000000.0,70000000.0,-1.73,55.98,7.1,1496351683
Curecoin,CURE,179,0.112781,0.00004705,18065.3,2673802.0,23707915.0,23707915.0,-0.36,-1.18,-17.03,1496351653
Megacoin,MEC,180,0.0778524,0.00003248,246073.0,2560289.0,32886450.0,32886450.0,0.87,3.55,-35.02,1496351642
Syndicate,SYNX,181,0.225672,0.00009414,29350.3,2543066.0,11268860.0,11268860.0,-1.23,37.82,316.08,1496351676
BitBean,BITB,182,0.0012891,0.00000054,79928.6,2523654.0,1957687000.0,1957687000.0,4.98,9.8,-29.57,1496351661
XCurrency,XC,183,0.43148,0.00018,855.769,2505503.0,5806766.0,5806766.0,0.35,-10.03,-12.3,1496351652
Rise,RISE,184,0.0225836,0.00000942,68848.4,2425190.0,107387215.0,107387215.0,4.63,20.24,-2.68,1496351675
RaiBlocks,XRB,185,0.0323709,0.00001350,30076.1,2417524.0,74682027.0,340282367.0,-2.93,-0.4,-4.33,1496351687
Veros,VRS,186,0.0282251,0.00001177,32863.9,2412877.0,85486938.0,10000000000.0,0.62,-16.08,2.64,1496351682
Atmos,ATMS,187,0.0239711,0.00001000,137995.0,2398846.0,100072417.0,110072417.0,0.19,4.77,1.42,1496351691
Zeitcoin,ZEIT,188,0.0000647651,0.00000003,3829.85,2352521.0,36323897515.0,36323897515.0,0.92,12.15,40.39,1496351649
Spectrecoin,XSPEC,189,0.115341,0.00004812,189837.0,2352282.0,20394157.0,20394157.0,0.68,7.82,6.44,1496351684
Myriad,XMY,190,0.00157227,0.00000066,43552.9,2336294.0,1485936750.0,1485936750.0,-1.59,6.68,-17.04,1496351649
bitUSD,BITUSD,191,1.00028,0.00041729,184521.0,2195014.0,2194400.0,2194400.0,-0.28,1.46,2.41,1496351658
Steem Dollars,SBD,192,1.55736,0.00064968,712502.0,2192475.0,1407815.0,1407815.0,-2.9,14.04,-11.25,1496351676
Minereum,MNE,193,5.50682,0.00229727,135415.0,2172590.0,394527.0,394527.0,-1.6,86.35,113.98,1496351692
Digitalcoin,DGC,194,0.0622907,0.00002599,95925.2,2142164.0,34389793.0,34389793.0,0.01,2.61,-20.9,1496351642
ZcCoin,ZCC,195,0.0338969,0.00001414,332601.0,2089983.0,61657044.0,61657044.0,0.44,2.48,-31.5,1496351656
Espers,ESP,196,0.000102738,0.00000004,13308.6,2067701.0,20125957490.0,20125957490.0,-0.71,-8.67,-21.82,1496351672
HunterCoin,HUC,197,0.115648,0.00004824,116784.0,2039369.0,17634280.0,17634280.0,-0.89,2.31,-10.06,1496351647
Cryptonite,XCN,198,0.00618422,0.00000258,136369.0,2026090.0,327622587.0,327622587.0,0.34,4.81,-32.0,1496351655
BoostCoin,BOST,199,0.165962,0.00006923,103696.0,1967560.0,11855487.0,11855487.0,-3.36,1.7,-16.5,1496351653
BlockPay,BLOCKPAY,200,0.360357,0.00015033,666.296,1956126.0,5428300.0,98928316.0,-21.71,9.7,14.5,1496351677
Groestlcoin,GRS,201,0.0287777,0.00001201,4024.0,1945773.0,67613925.0,67613925.0,0.31,1.11,-2.08,1496351651
Adzcoin,ADZ,202,0.0350197,0.00001461,5513.53,1920598.0,54843360.0,54843360.0,1.52,5.56,-11.81,1496351668
Bata,BTA,203,0.385038,0.00016063,13891.7,1906332.0,4951022.0,4951022.0,-2.17,0.9,21.74,1496351665
FUNCoin,FUNC,204,0.349812,0.00014593,70958.0,1874412.0,5358341.0,100000000.0,0.98,1.77,14.42,1496351692
MaxCoin,MAX,205,0.0343508,0.00001433,70314.8,1870150.0,54442678.0,54442678.0,0.76,-0.29,-8.24,1496351647
GoldCoin,GLD,206,0.0459552,0.00001917,9234.38,1849850.0,40253324.0,40253324.0,-0.11,13.15,-4.02,1496351657
Project Decorum,PDC,207,0.0369635,0.00001542,1031.33,1848175.0,50000000.0,50000000.0,0.35,6.75,-12.95,1496351674
TransferCoin,TX,208,0.309347,0.00012905,17723.6,1847753.0,5973076.0,5973076.0,-0.06,14.82,-20.29,1496351665
Tickets,TIX,209,0.0000274834,0.00000001,42494.3,1837988.0,66876281414.0,66876281414.0,-1.58,-2.81,-31.98,1496351643
iCash,ICASH,210,0.00819072,0.00000342,8384.03,1809244.0,220889533.0,220889533.0,3.97,29.2,-11.43,1496351662
Ethereum Movie Venture,EMV,211,0.268296,0.00011192,799.533,1788640.0,6666666.0,6666666.0,22.82,-43.79,-51.44,1496351690
Mintcoin,MINT,212,0.0000731451,0.00000003,3695.32,1780590.0,24343263972.0,24343263972.0,-22.87,-3.85,-38.07,1496351648
Breakout Stake,BRX,213,0.282524,0.00011786,6208.0,1770884.0,6268082.0,6268082.0,0.82,15.44,21.71,1496351676
DeepWebCash,DWC,214,1.26134,0.00052619,13868.8,1677535.0,1329963.0,1329963.0,0.3,13.83,-38.84,1496351683
Ethbits,ETB,215,1.22755,0.0005121,1641.93,1653492.0,1346986.0,1634691.0,0.7,,,1496351694
vTorrent,VTR,216,0.15133,0.00006313,5223.11,1636780.0,10815966.0,10815966.0,0.5,9.76,20.57,1496351660
CryptoCarbon,CCRB,217,0.443149,0.00018487,13050.8,1578546.0,3562111.0,10000150.0,1.88,-2.14,36.15,1496351685
Startcoin,START,218,0.032608,0.00001360,50066.2,1469962.0,45079785.0,70782220.0,3.95,2.7,-30.57,1496351654
Sequence,SEQ,219,0.0320494,0.00001337,2582.54,1432573.0,44698906.0,44698906.0,1.64,13.43,20.14,1496351679
EB3 Coin,EB3,220,0.290051,0.000121,150844.0,1331358.0,4590082.0,786000000.0,0.35,9.53,2.54,1496351689
EuropeCoin,ERC,221,0.132824,0.00005541,3698.65,1308472.0,9851171.0,9851171.0,-0.69,18.1,20.54,1496351663
ChainCoin,CHC,222,0.087183,0.00003637,15725.1,1279605.0,14677235.0,14677235.0,0.55,7.96,-5.08,1496351665
2GIVE,2GIVE,223,0.00249307,0.00000104,17602.7,1278936.0,512996348.0,512996348.0,0.53,-7.5,-31.55,1496351672
Boolberry,XBB,224,0.134012,0.00005591,4333.58,1277467.0,9532480.0,9532480.0,0.37,0.24,-18.65,1496351654
Visio,VISIO,225,0.0249524,0.00001041,1621.95,1262460.0,50594750.0,62594750.0,1.27,-1.43,0.69,1496351687
Triggers,TRIG,226,0.0385695,0.00001609,19749.1,1238297.0,32105593.0,100000000.0,22.32,26.88,7.99,1496351681
Bitswift,SWIFT,227,0.303235,0.0001265,3943.92,1231397.0,4060867.0,4060867.0,0.35,3.65,57.88,1496351659
Breakout,BRK,228,0.0687012,0.00002866,556.048,1230656.0,17913167.0,17913167.0,-3.2,-1.18,-13.56,1496351674
Ixcoin,IXC,229,0.0571323,0.00002383,9580.39,1199726.0,20999088.0,20999088.0,-12.15,94.55,17.54,1496351642
Stealthcoin,XST,230,0.0455451,0.00001900,2742.0,1192016.0,26172214.0,26172214.0,0.35,7.8,1.52,1496351654
Dynamic,DYN,231,0.694755,0.00028983,2183.99,1122482.0,1615652.0,4369556.0,0.35,12.66,-0.18,1496351689
LiteDoge,LDOGE,232,0.0000753340,0.00000003,4956.27,1112983.0,14773974659.0,14773974659.0,-1.89,-17.64,14.67,1496351662
Yocoin,YOC,233,0.0104747,0.00000437,42967.2,1106326.0,105618830.0,200000000.0,3.65,22.06,24.61,1496351668
Inpay,INPAY,234,0.109404,0.00004564,82369.5,1094040.0,10000000.0,10000000.0,0.68,-3.09,-28.49,1496351690
GlobalCoin,GLC,235,0.0167558,0.00000699,962.823,1091992.0,65171010.0,65171010.0,3.34,84.25,-16.67,1496351643
WhiteCoin,XWC,236,0.00424289,0.00000177,26622.8,1052465.0,248053735.0,248053735.0,3.26,4.18,53.57,1496351650
PutinCoin,PUT,237,0.0052163,0.00000218,39478.0,1045438.0,200417616.0,200417616.0,0.84,29.28,6.68,1496351675
Mercury,MER,238,0.0102527,0.00000428,1096.18,1025270.0,100000000.0,100000000.0,-1.27,0.49,-16.22,1496351688
TagCoin,TAG,239,0.18514,0.00007723,91157.8,1016638.0,5491186.0,5491186.0,-0.0,1.94,-25.84,1496351644
ArcticCoin,ARC,240,0.0421052,0.00001756,11620.3,983126.0,23349268.0,23349268.0,14.26,19.96,-17.15,1496351680
Creativecoin,CREA,241,0.0930779,0.00003883,2040.84,982591.0,10556650.0,12268378.0,4.01,-6.28,-27.66,1496351693
Anoncoin,ANC,242,0.463841,0.0001935,3624.05,978851.0,2110317.0,2110317.0,0.49,20.47,-32.48,1496351642
SecureCoin,SRC,243,0.124602,0.00005198,102478.0,970133.0,7785856.0,7785856.0,1.68,4.77,-30.82,1496351643
HiCoin,XHI,244,0.00511015,0.00000213,53049.4,969549.0,189729990.0,10189729990.0,0.49,9.93,-4.24,1496351672
DIBCOIN,DIBC,245,0.19254,0.00008032,4693.22,962700.0,5000000.0,5000000000.0,6.59,-1.97,22.36,1496351689
AudioCoin,ADC,246,0.00121184,0.00000051,2212.02,961230.0,793198644.0,793198644.0,0.05,7.73,-18.65,1496351663
CannabisCoin,CANN,247,0.0123964,0.00000517,55947.9,957389.0,77231176.0,91859176.0,0.22,5.33,30.91,1496351655
Joincoin,J,248,0.388909,0.00016224,808.115,952205.0,2448402.0,2448402.0,-37.51,-71.05,690.38,1496351656
Hacker Gold,HKG,249,0.0587599,0.00002451,3196.85,946674.0,16110893.0,16110893.0,0.35,4.35,-13.19,1496351683
BlueCoin,BLU,250,0.00163727,0.00000068,3086.11,940912.0,574683675.0,574683675.0,1.75,21.01,226.41,1496351651
Qwark,QWARK,251,0.0533118,0.00002224,17586.3,928500.0,17416409.0,250377576.0,-0.15,5.25,21.44,1496351671
Devcoin,DVC,252,0.0000651924,0.00000003,1327.51,912673.0,13999677500.0,13999677500.0,0.53,31.82,29.06,1496351642
PepeCoin,PEPE,253,0.0640045,0.00002670,17972.6,880626.0,13758809.0,13758809.0,1.69,-8.31,28.08,1496351670
Centurion,CNT,254,0.0338422,0.00001412,45919.4,874815.0,25849829.0,63388628.0,-2.97,4.52,-2.1,1496351686
Voxels,VOX,255,0.0275867,0.00001151,106529.0,868981.0,31500000.0,210000000.0,1.48,6.38,-31.27,1496351671
EverGreenCoin,EGC,256,0.0634999,0.00002649,6443.69,845901.0,13321301.0,13321301.0,-0.29,5.35,0.35,1496351668
VeriumReserve,VRM,257,0.75024,0.00031298,16308.6,834343.0,1112102.0,1112102.0,4.58,2.36,-24.41,1496351678
Renos,RNS,258,0.0244026,0.00001018,253203.0,813877.0,33352077.0,33352077.0,2.2,5.98,49.98,1496351687
HTMLCOIN,HTML5,259,0.0000194972,0.000000008,6261.16,792737.0,40659020000.0,40659020000.0,0.51,-0.51,-16.06,1496351657
DopeCoin,DOPE,260,0.00695162,0.00000290,18739.2,772225.0,111085648.0,111085648.0,0.87,-4.61,-31.47,1496351649
Pesetacoin,PTC,261,0.00588446,0.00000245,4011.42,768133.0,130535838.0,130535838.0,3.79,13.49,-18.0,1496351648
Unitus,UIS,262,0.0162273,0.00000677,21959.7,758482.0,46741125.0,46741125.0,1.27,-6.45,8.59,1496351660
Hush,HUSH,263,0.686733,0.00028648,213596.0,756016.0,1100888.0,1222363.0,-0.57,19.14,48.03,1496351682
e-Gulden,EFL,264,0.0482186,0.00002012,1620.25,739898.0,15344662.0,20384002.0,-2.68,2.61,-16.69,1496351650
FujiCoin,FJC,265,0.000765059,0.00000032,6105.86,735999.0,962016050.0,962016050.0,10.24,51.8,47.48,1496351663
Fantomcoin,FCN,266,0.119856,0.00005000,2632.76,702148.0,5858263.0,5858263.0,2.39,26.61,-3.1,1496351653
ExclusiveCoin,EXCL,267,0.163147,0.00006806,5860.07,666856.0,4087452.0,4087452.0,-0.66,7.8,-29.21,1496351658
Altcoin,ALT,268,5.37357,0.00224168,2918.12,656517.0,122175.0,134063.0,-0.67,7.7,11.37,1496351691
MediterraneanCoin,MED,269,0.0131841,0.00000550,8547.1,655337.0,49706598.0,49706598.0,0.35,-0.01,-31.42,1496351659
Synergy,SNRG,270,0.234893,0.00009799,1716.26,651521.0,2773695.0,2773695.0,-0.91,14.38,-5.19,1496351663
GeoCoin,GEO,271,0.264442,0.00011032,3873.72,649226.0,2455079.0,2455079.0,0.66,4.84,10.9,1496351662
NuShares,NSR,272,0.000239746,0.00000010,17128.4,647858.0,2702268334.0,3317593623.0,0.35,1.14,-55.8,1496351659
HempCoin,THC,273,0.003044,0.00000127,19109.6,644789.0,211823061.0,211823061.0,2.94,4.15,-26.49,1496351654
Ripto Bux,RBX,274,0.00187383,0.00000078,4083.51,641037.0,342100100.0,1000000000.0,0.71,-7.72,-1.57,1496351690
Tokes,TKS,275,0.97083,0.000405,9021.31,628733.0,647624.0,50000000.0,-1.48,18.15,6.45,1496351688
Deutsche eMark,DEM,276,0.0223004,0.00000930,1264.19,619804.0,27793416.0,27793416.0,2.76,12.74,-4.06,1496351644
ProCurrency,PROC,277,0.217818,0.00009087,2355.11,613202.0,2815205.0,15000053805.0,-10.51,-7.47,5.47,1496351691
UniBURST,UNIBURST,278,0.596696,0.00024892,2493.0,596695.0,999999.0,1000000.0,1.78,47.97,250.2,1496351687
Magi,XMG,279,0.082989,0.00003462,3281.62,585412.0,7054097.0,7054097.0,1.35,17.03,-4.24,1496351658
Elcoin,EL,280,0.0516361,0.00002154,3785.77,578787.0,11208967.0,20935289.0,-4.67,-4.32,0.2,1496351672
TrustPlus,TRUST,281,0.0179304,0.00000748,914.258,575325.0,32086595.0,32086595.0,3.57,7.3,0.17,1496351654
TileCoin,XTC,282,0.00548046,0.00000229,11643.7,548046.0,100000000.0,100000000.0,-0.0,4.53,-19.73,1496351659
Moin,MOIN,283,0.0719016,0.00003000,2620.9,499588.0,6948218.0,6948218.0,-6.16,24.08,11.78,1496351668
Canada eCoin,CDN,284,0.00502546,0.00000210,1445.78,489558.0,97415544.0,97415544.0,1.57,3.14,-11.19,1496351658
BTSR,BTSR,285,0.144567,0.00006031,803.304,478635.0,3310819.0,3310819.0,-0.72,17.45,-24.65,1496351671
YashCoin,YASH,286,0.0478154,0.00001995,925.506,478160.0,10000116.0,10000116.0,8.57,19.66,24.41,1496351683
Version,V,287,0.00105473,0.00000044,1439.74,461187.0,437256029.0,437256029.0,-1.88,,,1496351695
KoreCoin,KORE,288,0.251697,0.000105,796.339,460844.0,1830949.0,1830949.0,0.89,19.66,4.3,1496351654
DT Token,DRACO,289,0.00514541,0.00000215,25697.3,457370.0,88888888.0,88888888.0,0.72,22.2,29.32,1496351674
Capricoin,CPC,290,0.456208,0.00019032,14346.3,448992.0,984183.0,200984183.0,0.35,13.6,12.93,1496351664
NobleCoin,NOBL,291,0.000191441,0.00000008,10311.9,438705.0,2291595837.0,2291595837.0,0.35,5.26,-18.35,1496351647
1337,1337,292,0.0000188382,0.000000008,2716.04,429018.0,22773850113.0,22773850113.0,0.99,29.88,40.31,1496351667
Bottlecaps,CAP,293,0.00307952,0.00000128,4193.76,426551.0,138512265.0,138512265.0,1.53,256.46,306.76,1496351643
IncaKoin,NKA,294,0.0000554533,0.00000002,2543.41,417951.0,7536990657.0,7536990657.0,2.51,23.01,125.43,1496351661
Happycoin,HPC,295,0.0365204,0.00001524,681.707,415087.0,11365901.0,11365901.0,0.36,-4.5,177.74,1496351690
I0Coin,I0C,296,0.0192248,0.00000802,2045.79,403228.0,20974383.0,20974383.0,0.37,8.21,-0.52,1496351645
TeslaCoin,TES,297,0.00540271,0.00000225,1715.46,387760.0,71771473.0,71771473.0,0.35,13.7,23.14,1496351646
TrumpCoin,TRUMP,298,0.0591626,0.00002468,7265.83,386893.0,6539490.0,6539490.0,-5.74,-7.41,-3.9,1496351670
Virtacoinplus,XVP,299,0.0426566,0.00001780,1258.21,376081.0,8816485.0,10351078.0,-4.62,0.34,-46.18,1496351688
iTicoin,ITI,300,11.7222,0.00489014,27999.3,375110.0,32000.0,9999992.0,-4.19,-18.42,33.44,1496351693
PostCoin,POST,301,0.0232003,0.00000968,3576.68,365992.0,15775332.0,15775332.0,-0.03,0.97,-6.73,1496351672
Master Swiscoin,MSCN,302,0.0348827,0.00001455,7833.5,356819.0,10229120.0,1002555126.0,0.97,-3.14,-23.28,1496351686
Mineum,MNM,303,0.0365879,0.00001526,599.239,345257.0,9436367.0,9586367.0,-6.73,-23.57,-27.29,1496351674
Asiadigicoin,ADCN,304,0.0134246,0.00000560,1072.77,334689.0,24931054.0,210000000.0,0.35,21.07,-19.97,1496351670
Wyvern,WYV,305,0.30206,0.00012601,1157.83,329391.0,1090481.0,1090481.0,0.45,25.54,17.77,1496351689
Jewels,JWL,306,0.0161333,0.00000673,2138.91,325500.0,20175686.0,20175686.0,-0.47,-1.75,-0.06,1496351679
GCoin,GCN,307,0.0000023178,0.0000000010,664.89,322118.0,138974960000,138974960000,-4.2,8.14,26.44,1496351660
Terracoin,TRC,308,0.015727,0.00000656,5570.75,315940.0,20089020.0,20089020.0,0.11,8.48,-13.54,1496351651
Dotcoin,DOT,309,0.00139874,0.00000058,70865.4,314299.0,224701750.0,489701750.0,-0.44,10.71,16.61,1496351661
CacheCoin,CACH,310,0.0838989,0.00003500,9389.2,302240.0,3602434.0,3602434.0,0.35,-56.93,,1496351647
Quatloo,QTL,311,0.0386115,0.00001611,21101.1,287094.0,7435458.0,7435458.0,4.28,-15.01,-16.55,1496351655
Karbowanec,KRB,312,0.0775044,0.00003233,6258.67,273810.0,3532828.0,3532828.0,-0.7,4.46,-11.61,1496351676
ParkByte,PKB,313,0.0565958,0.00002361,547.101,269624.0,4764026.0,4764026.0,1.16,8.77,3.44,1496351664
Influxcoin,INFX,314,0.159712,0.00006663,4293.59,267259.0,1673383.0,1673383.0,3.06,1.2,-33.08,1496351666
Zoin,ZOI,315,0.0249007,0.00001039,900.693,267243.0,10732350.0,10732350.0,1.82,17.0,-2.75,1496351681
SmartCoin,SMC,316,0.0115265,0.00000481,1203.21,263846.0,22890374.0,22890374.0,13.13,63.11,-20.47,1496351646
Sexcoin,SXC,317,0.00207457,0.00000087,4357.34,254187.0,122525051.0,122525051.0,7.05,-17.92,1.62,1496351644
Bytecent,BYC,318,0.156555,0.00006531,14593.0,253700.0,1620515.0,1620515.0,0.27,-1.86,-20.69,1496351659
Newbium,NEWB,319,0.0104514,0.00000436,65113.2,250834.0,24000000.0,51000000.0,3.49,41.58,151.8,1496351673
8Bit,8BIT,320,0.202342,0.00008441,3703.1,235610.0,1164415.0,1164415.0,3.51,0.79,-35.62,1496351662
NuBits,USNBT,321,1.17279,0.00048925,41737.9,230772.0,196772.0,838087.0,16.81,16.98,18.08,1496351657
Atomic Coin,ATOM,322,0.0225534,0.00000941,923.583,226614.0,10047897.0,10047897.0,-0.03,-3.21,-31.08,1496351680
Rubies,RBIES,323,0.0215456,0.00000899,3234.23,223503.0,10373496.0,10373496.0,1.23,-7.85,-19.74,1496351669
UltraCoin,UTC,324,0.00517776,0.00000216,3898.67,223130.0,43094009.0,43094009.0,0.93,5.49,29.77,1496351647
MTMGaming,MTM,325,0.0741535,0.00003093,2762.44,222461.0,3000000.0,5000000.0,0.96,32.17,74.18,1496351687
Torcoin,TOR,326,0.847801,0.00035368,6001.34,221870.0,261701.0,1261701.0,9.81,9.93,-24.06,1496351690
PRCoin,PRC,327,0.0233282,0.00000973,25751.7,219906.0,9426600.0,789426600.0,0.52,16.61,0.79,1496351686
LiteBar,LTB,328,0.323208,0.00013483,943.124,208371.0,644697.0,644697.0,-32.1,18.16,7.13,1496351648
Neutron,NTRN,329,0.0163571,0.00000682,3166.43,206389.0,12617684.0,12617684.0,-13.49,3.13,82.71,1496351662
Pesobit,PSB,330,0.00608866,0.00000254,518.784,198897.0,32666748.0,32666748.0,0.35,6.78,-15.21,1496351679
42-coin,42,331,4558.75,1.90177,881.256,191467.0,42.0,42.0,0.45,11.17,43.85,1496351647
GoldBlocks,GB,332,0.0124375,0.00000519,2522.42,184895.0,14865925.0,14865925.0,0.38,16.06,3.32,1496351674
Kobocoin,KOBO,333,0.00728545,0.00000304,527.632,179952.0,24700248.0,24700248.0,-23.79,-30.82,-46.02,1496351662
Flycoin,FLY,334,0.843807,0.00035201,15288.1,177879.0,210806.0,210806.0,-2.45,-57.59,100.12,1496351666
Fastcoin,FST,335,0.00130206,0.00000054,1799.22,165055.0,126764507.0,126764507.0,3.83,24.44,19.31,1496351641
Tattoocoin (Standard Edition),TSE,336,0.00144085,0.00000060,965.325,164790.0,114370150.0,604370150.0,-4.55,23.97,-10.5,1496351685
bitBTC,BITBTC,337,2508.62,1.04652,43894.7,160752.0,64.0,64.0,6.6,6.27,-3.98,1496351657
Netko,NETKO,338,0.065838,0.00002747,914.49,159761.0,2426571.0,2426571.0,0.45,1.25,-17.97,1496351688
UnbreakableCoin,UNB,339,0.0692553,0.00002889,5353.62,157774.0,2278150.0,2278150.0,-6.47,-3.15,0.4,1496351653
TheGCCcoin,GCC,340,0.021598,0.00000901,1294.44,151923.0,7034127.0,867034127.0,0.35,2.7,-26.48,1496351685
PipCoin,PIP,341,0.0203631,0.00000849,2297.36,133850.0,6573177.0,6999979.0,-5.01,-32.82,-7.23,1496351680
Piggycoin,PIGGY,342,0.000273151,0.00000011,2263.07,132153.0,483808637.0,483808637.0,14.61,-24.59,-41.4,1496351654
LanaCoin,LANA,343,0.000167739,0.00000007,547.858,125507.0,748227466.0,748227466.0,0.35,11.25,34.95,1496351674
HoboNickels,HBN,344,0.00249337,0.00000104,801.237,121013.0,48533797.0,48533797.0,2.31,-15.29,86.37,1496351645
bitEUR,BITEUR,345,1.152,0.00048058,20152.7,116916.0,101490.0,101490.0,0.33,2.6,3.07,1496351663
Pascal Lite,PASL,346,0.0581779,0.00002427,2676.19,114622.0,1970200.0,1970200.0,3.11,-19.25,-45.12,1496351688
Machinecoin,MAC,347,0.00580101,0.00000242,2733.81,113434.0,19554225.0,19554225.0,0.35,6.57,-17.4,1496351661
MojoCoin,MOJO,348,0.00932392,0.00000389,2412.3,112407.0,12055800.0,12055800.0,0.99,9.48,-36.87,1496351671
Rimbit,RBT,349,0.000943103,0.00000039,878.298,108928.0,115499623.0,393459356.0,-2.04,9.1,5.66,1496351659
bitSilver,BITSILVER,350,19.6643,0.00820333,8618.61,108858.0,5536.0,5536.0,-0.72,5.78,-4.28,1496351661
Sumokoin,SUMO,351,0.239711,0.0001,6982.29,107362.0,447879.0,9336768.0,0.85,46.03,,1496351694
CHNCoin,CNC,352,0.00403413,0.00000168,9751.27,101903.0,25260247.0,170109984.0,1.52,-1.35,-32.57,1496351656
Eryllium,ERY,353,0.0226338,0.00000944,2385.47,98477.0,4350861.0,14350861.0,0.37,11.13,-39.33,1496351686
Spots,SPT,354,0.00404726,0.00000169,614.691,90683.0,22406021.0,22406021.0,-2.94,20.95,37.24,1496351642
DigitalPrice,DP,355,0.00387471,0.00000162,1235.58,87766.0,22651034.0,22651034.0,-52.81,-37.54,-16.24,1496351658
Digital Rupees,DRS,356,0.000167798,0.00000007,3771.95,85712.0,510802961.0,510802961.0,0.35,-47.28,13.69,1496351685
bitGold,BITGOLD,357,1531.12,0.638737,13794.8,83484.0,55.0,55.0,-0.71,10.39,11.71,1496351660
Phoenixcoin,PXC,358,0.00141165,0.00000059,884.064,81684.0,57864450.0,57864450.0,-32.35,55.42,18.55,1496351642
Kurrent,KURT,359,0.00767435,0.00000320,825.363,76126.0,9919485.0,21319485.0,-1.11,7.36,21.76,1496351682
Emerald Crypto,EMD,360,0.00385935,0.00000161,2027.35,73780.0,19117129.0,19117129.0,0.35,15.32,32.98,1496351658
Freicoin,FRC,361,0.00263682,0.00000110,17606.1,73576.0,27903254.0,100000000.0,0.45,5.45,2.02,1496351642
Greencoin,GREV2,362,0.0000239711,0.00000001,2612.67,73278.0,3056916641.0,3056916641.0,0.45,-64.85,-2.55,1496351653
Gapcoin,GAP,363,0.00628041,0.00000262,10808.9,68323.0,10878681.0,10878681.0,-2.08,1.23,15.48,1496351659
MCAP,MCAP,364,6.44738,0.00268965,232980.0,64506.0,10005.0,100000000.0,-2.85,9.07,,1496351693
Wexcoin,WEX,365,0.37688,0.00015722,4786.53,63025.0,167228.0,10000167228.0,-1.81,7.67,13.95,1496351679
CrevaCoin,CREVA,366,0.00172299,0.00000072,11566.3,62701.0,36390750.0,6240390800.0,-1.47,3.02,-16.26,1496351664
Ratecoin,XRA,367,0.000590485,0.00000025,508.998,62627.0,106059455.0,106059455.0,-0.78,-7.02,-21.79,1496351665
Argentum,ARG,368,0.00829401,0.00000346,2386.14,62217.0,7501456.0,7501456.0,-2.48,-14.79,0.59,1496351642
Acoin,ACOIN,369,0.0429088,0.00001790,7830.46,52352.0,1220085.0,1220085.0,2.45,1.33,-24.14,1496351657
Philosopher Stones,PHS,370,0.0193926,0.00000809,3496.55,47109.0,2429219.0,2429219.0,0.65,7.2,9.27,1496351644
Prime-XI,PXI,371,0.00275649,0.00000115,1234.97,40749.0,14783095.0,14783095.0,3.15,10.62,52.19,1496351658
Hexx,HXX,372,0.028526,0.00001190,580.922,38567.0,1352002.0,1352002.0,24.41,4.73,-34.56,1496351663
Independent Money System,IMS,373,0.00690423,0.00000288,1029.34,37068.0,5368934.0,5368934.0,0.38,-4.73,-5.98,1496351670
Marijuanacoin,MAR,374,0.0679581,0.00002835,4032.84,35521.0,522690.0,522690.0,-5.69,38.32,41.3,1496351686
Rawcoin,XRC,375,0.0498839,0.00002081,3646.67,35162.0,704882.0,704882.0,1.87,36.73,201.04,1496351682
MACRON,MCRN,376,0.0000735150,0.00000003,1523.91,29510.0,401421401.0,401421401.0,-10.61,-18.18,-6.35,1496351691
Allion,ALL,377,0.00452506,0.00000189,2268.86,28052.0,6199359.0,7323359.0,0.35,-27.52,-50.16,1496351686
BeaverCoin,BVC,378,0.0087974,0.00000367,632.446,27406.0,3115258.0,3115258.0,2.44,-0.82,-13.29,1496351658
Honey,HONEY,379,0.354051,0.0001477,1096.89,24184.0,68306.0,68306.0,71.02,-34.59,-64.13,1496351688
Kittehcoin,MEOW,380,0.0000008727,0.0000000004,1143.01,20863.0,23905669976.0,23905669976.0,1.11,36.3,27.47,1496351646
LevoPlus,LVPS,381,0.0455529,0.00001900,3689.11,18642.0,409237.0,91409237.0,-4.67,-56.86,-51.48,1496351687
Eurocoin,EUC,382,0.00141568,0.00000059,1086.1,16606.0,11730325.0,11730325.0,-2.13,-15.12,-22.51,1496351665
AllSafe,ASAFE,383,0.0000178629,0.000000007,3816.4,12683.0,710000000.0,710000000.0,0.57,3601.17,613.71,1496351681
Beatcoin,XBTS,384,0.00707811,0.00000295,1933.49,10792.0,1524686.0,2524686.0,1.45,34.49,4.42,1496351679
Ebittree Coin,EBT,385,0.0117458,0.00000490,927.682,10214.0,869570.0,810869570.0,0.35,3.26,14.5,1496351691
BenjiRolls,BENJI,386,0.000455452,0.00000019,4350.86,8627.0,18941436.0,18941436.0,0.35,2.84,-22.85,1496351684
Digital Money Bits,DMB,387,0.0138374,0.00000577,15679.2,4129.0,298400.0,10298400.0,-3.34,-0.75,40.24,1496351693
Environ,ENV,388,0.0000239652,0.000000010,2071.64,3143.0,131129509.0,931129509.0,0.33,-31.58,-95.57,1496351692
Gold Pressed Latinum,GPL,389,0.193783,0.00008084,7640.05,,,203828.0,1.03,4.85,6.06,1496351692
SnakeEyes,SNAKE,390,0.149383,0.00006232,576.022,,,10000000.0,1.46,36.72,37.47,1496351692
Soarcoin,SOAR,391,0.0170204,0.00000710,672.153,,,5000000000.0,0.35,25.5,-9.29,1496351689
Arcade Token,ARC,392,3.74133,0.00167261,,10785924.0,2882912.0,2882912.0,,,83.76,1496180681
SuperNET,UNITY,393,12.959,0.00540609,104.816,10575334.0,816061.0,816061.0,3.6,-3.84,77.09,1496351658
Jinn,JINN,394,47.1346,0.0196631,471.346,2766942.0,58703.0,1000000.0,3.6,11.51,10.96,1496351658
AsiaCoin,AC,395,0.00302554,0.00000126,135.249,2537092.0,838558397.0,838558397.0,-2.86,27.93,-29.27,1496351651
InstantDEX,DEX,396,2.32057,0.00096807,336.482,2320570.0,1000000.0,1000000.0,3.6,11.36,-3.28,1496351657
NewYorkCoin,NYC,397,0.0000239677,0.000000010,6.95265,1431350.0,59719935819.0,59719935819.0,0.35,5.43,147.97,1496351652
Bitpark Coin,BPC,398,0.0185057,0.00000772,206.534,1387928.0,75000000.0,100000000.0,17.5,4.69,10.07,1496351683
InsaneCoin,INSANE,399,0.0711983,0.00002970,247.839,1305845.0,18340961.0,18340961.0,-0.88,-15.25,29.28,1496351681
Pangea Poker,PANGEA,400,0.904117,0.00037717,10.8494,903531.0,999352.0,1000000.0,3.6,11.36,,1496351660
DubaiCoin,DBIC,401,0.164419,0.00006859,295.944,843307.0,5129014.0,6146942.0,0.9,7.72,10.27,1496351670
ShadowCash,SDC,402,0.123436,0.00005149,420.542,822934.0,6666888.0,6666888.0,0.35,6.33,-28.8,1496351655
Woodcoin,LOG,403,0.101685,0.00004242,393.466,817059.0,8035193.0,8035193.0,0.35,-5.78,-4.96,1496351662
Ultimate Secure Cash,USC,404,0.0789848,0.00003295,40.7509,816949.0,10343113.0,38602656.0,,41.06,23.21,1496351689
Pandacoin,PND,405,0.0000239711,0.00000001,280.184,779418.0,32514916898.0,32514916898.0,0.35,5.44,-2.55,1496351648
Carboncoin,CARBON,406,0.0000479422,0.00000002,7.6348,737923.0,15391932935.0,15391932935.0,0.35,5.45,-2.55,1496351656
Cryptofund,FUND,407,0.5588,0.0002553,,558800.0,1000000.0,1000000.0,,,163.83,1495948164
SmileyCoin,SMLY,408,0.0000211875,0.000000009,61.8241,550033.0,25960250000.0,25960250000.0,0.53,9.62,-80.01,1496351661
E-Currency Coin ,ECC,409,0.0000239711,0.00000001,2.41466,528817.0,22060603799.0,22060603799.0,0.35,5.44,-2.55,1496351649
HitCoin,HTC,410,0.0000479422,0.00000002,241.915,527188.0,10996318099.0,20996318099.0,0.45,54.99,94.9,1496351671
ReeCoin,REE,411,0.0423057,0.00001765,209.574,523224.0,12367704.0,6662367704.0,-0.36,5.37,-2.81,1496351675
CageCoin,CAGE,412,0.0000049941,0.000000002,450.262,505240.0,101168328395,101168328395,0.34,5.98,-15.31,1496351648
Shorty,SHORTY,413,0.00503394,0.00000210,0.239927,503394.0,100000000.0,100000000.0,0.35,5.44,104.64,1496351683
Casino,CASINO,414,0.47841,0.00019958,20.0932,478410.0,1000000.0,1000000.0,1.26,36.77,-11.97,1496351687
CasinoCoin,CSC,415,0.0118305,0.00000494,256.798,456671.0,38601187.0,38601187.0,0.73,13.39,-15.34,1496351642
Dashcoin,DSH,416,0.0253199,0.00001056,235.78,437821.0,17291579.0,17291579.0,-2.31,5.77,2.95,1496351658
Tao,XTO,417,0.0144129,0.00000601,253.759,436941.0,30315996.0,32315996.0,0.44,-24.91,-26.35,1496351678
Colossuscoin V2,CV2,418,0.0000178750,0.000000007,269.832,396591.0,22186910273.0,22186910273.0,0.51,-10.49,-43.16,1496351663
Orbitcoin,ORB,419,0.128813,0.00005374,28.3933,380650.0,2955062.0,2955062.0,4.2,3.14,4.22,1496351646
BitBar,BTB,420,11.5259,0.00480826,471.506,375469.0,32576.0,32576.0,0.18,1.92,1.94,1496351652
LTBcoin,LTBC,421,0.000742106,0.00000032,,366499.0,493863915.0,493863915.0,,-30.03,,1496287754
FuelCoin,FC2,422,0.00349978,0.00000146,25.1673,354921.0,101412293.0,101412293.0,0.35,10.85,,1496351654
RussiaCoin,RC,423,0.042333,0.00001766,13.557,347827.0,8216446.0,8216446.0,0.35,5.44,0.13,1496351668
SuperCoin,SUPER,424,0.00838989,0.00000350,33.5514,345291.0,41155630.0,41155630.0,0.35,,,1496351653
Trollcoin,TROLL,425,0.000597408,0.00000025,220.173,330780.0,553691833.0,553691833.0,0.3,-0.63,-14.05,1496351658
Rare Pepe Party,RAREPEPEPRTY,426,16.1275,0.0067095,,290295.0,18000.0,100000.0,,-8.98,,1496315982
HOdlcoin,HODL,427,0.00311625,0.00000130,23.553,288024.0,92426575.0,250000000.0,0.35,-10.41,23.86,1496351671
MazaCoin,MZC,428,0.000261574,0.00000011,419.602,285800.0,1092618137.0,1092618137.0,0.32,4.92,1.82,1496351649
Veltor,VLT,429,0.478296,0.00019953,240.415,265385.0,554855.0,554855.0,0.35,30.58,49.2,1496351677
KibiCoin,KIC,430,0.0175768,0.00000733,468.472,257250.0,14635750.0,14635750.0,-7.13,,,1496351694
BTCtalkcoin,TALK,431,0.00357833,0.00000161,,233631.0,65290635.0,65290635.0,,,-28.88,1496191750
Crypto Bullion,CBX,432,0.233008,0.00009720,53.7229,232032.0,995813.0,995813.0,0.35,-2.48,-56.49,1496351643
The Cypherfunks,FUNK,433,0.0000052252,0.000000002,77.8641,230700.0,44151220000.0,44151220000.0,11.64,-2.29,-47.36,1496351663
AgrolifeCoin,AGLC,434,0.0472658,0.00001990,,215996.0,4569819.0,204569819.0,,4.47,100.36,1496301878
VirtualCoin,VC,435,0.0212864,0.00000888,221.885,214232.0,10064287.0,10064287.0,0.35,17.04,25.41,1496351655
BitcoinTX,BTX,436,0.00261285,0.00000109,1.12664,211794.0,81058537.0,81058537.0,0.35,14.93,-25.24,1496351662
BritCoin,BRIT,437,0.00956448,0.00000399,280.848,203418.0,21268092.0,21268092.0,0.09,5.49,44.51,1496351655
SwagBucks,BUCKS,438,0.989006,0.00041258,1.39007,203152.0,205410.0,205410.0,0.71,-21.49,-22.88,1496351669
Crave,CRAVE,439,0.157347,0.00006668,,196636.0,1249695.0,1249695.0,,3.8,181.95,1496344460
Bitstar,BITS,440,0.00838002,0.00000350,183.894,193409.0,23079737.0,23079737.0,0.27,15.13,34.88,1496351651
PureVidz,VIDZ,441,0.00150767,0.00000063,142.578,188735.0,125183542.0,125183542.0,-0.25,10.73,54.55,1496351684
Zero,ZER,442,0.244434,0.00010197,309.481,180783.0,739600.0,739600.0,7.71,5.65,21.22,1496351688
Bitz,BITZ,443,0.0892373,0.00003720,,177662.0,1990891.0,1990891.0,0.42,5.72,-1.93,1496351362
Tristar Coin,TSTR,444,0.0343849,0.00001500,,172882.0,5027857.0,255027857.0,,0.83,39.5,1496271895
NetCoin,NET,445,0.00021352,0.00000009,173.353,168067.0,787126712.0,787126712.0,0.27,2.56,-16.02,1496351644
BillaryCoin,BLRY,446,0.0185776,0.00000775,301.309,166886.0,8983158.0,8983158.0,0.35,15.09,-13.58,1496351673
Truckcoin,TRK,447,0.0012225,0.00000051,27.9391,150282.0,122930207.0,122930207.0,0.35,37.9,99.34,1496351654
Titcoin,TIT,448,0.00294749,0.00000123,120.699,147074.0,49898202.0,49898202.0,0.43,2.01,-13.62,1496351655
Vault Coin,VLTC,449,0.00483294,0.00000202,123.243,143643.0,29721720.0,529721720.0,0.28,-7.69,8.28,1496351683
LottoCoin,LOT,450,0.0000096559,0.000000004,25.7093,139924.0,14491014421.0,14491014421.0,0.33,11.27,-1.12,1496351644
TEKcoin,TEK,451,0.0000958845,0.00000004,395.505,135586.0,1414054562.0,1414054562.0,0.35,-0.88,89.71,1496351652
Stress,STS,452,0.000239711,0.00000010,1.01638,135469.0,565134332.0,565134332.0,0.35,17.07,-18.79,1496351670
Coin(O),CNO,453,0.00127007,0.00000053,11.0688,130948.0,103102878.0,103102878.0,0.33,15.29,43.09,1496351652
Bitcurrency,BTCR,454,0.000709612,0.00000030,115.839,119285.0,168099092.0,168099092.0,0.34,5.34,44.77,1496351682
MetalCoin,METAL,455,0.00153415,0.00000064,6.04566,118015.0,76925527.0,76925527.0,0.35,,-8.26,1496351661
Cannacoin,CCN,456,0.0239711,0.00001000,82.8945,112608.0,4697671.0,4697671.0,0.35,-17.17,6.35,1496351651
GAIA,GAIA,457,0.00466575,0.00000198,,112451.0,24101381.0,24101381.0,,3.66,-12.35,1496340859
QuazarCoin,QCN,458,0.0191769,0.00000800,398.634,109473.0,5708602.0,5708602.0,0.35,17.03,3.9,1496351653
BERNcash,BERN,459,0.0015321,0.00000064,489.654,109138.0,71234301.0,71234301.0,-3.03,14.7,19.4,1496351671
Swing,SWING,460,0.0457009,0.00001907,3.6651,104041.0,2276560.0,2276560.0,1.07,-17.95,-3.79,1496351667
HyperStake,HYP,461,0.000266434,0.00000011,471.021,102789.0,385796097.0,385796097.0,4.3,-3.52,13.03,1496351655
Jin Coin,JIN,462,0.0104296,0.00000435,4.59526,102716.0,9848485.0,9848485.0,0.35,154.86,,1496351679
C-Bit,XCT,463,0.000767076,0.00000032,64.2779,101083.0,131776750.0,131776750.0,0.35,5.7,-2.97,1496351670
Xiaomicoin,MI,464,0.000246218,0.00000010,37.5297,99999.0,406141855.0,406141855.0,0.17,-21.07,-17.7,1496351666
BigUp,BIGUP,465,0.0000479422,0.00000002,6.78438,98467.0,2053878167.0,2053878167.0,33.85,110.88,-2.55,1496351670
Dollarcoin,DLC,466,0.0106432,0.00000444,10.9111,96925.0,9106714.0,9106714.0,0.35,-24.97,-21.42,1496351678
Pakcoin,PAK,467,0.00263263,0.00000110,165.797,96346.0,36596850.0,36596850.0,-0.07,0.53,-24.48,1496351666
Sterlingcoin,SLG,468,0.0247902,0.00001034,25.5561,96215.0,3881156.0,3881156.0,0.28,3.12,-1.15,1496351658
Bitcloud,BTD,469,0.00858166,0.00000358,8.8609,95570.0,11136591.0,11136591.0,0.35,6.63,167.09,1496351678
GlobalBoost-Y,BSTY,470,0.00832477,0.00000347,85.3792,94889.0,11398430.0,11398430.0,0.12,-5.25,11.63,1496351658
FlutterCoin,FLT,471,0.000286977,0.00000012,31.5587,92468.0,322214524.0,322214524.0,0.33,5.2,5.79,1496351651
Cryptojacks,CJ,472,0.000226461,0.00000009,333.494,92072.0,406568581.0,406568581.0,-0.19,9.0,-23.21,1496351676
TittieCoin,TTC,473,0.0000718151,0.00000003,123.898,90474.0,1259816434.0,1259816434.0,0.49,41.78,-2.4,1496351660
Coin2.1,C2,474,0.000899976,0.00000038,226.255,89976.0,99976323.0,99976323.0,0.8,12.62,-20.22,1496351653
WayGuide,WAY,475,0.000873793,0.00000036,,87415.0,100040708.0,100040708.0,,6.76,14.59,1496318076
PayCoin,XPY,476,0.00733603,0.00000306,3.05849,85849.0,11702330.0,11752330.0,0.35,-19.32,-38.8,1496351660
Triangles,TRI,477,1.16067,0.00048883,,84603.0,72891.0,72891.0,,4.45,-2.54,1496346860
BunnyCoin,BUN,478,0.0000008224,0.0000000003,140.359,83397.0,101406230428,101406230428,-4.64,12.72,19.44,1496351657
NoLimitCoin,NLC2,479,0.000407509,0.00000017,129.497,81689.0,200458454.0,200458454.0,0.35,28.03,14.34,1496351678
KiloCoin,KLC,480,0.000407509,0.00000017,218.124,79993.0,196297971.0,10025186872.0,0.35,37.51,18.25,1496351669
CorgiCoin,CORG,481,0.0000636416,0.00000003,9.91717,79670.0,1251855418.0,1251855418.0,-3.89,-17.11,-62.47,1496351650
GameUnits,UNITS,482,0.0219152,0.00000914,173.92,75955.0,3465852.0,3465852.0,0.35,-8.88,-22.82,1496351684
Darsek,KED,483,0.00767002,0.00000320,26.0893,75567.0,9852237.0,9852237.0,0.45,3.95,-24.7,1496351689
UFO Coin,UFO,484,0.0000229521,0.00000001,,75418.0,3285885012.0,3285885012.0,,0.96,-7.51,1496273048
Elementrem,ELE,485,0.00284974,0.00000119,384.991,71285.0,25014628.0,25014628.0,2.63,-2.11,-30.21,1496351677
Artex Coin,ATX,486,0.00375498,0.00000157,70.7957,70200.0,18695075.0,268695075.0,35.85,6.44,12.5,1496351677
Guncoin,GUN,487,0.000383493,0.00000016,35.8803,69810.0,182037328.0,182037328.0,0.45,12.46,60.9,1496351651
Blakecoin,BLC,488,0.00580101,0.00000242,25.0711,69095.0,11910789.0,11910789.0,0.45,-8.21,-0.08,1496351647
Valorbit,VAL,489,0.0000239711,0.00000001,12.465,68849.0,2872186696.0,922340072186696,0.35,5.45,-2.55,1496351672
SproutsExtreme,SPEX,490,0.0000239711,0.00000001,12.465,68716.0,2866607586.0,2866607586.0,0.41,5.61,-3.01,1496351669
CCMiner,CCM100,491,0.0275086,0.00001148,28.0862,66471.0,2416354.0,6000000.0,1.78,31.85,-3.03,1496351685
AmberCoin,AMBER,492,0.0014952,0.00000063,,65255.0,43643263.0,43643263.0,,4.4,-16.74,1496347159
HempCoin,HMP,493,0.0000479422,0.00000002,75.653,65039.0,1356619310.0,2856619310.0,0.35,5.44,94.9,1496351670
Yacoin,YAC,494,0.000551336,0.00000023,1.91767,64006.0,116092607.0,116092607.0,0.53,5.44,-10.42,1496351641
Debitcoin,DBTC,495,0.00352375,0.00000147,19.908,63399.0,17991924.0,25991924.0,0.35,14.32,6.91,1496351675
AurumCoin,AU,496,0.211636,0.00008829,399.997,62690.0,296216.0,296216.0,2.62,28.09,28.42,1496351659
ChessCoin,CHESS,497,0.00110547,0.00000046,22.1846,59656.0,53964481.0,53964481.0,-4.4,2.54,28.0,1496351675
Nyancoin,NYAN,498,0.000191555,0.00000008,13.9033,57063.0,297891209.0,297891209.0,0.45,-67.95,19.13,1496351646
PetroDollar,XPD,499,0.000865916,0.00000036,70.0012,55413.0,63993275.0,63993275.0,0.35,7.89,-42.68,1496351650
Eternity,ENT,500,0.0178269,0.00000744,97.2023,54476.0,3055834.0,3055834.0,-7.22,4.36,-24.47,1496351683
Chronos,CRX,501,0.000732465,0.00000031,356.827,54005.0,73729962.0,73729962.0,0.43,29.12,23.83,1496351675
KushCoin,KUSH,502,0.00992404,0.00000414,11.0058,53523.0,5393260.0,5393260.0,-16.58,-2.56,-17.59,1496351685
MiloCoin,MILO,503,0.00520135,0.00000217,175.873,53502.0,10286242.0,10286242.0,0.53,28.53,127.35,1496351687
AquariusCoin,ARCO,504,0.0421735,0.00001759,97.22,51499.0,1221113.0,1221113.0,-5.05,22.06,31.69,1496351672
Aricoin,ARI,505,0.000360413,0.00000015,17.4565,50552.0,140262505.0,140262505.0,0.46,15.26,-13.24,1496351648
Zayedcoin,ZYD,506,0.00803033,0.00000335,23.8982,50140.0,6243840.0,6243840.0,0.35,5.44,-10.38,1496351679
NevaCoin,NEVA,507,0.0267238,0.00001115,390.322,48388.0,1810680.0,1810680.0,0.27,-3.15,14.49,1496351671
SatoshiMadness,MAD,508,0.0000239711,0.00000001,135.023,47959.0,2000683485.0,2000683485.0,0.35,5.45,-2.55,1496351666
Lex4All,LEX,509,0.047841,0.00001996,216.767,47843.0,1000043.0,5000000.0,1.78,59.11,-1.72,1496351688
PonziCoin,PONZI,510,0.0551575,0.00002301,34.1915,47496.0,861099.0,861099.0,0.35,19.99,-2.47,1496351673
AmsterdamCoin,AMS,511,0.0049093,0.00000205,186.654,47147.0,9603707.0,16803707.0,3.1,13.44,16.93,1496351665
RevolverCoin,XRE,512,0.0021574,0.00000090,138.64,47013.0,21791474.0,21791474.0,0.35,12.33,0.71,1496351674
Tigercoin,TGC,513,0.0010787,0.00000045,151.71,46963.0,43536800.0,43536800.0,12.89,35.56,44.42,1496351646
Francs,FRN,514,0.0273824,0.00001142,184.387,46936.0,1714100.0,1714100.0,3.7,0.5,16.79,1496351669
DigiCube,CUBE,515,0.0000192582,0.000000008,0.00407919,46781.0,2429126009.0,2429126009.0,0.14,-15.29,-21.71,1496351668
Sativacoin,STV,516,0.00656809,0.00000274,0.328404,46481.0,7076809.0,7076809.0,0.35,62.86,9.43,1496351659
RedCoin,RED,517,0.000623249,0.00000026,25.1995,46188.0,74107896.0,74107896.0,0.35,-10.83,-31.0,1496351646
BurstOcean,OCEAN,518,0.214088,0.00008931,17.7415,45350.0,211827.0,1000000.0,1.78,43.74,5.62,1496351688
ICOBID,ICOB,519,0.000433166,0.00000018,398.163,44990.0,103862796.0,103862796.0,-4.34,0.78,8.63,1496351684
Joulecoin,XJO,520,0.00131687,0.00000055,5.93798,42465.0,32246664.0,32246664.0,0.35,5.71,12.83,1496351644
Evotion,EVO,521,0.0171383,0.00000715,178.401,42318.0,2469220.0,2469220.0,0.47,-14.74,-61.62,1496351668
PX,PX,522,0.000551336,0.00000023,54.4562,42308.0,76737329.0,76737329.0,0.35,21.25,,1496351678
MarteXcoin,MXT,523,0.0151543,0.00000632,0.0673268,41343.0,2728161.0,2728161.0,-7.63,-66.43,-48.67,1496351674
UniCoin,UNIC,524,0.0139789,0.00000583,151.907,40690.0,2910786.0,2910786.0,0.26,5.35,12.9,1496351663
808Coin,808,525,0.000193214,0.00000008,114.949,39709.0,205516214.0,205516214.0,1.13,10.05,17.79,1496351676
BTCDragon,DRAGON,526,0.0956819,0.00003992,105.25,38669.0,404146.0,1000000.0,1.78,-41.0,-37.52,1496351686
CoExistCoin,COXST,527,0.00140832,0.00000059,30.9811,38220.0,27138905.0,27138905.0,-8.73,26.2,15.06,1496351671
SpaceCoin,SPACE,528,0.00211367,0.00000088,40.4927,37594.0,17786275.0,17786275.0,0.17,11.42,7.71,1496351666
OctoCoin,888,529,0.000768566,0.00000032,127.683,37160.0,48350228.0,48350228.0,2.93,-16.71,35.63,1496351649
SixEleven,611,530,0.0874946,0.00003650,0.787451,36048.0,411998.0,411998.0,0.35,29.06,-58.76,1496351673
Franko,FRK,531,0.0559965,0.00002336,0.417145,35667.0,636950.0,636950.0,0.45,,-50.52,1496351641
HealthyWormCoin,WORM,532,0.00237314,0.00000099,40.3191,35134.0,14805042.0,14805042.0,0.35,44.98,-36.11,1496351689
RonPaulCoin,RPC,533,0.0443466,0.00001850,147.846,34973.0,788626.0,788626.0,0.35,-2.37,-2.16,1496351645
Universal Currency,UNIT,534,0.00264388,0.00000110,115.175,34493.0,13046431.0,13046431.0,-23.01,245.59,-38.17,1496351663
Cypher,CYP,535,0.00541747,0.00000226,5.41747,34484.0,6365285.0,6365285.0,0.35,16.25,,1496351663
WMCoin,WMC,536,0.00295748,0.00000121,,34092.0,11527489.0,911527489.0,,7.51,,1496321071
Universe,UNI,537,0.0115301,0.00000481,73.0511,34050.0,2953128.0,14153128.0,0.35,6.85,6.73,1496351689
Dobbscoin,BOB,538,0.00655308,0.00000273,4.07035,33161.0,5060382.0,5060382.0,-1.04,4.64,5.44,1496351657
PopularCoin,POP,539,0.0000097835,0.000000004,47.669,32702.0,3342570255.0,3342570255.0,-2.17,5.2,-7.79,1496351651
Bolivarcoin,BOLI,540,0.00500511,0.00000209,417.233,32404.0,6474275.0,6474275.0,0.9,11.59,20.6,1496351668
Evil Coin,EVIL,541,0.00151522,0.00000063,33.8116,31851.0,21020383.0,21020383.0,-0.77,1.87,-0.03,1496351669
Uro,URO,542,0.0263443,0.00001099,11.6629,31806.0,1207310.0,1207310.0,0.35,4.21,-5.23,1496351653
CryptoWorldX Token,CWXT,543,0.000575307,0.00000024,7.42196,31447.0,54661240.0,54661240.0,0.45,15.02,0.7,1496351685
PayCon,CON,544,0.00132195,0.00000055,43.7447,30461.0,23042604.0,23042604.0,1.52,13.5,-4.87,1496351661
Solarflarecoin,SFC,545,0.0021574,0.00000090,290.882,29576.0,13709200.0,13709200.0,0.35,10.68,-21.44,1496351685
PIECoin,PIE,546,0.000407509,0.00000017,257.213,29365.0,72060624.0,72060624.0,0.55,17.52,3.18,1496351687
Dreamcoin,DRM,547,0.0120275,0.00000503,,29311.0,2436996.0,2436996.0,,5.18,,1496330352
Bitzeny,ZNY,548,0.000383538,0.00000016,6.4816,29001.0,75614500.0,75614500.0,0.35,5.44,29.93,1496351664
Hommalicoin,HMC,549,11.7946,0.00496011,,28528.0,2419.0,1000000000.0,,42.86,,1496299177
Zurcoin,ZUR,550,0.000359567,0.00000015,102.11,28389.0,78953532.0,78953532.0,0.35,-6.56,11.97,1496351673
Ride My Car,RIDE,551,0.000275609,0.00000011,47.5107,27863.0,101095796.0,101095796.0,-0.03,22.33,-4.69,1496351687
Cannation,CNNC,552,0.0112255,0.00000468,128.15,27544.0,2453742.0,2453742.0,0.45,24.58,-8.37,1496351692
FlavorCoin,FLVR,553,0.00130354,0.00000054,7.65674,27242.0,20898106.0,20898106.0,-7.25,39.19,55.41,1496351669
GoldPieces,GP,554,0.022269,0.00000929,430.26,27172.0,1220161.0,1220161.0,1.22,2.34,-17.18,1496351660
SoonCoin,SOON,555,0.0021574,0.00000090,52.8185,26887.0,12462620.0,12462620.0,0.35,3.15,-12.08,1496351661
BumbaCoin,BUMBA,556,0.00119856,0.00000050,28.7791,26301.0,21943456.0,21943456.0,0.53,-45.43,-22.05,1496351670
NeuCoin,NEU,557,0.0000129894,0.000000005,69.5858,25859.0,1990764588.0,2014638413.0,-7.82,28.85,-72.43,1496351666
BitQuark,BTQ,558,0.00359567,0.00000150,34.4346,25729.0,7155671.0,7155671.0,0.35,104.44,2.22,1496351653
Creatio,XCRE,559,0.00125237,0.00000052,33.6252,25699.0,20520514.0,20520514.0,2.9,3.94,17.64,1496351682
Unrealcoin,URC,560,0.00363403,0.00000160,,25527.0,7024402.0,7024402.0,,-0.12,11.63,1496267362
Grantcoin,GRT,561,0.000599278,0.00000025,53.1903,24763.0,41321601.0,10041321601.0,0.35,,-1.92,1496351665
Destiny,DES,562,0.0153415,0.00000640,49.2522,24546.0,1600000.0,1600000.0,0.35,,28.59,1496351670
BiosCrypto,BIOS,563,0.00117464,0.00000049,0.253877,24359.0,20737003.0,20737003.0,-0.18,1.79,56.69,1496351664
Photon,PHO,564,0.0000013631,0.0000000006,43.6325,24302.0,17827842702.0,17827842702.0,-8.33,-11.18,40.55,1496351651
AntiBitcoin,ANTI,565,0.00139033,0.00000058,1.39033,24282.0,17465159.0,17465159.0,0.35,,,1496351667
CryptoEscudo,CESC,566,0.000167798,0.00000007,28.5347,24181.0,144105100.0,594105100.0,0.35,1.38,-5.33,1496351650
Theresa May Coin,MAY,567,0.00155812,0.00000065,230.422,23781.0,15262700.0,15262700.0,0.45,-8.23,,1496351693
X-Coin,XCO,568,0.00190575,0.00000080,,23603.0,12384976.0,12384976.0,,4.79,-10.95,1496330065
PlatinumBAR,XPTX,569,0.133327,0.00005562,12.1007,23188.0,173918.0,173918.0,0.35,5.42,-8.22,1496351673
ARbit,ARB,570,0.0035717,0.00000149,7.1433,23094.0,6465700.0,6465700.0,0.35,5.45,10.95,1496351665
ParallelCoin,DUO,571,0.0747199,0.00003117,425.213,21481.0,287489.0,287489.0,1.07,7.82,-33.25,1496351667
B3Coin,B3,572,0.0681456,0.00002843,11.1755,20924.0,307052.0,307052.0,0.45,129.16,9.44,1496351678
Litecred,LTCR,573,0.000684308,0.00000029,185.652,20685.0,30227750.0,30227750.0,0.35,-22.45,296.61,1496351669
SongCoin,SONG,574,0.000629401,0.00000026,181.933,20497.0,32565300.0,32565300.0,0.35,17.33,-14.4,1496351662
Impact,IMX,575,0.000186156,0.00000008,85.4622,20350.0,109314611.0,109314611.0,0.74,3.48,-21.09,1496351689
MindCoin,MND,576,0.00160607,0.00000067,1.04449,20151.0,12546625.0,12546625.0,0.35,7.23,13.07,1496351667
VIP Tokens,VIP,577,0.000239711,0.00000010,0.239711,20004.0,83450403.0,83450403.0,0.35,5.44,8.28,1496351670
Flaxscript,FLAX,578,0.00361954,0.00000151,5.10301,19892.0,5495743.0,5495743.0,0.35,4.74,0.1,1496351664
DAPPSTER,DLISK,579,0.000191769,0.00000008,0.239711,19177.0,100000000.0,100000000.0,0.35,5.44,10.61,1496351675
LeaCoin,LEA,580,0.0000683472,0.00000003,38.1908,18875.0,276170489.0,276170489.0,0.35,8.98,-13.4,1496351662
UCoin,U,581,0.0069756,0.00000291,4.14722,18763.0,2689812.0,2689812.0,0.35,-50.67,-54.85,1496351660
Magnum,MGM,582,0.00516496,0.00000225,,18734.0,3627045.0,253627045.0,,0.97,19.98,1496272491
PLNcoin,PLNC,583,0.0010787,0.00000045,0.239711,18435.0,17089600.0,19089600.0,0.45,5.44,4.34,1496351650
IslaCoin,ISL,584,0.0119849,0.00000509,,18142.0,1513704.0,1513704.0,,3.57,-23.8,1496344164
Alexium,AUM,585,0.000886931,0.00000037,0.784527,18002.0,20297336.0,20297336.0,0.22,2.66,6.05,1496351666
SecretCoin,SCRT,586,0.00424289,0.00000177,0.424289,17942.0,4228672.0,4228672.0,0.35,7.26,26.83,1496351668
Luna Coin,LUNA,587,0.0145569,0.00000607,103.706,17867.0,1227386.0,1227386.0,0.67,2.43,-25.29,1496351683
GameBet Coin,GBT,588,0.000838989,0.00000035,0.263658,17839.0,21262780.0,22262780.0,0.35,,10.88,1496351671
BipCoin,BIP,589,0.0128725,0.00000537,39.3872,17299.0,1343889.0,1343889.0,0.35,-29.14,-41.0,1496351681
Halcyon,HAL,590,0.00364361,0.00000152,14.9219,16932.0,4647041.0,4647041.0,0.35,4.07,-17.37,1496351656
Vector,VEC2,591,0.00105473,0.00000044,204.289,16707.0,15839633.0,15839633.0,-46.8,-2.85,37.12,1496351666
Steps,STEPS,592,0.000886931,0.00000037,0.443466,16519.0,18625017.0,18625017.0,0.14,5.45,0.15,1496351669
Sling,SLING,593,0.0150299,0.00000627,14.1846,16144.0,1074095.0,1074095.0,0.35,4.92,6.85,1496351663
Orlycoin,ORLY,594,0.00043148,0.00000018,1.48192,15812.0,36646779.0,36646779.0,0.35,11.12,-2.55,1496351672
Blackstar,BSTAR,595,0.0000239711,0.00000001,116.195,15121.0,630795971.0,630795971.0,0.35,5.44,-2.55,1496351684
Crypto,CTO,596,0.00151018,0.00000063,1.04852,14973.0,9914818.0,9914818.0,0.35,9.25,-24.25,1496351663
AnarchistsPrime,ACP,597,0.00340669,0.00000142,312.952,14972.0,4394874.0,4394874.0,0.35,6.8,7.15,1496351664
BowsCoin,BSC,598,0.00268477,0.00000112,1.53214,14901.0,5550102.0,5550102.0,0.35,16.92,59.19,1496351665
Metal Music Coin,MTLMC3,599,0.000180751,0.00000008,29.9391,14409.0,79719140.0,79719140.0,0.35,31.1,58.96,1496351664
Scorecoin,SCORE,600,0.00086296,0.00000036,30.1734,14369.0,16651010.0,16651010.0,-2.37,-5.11,-32.93,1496351690
BlazeCoin,BLZ,601,0.0000235782,0.000000010,3.87357,14349.0,608557394.0,608557394.0,1.22,15.29,13.36,1496351655
MustangCoin,MST,602,0.0227256,0.00000948,43.5755,14288.0,628700.0,628700.0,0.35,-3.13,-2.87,1496351679
Firecoin,FIRE,603,0.144019,0.00006008,4.19106,14173.0,98412.0,98412.0,0.35,-27.79,-53.46,1496351654
Prototanium,PR,604,0.0726882,0.00003032,202.697,14135.0,194462.0,194462.0,0.35,-23.38,-26.61,1496351669
GuccioneCoin,GCC,605,0.000695163,0.00000029,21.6892,14102.0,20285537.0,23775537.0,0.35,8.89,,1496351665
OsmiumCoin,OS76,606,0.0147902,0.00000617,8.17708,13223.0,894026.0,894026.0,0.35,7.53,3.95,1496351666
BitTokens,BXT,607,0.0251697,0.00001050,6.48891,13058.0,518814.0,518814.0,0.35,-40.1,148.51,1496351678
TAGRcoin,TAGR,608,0.000335596,0.00000014,2.63685,12977.0,38669634.0,38669634.0,0.35,-7.74,-12.16,1496351664
Speedcash,SCS,609,0.0493805,0.00002060,15.0504,12889.0,261021.0,476108.0,0.45,3.94,15.69,1496351691
GPU Coin,GPU,610,0.000314265,0.00000013,23.1681,12721.0,40477042.0,51530001.0,-1.36,6.1,17.4,1496351673
JobsCoin,JOBS,611,0.000119856,0.00000005,126.328,12707.0,106019270.0,200019300.0,0.45,31.8,62.41,1496351680
LetItRide,LIR,612,0.000359567,0.00000015,93.3159,12679.0,35262827.0,35262827.0,15.78,,24.25,1496351676
Sprouts,SPRTS,613,0.0000000701,0.00000000003,21.2829,12205.0,173998359672,173998359672,-7.63,-18.14,-72.62,1496351664
Solaris,XLR,614,0.072118,0.00003009,301.209,12084.0,167561.0,267561.0,0.41,-1.33,-47.78,1496351689
Bitvolt,VOLT,615,0.000791047,0.00000033,438.436,11955.0,15112554.0,60132654.0,-2.61,-0.47,-9.9,1496351692
FuzzBalls,FUZZ,616,0.0024121,0.00000101,73.6496,11650.0,4829945.0,4829945.0,-15.23,-19.62,-23.61,1496351673
WARP,WARP,617,0.0106192,0.00000443,2.67383,11630.0,1095224.0,1095224.0,0.35,8.88,3.03,1496351669
Cabbage,CAB,618,0.00110267,0.00000046,88.3166,11578.0,10499996.0,10499996.0,9.9,8.24,3.73,1496351671
Bitcoin 21,XBTC21,619,0.0145198,0.00000655,,11516.0,793108.0,7093108.0,,,-36.51,1496220571
Abncoin,ABN,620,0.164599,0.00006867,304.221,11143.0,67700.0,4734367.0,0.45,-10.62,-0.86,1496351684
Money,$$$,621,0.000242254,0.00000010,40.4748,11116.0,45887218.0,45887218.0,0.49,4.89,-17.15,1496351667
Comet,CMT,622,0.0124533,0.00000520,2.39065,10870.0,872830.0,872830.0,0.35,3.32,-0.1,1496351675
Iconic,ICON,623,0.0182906,0.00000750,,10844.0,592894.0,592894.0,,7.27,-13.19,1496321984
TajCoin,TAJ,624,0.00176807,0.00000074,40.8828,10193.0,5764809.0,5764809.0,2.69,3.08,25.49,1496351677
EGO,EGO,625,0.000167798,0.00000007,0.515355,10068.0,60000001.0,60000001.0,0.35,23.01,-2.55,1496351679
Zonecoin,ZNE,626,0.00366758,0.00000153,60.6535,9470.0,2581970.0,2581970.0,0.35,5.19,13.81,1496351677
Shilling,SH,627,0.00293796,0.00000123,26.6385,9450.0,3216450.0,3216450.0,50.63,45.45,154.13,1496351679
G3N,G3N,628,0.0012465,0.00000052,2.09764,9426.0,7561891.0,7561891.0,0.35,3.45,-6.83,1496351663
Xonecoin,XOC,629,0.0220774,0.00000921,0.50337,9273.0,420000.0,420000.0,0.35,27.78,-0.28,1496351678
High Voltage,HVCO,630,0.00611441,0.00000256,,9136.0,1494171.0,1694171.0,,5.06,,1496333672
1CRedit,1CR,631,0.101781,0.00004246,2.39711,8978.0,88213.0,88213.0,0.45,5.49,-7.91,1496351670
Cashcoin,CASH,632,0.000244984,0.00000011,,8778.0,35831128.0,35831128.0,,,,1496155747
iBank,IBANK,633,0.00189372,0.00000079,0.694204,8572.0,4526324.0,4526324.0,0.35,20.93,2.64,1496351685
DPAY,DPAY,634,0.0000958845,0.00000004,5.96186,7627.0,79541001.0,79541001.0,0.35,5.53,-2.97,1496351681
Hirocoin,HIRO,635,0.0000239711,0.00000001,2.39711,7465.0,311430973.0,311430973.0,0.35,5.44,-50.31,1496351650
ImpulseCoin,IMPS,636,0.000359567,0.00000015,39.3719,7280.0,20245510.0,20245510.0,0.35,5.57,32.88,1496351681
Future Digital Currency,FDC,637,0.00275668,0.00000115,11.9856,7093.0,2572901.0,1002572901.0,0.45,7.31,-7.38,1496351683
JIO Token,JIO,638,0.00364361,0.00000152,434.02,6952.0,1908128.0,8888888.0,0.35,13.66,45.09,1496351683
PosEx,PEX,639,0.00278065,0.00000116,5.27885,6822.0,2453240.0,2453240.0,0.35,5.0,-10.29,1496351671
Dix Asset,DIX,640,0.0000000663,0.00000000003,30.4989,6630.0,100000000000,100000000000,3.6,11.38,-37.36,1496351684
SydPak,SDP,641,0.0401996,0.00001677,213.547,6373.0,158531.0,158531.0,0.35,28.43,18.42,1496351666
Argus,ARGUS,642,0.00549098,0.00000229,167.999,6305.0,1148324.0,5194373.0,0.33,-67.19,-7.25,1496351687
Printerium,PRX,643,0.00064722,0.00000027,21.2074,5873.0,9074428.0,9074428.0,-4.93,-34.33,-27.96,1496351685
Elysium,ELS,644,0.00138986,0.00000058,9.60936,5566.0,4005012.0,4005012.0,53.11,22.27,-15.86,1496351686
Coinonat,CXT,645,0.00262573,0.00000110,232.209,5540.0,2109802.0,8109802.0,-1.56,-23.44,-21.6,1496351690
Antilitecoin,ALTC,646,0.000167798,0.00000007,31.067,5288.0,31512613.0,31512613.0,0.35,23.01,-14.73,1496351670
Qibuck Asset,QBK,647,0.00358807,0.00000150,35.8807,5225.0,1456187.0,2000000.0,1.78,24.03,-33.98,1496351693
GanjaCoin,420G,648,0.00719134,0.00000300,79.1047,4839.0,672948.0,1741089.0,0.35,-76.52,-78.92,1496351659
VapersCoin,VPRC,649,0.0000059760,0.000000002,6.02975,4662.0,780124964.0,1635124964.0,0.53,8.22,-65.29,1496351676
Concoin,CONX,650,0.00639182,0.00000267,130.813,4397.0,687849.0,1538849.0,-15.13,-2.27,1.11,1496351690
Save and Gain,SANDG,651,0.00141989,0.00000064,,4352.0,3064800.0,3064800.0,,,13.18,1496226272
BioBar,BIOB,652,0.00479422,0.00000200,52.67,4247.0,885756.0,985756.0,-0.15,-5.22,40.3,1496351688
GeertCoin,GEERT,653,0.000818277,0.00000034,117.999,4160.0,5084039.0,5084039.0,0.34,-0.92,-14.66,1496351687
NodeCoin,NODC,654,0.00221639,0.00000097,,3720.0,1678439.0,5878439.0,,0.5,25.53,1496270080
Revenu,REV,655,0.00272794,0.00000116,,3261.0,1195525.0,1195525.0,,2.01,-71.12,1496336068
Pulse,PULSE,656,0.000206545,0.00000009,47.5239,2953.0,14298972.0,14298972.0,-4.53,-41.47,-78.11,1496351670
Selfiecoin,SLFI,657,0.0000239711,0.00000001,12.465,2585.0,107829281.0,107829281.0,0.35,5.44,-2.55,1496351662
P7Coin,P7C,658,0.0000719134,0.00000003,0.536929,2533.0,35220238.0,35220238.0,0.35,,,1496351662
Californium,CF,659,0.0203755,0.00000850,150.925,2264.0,111110.0,111110.0,3.32,10.65,3.46,1496351662
Enigma,XNG,660,0.13141,0.00005482,180.581,2185.0,16627.0,66627.0,0.35,74.89,,1496351672
Doubloon,BOAT,661,0.000525658,0.00000022,289.729,1865.0,3547845.0,18547845.0,0.12,-7.94,-38.47,1496351685
Dollar Online,DOLLAR,662,0.0135916,0.00000567,101.165,1201.0,88379.0,10088379.0,-16.21,-9.34,22.78,1496351683
Powercoin,PWR,663,0.0000239711,0.00000001,132.624,1198.0,49983870.0,49983870.0,0.35,5.44,-2.55,1496351674
23 Skidoo,CHAO,664,3619.69,1.51002,192.246,914.0,0.0,0.0,0.35,6.14,-63.67,1496351664
Impeachcoin,IMPCH,665,0.00294845,0.00000123,22.7794,909.0,308179.0,2501512.0,-2.71,8.08,-58.81,1496351685
Digital Credits,DGCS,666,0.000119856,0.00000005,29.038,698.0,5826388.0,201284316.0,0.35,-24.69,-32.42,1496351667
Zcashshare,ZHS,667,0.00021574,0.00000009,2.14978,610.0,2826000.0,2826000.0,0.35,11.39,,1496351682
SwapToken,TOKEN,668,0.0000139247,0.000000006,82.7324,489.0,35110531.0,35110531.0,-0.87,-23.95,990.03,1496351676
CRTCoin,CRT,669,0.00479422,0.00000200,0.0000000240,380.0,79270.0,10079270.0,0.35,5.45,-2.55,1496351652
PizzaCoin,PIZZA,670,0.000167798,0.00000007,24.1515,231.0,1377917.0,10127917.0,0.35,5.44,-2.55,1496351677
Xenixcoin,XEN,671,0.0155812,0.00000650,79.1047,157.0,10100.0,10010100.0,0.35,-42.89,10.66,1496351682
CaliphCoin,CALC,672,0.000850943,0.00000035,52.8783,74.0,87140.0,148587140.0,-0.69,-30.21,-32.92,1496351679
MikeTheMug,MUG,673,0.0000051456,0.000000002,,5.0,999279.0,1000000.0,,,,1496047185
BTCGold,XBG,674,0.119999,0.00005006,314.107,,,99000001.0,0.35,-39.42,-52.64,1496351692
Project-X,NANOX,675,299639.0,125.0,2875.71,,,1.0,0.35,-57.48,,1496351694
Internet of Things,XOT,676,1230.56,0.513352,1453.84,,,21000000.0,0.07,26.36,43.38,1496351690
AMIS,AMIS,677,271.707,0.113348,0.433,,,,0.7,41.22,-42.05,1496351691
Bitcoin Unlimited (Futures),BTU,678,133.438,0.0556661,453.262,,,,-0.0,41.52,-28.51,1496351688
Malcoin,MALC,679,24.2436,0.0101137,43389.4,,,1000000000.0,0.45,-18.18,-24.29,1496351691
GoldUnionCoin,GUC,680,19.4166,0.0081,21567.6,,,210000000.0,-2.45,-5.16,-12.3,1496351691
ZenCash,ZEN,681,10.787,0.00450001,2253.48,,,,-25.04,,,1496351693
Qtum (Pre-Launch),QTUM,682,7.59019,0.00316639,26438400.0,,,100000000.0,2.83,60.81,52.65,1496351693
Fargocoin,FRGC,683,7.15187,0.00298354,477819.0,,,443710647.0,0.11,0.26,2.26,1496351683
EcoCoin,ECO,684,4.06415,0.00169544,98839.5,,,1093895.0,5.48,26.0,-15.73,1496351693
Internet of People,IOP,685,3.50401,0.00146176,3453.08,,,2139399.0,0.34,-3.18,19.95,1496351682
DECENT (Pre-Launch),DCT,686,2.83917,0.00118441,4359.92,,,73290000.0,0.34,20.05,-33.91,1496351682
Bitcore,BTX,687,1.10224,0.00045982,24549.8,,,16359391.0,-0.14,6.78,-11.21,1496351691
PRIZM,PZM,688,1.04093,0.00043424,27117.3,,,,0.34,1.77,-0.95,1496351693
OBITS.WARRANT,WARRANT,689,1.00256,0.00045776,,,,,,,,1496189094
DynamicCoin,DMC,690,0.998633,0.0004166,376696.0,,,10541442931.0,0.0,0.09,-0.06,1496351681
Bitgem,BTG,691,0.791646,0.00033025,22.2557,,,,0.35,-0.52,-18.17,1496351643
Databits,DTB,692,0.790639,0.00032983,132461.0,,,,1.0,0.15,1.82,1496351689
Aeternity (Pre-Launch),AE,693,0.695163,0.00029,1515.95,,,,0.52,,,1496351694
GAY Money,GAY,694,0.611539,0.00025511,138.438,,,5603029840.0,0.3,10.66,28.87,1496351679
TechShares,THS,695,0.590518,0.00024635,53.7173,,,646359158.0,0.43,-0.56,-14.27,1496351678
XDE II,XDE2,696,0.570522,0.000238,12.1789,,,42249.0,0.24,2.74,10.45,1496351689
TeslaCoilCoin,TESLA,697,0.551072,0.00022989,153.777,,,100000000.0,0.35,5.44,29.05,1496351673
LEOcoin,LEO,698,0.451188,0.00018822,187367.0,,,92888519.0,-0.02,3.62,11.41,1496351664
WA Space,WA,699,0.395667,0.00016506,36648.8,,,,0.35,17.68,41.38,1496351681
ZenGold,ZENGOLD,700,0.282076,0.00011767,6037.66,,,,-0.3,6.71,,1496351693
ClubCoin,CLUB,701,0.278413,0.00011614,51446.4,,,90899180.0,3.33,2.02,-15.96,1496351669
Yogold,YOG,702,0.263539,0.00010994,66.6302,,,100000000.0,0.35,5.44,-43.18,1496351688
TROPTIONS,TROPTIONS,703,0.248173,0.00010598,,,,1000000001.0,,51.26,44.69,1496287780
Zilbercoin,ZBC,704,0.242515,0.00010117,769201.0,,,9008755.0,1.91,21.45,-28.49,1496351685
Pabyosi Coin (Special),PCS,705,0.159434,0.00006651,5563.49,,,30993751760.0,0.35,-19.31,28.82,1496351683
InvisibleCoin,IVZ,706,0.146488,0.00006111,0.709282,,,,0.35,-65.36,,1496351666
Golos Gold,GBG,707,0.144186,0.00006015,7424.91,,,,-2.62,10.53,-17.55,1496351686
AlpaCoin,APC,708,0.1427,0.00005953,359.409,,,,0.45,4.84,19.9,1496351668
EquiTrader,EQT,709,0.127047,0.00005300,86250.5,,,7658080.0,0.35,9.57,3.29,1496351693
Quartz,QRZ,710,0.11988,0.00005001,2706.22,,,21000000.0,0.35,-86.54,,1496351694
Wowecoin,WEC,711,0.104,0.00004339,12085.9,,,8901692.0,,-0.0,-0.0,1496351677
Topaz Coin,TOPAZ,712,0.0953144,0.00003976,96.8122,,,37872.0,0.59,-24.24,-44.46,1496351692
LandCoin,LDCN,713,0.0904218,0.00003772,24169.7,,,19003881978.0,0.34,60.86,83.02,1496351685
DeusCoin,DEUS,714,0.0856968,0.00003575,4823.29,,,,0.23,2.15,-30.32,1496351691
InsaneCoin,INSN,715,0.0799314,0.00003334,2081.73,,,18528235.0,2.83,25.01,11.44,1496351693
Omicron,OMC,716,0.0719134,0.00003000,0.393102,,,10134085.0,0.35,,69.69,1496351679
Tattoocoin (Limited Edition),TLE,717,0.0618237,0.00002579,2.63682,,,975530.0,0.35,-49.63,-33.19,1496351691
WavesGo,WGO,718,0.0608983,0.00002540,77.3805,,,10000000.0,0.5,-18.68,-24.46,1496351691
Elacoin,ELC,719,0.0420728,0.00001727,,,,,,7.16,34.37,1496326751
Fazzcoin,FAZZ,720,0.0394442,0.00001645,125.08,,,1022574794.0,0.24,-26.19,-56.72,1496351690
International Diamond,XID,721,0.0380661,0.00001588,2402.5,,,,0.35,,,1496351676
RHFCoin,RHFC,722,0.029916,0.00001248,16895.4,,,200156890.0,0.35,-1.9,2.8,1496351691
DeltaCredits,DCRE,723,0.0291729,0.00001217,2.04296,,,,0.35,-0.91,,1496351665
CryptoBuck,BUK,724,0.0285767,0.00001192,0.406304,,,,-7.63,31.04,38.1,1496351658
President Johnson,GARY,725,0.0283807,0.00001184,201.115,,,57968072167.0,0.34,4.73,10.51,1496351678
EDRCoin,EDRC,726,0.0253738,0.00001059,12222.0,,,3407292.0,9.34,-17.2,0.0,1496351671
IvugeoCoin,IEC,727,0.0237338,0.00000990,,,,,0.36,5.46,-4.83,1496351061
ShellPay,SHELL,728,0.0210119,0.00000877,12162.8,,,,0.88,-1.15,-19.25,1496351664
Avoncoin,ACN,729,0.0186975,0.00000780,1763.67,,,,1.48,-5.41,-2.49,1496351686
Lepaoquan,HLB,730,0.0184552,0.00000770,508431.0,,,935498428.0,-0.14,3.0,-41.01,1496351684
Gycoin,GYC,731,0.0153855,0.00000642,27735.2,,,22213403.0,-0.0,-12.72,-16.62,1496351676
KolschCoin,TP1,732,0.0148621,0.00000620,0.254549,,,,0.35,35.36,35.16,1496351664
Digitalfund,DTF,733,0.0143998,0.00000601,11944.6,,,54000053.0,-2.0,16.93,-27.3,1496351677
PiCoin,PI,734,0.0143827,0.00000600,33.5596,,,1378369.0,0.45,213.19,94.78,1496351692
Mind Gene,MG,735,0.0131841,0.00000550,13017.3,,,,0.35,1.74,7.16,1496351679
Sharkcoin,SAK,736,0.00982004,0.00000410,1821.62,,,,-1.79,8.6,7.9,1496351663
Dashs,DASHS,737,0.00944462,0.00000394,43.4945,,,,0.35,47.2,162.93,1496351691
Tyrocoin,TYC,738,0.00750296,0.00000313,52.7365,,,50131000.0,0.35,,,1496351691
First Bitcoin,BIT,739,0.00744356,0.00000311,659.3,,,20706892907.0,-1.55,58.67,7.56,1496351676
Helleniccoin,HNC,740,0.00656809,0.00000274,10628.7,,,,5.34,-18.94,63.81,1496351664
9COIN,9COIN,741,0.00654412,0.00000273,569.762,,,350050250.0,0.45,13.33,26.68,1496351692
GBCGoldCoin,GBC,742,0.0065341,0.00000273,273.24,,,,0.0,-0.36,-18.77,1496351667
Opal,OPAL,743,0.0065202,0.00000272,2630.68,,,,-0.75,8.82,4.83,1496351656
Slimcoin,SLM,744,0.0064722,0.00000270,11.9856,,,13925626.0,0.35,,38.48,1496351661
Psilocybin,PSY,745,0.00635235,0.00000265,0.317593,,,,0.35,5.61,5.33,1496351670
Goldpay Coin,GP,746,0.00620072,0.00000259,16419.4,,,,0.02,-3.21,-32.07,1496351692
Xaucoin,XAU,747,0.00577704,0.00000241,4.58225,,,,0.35,5.88,11.83,1496351661
EggCoin,EGG,748,0.00562322,0.00000237,,,,,,4.37,,1496295864
Axiom,AXIOM,749,0.00479422,0.00000200,23.4137,,,,0.35,5.97,-3.16,1496351665
GoldReserve,XGR,750,0.00441069,0.00000184,1797.7,,,17161209.0,0.21,4.98,-1.05,1496351654
netBit,NBIT,751,0.00421892,0.00000176,0.342308,,,,0.22,7.21,24.28,1496351682
BagCoin,BGC,752,0.00407895,0.00000170,68822.6,,,497214120.0,-1.71,-11.49,-16.07,1496351675
Bitcoin Scrypt,BTCS,753,0.00378744,0.00000158,3.33133,,,,0.35,8.14,-10.48,1496351649
AvatarCoin,AV,754,0.00352518,0.00000159,,,,,,,12.43,1496159368
ZSEcoin,ZSE,755,0.0034297,0.00000143,150.536,,,6378530.0,0.47,-12.96,-58.13,1496351688
President Trump,PRES,756,0.00288615,0.00000120,40.3232,,,57968072167.0,0.35,6.01,-27.05,1496351677
Quotient,XQN,757,0.00263682,0.00000110,59.8828,,,,-8.02,,-24.87,1496351660
Clinton,CLINT,758,0.00258888,0.00000108,4.20693,,,,0.35,5.6,11.96,1496351672
BitcoinFast,BCF,759,0.00251279,0.00000105,327.341,,,,0.58,-25.9,-26.82,1496351660
RoyalCoin 2,RYCN,760,0.00245848,0.00000103,,,,2500124.0,,4.99,0.95,1496333388
Neptune Classic,NTCC,761,0.00244505,0.00000102,1197.58,,,,0.35,3.95,96.97,1496351686
GameLeagueCoin,GML,762,0.00237139,0.00000103,,,,,,,9.55,1496142551
OCOW,OCOW,763,0.00227517,0.00000099,,,,,,,21.66,1496142268
TrickyCoin,TRICK,764,0.00218137,0.00000091,13.7438,,,,0.35,1.01,-25.48,1496351662
VGINA,VGINA,765,0.0021059,0.00000095,,,,11603228.0,,,,1496238289
RichCoin,RICHX,766,0.00210122,0.00000093,,,,5925522.0,,,,1496167172
Mavro,MAVRO,767,0.00168043,0.00000070,,,,15005722.0,0.49,5.59,1.96,1496349588
Motocoin,MOTO,768,0.00151845,0.00000063,1.33076,,,,98.64,110.0,200.27,1496351653
Condensate,RAIN,769,0.00150648,0.00000063,832.17,,,42978104.0,0.35,0.94,-32.58,1496351692
Advanced Internet Blocks,AIB,770,0.00147476,0.00000062,43.1339,,,31411916182.0,-15.38,8.57,91.42,1496351663
UR,UR,771,0.00131832,0.00000055,166.002,,,,0.45,5.49,-0.51,1496351686
MMXVI,MMXVI,772,0.0012465,0.00000052,98.6508,,,,-3.81,-7.24,-67.14,1496351669
RoyalCoin,ROYAL,773,0.00119628,0.00000050,108.629,,,2500124.0,0.35,31.55,18.32,1496351680
Alphabet Coin Fund,FUN,774,0.00115061,0.00000048,105.758,,,20742012.0,0.53,5.44,,1496351672
TodayCoin,TODAY,775,0.00110267,0.00000046,66.015,,,,0.35,-21.77,-13.99,1496351677
Digital Bullion Gold,DBG,776,0.0010787,0.00000045,1.86011,,,24523275.0,0.45,31.78,-26.91,1496351674
True Investment Coin,TIC,777,0.00103076,0.00000043,18.7426,,,,0.35,5.44,15.96,1496351687
Skeincoin,SKC,778,0.00103076,0.00000043,0.0518256,,,,0.35,,,1496351650
RubleBit,RUBIT,779,0.000982816,0.00000041,18.8262,,,,0.35,60.12,37.77,1496351668
The Aladin,ADT,780,0.000892522,0.00000032,,,,,,,,1495722585
BestChain,BEST,781,0.000882002,0.00000037,78.9422,,,20042911.0,0.33,-32.55,0.96,1496351689
SportsCoin,SPORT,782,0.00086296,0.00000036,0.239711,,,19800001.0,0.35,5.6,20.97,1496351678
IrishCoin,IRL,783,0.00086296,0.00000036,577.218,,,,7.84,,,1496351664
Braincoin,BRAIN,784,0.000838989,0.00000035,9.01504,,,,0.45,5.57,19.05,1496351672
Dubstep,DUB,785,0.000815018,0.00000034,7.52509,,,,0.35,,,1496351664
Bitcedi,BXC,786,0.000791047,0.00000033,17.5195,,,,-17.13,-24.36,,1496351673
WeAreSatoshi,WSX,787,0.000767076,0.00000032,150.444,,,,0.35,5.15,-10.9,1496351657
FrankyWillCoin,FRWC,788,0.000743105,0.00000031,0.50337,,,,0.35,5.47,7.89,1496351677
Lazaruscoin,LAZ,789,0.000743105,0.00000031,14.6454,,,,0.35,12.88,,1496351680
KashhCoin,KASHH,790,0.00070846,0.00000030,11015.9,,,,0.33,41.89,104.09,1496351686
Opescoin,OPES,791,0.000671191,0.00000028,0.532135,,,,0.45,5.44,-0.12,1496351668
CBD Crystals,CBD,792,0.000602981,0.00000025,70.4551,,,,0.35,-56.01,30.73,1496351682
Quebecoin,QBC,793,0.000599278,0.00000025,18.5164,,,,0.35,1.39,-29.06,1496351652
Donationcoin,DON,794,0.000575307,0.00000024,12840.4,,,,0.35,,,1496351653
Cubits,QBT,795,0.000503379,0.00000021,15.1035,,,,0.35,,-27.71,1496351681
Vsync,XVS,796,0.000487645,0.00000020,265.766,,,103334172.0,-0.08,3.02,-36.28,1496351690
T-coin,TCOIN,797,0.000455451,0.00000019,5905.68,,,,0.35,11.3,4.51,1496351683
MarxCoin,MARX,798,0.000434534,0.00000018,342.752,,,29128280.0,-3.39,26.98,-13.7,1496351687
BitAlphaCoin,BAC,799,0.000431851,0.00000018,30.769,,,,-3.55,-35.88,-40.52,1496351669
DarkLisk,DISK,800,0.000383538,0.00000016,3.28404,,,17888425.0,0.35,20.5,11.37,1496351673
BlazerCoin,BLAZR,801,0.000359567,0.00000015,7.59443,,,,0.35,43.78,23.37,1496351690
UGAIN,GAIN,802,0.000359567,0.00000015,0.551312,,,,0.35,31.8,,1496351676
PrismChain,PRM,803,0.000335596,0.00000014,305.868,,,,17.07,32.65,-81.31,1496351673
GoldMaxCoin,GMX,804,0.000332413,0.00000014,,,,84078950.0,,-8.58,-33.15,1496346877
Gambleo,GMB,805,0.000327765,0.00000014,,,,,,2.98,,1496283589
Sakuracoin,SKR,806,0.00031158,0.00000013,125.91,,,,-3.37,5.92,2.68,1496351680
Cycling Coin,CYC,807,0.000287653,0.00000012,0.263658,,,,0.35,15.02,3.93,1496351664
Operand,OP,808,0.000287653,0.00000012,11.5592,,,36309296.0,0.41,-15.52,,1496351671
Grumfork,GMF,809,0.000239711,0.00000010,2.39711,,,,0.35,5.44,-30.39,1496351692
President Sanders,BURN,810,0.000239711,0.00000010,133.973,,,57968072167.0,0.35,31.8,-42.68,1496351684
The Vegan Initiative,XVE,811,0.00021574,0.00000009,901.012,,,,0.35,5.33,25.29,1496351690
Happy Creator Coin,HCC,812,0.000193573,0.00000008,258.655,,,,0.35,-5.95,-49.96,1496351675
TeraCoin,TERA,813,0.000191769,0.00000008,3469.56,,,,0.35,-6.28,11.37,1496351687
Moneta,MONETA,814,0.000191769,0.00000008,2.18161,,,,0.35,20.5,-15.54,1496351667
AsicCoin,ASC,815,0.000190727,0.00000008,,,,,,8.69,-3.55,1496332743
MobileCash,MBL,816,0.000167798,0.00000007,2.13901,,,1068669648.0,0.35,5.44,-2.55,1496351680
LAthaan,LTH,817,0.000167798,0.00000007,137.96,,,,0.35,-17.86,,1496351680
TheCreed,TCR,818,0.000119856,0.00000005,16.0574,,,,0.35,31.8,62.41,1496351672
TeamUp,TEAM,819,0.0000958845,0.00000004,3.9042,,,301004896.0,0.35,,94.9,1496351680
Wowcoin,WOW,820,0.0000958845,0.00000004,147.47,,,,0.45,5.44,94.9,1496351681
LinkedCoin,LKC,821,0.0000958845,0.00000004,31.8909,,,,0.35,5.45,-2.55,1496351677
LePen,LEPEN,822,0.0000691169,0.00000003,141.896,,,,0.35,93.16,110.42,1496351685
Halloween Coin,HALLO,823,0.0000687670,0.00000003,121.307,,,264606097.0,-0.86,-34.97,-31.87,1496351693
PokeCoin,POKE,824,0.0000479422,0.00000002,132.965,,,,-10.77,,-2.55,1496351676
PinkDog,PDG,825,0.0000479422,0.00000002,21.8046,,,,0.35,-47.28,94.9,1496351686
UNCoin,UNC,826,0.0000479422,0.00000002,626.651,,,,0.35,5.44,46.1,1496351661
CyberCoin,CC,827,0.0000479422,0.00000002,14.3826,,,549267534.0,0.35,74.32,-2.55,1496351662
Global Business Revolution,GBRC,828,0.0000479422,0.00000002,14.5265,,,900096049.0,0.35,5.44,-2.55,1496351681
FireFlyCoin,FFC,829,0.0000479422,0.00000002,65.523,,,,0.35,15.05,-2.55,1496351659
Rcoin,RCN,830,0.0000479422,0.00000002,200.224,,,,100.69,28.63,94.9,1496351680
PayPeer,PAYP,831,0.0000479422,0.00000002,16.7238,,,,0.35,-28.76,,1496351671
ChoofCoin,CHOOF,832,0.0000479422,0.00000002,155.104,,,,0.45,102.79,70.72,1496351681
MoneyCoin,MONEY,833,0.0000479422,0.00000002,35.6206,,,,0.35,-13.55,-23.03,1496351684
Cashme,CME,834,0.0000479422,0.00000002,9.82816,,,,0.35,110.88,,1496351668
Tellurion,TELL,835,0.0000479422,0.00000002,0.719134,,,,0.35,5.44,96.17,1496351679
InflationCoin,IFLT,836,0.0000434182,0.00000002,2315.38,,,3234862851.0,-1.04,-3.37,3.64,1496351684
VegasCoin,VGC,837,0.0000272326,0.00000001,0.0280496,,,,0.14,-60.14,,1496351652
FedoraShare,FEDS,838,0.0000243914,0.00000001,11225.9,,,499001345214,0.0,3.77,36.69,1496351678
SuperTurboStake,STRB,839,0.0000239711,0.00000001,12.465,,,,0.35,5.58,-2.55,1496351670
Aces,ACES,840,0.0000239711,0.00000001,266.736,,,,0.35,4.54,-15.2,1496351677
Safe Trade Coin,XSTC,841,0.0000239711,0.00000001,8.52044,,,604880000.0,0.35,5.44,-2.55,1496351684
X2,X2,842,0.0000239711,0.00000001,4.20492,,,,0.35,,-2.55,1496351668
SoulCoin,SOUL,843,0.0000239711,0.00000001,25.1457,,,,0.35,5.44,-2.55,1496351674
Yescoin,YES,844,0.0000238574,0.000000010,373.165,,,,0.44,4.95,-2.82,1496351684
Victoriouscoin,VTY,845,0.0000236838,0.000000010,133.829,,,10263290326.0,0.44,2.18,0.72,1496351680
President Clinton,HILL,846,0.0000236509,0.00000001,,,,57968072167.0,,4.03,-51.93,1496341776
Virtacoin,VTA,847,0.0000202774,0.000000008,554.685,,,12423206610.0,0.5,23.18,23.99,1496351655
XP,XP,848,0.0000013964,0.0000000006,234.151,,,133635560466,-4.99,148.28,455.49,1496351678
BatCoin,BAT,849,0.0000008576,0.0000000004,1215.83,,,,15.16,,,1496351648
RabbitCoin,RBBT,850,0.0000005173,0.0000000002,65.5658,,,,0.8,20.29,-36.63,1496351656
BitCentavo,NBE,851,0.0000004847,0.0000000002,2.69163,,,,13.58,,-57.82,1496351657
Dimecoin,DIME,852,0.0000003818,0.0000000002,525.24,,,527095726800,-6.89,-3.64,-95.02,1496351646
StrongHands,SHND,853,0.0000000926,0.00000000004,127.243,,,,0.1,-65.61,,1496351667
Paccoin,PAC,854,0.0000000750,0.00000000003,302.95,,,,6.15,10.68,30.55,1496351667
Bond,BOND,855,,,,,1349.0,1349.0,,,,
bitRUBLE,BITRUBLE,856,,,,,,,,,,
