Name,Symbol,Rank,Price(BTC),Price(USD),24HVolume,MarketCap,%Change_1h,%Change_24h,%Change_7d,LastUpdated
Bitcoin,BTC,1,2390.19,1.0,1625780000.0,39117758713.0,16365962.0,16365962.0,-0.45,4.9,-2.15,1496355256
Ethereum,ETH,2,222.295,0.0929638,816900000.0,20479298496.0,92126672.0,92126672.0,0.7,-3.64,21.47,1496355264
Ripple,XRP,3,0.31827,0.0001331,539279000.0,12292126528.0,38621693933.0,99994661895.0,1.42,32.76,21.19,1496355242
NEM,XEM,4,0.220452,0.00009219,16983500.0,1984068000.0,8999999999.0,8999999999.0,-0.42,9.74,-0.99,1496355259
Ethereum Classic,ETC,5,17.0583,0.0071338,129500000.0,1572680552.0,92194448.0,92194448.0,1.45,-3.68,-5.2,1496355274
Litecoin,LTC,6,27.9514,0.0116893,403011000.0,1435841263.0,51369207.0,51369207.0,-1.33,10.48,-10.97,1496355241
Dash,DASH,7,137.096,0.0573336,49421000.0,1005157614.0,7331779.0,7331779.0,-1.49,0.12,7.25,1496355246
Monero,XMR,8,43.8859,0.0183531,12723000.0,638916980.0,14558594.0,14558594.0,-1.32,4.72,1.49,1496355250
Stratis,STRAT,9,5.74318,0.0024018,18348500.0,565173579.0,98407777.0,98407777.0,2.5,7.05,98.05,1496355274
Bytecoin,BCN,10,0.00259668,0.00000109,6001400.0,475106489.0,182966899700,182966899700,-0.48,20.77,1.53,1496355252
Stellar Lumens,XLM,11,0.0410253,0.00001716,44855800.0,396500699.0,9664784867.0,102940435314,0.78,19.67,-5.2,1496355253
Golem,GNT,12,0.46268,0.00019349,11952100.0,381651777.0,824872000.0,1000000000.0,-0.46,6.54,9.85,1496355279
Zcash,ZEC,13,248.469,0.10391,23830200.0,355607280.0,1431194.0,1431194.0,0.02,4.31,7.22,1496355278
Waves,WAVES,14,3.34794,0.00140011,3696490.0,334794000.0,100000000.0,100000000.0,0.21,16.28,33.58,1496355271
Dogecoin,DOGE,15,0.00282722,0.00000118,23789000.0,309918495.0,109619518442,109619518442,0.01,6.93,-10.9,1496355245
Gnosis,GNO,16,247.184,0.103517,3003200.0,273036975.0,1104590.0,10000000.0,0.81,-2.43,2.36,1496354990
Augur,REP,17,23.8498,0.00997401,4566650.0,262347800.0,11000000.0,11000000.0,1.21,7.1,-9.69,1496355265
Steem,STEEM,18,0.997743,0.00041726,2713510.0,233797035.0,234325909.0,251300003.0,-0.72,5.15,-13.17,1496355269
Siacoin,SC,19,0.0081621,0.00000341,19093200.0,216247165.0,26494059695.0,26494059695.0,-1.37,8.88,-14.01,1496355267
BitShares,BTS,20,0.0772137,0.00003229,14869200.0,200923946.0,2602180000.0,2602180000.0,6.04,21.21,-6.32,1496355253
MaidSafeCoin,MAID,21,0.399987,0.00016727,1704020.0,181015082.0,452552412.0,452552412.0,-0.01,0.67,-4.75,1496355249
DigiByte,DGB,22,0.0216734,0.00000906,28471600.0,175706945.0,8107031908.0,8107031908.0,0.31,21.52,35.65,1496355246
Basic Attention Token,BAT,23,0.167841,0.00007029,4667530.0,167841000.0,1000000000.0,1500000000.0,6.48,,,1496354992
GameCredits,GAME,24,2.64071,0.00110435,1908820.0,166425192.0,63022896.0,63022896.0,-0.18,6.15,-7.69,1496355254
DigixDAO,DGD,25,80.3138,0.0335873,896996.0,160627600.0,2000000.0,2000000.0,-0.11,1.96,-8.73,1496355269
BitConnect,BCC,26,22.5373,0.0094251,2461190.0,145067317.0,6436766.0,6436766.0,-0.28,20.33,38.79,1496355281
Lisk,LSK,27,1.31231,0.00054881,2262360.0,141404775.0,107752570.0,107752570.0,1.75,12.78,3.46,1496355269
Decred,DCR,28,24.6907,0.0103256,2799070.0,123911688.0,5018557.0,5438557.0,-0.54,14.02,5.49,1496355267
Ardor,ARDR,29,0.119924,0.00005015,1990990.0,119804015.0,998999495.0,998999495.0,0.24,20.1,-11.56,1496355273
Factom,FCT,30,13.0232,0.00544632,1353110.0,113994922.0,8753219.0,8753219.0,1.57,7.41,-3.22,1496355264
SingularDTV,SNGLS,31,0.187485,0.00007841,326487.0,112491000.0,600000000.0,1000000000.0,-0.44,1.92,12.82,1496355276
Tether,USDT,32,1.03136,0.00043132,98662600.0,108286292.0,104993690.0,124951468.0,0.05,-0.27,-1.23,1496355258
Iconomi,ICN,33,1.18094,0.00049387,799577.0,102741780.0,87000000.0,100000000.0,0.23,3.85,0.27,1496355276
Byteball,GBYTE,34,503.883,0.210724,714668.0,95376924.0,189284.0,1000000.0,0.87,26.01,59.69,1496355280
PIVX,PIVX,35,1.70211,0.00071182,1026800.0,91121257.0,53534294.0,53534294.0,0.78,11.27,46.76,1496355267
Round,ROUND,36,0.105832,0.00004426,367855.0,89957200.0,850000000.0,1000000000.0,0.39,9.08,-23.57,1496355278
Aragon,ANT,37,2.06419,0.00086445,650570.0,69367450.0,33605167.0,39609523.0,-1.38,0.17,-1.9,1496354992
FirstBlood,1ST,38,0.807896,0.00033786,3670110.0,69122265.0,85558371.0,93468691.0,2.36,8.34,-8.69,1496355276
AntShares,ANS,39,1.23606,0.00051692,7972020.0,61803000.0,50000000.0,100000000.0,2.18,19.65,3.26,1496355275
Nxt,NXT,40,0.0593528,0.00002482,2841060.0,59293446.0,998999983.0,998999983.0,-1.24,7.94,-15.68,1496355243
SysCoin,SYS,41,0.107878,0.00004511,1543850.0,56652859.0,525156738.0,525156738.0,0.49,6.49,-24.84,1496355254
Komodo,KMD,42,0.55539,0.00023226,234549.0,56064127.0,100945510.0,100945510.0,1.43,12.63,13.79,1496355282
iExec RLC,RLC,43,0.647257,0.00027106,419392.0,50531867.0,78070793.0,86999785.0,1.81,9.54,3.91,1496354989
Ubiq,UBQ,44,1.17404,0.00049098,1506530.0,43548099.0,37092517.0,37092517.0,-1.62,34.51,159.72,1496355254
Peercoin,PPC,45,1.60025,0.00066922,1384040.0,38599740.0,24121069.0,24121069.0,0.84,7.5,-10.53,1496355246
Lykke,LKK,46,0.258155,0.00010796,632259.0,35541723.0,137675904.0,1285690000.0,0.03,6.7,13.48,1496355278
ReddCoin,RDD,47,0.00121734,0.00000051,1255370.0,34724457.0,28524863024.0,28524863024.0,0.69,12.93,-28.47,1496355246
Wings,WINGS,48,0.385973,0.00016141,1273130.0,34624994.0,89708333.0,100000000.0,-8.21,30.51,37.73,1496355280
Emercoin,EMC,49,0.836949,0.00035001,724724.0,33609191.0,40156796.0,40156796.0,-0.01,1.56,-19.75,1496355253
Storjcoin X,SJCX,50,0.641582,0.00026831,565119.0,32831768.0,51173144.0,500000000.0,-0.45,13.67,4.94,1496355253
Melon,MLN,51,54.0224,0.0226239,475521.0,32381027.0,599400.0,749400.0,0.17,-4.78,-5.62,1496354984
BitcoinDark,BTCD,52,24.0441,0.0100553,59519.5,30989531.0,1288862.0,1288862.0,-1.54,6.68,6.91,1496355252
Omni,OMNI,53,54.801,0.0229178,12693800.0,30632599.0,558979.0,615295.0,0.03,-19.87,166.23,1496355245
Counterparty,XCP,54,10.9828,0.00459301,1949470.0,28761314.0,2618760.0,2618760.0,-0.54,-7.16,-10.32,1496355247
Ark,ARK,55,0.29619,0.00012404,398117.0,28226536.0,95298746.0,126548746.0,1.44,15.64,12.25,1496354986
Xaurum,XAUR,56,0.246468,0.00010307,165713.0,28024482.0,113704342.0,113704342.0,0.22,-4.97,23.8,1496355260
Nexus,NXS,57,0.518492,0.00021683,95936.5,25842916.0,49842459.0,49842459.0,1.0,18.88,4.39,1496355257
Namecoin,NMC,58,1.74273,0.00072881,1039100.0,25681566.0,14736400.0,14736400.0,0.22,9.75,-5.86,1496355240
Gulden,NLG,59,0.0721128,0.00003016,84737.9,24988386.0,346518045.0,448538200.0,2.69,10.69,-1.07,1496355249
Synereo,AMP,60,0.278712,0.00011656,649641.0,22925825.0,82256324.0,949291063.0,0.0,9.8,3.52,1496355265
WeTrust,TRST,61,0.234856,0.00009835,409709.0,21641393.0,92147500.0,100000000.0,1.63,-6.14,-9.53,1496354989
YbCoin,YBC,62,7.11025,0.00297351,2027100.0,21474816.0,3020262.0,3020262.0,-0.64,11.24,-11.48,1496355247
TokenCard,TKN,63,0.883351,0.00036994,312061.0,20886000.0,23644056.0,39406760.0,0.67,5.18,-11.68,1496354990
EarthCoin,EAC,64,0.00222736,0.00000093,5656510.0,20817950.0,9346468332.0,9346468332.0,-0.95,1.28,-18.63,1496355244
Burst,BURST,65,0.0115386,0.00000483,4896850.0,20536568.0,1779814562.0,1779814562.0,-3.56,32.07,7.33,1496355254
E-Dinar Coin,EDR,66,0.0300685,0.00001257,360763.0,19856551.0,660377156.0,785377156.0,8.5,16.51,14.26,1496355274
Blocknet,BLOCK,67,5.02169,0.00210007,106103.0,19637401.0,3910516.0,3910516.0,2.46,24.42,45.99,1496355256
Matchpool,GUP,68,0.258706,0.00010834,245274.0,19402950.0,75000000.0,98855150.0,0.86,12.06,-5.23,1496354988
Edgeless,EDG,69,0.241249,0.00010103,393365.0,19162996.0,79432438.0,132046997.0,0.12,7.67,-8.32,1496354987
PotCoin,POT,70,0.0856948,0.00003584,795217.0,18590428.0,216937643.0,216937643.0,0.2,17.13,-13.2,1496355246
Nexium,NXC,71,0.270259,0.00011302,9599880.0,17978057.0,66521586.0,66521586.0,3.93,-8.92,34.49,1496355280
NAV Coin,NAV,72,0.292595,0.00012236,646775.0,17944294.0,61328097.0,61328097.0,-0.98,6.19,-9.47,1496355251
BlackCoin,BLK,73,0.233603,0.00009769,947975.0,17793000.0,76167686.0,76167686.0,-0.25,5.15,0.64,1496355247
BitBay,BAY,74,0.0175609,0.00000734,63375.8,17692998.0,1007522260.0,1007522260.0,-0.73,4.51,-8.19,1496355257
Expanse,EXP,75,2.37993,0.00099529,807205.0,17223972.0,7237176.0,16237176.0,-0.52,1.47,3.08,1496355264
ZCoin,XZC,76,7.51207,0.00314155,1678520.0,16752890.0,2230130.0,2230130.0,-0.26,-3.38,14.43,1496355277
BCAP,BCAP,77,1.66467,0.00069714,125360.0,16646700.0,10000000.0,10000000.0,2.21,6.18,-10.48,1496354991
Infinitecoin,IFC,78,0.000182536,0.00000008,4074380.0,16537082.0,90596274910.0,90596274910.0,0.24,6.05,-15.03,1496355241
Unity Ingot,UNY,79,0.0796863,0.00003337,319455.0,16096633.0,202000000.0,10000000000.0,-1.34,3.04,50.51,1496354990
Pepe Cash,PEPECASH,80,0.0223852,0.00000936,18573.8,15711814.0,701884009.0,701884009.0,-0.43,1.08,-10.86,1496355276
Verge,XVG,81,0.00117152,0.00000049,965516.0,15709465.0,13409472280.0,13409472280.0,1.22,40.75,-6.76,1496355256
Agoras Tokens,AGRS,82,0.367001,0.00015348,26342.9,15414042.0,42000000.0,42000000.0,-2.82,-5.13,0.19,1496355263
OBITS,OBITS,83,1.028,0.00042991,218646.0,15163372.0,14750362.0,16801100.0,-0.92,31.89,17.25,1496355265
Swarm City,SWT,84,2.25718,0.00094528,55911.2,14986220.0,6639355.0,6639355.0,-4.44,11.55,1.66,1496354985
Humaniq,HMQ,85,0.11743,0.00004918,611138.0,14509846.0,123561662.0,184190414.0,-2.6,-2.83,-41.03,1496354991
LBRY Credits,LBC,86,0.207471,0.00008676,531331.0,14216852.0,68524524.0,466424524.0,-0.48,1.64,-6.62,1496355272
GridCoin,GRC,87,0.0361595,0.00001512,173240.0,14113514.0,390312753.0,390312753.0,0.37,2.15,4.55,1496355258
MonaCoin,MONA,88,0.278429,0.00011644,27291.9,14064702.0,50514500.0,50514500.0,0.56,7.63,-5.8,1496355248
Chronobank,TIME,89,19.7059,0.00825257,469450.0,13993412.0,710113.0,710113.0,1.93,10.21,13.26,1496354985
Radium,RADS,90,4.2723,0.00178668,1028040.0,13868004.0,3246028.0,3246028.0,1.28,8.92,13.7,1496355266
XtraBYtes,XBY,91,0.0212359,0.00000889,463580.0,13803335.0,650000000.0,650000000.0,6.15,33.86,225.51,1496354989
TaaS,TAAS,92,1.69305,0.00070903,178456.0,13791587.0,8146001.0,8146001.0,0.87,3.84,9.08,1496354987
I/O Coin,IOC,93,0.829701,0.00034698,15165.3,13554112.0,16336140.0,16336140.0,-0.28,4.37,0.85,1496355253
Waves Community Token,WCT,94,2.57497,0.00107685,11095.2,12874850.0,5000000.0,10000000.0,2.04,23.67,23.44,1496355282
Etheroll,DICE,95,1.80768,0.00075703,11175.6,12656693.0,7001623.0,7001623.0,4.63,13.29,-15.92,1496354991
Bankcoin,B@,96,2.96277,0.00124077,7456.64,12636451.0,4265080.0,25000000.0,-9.26,6.03,-17.69,1496354987
E-coin,ECN,97,4.52192,0.00189372,103635.0,12572965.0,2780448.0,211069340.0,0.46,2.48,-1.4,1496354988
Bitland,CADASTRAL,98,0.413991,0.00017313,20803.9,12419730.0,30000000.0,30000000.0,1.02,46.78,172.43,1496355272
Vertcoin,VTC,99,0.362499,0.0001516,641853.0,12122141.0,33440480.0,33440480.0,-0.09,8.19,-2.81,1496355245
Shift,SHIFT,100,1.10639,0.00046269,310252.0,11980830.0,10828758.0,10828758.0,-1.76,32.77,94.69,1496355263
Golos,GOLOS,101,0.0945785,0.00003955,33171.3,11637934.0,123050526.0,123050526.0,2.09,20.32,56.85,1496355280
Pluton,PLU,102,13.5246,0.00565598,156152.0,11495903.0,850000.0,20000000.0,-0.04,17.58,62.08,1496355275
Clams,CLAM,103,4.73123,0.0019786,1542460.0,10887369.0,2301171.0,16206684.0,0.47,16.26,-16.04,1496355252
DigitalNote,XDN,104,0.0015381,0.00000064,1061360.0,10584425.0,6881493569.0,6881493569.0,1.4,-0.66,-18.38,1496355252
MergeCoin,MGC,105,0.105791,0.00004430,1585800.0,10454166.0,98819050.0,103819050.0,1.3,6.37,-28.85,1496354990
LuckChain,BASH,106,0.0142823,0.00000597,581134.0,10341879.0,724104580.0,724104580.0,3.13,59.38,37.19,1496355279
Mooncoin,MOON,107,0.0000437703,0.00000002,22764.3,9714535.0,221943531467,221943531467,-4.07,12.52,-33.53,1496355244
FlorinCoin,FLO,108,0.0714932,0.00002990,408832.0,9579448.0,133991039.0,133991039.0,-0.5,8.56,-14.48,1496355243
vSlice,VSL,109,0.286003,0.00011961,194383.0,9549782.0,33390496.0,33390496.0,-0.74,-5.37,-5.37,1496355280
HEAT,HEAT,110,0.358589,0.00014996,11596.2,9446396.0,26343240.0,26343240.0,-0.15,5.08,-13.74,1496355272
FedoraCoin,TIPS,111,0.0000206118,0.000000009,80684.8,9134494.0,443168182458,443168182458,8.31,-2.41,-15.12,1496355245
Bitcrystals,BCY,112,0.391817,0.00016386,194673.0,9125975.0,23291422.0,23291422.0,-0.88,6.19,-10.78,1496355268
Viacoin,VIA,113,0.39353,0.00016457,466873.0,8911481.0,22644986.0,22644986.0,-3.39,9.63,-5.82,1496355252
Skycoin,SKY,114,1.61346,0.0006757,61798.8,8786582.0,5445801.0,100000000.0,-1.21,0.23,-20.6,1496354988
Rubycoin,RBY,115,0.355713,0.00014876,23357.4,8676315.0,24391334.0,24391334.0,-0.28,4.33,4.18,1496355248
Energycoin,ENRG,116,0.0715447,0.00002992,4227.98,8652626.0,120940138.0,120940138.0,-0.26,0.39,14.48,1496355250
NeosCoin,NEOS,117,2.58333,0.00108035,3441210.0,8644233.0,3346159.0,3346159.0,3.14,25.99,23.41,1496355254
VeriCoin,VRC,118,0.281708,0.00011781,131632.0,8510699.0,30211066.0,30211066.0,-0.71,8.26,-40.28,1496355251
DNotes,NOTE,119,0.0669576,0.00002800,242279.0,8292360.0,123844935.0,123844935.0,-1.42,4.97,3.39,1496355248
Scotcoin,SCOT,120,0.00823563,0.00000344,6737.99,8235630.0,1000000000.0,1000000000.0,-0.63,39.42,739.25,1496355251
Crown,CRW,121,0.58772,0.00024578,19526.0,8140702.0,13851327.0,13851327.0,-0.2,4.55,-5.19,1496355256
SolarCoin,SLR,122,0.224417,0.00009385,93102.2,7891246.0,35163314.0,98034180045.0,-2.17,-1.42,12.82,1496355249
Pascal Coin,PASC,123,0.78208,0.00032707,221039.0,7802421.0,9976500.0,9976500.0,-0.23,3.63,-6.04,1496355279
SaluS,SLS,124,7.76132,0.00324579,107415.0,7787975.0,1003434.0,1003434.0,4.21,63.31,18.29,1496355266
Primecoin,XPM,125,0.394073,0.0001648,550573.0,7613030.0,19318833.0,19318833.0,1.23,3.74,-18.77,1496355243
Creditbit,CRB,126,0.628237,0.00026273,222388.0,7459901.0,11874342.0,11874342.0,-4.48,-8.48,-8.78,1496355266
BelaCoin,BELA,127,0.205592,0.00008598,226660.0,7187908.0,34962000.0,34962000.0,1.33,7.87,-4.62,1496355248
VPNCoin,VASH,128,0.0178104,0.00000745,1472920.0,7130211.0,400339746.0,400339746.0,-0.39,7.79,-21.71,1496355257
Bitcoin Plus,XBC,129,71.2388,0.0297921,115466.0,6903626.0,96908.0,96908.0,1.22,9.83,-4.32,1496355249
Global Currency Reserve,GCR,130,0.066005,0.00002760,23022.5,6777958.0,102688558.0,102688558.0,3.8,5.79,4.2,1496355263
Einsteinium,EMC2,131,0.0316613,0.00001324,134528.0,6674521.0,210810073.0,210810073.0,-0.53,4.35,-8.55,1496355248
Asch,XAS,132,0.0881618,0.00003692,165368.0,6612135.0,75000000.0,100000000.0,0.0,13.01,-21.14,1496354987
Feathercoin,FTC,133,0.039832,0.00001666,154631.0,6522829.0,163758520.0,163758520.0,0.36,16.95,4.94,1496355240
Incent,INCNT,134,0.282729,0.00011824,132444.0,6505117.0,23008312.0,46016625.0,-0.32,12.06,20.13,1496355279
Aeon,AEON,135,0.457148,0.00019118,4929.62,6504207.0,14227794.0,14227794.0,-3.21,0.74,-1.2,1496355262
Novacoin,NVC,136,3.70555,0.00154966,108971.0,6430443.0,1735355.0,1735355.0,-0.22,2.31,-14.47,1496355240
Lunyr,LUN,137,2.77404,0.00116173,182465.0,6374336.0,2297853.0,2703356.0,1.26,5.4,-6.75,1496354991
ZClassic,ZCL,138,4.15495,0.0017376,939658.0,6118424.0,1472563.0,1472563.0,3.59,0.32,22.73,1496355278
SIBCoin,SIB,139,0.392766,0.00016426,17861.5,5751714.0,14644124.0,14644124.0,-0.59,8.63,33.6,1496355264
Safe Exchange Coin,SAFEX,140,0.0026097,0.00000109,21793.1,5604288.0,2147483647.0,2147483647.0,2.14,-2.57,-11.72,1496355267
WorldCoin,WDC,141,0.0476126,0.00001991,136422.0,5456019.0,114591920.0,114591920.0,1.67,9.4,-23.97,1496355241
FirstCoin,FRST,142,1.73809,0.00072687,59789.9,5401146.0,3107518.0,110000000.0,-0.13,-3.6,6.37,1496355282
Blitzcash,BLITZ,143,1.31515,0.00055,178272.0,5343809.0,4063270.0,4063270.0,1.73,40.01,298.26,1496355257
ION,ION,144,0.387137,0.0001619,21804.2,5319882.0,13741601.0,19641601.0,-0.31,4.36,-20.98,1496355271
Auroracoin,AUR,145,0.594126,0.00024846,16561.9,5144026.0,8658139.0,8658139.0,-0.52,8.1,-1.98,1496355247
Gambit,GAM,146,4.26798,0.00178487,12778.9,5053046.0,1183943.0,1183943.0,-4.32,8.64,1.79,1496355260
OKCash,OK,147,0.0703826,0.00002943,559199.0,5037566.0,71574023.0,71574023.0,6.93,76.59,134.71,1496355257
MonetaryUnit,MUE,148,0.0413849,0.00001731,34646.7,5027383.0,121478680.0,121478680.0,-4.02,-3.13,-16.7,1496355256
PinkCoin,PINK,149,0.01548,0.00000647,343042.0,4967856.0,320920950.0,370920950.0,0.79,8.81,-9.83,1496355250
FoldingCoin,FLDC,150,0.00999575,0.00000418,398491.0,4895338.0,489741985.0,1000000000.0,-1.58,3.47,-10.34,1496355255
Janus,JNS,151,0.226501,0.00009472,16006.9,4741361.0,20933069.0,25201489.0,-1.61,13.32,-0.47,1496355281
MUSE,MUSE,152,0.00344486,0.00000144,1616.66,4736133.0,1374840478.0,1524840478.0,3.28,59.29,-11.41,1496355260
Vcash,XVC,153,0.301984,0.00012629,173161.0,4605564.0,15251019.0,15251019.0,-0.35,3.9,4.28,1496355258
RouletteToken,RLT,154,0.453818,0.00019005,27912.3,4580026.0,10092210.0,10092933.0,-2.91,2.17,4.2,1496354991
FairCoin,FAIR,155,0.0860832,0.00003600,2840.79,4571428.0,53104765.0,53104765.0,13.57,18.46,20.73,1496355249
bitCNY,BITCNY,156,0.147903,0.00006185,382358.0,4251427.0,28744700.0,28744700.0,4.14,6.4,3.53,1496355255
Darcrus,DAR,157,0.307293,0.00012851,16836.9,4186487.0,13623762.0,13623762.0,-8.2,2.23,3.8,1496355280
CloakCoin,CLOAK,158,0.817865,0.00034203,25320.9,4092020.0,5003295.0,5003295.0,-0.35,-1.86,5.11,1496355251
Sphere,SPHR,159,1.31499,0.00054993,13809.6,4054036.0,3082940.0,3082940.0,-3.0,14.86,51.1,1496355261
DubaiCoin,DBIX,160,4.63818,0.00194241,15321.2,4031169.0,869127.0,869127.0,-0.75,7.85,52.38,1496354988
NautilusCoin,NAUT,161,0.246393,0.00010304,591325.0,3986639.0,16180000.0,16180000.0,0.56,8.27,19.58,1496355250
Bitmark,BTM,162,0.998469,0.00041756,205435.0,3895207.0,3901180.0,3901180.0,0.1,6.36,12.16,1496355253
APX,APX,163,4.27418,0.00178997,87635.0,3846762.0,900000.0,1000000.0,1.17,16.22,26.02,1496354992
Unobtanium,UNO,164,19.2411,0.00804663,70196.7,3804436.0,197724.0,197724.0,-1.68,7.38,-13.17,1496355243
LoMoCoin,LMC,165,0.0175607,0.00000734,106638.0,3660146.0,208428267.0,293428267.0,-1.18,1.52,-13.24,1496355276
ICO OpenLedger,ICOO,166,7.69814,0.00321936,4779.42,3631943.0,471795.0,471795.0,4.95,19.92,-16.82,1496355271
SpreadCoin,SPR,167,0.426417,0.00017833,20781.0,3467078.0,8130723.0,8130723.0,10.21,19.74,10.31,1496355256
Riecoin,RIC,168,0.0967533,0.00004046,667169.0,3306962.0,34179325.0,34179325.0,0.19,7.22,-0.59,1496355247
Diamond,DMD,169,1.47169,0.00061546,14755.1,3125244.0,2123575.0,2123575.0,0.73,3.87,0.6,1496355243
ArtByte,ABY,170,0.00400562,0.00000168,79426.9,3095088.0,772686450.0,772686450.0,2.14,22.83,-22.9,1496355251
Zennies,ZENI,171,0.00303257,0.00000127,6163.64,3034631.0,1000679601.0,1000679601.0,-0.4,1.66,-3.47,1496354989
Wild Beast Block,WBB,172,1.26205,0.00052779,35264.2,2933672.0,2324529.0,2324529.0,-0.29,4.95,-26.78,1496355259
Quark,QRK,173,0.0116949,0.00000489,32690.9,2924907.0,250101047.0,250101047.0,-0.33,2.02,-40.16,1496355243
BitSend,BSD,174,0.188787,0.00007895,18717.4,2878501.0,15247350.0,15247350.0,-1.55,-3.38,20.1,1496355251
Circuits of Value,COVAL,175,0.0071736,0.00000300,75827.8,2869440.0,400000000.0,1200000000.0,-3.11,4.11,-8.85,1496355257
Musicoin,MUSIC,176,0.0166977,0.00000699,61171.8,2852261.0,170817570.0,170817570.0,-0.67,5.95,-1.25,1496354986
Zetacoin,ZET,177,0.0171465,0.00000717,246817.0,2848967.0,166154430.0,166154430.0,-0.02,9.28,-10.14,1496355264
PoSW Coin,POSW,178,0.0663646,0.00002775,92403.9,2720949.0,41000000.0,70000000.0,0.56,52.93,6.6,1496355281
Curecoin,CURE,179,0.113557,0.00004749,17933.7,2692201.0,23707930.0,23707930.0,-0.47,-1.56,-15.67,1496355250
BitBean,BITB,180,0.00130568,0.00000055,80045.9,2556196.0,1957751000.0,1957751000.0,1.29,9.08,-28.29,1496355258
Megacoin,MEC,181,0.0776974,0.00003249,242141.0,2555192.0,32886450.0,32886450.0,-0.2,2.47,-33.76,1496355242
XCurrency,XC,182,0.430416,0.00018,853.658,2499327.0,5806770.0,5806770.0,-0.29,-10.35,-11.78,1496355250
Veros,VRS,183,0.0283238,0.00001184,33068.7,2421315.0,85486938.0,10000000000.0,0.17,-16.33,4.1,1496355278
Rise,RISE,184,0.0225281,0.00000942,68414.0,2419230.0,107387215.0,107387215.0,-0.29,16.26,-1.92,1496355272
RaiBlocks,XRB,185,0.03227,0.00001351,24145.0,2410541.0,74699127.0,340282367.0,0.5,-1.77,-3.95,1496354985
Zeitcoin,ZEIT,186,0.0000661208,0.00000003,4110.83,2401767.0,36323921691.0,36323921691.0,1.9,12.55,44.07,1496355247
Atmos,ATMS,187,0.0239501,0.00001003,143931.0,2396746.0,100072474.0,110072474.0,0.1,4.38,1.37,1496354988
Spectrecoin,XSPEC,188,0.113562,0.00004749,195220.0,2316016.0,20394284.0,20394284.0,-1.93,5.58,6.13,1496355281
bitUSD,BITUSD,189,1.03729,0.00043379,191740.0,2269279.0,2187700.0,2187700.0,3.31,4.64,6.48,1496355254
Adzcoin,ADZ,190,0.04125,0.00001725,7208.22,2262289.0,54843360.0,54843360.0,18.75,23.58,4.71,1496355265
Myriad,XMY,191,0.0015149,0.00000063,43580.4,2251060.0,1485946500.0,1485946500.0,-2.84,3.91,-20.67,1496355248
Minereum,MNE,192,5.69693,0.0023858,142883.0,2249258.0,394819.0,394819.0,6.35,93.8,117.8,1496354990
Steem Dollars,SBD,193,1.59362,0.00066645,713141.0,2244790.0,1408610.0,1408610.0,1.77,15.6,-8.63,1496355273
ZcCoin,ZCC,194,0.0340295,0.00001423,333185.0,2098158.0,61657044.0,61657044.0,0.29,1.75,-29.95,1496355253
Digitalcoin,DGC,195,0.0608135,0.00002543,94084.4,2091364.0,34389793.0,34389793.0,-1.86,0.85,-20.68,1496355241
Espers,ESP,196,0.000103087,0.00000004,13310.7,2074744.0,20126146478.0,20126146478.0,0.08,-3.02,-19.6,1496355269
HunterCoin,HUC,197,0.117226,0.00004902,111787.0,2067261.0,17634830.0,17634830.0,0.9,3.2,-8.07,1496355246
Bata,BTA,198,0.412549,0.00017253,17332.9,2042546.0,4951038.0,4951038.0,5.03,7.76,31.84,1496355261
BlockPay,BLOCKPAY,199,0.374345,0.00015655,690.63,2032057.0,5428300.0,98928316.0,-3.26,13.98,18.26,1496355274
Cryptonite,XCN,200,0.00593754,0.00000248,133088.0,1945320.0,327630584.0,327630584.0,-4.03,1.96,-34.1,1496355253
Groestlcoin,GRS,201,0.0287275,0.00001201,3949.19,1942387.0,67614216.0,67614216.0,-0.19,-1.19,-1.4,1496355249
BoostCoin,BOST,202,0.162972,0.00006816,99523.7,1932112.0,11855487.0,11855487.0,-1.81,-2.25,-16.09,1496355251
Ethereum Movie Venture,EMV,203,0.288786,0.00012094,587.224,1925240.0,6666666.0,6666666.0,7.9,39.97,-46.41,1496354988
FUNCoin,FUNC,204,0.350277,0.00014669,71006.2,1876903.0,5358341.0,100000000.0,0.23,1.09,15.22,1496354991
iCash,ICASH,205,0.00847923,0.00000355,7460.59,1872973.0,220889533.0,220889533.0,0.41,24.59,-6.22,1496355259
TransferCoin,TX,206,0.312443,0.00013066,17542.5,1866263.0,5973131.0,5973131.0,-0.18,17.41,-18.73,1496355263
GoldCoin,GLD,207,0.0463244,0.00001937,7639.49,1864714.0,40253396.0,40253396.0,-1.09,12.69,-3.03,1496355242
MaxCoin,MAX,208,0.0340916,0.00001426,69877.7,1856038.0,54442678.0,54442678.0,-0.75,-0.17,-6.95,1496355248
Tickets,TIX,209,0.0000276004,0.00000001,42364.4,1845812.0,66876281414.0,66876281414.0,0.55,-4.61,-30.11,1496355242
Project Decorum,PDC,210,0.0365853,0.00001530,699.888,1829265.0,50000000.0,50000000.0,-1.06,10.42,-11.77,1496355271
Mintcoin,MINT,211,0.0000729757,0.00000003,3645.58,1776472.0,24343329424.0,24343329424.0,-0.25,-5.25,-37.1,1496355246
Breakout Stake,BRX,212,0.281827,0.00011786,6168.78,1766515.0,6268082.0,6268082.0,-7.21,14.46,22.11,1496355272
DeepWebCash,DWC,213,1.26621,0.00052953,13769.4,1684360.0,1330238.0,1330238.0,0.19,14.09,-38.05,1496355279
Ethbits,ETB,214,1.23638,0.00051778,1653.73,1665386.0,1346986.0,1634691.0,0.97,,,1496354992
vTorrent,VTR,215,0.15098,0.00006314,4475.21,1632995.0,10815966.0,10815966.0,-0.27,10.35,18.71,1496355257
CryptoCarbon,CCRB,216,0.434928,0.00018189,11740.5,1549262.0,3562111.0,10000150.0,-0.59,-8.31,33.35,1496355281
Startcoin,START,217,0.0325672,0.00001362,45414.9,1468122.0,45079785.0,70782220.0,-0.12,2.45,-29.2,1496355252
Sequence,SEQ,218,0.0319703,0.00001337,2612.56,1429041.0,44699016.0,44699016.0,-0.29,13.06,21.37,1496355275
ChainCoin,CHC,219,0.095911,0.00004011,17991.3,1407742.0,14677587.0,14677587.0,10.53,16.53,3.51,1496355262
EuropeCoin,ERC,220,0.139885,0.00005850,2270.84,1378033.0,9851183.0,9851183.0,5.27,23.48,27.25,1496355261
EB3 Coin,EB3,221,0.286542,0.00012,24587.3,1315249.0,4590074.0,786000000.0,-1.23,6.59,1.39,1496354988
Boolberry,XBB,222,0.133734,0.00005593,4315.74,1274817.0,9532480.0,9532480.0,-0.31,-0.56,-16.99,1496355252
Visio,VISIO,223,0.0250651,0.00001050,1630.29,1268169.0,50595026.0,62595026.0,0.41,-1.47,1.92,1496354985
2GIVE,2GIVE,224,0.00243709,0.00000102,18898.2,1250218.0,512996357.0,512996357.0,-2.72,-7.37,-32.6,1496355270
Ixcoin,IXC,225,0.058785,0.00002458,9867.68,1234431.0,20999088.0,20999088.0,2.85,102.09,22.44,1496355244
Breakout,BRK,226,0.0685318,0.00002866,554.676,1227630.0,17913287.0,17913287.0,-0.29,-1.53,-13.2,1496355271
Bitswift,SWIFT,227,0.2989,0.000125,7014.49,1213794.0,4060869.0,4060869.0,-1.44,1.92,57.81,1496355256
Stealthcoin,XST,228,0.0453371,0.00001896,2623.56,1186582.0,26172421.0,26172421.0,-0.5,4.49,0.45,1496355252
Inpay,INPAY,229,0.111728,0.00004679,83921.7,1117280.0,10000000.0,10000000.0,2.53,-2.23,-24.66,1496354989
Dynamic,DYN,230,0.68911,0.00028859,2178.31,1113393.0,1615697.0,4369601.0,-0.83,8.87,-0.65,1496354986
WhiteCoin,XWC,231,0.00442372,0.00000185,26558.6,1097321.0,248053839.0,248053839.0,3.55,4.18,63.0,1496355249
Renos,RNS,232,0.0316867,0.00001327,338722.0,1056817.0,33352084.0,33352084.0,30.12,37.02,94.5,1496354985
ArcticCoin,ARC,233,0.044118,0.00001845,13489.1,1030123.0,23349268.0,23349268.0,4.64,28.07,-15.31,1496355277
TagCoin,TAG,234,0.186609,0.00007804,90796.1,1024752.0,5491440.0,5491440.0,0.79,2.83,-23.69,1496355242
Mercury,MER,235,0.0101966,0.00000427,1023.7,1019660.0,100000000.0,100000000.0,-0.56,-2.52,-16.06,1496354987
AudioCoin,ADC,236,0.00127749,0.00000053,3890.84,1013303.0,793198644.0,793198644.0,5.37,13.51,-14.27,1496355261
PutinCoin,PUT,237,0.00500746,0.00000209,37647.7,1003583.0,200417616.0,200417616.0,-4.05,27.99,7.36,1496355272
Syndicate,SYNX,238,0.0888882,0.00003717,13323.3,1001669.0,11268860.0,11268860.0,-60.57,-65.53,68.21,1496355272
Anoncoin,ANC,239,0.462697,0.0001935,3615.11,976437.0,2110317.0,2110317.0,-0.26,20.13,-30.52,1496355264
LiteDoge,LDOGE,240,0.0000657566,0.00000003,5203.33,971488.0,14774001659.0,14774001659.0,-9.88,-28.05,1.66,1496355258
Creativecoin,CREA,241,0.0916714,0.00003839,1989.17,967746.0,10556686.0,12268414.0,-0.24,-14.31,-27.81,1496354991
Yocoin,YOC,242,0.00912758,0.00000382,39213.5,964044.0,105618830.0,200000000.0,-12.82,7.01,9.18,1496355266
Voxels,VOX,243,0.0303727,0.00001270,109887.0,956740.0,31500000.0,210000000.0,9.01,14.53,-24.11,1496355268
CannabisCoin,CANN,244,0.0123779,0.00000518,55844.9,955960.0,77231176.0,91859176.0,-0.23,5.06,30.1,1496355253
SecureCoin,SRC,245,0.122692,0.00005131,100804.0,955262.0,7785856.0,7785856.0,-1.53,3.12,-29.94,1496355246
Joincoin,J,246,0.387949,0.00016224,806.122,949855.0,2448402.0,2448402.0,-13.4,-71.01,609.55,1496355254
HiCoin,XHI,247,0.00498739,0.00000209,54030.1,946257.0,189729990.0,10189729990.0,-2.04,6.5,-6.21,1496355270
Hacker Gold,HKG,248,0.0586149,0.00002451,3188.96,944338.0,16110893.0,16110893.0,-0.29,7.16,-14.0,1496355279
Triggers,TRIG,249,0.0294117,0.00001230,29007.4,944280.0,32105593.0,100000000.0,-21.05,-3.81,-17.19,1496355277
BlueCoin,BLU,250,0.00163343,0.00000068,3085.46,938706.0,574683675.0,574683675.0,-0.25,22.38,226.04,1496355250
Qwark,QWARK,251,0.053802,0.00002250,17396.1,937038.0,17416409.0,250377576.0,0.58,5.49,23.73,1496355269
GlobalCoin,GLC,252,0.0143472,0.00000600,1314.34,935022.0,65171010.0,65171010.0,-14.39,57.6,-28.45,1496355242
DIBCOIN,DIBC,253,0.174366,0.00007302,4137.47,871830.0,5000000.0,5000000000.0,-3.55,-11.29,6.2,1496354988
Centurion,CNT,254,0.0334436,0.00001401,44911.0,864511.0,25849829.0,63388628.0,-1.2,3.71,-1.24,1496354984
EverGreenCoin,EGC,255,0.0644144,0.00002694,6578.75,858084.0,13321301.0,13321301.0,1.79,6.25,2.05,1496355266
PepeCoin,PEPE,256,0.0618631,0.00002587,17213.9,851216.0,13759673.0,13759673.0,-3.39,-12.68,25.76,1496355267
HTMLCOIN,HTML5,257,0.0000205498,0.000000009,6855.53,835535.0,40659020000.0,40659020000.0,5.38,7.81,-8.57,1496355255
VeriumReserve,VRM,258,0.745521,0.00031178,16198.6,829137.0,1112157.0,1112157.0,-0.17,1.36,-24.4,1496355275
DopeCoin,DOPE,259,0.00741272,0.00000310,19329.8,823447.0,111085648.0,111085648.0,7.14,4.37,-25.54,1496355246
Pesetacoin,PTC,260,0.00622701,0.00000260,4121.18,812851.0,130536328.0,130536328.0,5.89,19.05,-10.96,1496355247
Hush,HUSH,261,0.69905,0.00029234,227525.0,769575.0,1100888.0,1222363.0,1.79,24.05,49.11,1496355279
Unitus,UIS,262,0.0161393,0.00000675,21836.0,754405.0,46743329.0,46743329.0,-0.33,-6.78,9.42,1496355257
e-Gulden,EFL,263,0.0485942,0.00002032,1610.21,745662.0,15344662.0,20384002.0,0.77,3.28,-15.34,1496355248
Fantomcoin,FCN,264,0.11956,0.00005000,2640.33,700434.0,5858434.0,5858434.0,-0.26,24.95,-2.95,1496355252
FujiCoin,FJC,265,0.000716062,0.00000030,6018.92,688905.0,962074838.0,962074838.0,-6.27,36.48,41.83,1496355261
ExclusiveCoin,EXCL,266,0.16451,0.00006880,6516.05,672436.0,4087510.0,4087510.0,0.79,8.78,-26.59,1496355255
Altcoin,ALT,267,5.36249,0.00224574,2911.76,655164.0,122175.0,134063.0,-0.22,7.43,10.04,1496354989
MediterraneanCoin,MED,268,0.0131516,0.00000550,8096.58,653721.0,49706598.0,49706598.0,-0.29,-0.37,-30.12,1496355256
HempCoin,THC,269,0.00308342,0.00000129,15594.1,653139.0,211823061.0,211823061.0,1.25,7.89,-23.44,1496355252
NuShares,NSR,270,0.000239139,0.00000010,17085.0,646218.0,2702268334.0,3317595863.0,-0.3,3.34,-53.62,1496355256
Ripto Bux,RBX,271,0.00186915,0.00000078,4056.89,639436.0,342100100.0,1000000000.0,-0.27,-6.7,2.23,1496354988
GeoCoin,GEO,272,0.259466,0.00010851,3841.35,637010.0,2455079.0,2455079.0,-2.49,4.47,9.82,1496355258
Tokes,TKS,273,0.967079,0.000405,8762.48,626304.0,647624.0,50000000.0,-0.4,17.11,5.69,1496354987
ProCurrency,PROC,274,0.217061,0.00009090,2222.38,611071.0,2815205.0,15000053805.0,-0.36,-8.25,5.96,1496354990
Synergy,SNRG,275,0.217859,0.00009111,1747.35,604294.0,2773785.0,2773785.0,-7.29,7.35,-10.15,1496355261
UniBURST,UNIBURST,276,0.598491,0.00025064,2505.88,598490.0,999999.0,1000000.0,1.96,49.35,240.87,1496354985
Magi,XMG,277,0.0827843,0.00003462,3263.41,583977.0,7054196.0,7054196.0,-0.29,16.22,-6.06,1496355255
Deutsche eMark,DEM,278,0.0207559,0.00000868,1269.67,576877.0,27793416.0,27793416.0,-6.37,4.12,-12.45,1496355243
Elcoin,EL,279,0.0500768,0.00002094,3570.9,561309.0,11208967.0,20935289.0,-1.79,-7.2,-1.09,1496355270
TrustPlus,TRUST,280,0.0170253,0.00000712,914.021,546284.0,32086595.0,32086595.0,-2.75,2.08,-2.73,1496355252
TileCoin,XTC,281,0.00539233,0.00000226,11411.0,539233.0,100000000.0,100000000.0,-1.61,0.35,-19.75,1496355256
BTSR,BTSR,282,0.154516,0.00006462,856.979,511575.0,3310819.0,3310819.0,6.17,25.34,-20.4,1496355268
Moin,MOIN,283,0.0701571,0.00002934,2648.55,487472.0,6948290.0,6948290.0,-6.73,23.25,10.29,1496355266
Canada eCoin,CDN,284,0.00499721,0.00000209,1203.68,486806.0,97415544.0,97415544.0,-0.52,3.14,-12.44,1496355250
DT Token,DRACO,285,0.00539865,0.00000226,24999.0,479880.0,88888888.0,88888888.0,2.44,28.47,34.62,1496355272
YashCoin,YASH,286,0.0477114,0.00001995,921.3,477120.0,10000116.0,10000116.0,-0.26,19.25,29.44,1496355281
KoreCoin,KORE,287,0.251076,0.000105,789.732,459707.0,1830949.0,1830949.0,-0.15,15.41,4.16,1496355252
Version,V,288,0.00105065,0.00000044,794.31,459412.0,437264448.0,437264448.0,-0.97,,,1496354992
Capricoin,CPC,289,0.454688,0.00019015,13673.8,447508.0,984208.0,200984208.0,-0.35,12.92,14.45,1496355262
NobleCoin,NOBL,290,0.000190954,0.00000008,9858.91,437590.0,2291597591.0,2291597591.0,-0.27,4.87,-18.06,1496355248
IncaKoin,NKA,291,0.0000563270,0.00000002,1284.84,424536.0,7536991072.0,7536991072.0,2.08,7.36,130.91,1496355257
Bottlecaps,CAP,292,0.00305401,0.00000128,4168.9,423058.0,138525519.0,138525519.0,-0.79,253.02,311.78,1496355263
1337,1337,293,0.0000184881,0.000000008,2740.61,421069.0,22775118601.0,22775118601.0,-1.96,28.56,38.68,1496355265
Happycoin,HPC,294,0.0363793,0.00001524,679.073,413484.0,11365901.0,11365901.0,-0.4,-2.54,177.93,1496354989
I0Coin,I0C,295,0.0192013,0.00000803,1956.54,402735.0,20974386.0,20974386.0,-0.23,9.08,0.24,1496355243
TrumpCoin,TRUMP,296,0.0590923,0.00002471,7280.01,386434.0,6539495.0,6539495.0,-0.64,-10.3,-3.95,1496355267
iTicoin,ITI,297,11.5623,0.00484215,31090.7,369994.0,32000.0,9999992.0,1.52,-19.61,32.41,1496354991
PostCoin,POST,298,0.023418,0.00000979,3641.61,369427.0,15775332.0,15775332.0,1.56,-0.45,-4.9,1496355269
Master Swiscoin,MSCN,299,0.0347769,0.00001456,8088.6,355788.0,10230590.0,1002556637.0,-1.96,-4.55,-24.18,1496354984
Virtacoinplus,XVP,300,0.0402753,0.00001687,1244.95,355094.0,8816670.0,10351263.0,-5.9,-4.99,-48.28,1496354986
Mineum,MNM,301,0.0364976,0.00001526,597.76,344405.0,9436367.0,9586367.0,-0.29,-21.7,-26.35,1496355271
Asiadigicoin,ADCN,302,0.0133915,0.00000560,1070.12,333864.0,24931054.0,210000000.0,-0.29,20.58,-18.13,1496355267
Jewels,JWL,303,0.0164042,0.00000686,2275.16,330966.0,20175714.0,20175714.0,1.56,-2.5,3.09,1496355274
Wyvern,WYV,304,0.300893,0.00012601,1192.79,328118.0,1090481.0,1090481.0,-0.4,29.04,17.2,1496354988
TeslaCoin,TES,305,0.00447211,0.00000187,1441.38,320971.0,71771815.0,71771815.0,-17.26,-5.98,3.41,1496355245
GCoin,GCN,306,0.0000023072,0.0000000010,675.771,320662.0,138981185000,138981185000,-0.53,7.49,27.59,1496355256
Terracoin,TRC,307,0.0156894,0.00000656,5462.1,315190.0,20089380.0,20089380.0,-0.2,6.87,-12.36,1496355240
Dotcoin,DOT,308,0.00139616,0.00000058,68953.9,313731.0,224710250.0,489710250.0,-0.23,2.26,17.06,1496355258
CacheCoin,CACH,309,0.083692,0.00003500,9366.04,301504.0,3602537.0,3602537.0,-0.26,-57.06,,1496355246
Quatloo,QTL,310,0.038445,0.00001608,21660.0,285856.0,7435462.0,7435462.0,-0.44,-15.4,-16.81,1496355252
Newbium,NEWB,311,0.0113821,0.00000476,68528.7,273170.0,24000000.0,51000000.0,8.86,46.91,176.67,1496355271
Karbowanec,KRB,312,0.0769399,0.00003218,6227.04,271857.0,3533371.0,3533371.0,-1.95,2.47,-11.13,1496355275
ParkByte,PKB,313,0.0564562,0.00002361,775.821,268959.0,4764026.0,4764026.0,-0.17,9.1,4.25,1496355261
SmartCoin,SMC,314,0.0115457,0.00000483,1216.33,264290.0,22890782.0,22890782.0,0.12,39.79,-19.6,1496355245
Influxcoin,INFX,315,0.154737,0.00006471,4280.76,258934.0,1673383.0,1673383.0,-1.74,-2.9,-37.83,1496355263
Bytecent,BYC,316,0.156169,0.00006531,14501.9,253083.0,1620569.0,1620569.0,-0.29,-3.42,-18.85,1496355257
Sexcoin,SXC,317,0.00201925,0.00000084,4193.9,247411.0,122526076.0,122526076.0,-1.04,-21.0,4.0,1496355244
Zoin,ZOI,318,0.0225929,0.00000945,750.064,242498.0,10733350.0,10733350.0,-9.31,6.21,-14.61,1496355278
8Bit,8BIT,319,0.201842,0.00008441,3679.88,235028.0,1164415.0,1164415.0,-0.29,1.73,-35.54,1496355259
NuBits,USNBT,320,1.16064,0.00048538,39301.2,228381.0,196772.0,838087.0,-1.11,15.98,16.77,1496355254
Rubies,RBIES,321,0.0218286,0.00000913,3223.72,226439.0,10373501.0,10373501.0,0.12,-6.14,-18.19,1496355267
Atomic Coin,ATOM,322,0.02253,0.00000942,877.244,226384.0,10048098.0,10048098.0,-0.21,-3.7,-30.81,1496355277
UltraCoin,UTC,323,0.00521281,0.00000218,4015.19,224643.0,43094398.0,43094398.0,0.4,5.07,31.7,1496355245
MTMGaming,MTM,324,0.0743766,0.00003115,2770.75,223130.0,3000000.0,5000000.0,1.96,33.4,76.64,1496354986
PRCoin,PRC,325,0.0232451,0.00000973,25765.2,219164.0,9428400.0,789428400.0,-0.37,13.02,0.23,1496354985
LiteBar,LTB,326,0.322477,0.00013486,969.622,207900.0,644697.0,644697.0,-0.24,17.34,4.03,1496355247
Torcoin,TOR,327,0.792557,0.00033191,5885.28,207453.0,261752.0,1261752.0,-6.51,-0.28,-29.96,1496354988
Neutron,NTRN,328,0.0163168,0.00000682,3158.62,205880.0,12617684.0,12617684.0,-0.29,2.23,82.37,1496355259
Flycoin,FLY,329,0.931468,0.00038954,15083.0,196359.0,210806.0,210806.0,10.34,-50.7,122.77,1496355263
GoldBlocks,GB,330,0.0123823,0.00000518,2542.81,184075.0,14865988.0,14865988.0,-0.48,15.54,1.96,1496355271
42-coin,42,331,4316.22,1.80504,685.026,181281.0,42.0,42.0,-5.36,10.84,38.81,1496355244
Netko,NETKO,332,0.0741342,0.00003105,1055.9,180026.0,2428384.0,2428384.0,12.58,9.08,-7.28,1496354986
Kobocoin,KOBO,333,0.00727826,0.00000304,527.018,179775.0,24700248.0,24700248.0,-0.18,-30.63,-47.13,1496355258
Tattoocoin (Standard Edition),TSE,334,0.00144627,0.00000060,941.76,165410.0,114370374.0,604370374.0,0.33,23.19,-7.43,1496355282
Fastcoin,FST,335,0.00129519,0.00000054,1792.16,164184.0,126764507.0,126764507.0,-0.55,25.19,20.41,1496355242
UnbreakableCoin,UNB,336,0.0690821,0.00002889,5338.89,157379.0,2278150.0,2278150.0,-0.26,-3.82,0.59,1496355250
bitBTC,BITBTC,337,2442.57,1.02148,44598.9,156520.0,64.0,64.0,-1.47,3.31,-5.87,1496355255
TheGCCcoin,GCC,338,0.0215447,0.00000901,1248.21,151554.0,7034388.0,867034388.0,-0.29,2.57,-26.07,1496355282
LanaCoin,LANA,339,0.00019072,0.00000008,524.856,142704.0,748236475.0,748236475.0,2.84,28.32,53.42,1496355270
PipCoin,PIP,340,0.0212679,0.00000889,2314.42,139798.0,6573177.0,6999979.0,4.4,-29.09,-5.04,1496355276
Piggycoin,PIGGY,341,0.000256646,0.00000011,2144.21,124168.0,483808786.0,483808786.0,-6.18,-29.54,-44.92,1496355251
HoboNickels,HBN,342,0.00246334,0.00000103,772.772,119559.0,48535408.0,48535408.0,-0.07,-16.5,87.01,1496355244
bitEUR,BITEUR,343,1.16704,0.00048806,20265.1,118443.0,101490.0,101490.0,1.17,3.42,4.63,1496355261
bitSilver,BITSILVER,344,20.7765,0.00868874,9070.22,115015.0,5536.0,5536.0,4.95,10.69,1.74,1496355257
Pascal Lite,PASL,345,0.057786,0.00002420,2567.59,113859.0,1970350.0,1970350.0,-1.31,-17.67,-45.04,1496354986
Machinecoin,MAC,346,0.00581061,0.00000243,2648.5,113622.0,19554225.0,19554225.0,0.12,7.05,-15.67,1496355258
MojoCoin,MOJO,347,0.00930089,0.00000389,2306.84,112130.0,12055816.0,12055816.0,-0.29,8.77,-36.62,1496355269
BERNcash,BERN,348,0.00153622,0.00000064,500.356,109432.0,71234301.0,71234301.0,0.45,14.07,20.94,1496355269
Rimbit,RBT,349,0.000940769,0.00000039,876.123,108658.0,115499623.0,393459356.0,-0.89,8.71,6.06,1496355256
Sumokoin,SUMO,350,0.238785,0.0001,7051.09,106977.0,448007.0,9336896.0,-0.2,42.85,,1496354992
CHNCoin,CNC,351,0.00402011,0.00000168,9981.48,101549.0,25260247.0,170109984.0,0.81,-1.78,-32.36,1496355262
DigitalPrice,DP,352,0.00448216,0.00000187,1243.08,101529.0,22651817.0,22651817.0,15.59,-28.87,-2.1,1496355255
Spots,SPT,353,0.0045057,0.00000188,612.952,100955.0,22406021.0,22406021.0,11.31,37.98,55.25,1496355243
Eryllium,ERY,354,0.0227234,0.00000950,2485.66,98878.0,4351367.0,14351367.0,0.76,10.51,-38.4,1496355282
Phoenixcoin,PXC,355,0.00159901,0.00000067,1001.43,92528.0,57865650.0,57865650.0,13.23,70.47,36.14,1496355241
bitGold,BITGOLD,356,1635.43,0.683937,14732.8,89172.0,55.0,55.0,6.1,17.65,20.1,1496355257
Digital Rupees,DRS,357,0.000167384,0.00000007,3762.64,85500.0,510802961.0,510802961.0,-0.29,-47.47,14.37,1496355281
Emerald Crypto,EMD,358,0.00385023,0.00000161,2023.0,73605.0,19117129.0,19117129.0,-0.5,14.52,33.58,1496355242
Freicoin,FRC,359,0.00263032,0.00000110,17562.6,73395.0,27903322.0,100000000.0,-0.26,5.03,2.74,1496355242
Greencoin,GREV2,360,0.0000239120,0.00000001,2606.22,73100.0,3057060641.0,3057060641.0,-0.29,-64.98,-1.97,1496355251
Gapcoin,GAP,361,0.0062171,0.00000260,10804.9,67636.0,10878980.0,10878980.0,0.29,-0.31,15.19,1496355256
Kurrent,KURT,362,0.00647709,0.00000271,901.65,64249.0,9919485.0,21319485.0,-15.61,-7.26,4.27,1496355280
Wexcoin,WEX,363,0.376537,0.00015747,4780.78,62976.0,167250.0,10000167250.0,-0.11,5.97,16.31,1496355276
MCAP,MCAP,364,6.28351,0.00263145,234983.0,62867.0,10005.0,100000000.0,-2.56,6.23,,1496354992
Ratecoin,XRA,365,0.000589011,0.00000025,508.308,62471.0,106060855.0,106060855.0,-0.29,-13.11,-21.73,1496355261
CrevaCoin,CREVA,366,0.00171008,0.00000072,11296.3,62231.0,36390750.0,6240390800.0,-0.76,2.27,-16.29,1496355262
Argentum,ARG,367,0.00803443,0.00000336,2308.84,60271.0,7501642.0,7501642.0,-3.2,-16.15,-1.67,1496355245
NevaCoin,NEVA,368,0.0291871,0.00001221,682.585,52855.0,1810905.0,1810905.0,9.17,5.97,26.22,1496355268
Acoin,ACOIN,369,0.0426047,0.00001782,7767.93,51981.0,1220085.0,1220085.0,0.18,4.74,-26.57,1496355254
Philosopher Stones,PHS,370,0.0192731,0.00000806,3377.19,46819.0,2429219.0,2429219.0,-0.56,5.86,8.33,1496355243
Prime-XI,PXI,371,0.00279229,0.00000117,1264.94,41281.0,14783805.0,14783805.0,-0.76,10.75,55.94,1496355256
Rawcoin,XRC,372,0.0523194,0.00002188,3830.76,36879.0,704882.0,704882.0,3.74,39.91,237.06,1496355280
Independent Money System,IMS,373,0.00663301,0.00000277,1001.73,35612.0,5368934.0,5368934.0,-2.27,-10.49,-8.18,1496355268
Marijuanacoin,MAR,374,0.0620755,0.00002596,3620.72,32446.0,522690.0,522690.0,-9.05,26.21,31.0,1496355283
MACRON,MCRN,375,0.0000732209,0.00000003,1517.69,29392.0,401421401.0,401421401.0,-0.42,-21.44,3.61,1496354989
Allion,ALL,376,0.00450757,0.00000189,2260.09,27944.0,6199359.0,7323359.0,-0.4,-26.93,-49.8,1496354985
BeaverCoin,BVC,377,0.00856049,0.00000358,612.089,26668.0,3115258.0,3115258.0,-1.53,-7.0,-14.25,1496355255
Honey,HONEY,378,0.35907,0.00015037,1215.59,24527.0,68306.0,68306.0,1.32,-15.7,-62.5,1496354986
LevoPlus,LVPS,379,0.0453769,0.00001900,3674.86,18576.0,409372.0,91409372.0,-0.4,-57.06,-49.75,1496354985
Eurocoin,EUC,380,0.00141218,0.00000059,1072.28,16565.0,11730325.0,11730325.0,-1.12,-12.95,-22.02,1496355263
AllSafe,ASAFE,381,0.0000188006,0.000000008,3601.58,13348.0,710000000.0,710000000.0,5.24,3480.84,523.86,1496355278
Kittehcoin,MEOW,382,0.0000005450,0.0000000002,937.951,13029.0,23905669976.0,23905669976.0,-23.76,-15.93,-18.09,1496355245
Beatcoin,XBTS,383,0.00676492,0.00000283,1825.05,10314.0,1524686.0,2524686.0,-3.85,30.63,-1.99,1496355275
Ebittree Coin,EBT,384,0.0117005,0.00000490,912.159,10175.0,869650.0,810869650.0,-0.4,3.15,9.41,1496354989
Bitvolt,VOLT,385,0.000573084,0.00000024,547.669,8661.0,15112554.0,60132654.0,-27.57,-28.02,-35.51,1496354990
BenjiRolls,BENJI,386,0.000454328,0.00000019,4329.88,8606.0,18942536.0,18942536.0,-0.29,7.19,-22.39,1496355281
Environ,ENV,387,0.0000477454,0.00000002,2063.61,6261.0,131129509.0,931129509.0,99.19,36.27,-91.11,1496354990
Digital Money Bits,DMB,388,0.0142733,0.00000598,15567.9,4272.0,299300.0,10299300.0,0.2,4.37,44.34,1496354991
Gold Pressed Latinum,GPL,389,0.193153,0.00008089,7531.08,,,203839.0,-0.17,3.74,6.39,1496354990
SnakeEyes,SNAKE,390,0.149833,0.00006275,579.104,,,10000000.0,1.96,38.37,38.51,1496354991
Soarcoin,SOAR,391,0.0177659,0.00000744,693.517,,,5000000000.0,4.36,30.89,-3.91,1496354987
Arcade Token,ARC,392,3.74133,0.00167261,,10785924.0,2882912.0,2882912.0,,,85.03,1496180681
SuperNET,UNITY,393,12.6962,0.00530955,102.691,10360874.0,816061.0,816061.0,-1.81,-7.16,74.75,1496355255
Jinn,JINN,394,46.1787,0.0193119,461.787,2710828.0,58703.0,1000000.0,-1.81,6.15,9.49,1496355255
AsiaCoin,AC,395,0.0027442,0.00000115,157.32,2301438.0,838655403.0,838655403.0,-9.71,15.93,-33.51,1496355249
InstantDEX,DEX,396,2.2735,0.00095078,329.658,2273500.0,1000000.0,1000000.0,-1.81,7.52,-4.56,1496355255
NewYorkCoin,NYC,397,0.0000239083,0.000000010,6.93555,1427802.0,59719935819.0,59719935819.0,-0.26,5.06,151.99,1496355250
InsaneCoin,INSANE,398,0.06959,0.00002910,250.975,1276348.0,18340964.0,18340964.0,-2.46,-17.83,26.08,1496355278
Bitpark Coin,BPC,399,0.0158297,0.00000662,172.565,1187228.0,75000000.0,100000000.0,-8.83,-3.31,-14.38,1496355280
Pangea Poker,PANGEA,400,0.88578,0.00037043,10.6294,885206.0,999352.0,1000000.0,-1.81,7.52,,1496355257
DubaiCoin,DBIC,401,0.163337,0.00006831,289.427,837758.0,5129014.0,6146942.0,-0.67,12.0,9.82,1496355267
ShadowCash,SDC,402,0.122856,0.00005138,408.97,819069.0,6666902.0,6666902.0,-0.48,5.79,-28.28,1496355253
Woodcoin,LOG,403,0.101435,0.00004242,392.496,815050.0,8035193.0,8035193.0,-0.29,-6.11,-4.21,1496355259
Ultimate Secure Cash,USC,404,0.0786797,0.00003295,40.5935,813793.0,10343113.0,38602656.0,-0.4,40.42,14.37,1496354988
Pandacoin,PND,405,0.0000239120,0.00000001,279.493,777497.0,32514916898.0,32514916898.0,-0.26,5.07,-1.97,1496355247
Carboncoin,CARBON,406,0.0000478240,0.00000002,7.61597,736104.0,15391932983.0,15391932983.0,-0.26,5.07,-1.97,1496355253
Cryptofund,FUND,407,0.5588,0.0002553,,558800.0,1000000.0,1000000.0,,,165.87,1495948164
SmileyCoin,SMLY,408,0.0000210227,0.000000009,60.5077,545755.0,25960250000.0,25960250000.0,-0.98,8.7,-79.9,1496355258
E-Currency Coin ,ECC,409,0.0000239120,0.00000001,2.4087,527513.0,22060603799.0,22060603799.0,-0.26,5.07,-1.97,1496355248
HitCoin,HTC,410,0.0000478240,0.00000002,238.927,525888.0,10996318099.0,20996318099.0,-0.26,101.77,96.05,1496355269
ReeCoin,REE,411,0.040902,0.00001711,173.797,505864.0,12367704.0,6662367704.0,-1.72,1.62,-5.24,1496355272
Shorty,SHORTY,412,0.00502152,0.00000210,0.239335,502152.0,100000000.0,100000000.0,-0.29,5.07,105.86,1496355280
Casino,CASINO,413,0.479849,0.00020095,20.1537,479849.0,1000000.0,1000000.0,1.96,38.05,-10.9,1496354986
Tao,XTO,414,0.0156111,0.00000653,259.84,473267.0,30316033.0,32316033.0,10.36,-15.89,-21.76,1496355275
CageCoin,CAGE,415,0.0000046683,0.000000002,398.835,472288.0,101168328395,101168328395,-6.54,1.24,-17.21,1496355247
CasinoCoin,CSC,416,0.0118016,0.00000494,262.23,455556.0,38601187.0,38601187.0,-0.1,12.86,-14.42,1496355246
Dashcoin,DSH,417,0.0244286,0.00001022,227.647,422409.0,17291579.0,17291579.0,-3.56,2.58,0.09,1496355255
BitBar,BTB,418,11.5248,0.00481969,457.803,375433.0,32576.0,32576.0,-0.05,1.68,1.69,1496355242
LTBcoin,LTBC,419,0.000742106,0.00000032,,366499.0,493863915.0,493863915.0,,-30.21,,1496287754
Orbitcoin,ORB,420,0.123705,0.00005173,29.5123,365560.0,2955094.0,2955094.0,-3.97,0.54,0.92,1496355244
FuelCoin,FC2,421,0.00356289,0.00000149,25.5424,361321.0,101412306.0,101412306.0,1.76,13.59,,1496355251
RussiaCoin,RC,422,0.0422286,0.00001766,13.5236,346969.0,8216446.0,8216446.0,-0.26,5.07,0.99,1496355266
SuperCoin,SUPER,423,0.0083692,0.00000350,83.6838,344440.0,41155630.0,41155630.0,-0.26,,,1496355251
Trollcoin,TROLL,424,0.000618313,0.00000026,226.375,342357.0,553694650.0,553694650.0,3.43,1.67,-9.03,1496355255
Colossuscoin V2,CV2,425,0.0000148142,0.000000006,252.783,328683.0,22187050273.0,22187050273.0,-16.86,-26.95,-58.66,1496355259
Crypto Bullion,CBX,426,0.325658,0.00013619,74.7148,324295.0,995815.0,995815.0,20.59,36.26,-34.92,1496355242
Rare Pepe Party,RAREPEPEPRTY,427,16.1275,0.0067095,,290295.0,18000.0,100000.0,,-8.99,,1496315982
HOdlcoin,HODL,428,0.00310856,0.00000130,23.4949,287357.0,92440490.0,250000000.0,-0.29,-10.73,23.96,1496355268
KibiCoin,KIC,429,0.0190998,0.00000800,445.42,279594.0,14638600.0,14638600.0,4.57,,,1496354992
MazaCoin,MZC,430,0.000240003,0.00000010,490.911,262232.0,1092618137.0,1092618137.0,-8.27,-3.82,-4.34,1496355247
Veltor,VLT,431,0.454328,0.00019,242.99,252086.0,554855.0,554855.0,-5.05,20.1,43.02,1496355274
BTCtalkcoin,TALK,432,0.00357833,0.00000161,,233631.0,65290635.0,65290635.0,,,-29.01,1496191750
AgrolifeCoin,AGLC,433,0.0472658,0.00001990,,216030.0,4570544.0,204570544.0,,4.37,102.05,1496301878
VirtualCoin,VC,434,0.0212338,0.00000888,221.338,213703.0,10064287.0,10064287.0,-0.29,16.63,26.16,1496355253
BitcoinTX,BTX,435,0.00260641,0.00000109,1.12386,211272.0,81058646.0,81058646.0,-0.29,14.53,-27.99,1496355260
The Cypherfunks,FUNK,436,0.0000045991,0.000000002,61.2684,203057.0,44151695000.0,44151695000.0,-12.15,-9.85,-48.09,1496355261
BritCoin,BRIT,437,0.00954088,0.00000399,280.155,202916.0,21268092.0,21268092.0,-0.29,22.14,45.15,1496355252
Pesobit,PSB,438,0.00607364,0.00000254,418.125,198407.0,32666962.0,32666962.0,-0.29,9.38,-14.69,1496355276
Crave,CRAVE,439,0.157347,0.00006668,,196636.0,1249695.0,1249695.0,,3.69,183.55,1496344460
Bitstar,BITS,440,0.00831827,0.00000348,216.323,191983.0,23079737.0,23079737.0,-0.81,14.15,34.66,1496355249
SwagBucks,BUCKS,441,0.931498,0.00038955,2.17588,191349.0,205421.0,205421.0,-6.16,-26.15,-26.82,1496355266
PureVidz,VIDZ,442,0.00152589,0.00000064,103.28,191016.0,125183597.0,125183597.0,0.24,10.66,57.7,1496355282
BillaryCoin,BLRY,443,0.0205165,0.00000858,301.079,184303.0,8983158.0,8983158.0,10.39,26.97,-7.04,1496355270
Bitz,BITZ,444,0.0892373,0.00003720,,177662.0,1990891.0,1990891.0,0.03,5.41,-1.1,1496351362
Devcoin,DVC,445,0.0000126675,0.000000005,264.351,177343.0,13999877500.0,13999877500.0,-80.59,-74.4,-74.56,1496355240
Tristar Coin,TSTR,446,0.0343849,0.00001500,,172882.0,5027857.0,255027857.0,,0.76,40.61,1496271895
NetCoin,NET,447,0.000213523,0.00000009,225.54,168070.0,787126712.0,787126712.0,-0.02,4.23,-15.03,1496355244
Zero,ZER,448,0.22687,0.00009501,288.613,167866.0,739920.0,739920.0,-5.59,-2.12,16.09,1496354986
Truckcoin,TRK,449,0.00121933,0.00000051,27.8771,149900.0,122936704.0,122936704.0,-0.27,37.41,105.32,1496355253
Titcoin,TIT,450,0.00285454,0.00000119,120.548,142436.0,49898202.0,49898202.0,-3.2,-1.66,-18.62,1496355253
Vault Coin,VLTC,451,0.0047696,0.00000199,119.656,141761.0,29721870.0,529721870.0,-1.35,-5.7,6.79,1496355280
LottoCoin,LOT,452,0.0000096305,0.000000004,25.6328,139556.0,14491014421.0,14491014421.0,-0.39,13.49,-0.19,1496355244
TEKcoin,TEK,453,0.0000956480,0.00000004,384.57,135251.0,1414054562.0,1414054562.0,-0.29,1.33,91.41,1496355250
Stress,STS,454,0.00023912,0.00000010,1.01387,135135.0,565134332.0,565134332.0,-0.26,17.16,-18.37,1496355268
Cannacoin,CCN,455,0.0286226,0.00001197,113.291,134460.0,4697671.0,4697671.0,19.39,-1.2,29.01,1496355250
Bitcurrency,BTCR,456,0.000707861,0.00000030,115.554,118996.0,168107123.0,168107123.0,-0.26,4.96,43.14,1496355279
MetalCoin,METAL,457,0.00153037,0.00000064,6.03075,117725.0,76925527.0,76925527.0,-0.29,,-8.12,1496355257
GAIA,GAIA,458,0.00466575,0.00000198,,112451.0,24101381.0,24101381.0,,3.54,-11.67,1496340859
C-Bit,XCT,459,0.00083692,0.00000035,65.6209,110287.0,131777500.0,131777500.0,9.06,18.79,5.74,1496355268
Swing,SWING,460,0.0455882,0.00001907,3.65606,103786.0,2276588.0,2276588.0,-0.29,-18.24,-3.16,1496355264
Coin(O),CNO,461,0.00100412,0.00000042,8.76483,103528.0,103103570.0,103103570.0,-20.95,-6.13,13.68,1496355249
HyperStake,HYP,462,0.000265787,0.00000011,469.344,102540.0,385796097.0,385796097.0,-0.29,-3.81,15.51,1496355253
Jin Coin,JIN,463,0.0104038,0.00000435,4.58393,102462.0,9848485.0,9848485.0,-0.29,153.97,,1496355275
Xiaomicoin,MI,464,0.00024557,0.00000010,36.636,99736.0,406141855.0,406141855.0,-0.28,-21.27,-18.02,1496355263
BigUp,BIGUP,465,0.0000478240,0.00000002,6.76764,98227.0,2053923847.0,2053923847.0,-0.29,110.14,-1.97,1496355268
Dollarcoin,DLC,466,0.0106169,0.00000444,10.8842,96685.0,9106714.0,9106714.0,-0.29,-24.71,-21.2,1496355275
Pakcoin,PAK,467,0.00263032,0.00000110,251.932,96270.0,36600000.0,36600000.0,-0.13,0.31,-24.21,1496355263
Sterlingcoin,SLG,468,0.0247254,0.00001034,25.5387,95963.0,3881156.0,3881156.0,-0.33,2.74,-0.63,1496355254
QuazarCoin,QCN,469,0.0167384,0.00000700,347.292,95556.0,5708772.0,5708772.0,-12.75,3.24,-7.77,1496355250
GlobalBoost-Y,BSTY,470,0.00817517,0.00000342,92.1468,93184.0,11398430.0,11398430.0,-1.84,-5.91,12.92,1496355255
FlutterCoin,FLT,471,0.000286125,0.00000012,31.4885,92194.0,322214524.0,322214524.0,-0.31,4.77,6.34,1496355248
Cryptojacks,CJ,472,0.000225524,0.00000009,317.816,91691.0,406568581.0,406568581.0,-0.46,3.43,-22.75,1496355272
TittieCoin,TTC,473,0.0000716272,0.00000003,111.634,90237.0,1259816434.0,1259816434.0,-0.3,11.1,-2.01,1496355256
Coin2.1,C2,474,0.000897756,0.00000038,225.697,89754.0,99976323.0,99976323.0,-0.09,1.49,-19.9,1496355251
WayGuide,WAY,475,0.000873793,0.00000036,,87415.0,100040708.0,100040708.0,,6.65,15.55,1496318076
PayCoin,XPY,476,0.00731793,0.00000306,3.05094,85637.0,11702348.0,11752348.0,-0.29,-19.61,-42.08,1496355257
Triangles,TRI,477,1.16067,0.00048883,,84603.0,72891.0,72891.0,,4.33,2.04,1496346860
BunnyCoin,BUN,478,0.0000008189,0.0000000003,139.923,83046.0,101406474932,101406474932,-0.59,11.16,17.14,1496355254
NoLimitCoin,NLC2,479,0.000406504,0.00000017,129.177,81487.0,200458468.0,200458468.0,-0.29,25.33,1.84,1496355274
KiloCoin,KLC,480,0.000406504,0.00000017,217.586,79796.0,196297971.0,10025186872.0,-0.29,37.03,19.03,1496355267
CorgiCoin,CORG,481,0.0000625525,0.00000003,9.62744,78307.0,1251855418.0,1251855418.0,-1.71,-24.74,-62.79,1496355248
UFO Coin,UFO,482,0.0000229521,0.00000001,,75419.0,3285936262.0,3285936262.0,,0.85,-7.47,1496273048
Darsek,KED,483,0.00764038,0.00000320,25.9885,75278.0,9852644.0,9852644.0,-0.4,3.34,-24.3,1496354988
GameUnits,UNITS,484,0.0217083,0.00000908,198.636,75238.0,3465871.0,3465871.0,-0.99,-9.85,-18.88,1496355280
Artex Coin,ATX,485,0.00374572,0.00000157,70.6211,70027.0,18695075.0,268695075.0,5.64,6.06,12.86,1496355274
Guncoin,GUN,486,0.000382547,0.00000016,35.5049,69639.0,182040328.0,182040328.0,-0.29,12.07,62.33,1496355250
Blakecoin,BLC,487,0.0057867,0.00000242,25.0093,68924.0,11910789.0,11910789.0,-0.26,-3.3,-2.71,1496355246
Valorbit,VAL,488,0.0000239120,0.00000001,12.4342,68680.0,2872196388.0,922340072196388,-0.29,5.07,-1.97,1496355268
SproutsExtreme,SPEX,489,0.0000239120,0.00000001,12.4342,68546.0,2866607586.0,2866607586.0,-0.29,5.07,-3.04,1496355268
Elementrem,ELE,490,0.00267584,0.00000112,332.868,66936.0,25014804.0,25014804.0,-6.14,-11.01,-36.48,1496355273
AmberCoin,AMBER,491,0.0014952,0.00000063,,65255.0,43643263.0,43643263.0,,4.28,-16.03,1496347159
CCMiner,CCM100,492,0.0269935,0.00001129,27.5604,65226.0,2416354.0,6000000.0,-1.65,30.11,-2.48,1496355283
HempCoin,HMP,493,0.0000478240,0.00000002,75.4664,64879.0,1356619442.0,2856619442.0,-0.26,5.07,96.05,1496355267
AurumCoin,AU,494,0.217163,0.00009082,363.139,64327.0,296216.0,296216.0,2.69,31.67,32.72,1496355255
Yacoin,YAC,495,0.000549976,0.00000023,1.91294,63849.0,116093572.0,116093572.0,-0.26,5.01,-9.75,1496355247
Debitcoin,DBTC,496,0.00351506,0.00000147,19.8589,63243.0,17991928.0,25991928.0,-0.26,26.19,8.82,1496355272
ChessCoin,CHESS,497,0.00110687,0.00000046,22.6264,59732.0,53964580.0,53964580.0,0.03,2.15,30.39,1496355272
Bitcloud,BTD,498,0.00530846,0.00000222,46.5641,59118.0,11136627.0,11136627.0,-38.17,-34.11,66.39,1496355274
Nyancoin,NYAN,499,0.000191082,0.00000008,13.8688,56922.0,297891209.0,297891209.0,-0.26,-69.55,20.45,1496355245
MarteXcoin,MXT,500,0.0206487,0.00000864,0.185387,56333.0,2728161.0,2728161.0,34.22,-54.25,-29.6,1496355271
PetroDollar,XPD,501,0.000861976,0.00000036,68.7056,55161.0,63993275.0,63993275.0,-0.47,9.01,-42.49,1496355249
Francs,FRN,502,0.0321418,0.00001344,218.512,55094.0,1714100.0,1714100.0,13.36,24.74,39.11,1496355267
KushCoin,KUSH,503,0.00989956,0.00000414,10.9786,53391.0,5393278.0,5393278.0,-0.29,-2.9,-17.1,1496355282
MiloCoin,MILO,504,0.00518125,0.00000217,175.193,53297.0,10286438.0,10286438.0,-0.4,28.36,122.76,1496354986
Chronos,CRX,505,0.000722549,0.00000030,366.5,53274.0,73729962.0,73729962.0,-1.08,29.62,20.39,1496355272
Aricoin,ARI,506,0.000361672,0.00000015,4.59526,50729.0,140262505.0,140262505.0,0.34,20.41,-9.34,1496355247
Zayedcoin,ZYD,507,0.00801052,0.00000335,23.8393,50016.0,6243840.0,6243840.0,-0.29,5.07,-12.24,1496355275
Eternity,ENT,508,0.0161217,0.00000674,158.52,49272.0,3056249.0,3056249.0,-13.41,-4.77,-31.84,1496355279
Lex4All,LEX,509,0.0479849,0.00002010,217.42,47987.0,1000043.0,5000000.0,1.96,57.74,-6.18,1496354985
SatoshiMadness,MAD,510,0.0000239120,0.00000001,122.734,47840.0,2000683485.0,2000683485.0,-0.29,5.07,-1.97,1496355263
PonziCoin,PONZI,511,0.0550215,0.00002301,34.1072,47379.0,861099.0,861099.0,-0.29,19.57,-1.89,1496355271
AmsterdamCoin,AMS,512,0.00489719,0.00000205,186.193,47031.0,9603707.0,16803707.0,-0.29,14.45,17.98,1496355263
RevolverCoin,XRE,513,0.00215208,0.00000090,138.298,46897.0,21791600.0,21791600.0,-0.29,12.57,5.9,1496355271
Tigercoin,TGC,514,0.00107604,0.00000045,156.769,46847.0,43536800.0,43536800.0,-0.3,35.09,45.24,1496355244
DigiCube,CUBE,515,0.0000192461,0.000000008,0.00359548,46751.0,2429126009.0,2429126009.0,-0.2,-15.43,-21.1,1496355265
Sativacoin,STV,516,0.00657363,0.00000274,,46520.0,7076812.0,7076812.0,0.04,61.52,10.45,1496351959
RedCoin,RED,517,0.000621712,0.00000026,25.1373,46074.0,74107896.0,74107896.0,-0.26,-8.46,-30.65,1496355246
BurstOcean,OCEAN,518,0.214732,0.00008993,17.7949,45486.0,211827.0,1000000.0,1.96,45.08,17.21,1496354986
AquariusCoin,ARCO,519,0.036524,0.00001527,125.102,44602.0,1221168.0,1221168.0,-14.3,5.51,14.54,1496355270
Joulecoin,XJO,520,0.00131771,0.00000055,5.44327,42493.0,32247256.0,32247256.0,0.05,6.6,15.15,1496355244
PX,PX,521,0.000549976,0.00000023,54.3219,42206.0,76741280.0,76741280.0,-0.29,20.83,,1496355274
Evotion,EVO,522,0.0170368,0.00000712,177.343,42068.0,2469220.0,2469220.0,-0.61,-15.73,-63.0,1496355266
UniCoin,UNIC,523,0.0139434,0.00000583,159.19,40587.0,2910809.0,2910809.0,-0.3,4.94,13.7,1496355261
ICOBID,ICOB,524,0.000388317,0.00000016,422.271,40332.0,103862796.0,103862796.0,-10.37,-9.88,0.1,1496355282
SpaceCoin,SPACE,525,0.00224508,0.00000094,20.9645,39934.0,17787155.0,17787155.0,6.17,15.65,13.08,1496355264
808Coin,808,526,0.000192744,0.00000008,114.677,39622.0,205569767.0,205569767.0,-0.29,4.53,13.67,1496355273
CoExistCoin,COXST,527,0.00142246,0.00000059,31.3503,38604.0,27138905.0,27138905.0,0.44,15.85,13.76,1496355269
BTCDragon,DRAGON,528,0.0938905,0.00003926,103.28,37945.0,404146.0,1000000.0,-1.65,-41.78,-31.78,1496355283
OctoCoin,888,529,0.00076667,0.00000032,127.368,37070.0,48351508.0,48351508.0,-0.26,-21.62,34.58,1496355249
SixEleven,611,530,0.0872788,0.00003650,0.785509,35959.0,412005.0,412005.0,-0.26,15.0,-58.05,1496355271
Franko,FRK,531,0.0558584,0.00002336,0.416116,35579.0,636950.0,636950.0,-0.26,,-50.19,1496355241
WMCoin,WMC,532,0.00306073,0.00000128,0.473792,35283.0,11527489.0,911527489.0,,11.15,,1496355270
HealthyWormCoin,WORM,533,0.00236397,0.00000099,40.1634,35030.0,14818223.0,14818223.0,-0.4,44.33,-35.87,1496354987
RonPaulCoin,RPC,534,0.0442372,0.00001850,20.933,34888.0,788649.0,788649.0,-0.29,-2.98,1.38,1496355244
Cypher,CYP,535,0.00540411,0.00000226,5.40411,34399.0,6365285.0,6365285.0,-0.29,15.83,,1496355260
Universal Currency,UNIT,536,0.00262628,0.00000110,114.649,34264.0,13046431.0,13046431.0,-0.71,221.09,-38.07,1496355260
Universe,UNI,537,0.0114856,0.00000481,72.7688,33932.0,2954331.0,14154331.0,-0.4,6.36,9.74,1496354988
Dobbscoin,BOB,538,0.00653702,0.00000273,4.06041,33080.0,5060382.0,5060382.0,-0.29,4.07,5.74,1496355254
Bolivarcoin,BOLI,539,0.00503549,0.00000211,424.077,32607.0,6475375.0,6475375.0,0.7,11.99,20.05,1496355263
PopularCoin,POP,540,0.0000097114,0.000000004,27.8226,32461.0,3342576294.0,3342576294.0,-0.85,4.68,-6.49,1496355250
Hexx,HXX,541,0.0235188,0.00000984,487.265,31799.0,1352055.0,1352055.0,-3.85,-13.75,-45.37,1496355261
Uro,URO,542,0.0262793,0.00001099,11.6341,31727.0,1207310.0,1207310.0,-0.29,3.84,-4.66,1496355251
Evil Coin,EVIL,543,0.0014984,0.00000063,19.9281,31497.0,21020383.0,21020383.0,-0.94,1.43,-0.92,1496355266
CryptoWorldX Token,CWXT,544,0.000573084,0.00000024,7.39329,31326.0,54662800.0,54662800.0,-0.4,14.51,5.15,1496354984
PayCon,CON,545,0.0013223,0.00000055,40.8048,30469.0,23042604.0,23042604.0,-0.0,14.21,-4.66,1496355258
Solarflarecoin,SFC,546,0.00215208,0.00000090,290.164,29511.0,13712800.0,13712800.0,-0.29,10.36,-20.89,1496355282
Dreamcoin,DRM,547,0.0120275,0.00000503,,29311.0,2436996.0,2436996.0,,5.07,,1496330352
PIECoin,PIE,548,0.000405934,0.00000017,184.584,29252.0,72060968.0,72060968.0,-0.4,22.35,2.35,1496354985
Hommalicoin,HMC,549,11.7946,0.00496011,,28528.0,2419.0,1000000000.0,,-0.17,,1496299177
FlavorCoin,FLVR,550,0.00133486,0.00000056,7.84185,27896.0,20898106.0,20898106.0,1.24,25.4,58.8,1496355266
Ride My Car,RIDE,551,0.000274929,0.00000011,47.3935,27794.0,101095921.0,101095921.0,-0.29,25.51,-4.19,1496355283
Bitzeny,ZNY,552,0.00035868,0.00000015,6.82431,27121.0,75614500.0,75614500.0,-6.52,-1.5,21.45,1496355261
SoonCoin,SOON,553,0.00215208,0.00000090,52.6882,26821.0,12462620.0,12462620.0,-0.29,2.79,-11.93,1496355257
Unrealcoin,URC,554,0.00377809,0.00000158,0.347585,26539.0,7024402.0,7024402.0,,4.13,17.17,1496355259
NeuCoin,NEU,555,0.0000133218,0.000000006,71.2962,26521.0,1990764588.0,2014638413.0,1.33,44.41,-71.73,1496355264
GoldPieces,GP,556,0.021688,0.00000907,404.954,26463.0,1220161.0,1220161.0,-1.11,3.33,-13.09,1496355257
Zurcoin,ZUR,557,0.000334768,0.00000014,100.325,26432.0,78955254.0,78955254.0,-6.94,1.44,5.57,1496355270
BumbaCoin,BUMBA,558,0.0011956,0.00000050,28.7081,26236.0,21943562.0,21943562.0,-0.29,-45.81,-21.39,1496355268
Theresa May Coin,MAY,559,0.0016715,0.00000070,230.952,25513.0,15263600.0,15263600.0,7.26,-2.25,,1496354992
BiosCrypto,BIOS,560,0.00120563,0.00000050,0.0145278,25001.0,20737003.0,20737003.0,2.53,6.33,55.18,1496355262
Grantcoin,GRT,561,0.0005978,0.00000025,53.0591,24702.0,41321951.0,10041321951.0,-0.29,,-1.34,1496355262
Destiny,DES,562,0.0153037,0.00000640,49.1307,24486.0,1600000.0,1600000.0,-0.26,,29.36,1496355268
AntiBitcoin,ANTI,563,0.0013869,0.00000058,1.3869,24222.0,17465159.0,17465159.0,-0.29,,,1496355266
CryptoEscudo,CESC,564,0.000167384,0.00000007,27.2248,24121.0,144105100.0,594105100.0,-0.26,5.07,-8.56,1496355249
Photon,PHO,565,0.0000013519,0.0000000006,43.6072,24103.0,17828399758.0,17828399758.0,-0.8,-10.17,35.1,1496355248
X-Coin,XCO,566,0.00190575,0.00000080,,23603.0,12384976.0,12384976.0,,4.67,-10.2,1496330065
PlatinumBAR,XPTX,567,0.132998,0.00005562,12.0709,23135.0,173952.0,173952.0,-0.29,5.05,-10.29,1496355270
ARbit,ARB,568,0.00356289,0.00000149,7.12568,23038.0,6465980.0,6465980.0,-0.29,5.07,12.03,1496355260
ParallelCoin,DUO,569,0.0730038,0.00003053,401.557,20988.0,287489.0,287489.0,-1.9,5.8,-34.2,1496355269
B3Coin,B3,570,0.0679775,0.00002843,11.1479,20874.0,307069.0,307069.0,-0.29,92.08,13.39,1496355274
Litecred,LTCR,571,0.000681858,0.00000029,184.572,20611.0,30227750.0,30227750.0,-0.37,-13.88,263.31,1496355266
MindCoin,MND,572,0.0016021,0.00000067,0.552558,20101.0,12546625.0,12546625.0,-0.29,5.59,9.71,1496355265
VIP Tokens,VIP,573,0.00023912,0.00000010,0.23912,19955.0,83450403.0,83450403.0,-0.29,5.07,8.92,1496355267
Flaxscript,FLAX,574,0.00361061,0.00000151,4.62827,19843.0,5495789.0,5495789.0,-0.29,4.38,0.7,1496355262
Sprouts,SPRTS,575,0.0000001132,0.00000000005,34.7485,19707.0,174036127518,174036127518,59.5,29.54,-58.55,1496355262
SongCoin,SONG,576,0.000602039,0.00000025,185.766,19606.0,32565300.0,32565300.0,-4.39,12.12,-17.02,1496355259
DAPPSTER,DLISK,577,0.000191296,0.00000008,0.23912,19130.0,100000000.0,100000000.0,-0.26,5.07,4.38,1496355273
LeaCoin,LEA,578,0.0000680658,0.00000003,37.7579,18798.0,276179889.0,276179889.0,-0.57,30.57,-13.53,1496355260
PLNcoin,PLNC,579,0.00109995,0.00000046,1.16707,18798.0,17089600.0,19089600.0,1.51,7.4,8.4,1496355249
Magnum,MGM,580,0.00516496,0.00000225,,18734.0,3627050.0,253627050.0,,0.87,20.99,1496272491
UCoin,U,581,0.00695839,0.00000291,4.13699,18717.0,2689812.0,2689812.0,-0.29,-50.7,-54.58,1496355256
Impact,IMX,582,0.000167149,0.00000007,52.5327,18272.0,109314611.0,109314611.0,-10.23,-11.48,-28.58,1496354988
IslaCoin,ISL,583,0.0119849,0.00000509,,18142.0,1513704.0,1513704.0,,3.46,-20.09,1496344164
Alexium,AUM,584,0.000884744,0.00000037,0.782592,17958.0,20297336.0,20297336.0,-0.26,2.3,6.68,1496355263
SecretCoin,SCRT,585,0.00423242,0.00000177,0.423242,17898.0,4228672.0,4228672.0,-0.29,6.88,27.58,1496355265
Luna Coin,LUNA,586,0.0145749,0.00000610,96.0394,17889.0,1227386.0,1227386.0,0.03,2.49,-24.71,1496355281
GameBet Coin,GBT,587,0.00083692,0.00000035,0.263008,17795.0,21262780.0,22262780.0,-0.29,,8.17,1496355270
BipCoin,BIP,588,0.0128407,0.00000537,39.2901,17256.0,1343889.0,1343889.0,-0.29,-29.38,-40.65,1496355277
Halcyon,HAL,589,0.0035868,0.00000150,14.9402,16669.0,4647201.0,4647201.0,-1.31,2.62,-19.01,1496355254
Vector,VEC2,590,0.00105213,0.00000044,203.785,16666.0,15839804.0,15839804.0,-0.29,-22.15,3.68,1496355263
Steps,STEPS,591,0.000884744,0.00000037,0.442372,16478.0,18625017.0,18625017.0,-0.26,5.07,0.75,1496355265
Sling,SLING,592,0.0149928,0.00000627,14.1496,16104.0,1074095.0,1074095.0,-0.26,4.74,8.59,1496355260
Creatio,XCRE,593,0.000775706,0.00000032,84.909,15918.0,20520514.0,20520514.0,-38.09,-35.69,-30.9,1496355279
Orlycoin,ORLY,594,0.000430416,0.00000018,1.23914,15773.0,36646779.0,36646779.0,-0.29,7.81,-1.97,1496355269
Blackstar,BSTAR,595,0.0000239120,0.00000001,103.952,15084.0,630795971.0,630795971.0,-0.26,5.07,-1.97,1496355281
Crypto,CTO,596,0.00150646,0.00000063,1.01234,14937.0,9915343.0,9915343.0,-0.29,10.32,-23.76,1496355260
AnarchistsPrime,ACP,597,0.00339828,0.00000142,312.18,14935.0,4394874.0,4394874.0,-0.26,6.54,7.77,1496355263
BowsCoin,BSC,598,0.00267814,0.00000112,1.79617,14864.0,5550102.0,5550102.0,-0.29,16.51,59.77,1496355261
Metal Music Coin,MTLMC3,599,0.000180663,0.00000008,29.5783,14402.0,79719140.0,79719140.0,-0.09,30.94,60.52,1496355261
Scorecoin,SCORE,600,0.000859626,0.00000036,27.7776,14314.0,16651760.0,16651760.0,-0.4,-2.31,-32.44,1496354988
MustangCoin,MST,601,0.0226881,0.00000949,43.284,14264.0,628701.0,628701.0,-0.21,-3.6,-15.68,1496355276
Firecoin,FIRE,602,0.143663,0.00006008,2.60397,14138.0,98412.0,98412.0,-0.26,-6.09,-53.15,1496355253
Prototanium,PR,603,0.0725028,0.00003032,194.943,14099.0,194462.0,194462.0,-0.28,-23.66,-25.69,1496355264
GuccioneCoin,GCC,604,0.000693448,0.00000029,21.3966,14067.0,20285537.0,23775537.0,-0.29,6.75,-8.6,1496355262
BitQuark,BTQ,605,0.00188905,0.00000079,34.3076,13517.0,7155671.0,7155671.0,-47.47,7.8,-45.84,1496355251
BlazeCoin,BLZ,606,0.0000217092,0.000000009,3.52245,13211.0,608557394.0,608557394.0,-8.03,6.11,2.24,1496355252
OsmiumCoin,OS76,607,0.0147537,0.00000617,8.15691,13190.0,894026.0,894026.0,-0.26,6.8,4.64,1496355265
BitTokens,BXT,608,0.0251076,0.00001050,5.99586,13027.0,518850.0,518850.0,-0.29,-28.89,150.21,1496355275
TAGRcoin,TAGR,609,0.000334768,0.00000014,2.63034,12945.0,38669634.0,38669634.0,-0.26,-8.06,-13.35,1496355263
Speedcash,SCS,610,0.0491897,0.00002060,14.9922,12840.0,261021.0,476108.0,-0.4,4.96,16.2,1496354990
GPU Coin,GPU,611,0.000314971,0.00000013,23.1201,12749.0,40477042.0,51530001.0,-0.03,6.24,19.79,1496355270
JobsCoin,JOBS,612,0.00011956,0.00000005,126.016,12676.0,106019270.0,200019300.0,-0.29,31.34,63.38,1496355277
Cannation,CNNC,613,0.00516257,0.00000216,157.495,12668.0,2453742.0,2453742.0,-54.02,-42.8,-57.54,1496354991
LetItRide,LIR,614,0.00035868,0.00000015,93.0857,12648.0,35263099.0,35263099.0,-0.29,,23.27,1496355273
Solaris,XLR,615,0.071794,0.00003007,298.463,12039.0,167692.0,267692.0,-0.47,-1.72,-46.09,1496354987
FuzzBalls,FUZZ,616,0.00240293,0.00000100,73.1548,11606.0,4829945.0,4829945.0,-0.39,-19.86,-23.33,1496355270
WARP,WARP,617,0.010593,0.00000443,2.66724,11602.0,1095224.0,1095224.0,-0.29,8.5,3.64,1496355266
Cabbage,CAB,618,0.00109995,0.00000046,88.0987,11549.0,10499996.0,10499996.0,4.24,8.07,1.08,1496355268
Bitcoin 21,XBTC21,619,0.0145198,0.00000655,,11516.0,793108.0,7093108.0,,,-35.98,1496220571
Abncoin,ABN,620,0.163963,0.00006867,303.046,11100.0,67700.0,4734367.0,-0.4,-11.02,-8.46,1496354982
Money,$$$,621,0.000240572,0.00000010,38.7397,11039.0,45887218.0,45887218.0,-0.66,-3.13,-20.21,1496355264
Iconic,ICON,622,0.0182906,0.00000750,,10844.0,592894.0,592894.0,,7.16,-12.74,1496321984
Comet,CMT,623,0.0123671,0.00000517,2.11914,10794.0,872830.0,872830.0,-0.73,2.98,-0.32,1496355272
TajCoin,TAJ,624,0.001793,0.00000075,32.8876,10336.0,5764809.0,5764809.0,1.36,0.02,25.25,1496355274
EGO,EGO,625,0.000167384,0.00000007,0.514084,10043.0,60000001.0,60000001.0,-0.29,22.58,-1.97,1496355276
Zonecoin,ZNE,626,0.00365853,0.00000153,60.1356,9446.0,2581970.0,2581970.0,-0.29,4.5,14.49,1496355273
G3N,G3N,627,0.00124342,0.00000052,2.09247,9403.0,7561891.0,7561891.0,-0.29,3.09,-5.99,1496355260
Shilling,SH,628,0.00290518,0.00000121,83.9616,9345.0,3216550.0,3216550.0,-0.88,43.62,146.51,1496355276
Xonecoin,XOC,629,0.0220229,0.00000921,0.502128,9250.0,420000.0,420000.0,-0.29,27.33,0.31,1496355274
High Voltage,HVCO,630,0.00611441,0.00000256,,9136.0,1494171.0,1694171.0,,4.95,,1496333672
1CRedit,1CR,631,0.10153,0.00004246,2.3912,8956.0,88213.0,88213.0,-0.29,5.12,-10.92,1496355267
Cashcoin,CASH,632,0.000244984,0.00000011,,8778.0,35831128.0,35831128.0,,,,1496155747
iBank,IBANK,633,0.00188905,0.00000079,0.453371,8550.0,4526324.0,4526324.0,-0.29,12.21,3.26,1496355281
DPAY,DPAY,634,0.0000956480,0.00000004,5.66021,7608.0,79541001.0,79541001.0,-0.29,4.9,-2.89,1496355277
Hirocoin,HIRO,635,0.0000239120,0.00000001,2.3912,7447.0,311435942.0,311435942.0,-0.26,5.07,-45.94,1496355249
ImpulseCoin,IMPS,636,0.00035868,0.00000015,39.0357,7262.0,20245510.0,20245510.0,-0.29,4.94,33.67,1496355277
Future Digital Currency,FDC,637,0.00274988,0.00000115,11.956,7075.0,2572901.0,1002572901.0,-0.26,6.93,-6.83,1496355281
JIO Token,JIO,638,0.00363462,0.00000152,432.949,6935.0,1908128.0,8888888.0,-0.29,13.27,45.74,1496355280
PosEx,PEX,639,0.00277379,0.00000116,5.01463,6805.0,2453240.0,2453240.0,-0.29,3.8,-9.75,1496355268
Dix Asset,DIX,640,0.0000000650,0.00000000003,29.8803,6496.0,100000000000,100000000000,-1.81,7.52,-38.19,1496355280
SydPak,SDP,641,0.0401004,0.00001677,213.021,6357.0,158531.0,158531.0,-0.26,27.96,19.21,1496355265
Argus,ARGUS,642,0.00537481,0.00000225,175.983,6172.0,1148324.0,5194373.0,-2.14,-68.04,-8.43,1496354985
Printerium,PRX,643,0.000645624,0.00000027,20.916,5859.0,9074428.0,9074428.0,-0.29,-32.85,-26.83,1496355281
Coinonat,CXT,644,0.00265266,0.00000111,244.253,5601.0,2111602.0,8111602.0,1.31,-22.32,-16.37,1496354989
Elysium,ELS,645,0.00138449,0.00000058,9.57223,5545.0,4005012.0,4005012.0,-0.4,21.72,-15.52,1496354984
Antilitecoin,ALTC,646,0.000167384,0.00000007,30.9904,5275.0,31512613.0,31512613.0,-0.29,22.58,-14.23,1496355268
Qibuck Asset,QBK,647,0.00359887,0.00000151,35.9887,5241.0,1456187.0,2000000.0,1.96,25.18,-33.2,1496354991
GanjaCoin,420G,648,0.0071736,0.00000300,78.9096,4828.0,672975.0,1741116.0,-0.29,-76.61,-78.84,1496355256
VapersCoin,VPRC,649,0.0000059295,0.000000002,5.98285,4626.0,780124964.0,1635124964.0,-0.98,7.31,-70.3,1496355274
Concoin,CONX,650,0.00636712,0.00000267,130.307,4380.0,687849.0,1538849.0,-0.4,2.64,1.51,1496354989
Save and Gain,SANDG,651,0.00141989,0.00000064,,4352.0,3064800.0,3064800.0,,,14.13,1496226272
BioBar,BIOB,652,0.0047757,0.00000200,52.8527,4230.0,885756.0,985756.0,-0.53,-1.08,31.75,1496354986
GeertCoin,GEERT,653,0.000811961,0.00000034,113.883,4128.0,5084039.0,5084039.0,-0.79,-4.97,-13.15,1496354986
NodeCoin,NODC,654,0.00221639,0.00000097,,3720.0,1678439.0,5878439.0,,0.63,31.0,1496270080
Revenu,REV,655,0.00272794,0.00000116,,3261.0,1195525.0,1195525.0,,1.9,-70.88,1496336068
Pulse,PULSE,656,0.00020529,0.00000009,48.0211,2935.0,14298972.0,14298972.0,-1.47,-42.49,-78.15,1496355268
Selfiecoin,SLFI,657,0.0000239120,0.00000001,0.47824,2578.0,107829281.0,107829281.0,-0.29,5.07,-1.97,1496355259
P7Coin,P7C,658,0.0000717360,0.00000003,0.535605,2527.0,35220238.0,35220238.0,-0.29,,,1496355259
Californium,CF,659,0.0203252,0.00000850,149.419,2258.0,111110.0,111110.0,-0.26,10.26,4.09,1496355261
Enigma,XNG,660,0.131086,0.00005482,180.135,2180.0,16627.0,66627.0,-0.26,74.28,,1496355270
Doubloon,BOAT,661,0.000524181,0.00000022,289.761,1860.0,3547845.0,18547845.0,-0.32,-8.17,-39.14,1496355282
Dollar Online,DOLLAR,662,0.0148254,0.00000620,104.265,1310.0,88379.0,10088379.0,6.32,0.53,35.06,1496355280
Powercoin,PWR,663,0.0000239120,0.00000001,108.385,1195.0,49983870.0,49983870.0,-0.26,5.07,-1.97,1496355272
23 Skidoo,CHAO,664,3610.77,1.51002,188.019,912.0,0.0,0.0,-0.29,5.77,-63.46,1496355262
Impeachcoin,IMPCH,665,0.00294117,0.00000123,22.7233,906.0,308179.0,2501512.0,-0.29,7.7,-58.57,1496355282
Zcashshare,ZHS,666,0.000215208,0.00000009,2.14447,608.0,2826000.0,2826000.0,-0.26,5.07,,1496355279
Digital Credits,DGCS,667,0.0000956480,0.00000004,172.766,557.0,5826388.0,201284316.0,-20.23,-39.96,-45.61,1496355265
SwapToken,TOKEN,668,0.0000122597,0.000000005,69.1951,430.0,35110531.0,35110531.0,-11.98,-38.57,868.71,1496355273
CRTCoin,CRT,669,0.0047824,0.00000200,0.0000000239,379.0,79270.0,10079270.0,-0.29,5.07,-1.97,1496355250
PizzaCoin,PIZZA,670,0.000167384,0.00000007,24.1736,231.0,1377917.0,10127917.0,-0.26,5.07,-1.97,1496355276
Xenixcoin,XEN,671,0.0155428,0.00000650,78.9096,157.0,10100.0,10010100.0,-0.29,-43.09,4.63,1496355279
CaliphCoin,CALC,672,0.000848843,0.00000035,52.7479,74.0,87140.0,148587140.0,-0.72,-30.06,-32.54,1496355277
MikeTheMug,MUG,673,0.0000051456,0.000000002,,5.0,999279.0,1000000.0,,,,1496047185
BTCGold,XBG,674,0.119536,0.00005006,312.893,,,99000001.0,-0.4,-43.2,-52.45,1496354990
Project-X,NANOX,675,298481.0,125.0,3444.57,,,1.0,-0.4,-57.68,,1496354992
Internet of Things,XOT,676,1229.65,0.514962,1451.59,,,21000000.0,-0.08,26.23,44.14,1496354989
AMIS,AMIS,677,273.66,0.114605,0.436111,,,,0.97,42.17,-41.23,1496354989
Bitcoin Unlimited (Futures),BTU,678,133.536,0.0559229,453.343,,,,0.07,38.73,-27.65,1496354987
Malcoin,MALC,679,24.15,0.0101137,43221.8,,,1000000000.0,-0.4,-18.55,-24.01,1496354990
GoldUnionCoin,GUC,680,19.3416,0.0081,21484.3,,,210000000.0,-0.4,-5.58,-11.97,1496354989
ZenCash,ZEN,681,17.9089,0.0075,3075.54,,,,65.99,,,1496354992
Qtum (Pre-Launch),QTUM,682,7.42666,0.00311019,26369600.0,,,100000000.0,-1.82,56.46,50.39,1496354991
Fargocoin,FRGC,683,7.14733,0.00298901,476961.0,,,443719185.0,-0.07,0.19,2.28,1496355280
EcoCoin,ECO,684,3.72428,0.00155968,94280.0,,,1093895.0,-7.48,11.93,-21.69,1496354991
Internet of People,IOP,685,3.66172,0.00153133,3424.33,,,2139402.0,4.46,-1.11,28.37,1496355279
DECENT (Pre-Launch),DCT,686,2.83215,0.00118441,4304.48,,,73290000.0,-0.29,21.1,-34.11,1496355279
PRIZM,PZM,687,1.03692,0.00043425,27012.8,,,,-0.4,1.15,-1.31,1496354992
Bitcore,BTX,688,1.03272,0.00043249,23284.5,,,16359491.0,-6.28,0.14,-41.75,1496354990
OBITS.WARRANT,WARRANT,689,1.00256,0.00045776,,,,,,,,1496189094
DynamicCoin,DMC,690,0.998644,0.00041763,376691.0,,,10541442931.0,-0.0,0.08,-0.05,1496355278
Databits,DTB,691,0.804705,0.000337,152211.0,,,,2.71,3.27,4.86,1496354987
Bitgem,BTG,692,0.789693,0.00033025,22.2008,,,,-0.29,-0.87,-17.82,1496355241
Aeternity (Pre-Launch),AE,693,0.692477,0.00029,1511.87,,,,-0.4,,,1496354992
TechShares,THS,694,0.590671,0.00024702,53.7668,,,646359158.0,-0.04,-0.71,-13.52,1496355274
XDE II,XDE2,695,0.568646,0.00023814,12.1731,,,42249.0,-0.37,2.32,10.96,1496354988
TeslaCoilCoin,TESLA,696,0.549713,0.00022989,153.398,,,100000000.0,-0.26,5.07,38.9,1496355271
GAY Money,GAY,697,0.498086,0.0002083,115.359,,,5603031078.0,-18.6,-6.45,6.74,1496355277
LEOcoin,LEO,698,0.45634,0.00019084,192872.0,,,92890658.0,0.88,4.39,13.29,1496355264
WA Space,WA,699,0.394691,0.00016506,36558.4,,,,-0.26,16.03,38.97,1496355279
ZenGold,ZENGOLD,700,0.28199,0.00011809,6035.9,,,,-0.96,6.54,,1496354992
ClubCoin,CLUB,701,0.277856,0.0001162,49581.2,,,90899180.0,-0.25,3.24,-15.1,1496355266
Yogold,YOG,702,0.26252,0.00010994,66.3727,,,100000000.0,-0.4,4.96,-49.65,1496354987
TROPTIONS,TROPTIONS,703,0.248173,0.00010598,,,,1000000001.0,,51.24,45.67,1496287780
Zilbercoin,ZBC,704,0.234218,0.00009809,742564.0,,,9008774.0,-3.44,18.74,-31.09,1496354983
Golos Gold,GBG,705,0.163032,0.00006818,9979.88,,,,11.25,24.5,-6.94,1496355283
Pabyosi Coin (Special),PCS,706,0.15904,0.00006651,5549.77,,,30993751760.0,-0.29,-19.6,29.75,1496355280
InvisibleCoin,IVZ,707,0.146126,0.00006111,0.707532,,,,-0.29,-65.48,,1496355265
AlpaCoin,APC,708,0.142348,0.00005953,358.523,,,,-0.29,8.87,16.96,1496355267
EquiTrader,EQT,709,0.126556,0.00005300,90549.0,,,7658760.0,-0.4,9.08,3.68,1496354991
Quartz,QRZ,710,0.118199,0.00004950,2698.17,,,21000000.0,-1.42,-86.19,,1496354991
Wowecoin,WEC,711,0.104,0.00004349,12085.9,,,8901692.0,,-0.0,-0.0,1496355273
Topaz Coin,TOPAZ,712,0.0949462,0.00003976,96.4381,,,37899.0,-0.4,-24.58,-44.97,1496354990
LandCoin,LDCN,713,0.088958,0.00003720,23802.8,,,19003881978.0,-1.32,58.09,91.34,1496355281
DeusCoin,DEUS,714,0.0841001,0.00003522,5352.59,,,,-1.88,2.69,-30.87,1496354989
InsaneCoin,INSN,715,0.082543,0.00003457,2125.4,,,18528239.0,2.82,26.87,15.48,1496354991
Omicron,OMC,716,0.071736,0.00003000,0.392133,,,10134085.0,-0.29,,69.94,1496355275
WavesGo,WGO,717,0.062486,0.00002617,78.1979,,,10000000.0,2.66,-4.5,-21.6,1496354989
Tattoocoin (Limited Edition),TLE,718,0.0615848,0.00002579,2.62664,,,975530.0,-0.4,-49.86,-32.62,1496354990
Elacoin,ELC,719,0.0420728,0.00001727,,,,,,7.05,35.56,1496326751
Fazzcoin,FAZZ,720,0.0392918,0.00001645,124.597,,,1022574795.0,-0.69,-29.83,-56.66,1496354989
International Diamond,XID,721,0.0379722,0.00001588,2396.57,,,,-0.29,,,1496355273
RHFCoin,RHFC,722,0.0298004,0.00001248,16644.5,,,200156890.0,-0.4,-2.43,2.63,1496354989
CryptoBuck,BUK,723,0.0293079,0.00001226,0.4167,,,,1.03,34.79,39.7,1496355256
DeltaCredits,DCRE,724,0.0291009,0.00001217,2.03792,,,,-0.29,-1.26,,1496355263
President Johnson,GARY,725,0.028311,0.00001184,200.623,,,57968072167.0,-0.29,4.36,11.17,1496355273
EDRCoin,EDRC,726,0.0259428,0.00001085,13357.7,,,3407292.0,4.76,-15.41,0.03,1496355269
IvugeoCoin,IEC,727,0.0237338,0.00000990,,,,,,5.34,-4.89,1496351061
ShellPay,SHELL,728,0.0210119,0.00000879,12162.8,,,,0.0,-1.15,-19.67,1496355262
Lepaoquan,HLB,729,0.0188079,0.00000787,517628.0,,,935498442.0,1.91,4.09,-38.33,1496355280
Avoncoin,ACN,730,0.0186514,0.00000780,1006.41,,,,-0.86,-0.46,0.42,1496355282
Gycoin,GYC,731,0.0153811,0.00000643,34993.8,,,22213403.0,-0.03,-12.7,-18.87,1496355273
KolschCoin,TP1,732,0.0148254,0.00000620,0.253921,,,,-0.29,30.22,35.97,1496355260
PiCoin,PI,733,0.0143271,0.00000600,33.4299,,,1378369.0,-0.4,211.77,95.6,1496354990
Mind Gene,MG,734,0.013869,0.00000580,13133.4,,,,4.67,7.94,13.28,1496355276
Digitalfund,DTF,735,0.0136651,0.00000571,11904.7,,,54000053.0,-4.86,10.97,-31.07,1496355275
Sharkcoin,SAK,736,0.00974844,0.00000408,1835.34,,,,-1.07,8.32,9.2,1496355258
Dashs,DASHS,737,0.00940813,0.00000394,42.8226,,,,-0.4,64.28,161.85,1496354989
Tyrocoin,TYC,738,0.00747397,0.00000313,52.5327,,,50131500.0,-0.4,,,1496354990
First Bitcoin,BIT,739,0.00742519,0.00000311,657.674,,,20706892918.0,-0.26,59.18,20.55,1496355274
Opal,OPAL,740,0.00659975,0.00000276,2563.79,,,,-0.56,6.01,7.38,1496355254
Helleniccoin,HNC,741,0.0065758,0.00000275,10627.3,,,,0.72,-18.21,65.38,1496355262
GBCGoldCoin,GBC,742,0.0065341,0.00000273,273.24,,,,0.0,-0.36,-19.64,1496355265
9COIN,9COIN,743,0.00651883,0.00000273,567.561,,,350050250.0,-0.4,12.82,27.15,1496354990
Slimcoin,SLM,744,0.00645624,0.00000270,11.956,,,13925626.0,-0.29,,39.3,1496355258
Psilocybin,PSY,745,0.00634604,0.00000265,,,,,-0.14,5.17,6.19,1496352269
Goldpay Coin,GP,746,0.00620072,0.00000260,16419.4,,,,-0.0,-3.24,-30.43,1496354991
Xaucoin,XAU,747,0.00576279,0.00000241,4.57094,,,,-0.29,5.51,12.5,1496355259
EggCoin,EGG,748,0.00562322,0.00000237,,,,,,4.26,,1496295864
Axiom,AXIOM,749,0.0047824,0.00000200,23.356,,,,-0.29,5.6,-2.95,1496355262
GoldReserve,XGR,750,0.00444763,0.00000186,1777.54,,,17161253.0,2.61,6.33,0.36,1496355252
netBit,NBIT,751,0.00420851,0.00000176,0.341463,,,,-0.29,6.84,25.02,1496355278
BagCoin,BGC,752,0.00407749,0.00000171,68659.5,,,497214120.0,0.23,-11.45,-15.75,1496355273
Bitcoin Scrypt,BTCS,753,0.00377809,0.00000158,3.32311,,,,-0.26,7.76,-9.95,1496355248
AvatarCoin,AV,754,0.00352518,0.00000159,,,,,,,15.28,1496159368
President Trump,PRES,755,0.00287903,0.00000120,40.2237,,,57968072167.0,-0.29,5.64,-25.98,1496355273
ZSEcoin,ZSE,756,0.00264607,0.00000111,128.766,,,6378695.0,-22.86,-25.02,-67.36,1496354987
Quotient,XQN,757,0.00263032,0.00000110,59.7351,,,,-0.26,,-24.49,1496355257
Clinton,CLINT,758,0.00258249,0.00000108,3.87374,,,,-0.29,4.97,12.63,1496355270
BitcoinFast,BCF,759,0.00250667,0.00000105,326.483,,,,-0.29,-30.47,-28.03,1496355257
RoyalCoin 2,RYCN,760,0.00245848,0.00000103,,,,2500124.0,,4.88,-0.47,1496333388
Neptune Classic,NTCC,761,0.00243561,0.00000102,1192.36,,,,-0.4,16.26,91.73,1496354985
GameLeagueCoin,GML,762,0.00237139,0.00000103,,,,,,,10.47,1496142551
OCOW,OCOW,763,0.00227517,0.00000099,,,,,,,18.41,1496142268
TrickyCoin,TRICK,764,0.00217599,0.00000091,13.7099,,,,-0.29,0.65,-25.04,1496355260
VGINA,VGINA,765,0.0021059,0.00000095,,,,11603228.0,,,,1496238289
RichCoin,RICHX,766,0.00210122,0.00000093,,,,5925522.0,,,,1496167172
Mavro,MAVRO,767,0.00168043,0.00000070,,,,15005722.0,,5.52,2.77,1496349588
Condensate,RAIN,768,0.00156724,0.00000066,858.565,,,42978104.0,4.01,6.14,-29.19,1496354990
Motocoin,MOTO,769,0.0015147,0.00000063,1.32747,,,,-0.26,107.57,200.39,1496355251
Advanced Internet Blocks,AIB,770,0.001384,0.00000058,42.4428,,,31411916238.0,-6.19,-14.95,33.79,1496355260
UR,UR,771,0.00131332,0.00000055,165.017,,,,-0.4,5.03,-0.1,1496354985
MMXVI,MMXVI,772,0.00129125,0.00000054,86.6319,,,,3.05,-14.79,-65.59,1496355267
RoyalCoin,ROYAL,773,0.00119334,0.00000050,108.72,,,2500124.0,-0.29,31.09,17.66,1496355277
Alphabet Coin Fund,FUN,774,0.00114778,0.00000048,105.497,,,20742012.0,-0.29,5.07,,1496355270
TodayCoin,TODAY,775,0.00109995,0.00000046,65.8521,,,,-0.29,-22.05,-13.72,1496355274
Digital Bullion Gold,DBG,776,0.00107604,0.00000045,1.85552,,,24523275.0,-0.26,39.06,-26.21,1496355272
Bitcedi,BXC,777,0.00103329,0.00000043,27.2181,,,,30.57,0.91,,1496355271
Skeincoin,SKC,778,0.00102822,0.00000043,0.0516977,,,,-0.26,,,1496355249
True Investment Coin,TIC,779,0.00102678,0.00000043,18.6701,,,,-0.4,4.95,10.71,1496354986
RubleBit,RUBIT,780,0.000980392,0.00000041,18.7797,,,,-0.26,48.91,38.63,1496355270
The Aladin,ADT,781,0.000892522,0.00000032,,,,,,,,1495722585
BestChain,BEST,782,0.000878764,0.00000037,78.6475,,,20042911.0,-0.39,-32.84,1.5,1496354987
SportsCoin,SPORT,783,0.000863571,0.00000036,,,,19800001.0,0.06,5.31,22.08,1496353177
Braincoin,BRAIN,784,0.00083692,0.00000035,8.08414,,,,-0.26,4.94,20.41,1496355270
Dubstep,DUB,785,0.000813008,0.00000034,7.50652,,,,-0.26,,,1496355262
IrishCoin,IRL,786,0.000789096,0.00000033,510.568,,,,-7.31,,,1496355261
WeAreSatoshi,WSX,787,0.000765184,0.00000032,150.072,,,,-0.26,,-10.38,1496355254
KashhCoin,KASHH,788,0.000763389,0.00000032,11092.4,,,,7.73,56.52,120.43,1496354985
FrankyWillCoin,FRWC,789,0.000741272,0.00000031,0.263008,,,,-0.29,5.07,8.53,1496355273
Lazaruscoin,LAZ,790,0.000741272,0.00000031,14.3702,,,,-0.29,12.21,,1496355276
Opescoin,OPES,791,0.000669536,0.00000028,0.530822,,,,-0.26,5.07,-0.43,1496355266
Quebecoin,QBC,792,0.0005978,0.00000025,18.4707,,,,-0.26,1.03,-29.12,1496355250
Donationcoin,DON,793,0.000573888,0.00000024,12176.1,,,,-0.29,,,1496355251
CBD Crystals,CBD,794,0.000505878,0.00000021,72.2126,,,,-12.67,-63.14,15.21,1496355277
Cubits,QBT,795,0.000502137,0.00000021,15.0663,,,,-0.29,,-26.86,1496355277
Vsync,XVS,796,0.000494909,0.00000021,258.167,,,103334172.0,1.36,2.41,-35.35,1496354988
T-coin,TCOIN,797,0.000454328,0.00000019,5891.11,,,,-0.26,10.91,4.17,1496355281
MarxCoin,MARX,798,0.000432348,0.00000018,333.309,,,29128280.0,-0.52,26.7,-13.53,1496354985
BitAlphaCoin,BAC,799,0.000427221,0.00000018,30.454,,,,-1.09,-41.68,-42.93,1496355266
DarkLisk,DISK,800,0.000382592,0.00000016,3.27594,,,17888425.0,-0.29,20.08,12.03,1496355269
UGAIN,GAIN,801,0.00035868,0.00000015,0.549952,,,,-0.29,26.93,,1496355273
PrismChain,PRM,802,0.000334768,0.00000014,71.7478,,,,-0.26,70.6,-81.2,1496355271
Sakuracoin,SKR,803,0.000334721,0.00000014,139.132,,,,3.4,13.69,10.77,1496355277
GoldMaxCoin,GMX,804,0.000332413,0.00000014,,,,84078950.0,,-8.92,-33.17,1496346877
Gambleo,GMB,805,0.000327765,0.00000014,,,,,,2.91,,1496283589
Cycling Coin,CYC,806,0.000286944,0.00000012,0.263008,,,,-0.26,14.62,3.15,1496355262
Operand,OP,807,0.000286944,0.00000012,10.5742,,,36309296.0,-0.29,-16.02,,1496355269
The Vegan Initiative,XVE,808,0.000286542,0.00000012,1014.18,,,,32.8,43.12,67.67,1496354988
BlazerCoin,BLAZR,809,0.000262663,0.00000011,8.29439,,,,-26.96,4.96,-10.31,1496354988
President Sanders,BURN,810,0.00023912,0.00000010,133.642,,,57968072167.0,-0.29,31.34,-42.34,1496355281
Grumfork,GMF,811,0.000238785,0.00000010,2.38785,,,,-0.4,4.95,-30.11,1496354989
MobileCash,MBL,812,0.000215208,0.00000009,3.56499,,,1068669648.0,28.2,35.09,26.04,1496355276
TeraCoin,TERA,813,0.000214906,0.00000009,3704.25,,,,12.05,4.96,24.32,1496354984
Happy Creator Coin,HCC,814,0.000193095,0.00000008,258.017,,,,-0.29,-3.01,-49.09,1496355272
Moneta,MONETA,815,0.000191296,0.00000008,2.17623,,,,-0.29,20.08,-17.9,1496355264
AsicCoin,ASC,816,0.000190727,0.00000008,,,,,,8.63,-2.12,1496332743
LAthaan,LTH,817,0.000167384,0.00000007,137.381,,,,-0.29,-18.34,,1496355276
TheCreed,TCR,818,0.00011956,0.00000005,16.0178,,,,-0.29,31.34,63.38,1496355270
TeamUp,TEAM,819,0.0000956480,0.00000004,3.89457,,,301004896.0,-0.29,,96.05,1496355278
Wowcoin,WOW,820,0.0000956480,0.00000004,147.106,,,,-0.29,5.07,96.05,1496355278
LinkedCoin,LKC,821,0.0000956480,0.00000004,32.4319,,,,-0.29,5.07,-1.97,1496355273
Halloween Coin,HALLO,822,0.0000843306,0.00000004,121.241,,,264606097.0,22.54,-21.53,-10.92,1496354991
LePen,LEPEN,823,0.0000514385,0.00000002,200.119,,,,-25.63,45.28,63.07,1496355282
PokeCoin,POKE,824,0.0000478240,0.00000002,132.637,,,,-0.29,,-1.97,1496355273
UNCoin,UNC,825,0.0000478240,0.00000002,664.76,,,,-0.29,5.07,45.45,1496355258
CyberCoin,CC,826,0.0000478240,0.00000002,2.3912,,,549267534.0,-0.29,29.22,-1.97,1496355259
Global Business Revolution,GBRC,827,0.0000478240,0.00000002,14.4907,,,900096049.0,-0.29,5.07,-1.97,1496355278
FireFlyCoin,FFC,828,0.0000478240,0.00000002,53.4054,,,,-0.29,5.07,-1.97,1496355256
Rcoin,RCN,829,0.0000478240,0.00000002,180.6,,,,-0.26,7.3,96.05,1496355277
PayPeer,PAYP,830,0.0000478240,0.00000002,16.6825,,,,-0.26,-29.95,,1496355269
ChoofCoin,CHOOF,831,0.0000478240,0.00000002,139.922,,,,-0.29,101.76,51.74,1496355278
MoneyCoin,MONEY,832,0.0000478240,0.00000002,35.223,,,,-0.29,-27.96,-27.15,1496355279
Tellurion,TELL,833,0.0000478240,0.00000002,0.71736,,,,-0.29,5.07,,1496355275
Cashme,CME,834,0.0000478240,0.00000002,0.23912,,,,-0.29,110.14,,1496355265
PinkDog,PDG,835,0.0000477570,0.00000002,21.7204,,,,-0.4,-47.52,95.61,1496354984
InflationCoin,IFLT,836,0.0000431084,0.00000002,2123.26,,,3236416302.0,-0.95,-3.39,-7.82,1496355282
VegasCoin,VGC,837,0.0000272156,0.00000001,0.0280321,,,,-0.2,-60.16,,1496355250
FedoraShare,FEDS,838,0.0000243914,0.00000001,11225.9,,,499001345474,0.0,3.77,35.49,1496355275
SuperTurboStake,STRB,839,0.0000239120,0.00000001,12.4342,,,,-0.29,5.07,-1.97,1496355267
Aces,ACES,840,0.0000239120,0.00000001,248.862,,,,-0.29,4.44,-14.76,1496355274
Safe Trade Coin,XSTC,841,0.0000239120,0.00000001,8.49942,,,604880000.0,-0.29,5.07,-1.97,1496355281
X2,X2,842,0.0000239120,0.00000001,4.19455,,,,-0.29,,-1.97,1496355265
SoulCoin,SOUL,843,0.0000239120,0.00000001,13.6059,,,,-0.26,5.07,-1.97,1496355271
Yescoin,YES,844,0.0000237987,0.000000010,373.204,,,,-0.29,4.58,-2.28,1496355281
President Clinton,HILL,845,0.0000236509,0.00000001,,,,57968072167.0,,3.92,-51.52,1496341776
Victoriouscoin,VTY,846,0.0000235893,0.000000010,121.592,,,10263290326.0,-0.43,3.65,1.67,1496355276
Virtacoin,VTA,847,0.0000202386,0.000000008,553.013,,,12423206610.0,-0.23,22.38,25.46,1496355253
XP,XP,848,0.0000014046,0.0000000006,228.385,,,133635560466,0.54,170.73,431.82,1496355274
BatCoin,BAT,849,0.0000007437,0.0000000003,746.214,,,,-13.29,,,1496355248
RabbitCoin,RBBT,850,0.0000005132,0.0000000002,64.94,,,,-2.39,27.08,-33.17,1496355254
BitCentavo,NBE,851,0.0000004557,0.0000000002,2.59424,,,,-4.71,,-60.71,1496355254
Dimecoin,DIME,852,0.0000003898,0.0000000002,451.382,,,527096249936,2.06,-1.5,-94.9,1496355245
StrongHands,SHND,853,0.0000000926,0.00000000004,109.151,,,,-0.18,-65.93,,1496355264
Paccoin,PAC,854,0.0000000750,0.00000000003,266.173,,,,-0.2,2.91,33.74,1496355265
Bond,BOND,855,,,,,1349.0,1349.0,,,,
bitRUBLE,BITRUBLE,856,,,,,,,,,,
