Name,Symbol,Rank,Price(BTC),Price(USD),24HVolume,MarketCap,%Change_1h,%Change_24h,%Change_7d,LastUpdated
Bitcoin,BTC,1,2381.43,1.0,1637630000.0,38974602452.0,16366050.0,16366050.0,-0.32,4.1,-2.02,1496358849
Ethereum,ETH,2,222.035,0.0934361,815943000.0,20455578143.0,92127719.0,92127719.0,0.06,-3.93,21.92,1496358564
Ripple,XRP,3,0.333879,0.00014062,570307000.0,12894972549.0,38621693933.0,99994661895.0,5.41,36.92,27.23,1496358842
NEM,XEM,4,0.223374,0.00009408,16580700.0,2010366000.0,8999999999.0,8999999999.0,1.41,10.27,1.29,1496358860
Ethereum Classic,ETC,5,17.0931,0.00719307,129272000.0,1575912901.0,92195851.0,92195851.0,0.48,-3.65,-3.24,1496358573
Litecoin,LTC,6,28.5927,0.0120421,413627000.0,1468804351.0,51369907.0,51369907.0,2.58,12.79,-7.68,1496358842
Dash,DASH,7,136.454,0.057469,48127700.0,1000461428.0,7331859.0,7331859.0,-0.47,-0.84,8.0,1496358848
Monero,XMR,8,43.6233,0.0183724,12789200.0,635107151.0,14558897.0,14558897.0,-0.69,4.02,2.38,1496358851
Stratis,STRAT,9,5.74254,0.00241656,17703000.0,565110919.0,98407833.0,98407833.0,0.17,10.28,98.89,1496358574
Bytecoin,BCN,10,0.00253061,0.00000107,6031210.0,463018271.0,182967059669,182967059669,-2.07,16.06,-2.09,1496358852
Stellar Lumens,XLM,11,0.0425919,0.00001794,45491100.0,411642019.0,9664795867.0,102940435314,4.45,23.41,-1.38,1496358854
Golem,GNT,12,0.455064,0.0001915,10534800.0,375369552.0,824872000.0,1000000000.0,-1.16,3.28,8.25,1496358579
Zcash,ZEC,13,248.718,0.104665,23813400.0,356028936.0,1431456.0,1431456.0,0.09,4.79,6.35,1496358577
Waves,WAVES,14,3.36858,0.00141756,3364590.0,336858000.0,100000000.0,100000000.0,-1.08,13.78,35.46,1496358571
Dogecoin,DOGE,15,0.00282122,0.00000119,23574500.0,309260778.0,109619518442,109619518442,-0.25,5.65,-10.18,1496358845
Gnosis,GNO,16,247.429,0.104123,2887710.0,273307599.0,1104590.0,10000000.0,0.03,-3.48,3.62,1496358590
Augur,REP,17,23.5222,0.00989858,4469300.0,258744200.0,11000000.0,11000000.0,-1.04,6.58,-10.19,1496358564
Steem,STEEM,18,0.989537,0.00041642,2566830.0,231871005.0,234322724.0,251296818.0,-1.01,2.06,-14.25,1496358569
Siacoin,SC,19,0.00819804,0.00000345,19072700.0,217211978.0,26495598747.0,26495598747.0,0.19,8.78,-13.19,1496358563
BitShares,BTS,20,0.0768228,0.00003235,15329200.0,199906754.0,2602180000.0,2602180000.0,-0.53,18.54,-6.18,1496358853
MaidSafeCoin,MAID,21,0.401041,0.0001689,1665470.0,181492072.0,452552412.0,452552412.0,0.39,1.65,-4.07,1496358850
DigiByte,DGB,22,0.0212054,0.00000893,28739700.0,171912854.0,8107031908.0,8107031908.0,-2.17,18.75,29.99,1496358849
Basic Attention Token,BAT,23,0.171346,0.00007211,4484340.0,171346000.0,1000000000.0,1500000000.0,2.44,,,1496358592
GameCredits,GAME,24,2.61031,0.00109936,1890700.0,164510392.0,63023316.0,63023316.0,-0.86,4.82,-9.22,1496358855
DigixDAO,DGD,25,81.0934,0.0341255,914008.0,162186800.0,2000000.0,2000000.0,0.99,2.87,-6.76,1496358570
BitConnect,BCC,26,22.3947,0.00942409,2430710.0,144153735.0,6436958.0,6436958.0,-0.54,18.88,42.67,1496358582
Lisk,LSK,27,1.33109,0.00056014,2374370.0,143430758.0,107754365.0,107754365.0,1.67,13.22,5.4,1496358568
Decred,DCR,28,24.5773,0.0103426,2836770.0,123353671.0,5019008.0,5439008.0,-0.21,12.7,5.62,1496358567
Ardor,ARDR,29,0.120199,0.00005058,2036580.0,120078740.0,998999495.0,998999495.0,0.31,18.6,-10.72,1496358572
SingularDTV,SNGLS,30,0.191229,0.00008047,321164.0,114737400.0,600000000.0,1000000000.0,1.11,3.04,14.25,1496358576
Factom,FCT,31,12.917,0.0054357,1360860.0,113065330.0,8753219.0,8753219.0,-0.37,6.06,-4.17,1496358565
Tether,USDT,32,1.02467,0.00043155,99578400.0,107583884.0,104993690.0,124951468.0,-0.58,-1.0,-1.44,1496358859
Iconomi,ICN,33,1.19907,0.00050459,805131.0,104319090.0,87000000.0,100000000.0,1.95,4.42,2.92,1496358576
Byteball,GBYTE,34,510.431,0.214798,728340.0,96616355.0,189284.0,1000000.0,2.75,26.46,61.92,1496358581
Round,ROUND,35,0.105503,0.00004440,363410.0,89677550.0,850000000.0,1000000000.0,-0.04,7.48,-23.16,1496358578
PIVX,PIVX,36,1.6367,0.00068875,1023130.0,87620006.0,53534555.0,53534555.0,-3.42,7.35,35.18,1496358567
Aragon,ANT,37,2.06211,0.00086777,638960.0,69297551.0,33605167.0,39609523.0,-0.03,-0.42,-2.3,1496358590
FirstBlood,1ST,38,0.798127,0.00033587,3609110.0,68286446.0,85558371.0,93468691.0,-0.78,6.81,-8.0,1496358576
AntShares,ANS,39,1.2405,0.00052202,8020600.0,62025000.0,50000000.0,100000000.0,0.9,20.13,5.99,1496358575
Nxt,NXT,40,0.0587704,0.00002475,2789080.0,58711629.0,998999983.0,998999983.0,-0.88,5.2,-15.93,1496358845
SysCoin,SYS,41,0.107,0.00004506,1535840.0,56191867.0,525157640.0,525157640.0,-0.36,3.32,-22.78,1496358854
Komodo,KMD,42,0.530939,0.00022343,232825.0,53595908.0,100945510.0,100945510.0,-2.86,7.29,9.13,1496358582
iExec RLC,RLC,43,0.632057,0.00026598,491956.0,49345191.0,78070793.0,86999785.0,-2.49,6.81,3.17,1496358588
Ubiq,UBQ,44,1.14027,0.00048024,1469610.0,42295777.0,37092773.0,37092773.0,-1.09,30.46,152.58,1496358856
Peercoin,PPC,45,1.59062,0.00066991,1393350.0,38367791.0,24121281.0,24121281.0,-0.23,6.62,-10.0,1496358840
Wings,WINGS,46,0.421838,0.00017752,1296930.0,37842384.0,89708333.0,100000000.0,6.45,40.63,51.5,1496358580
Lykke,LKK,47,0.258326,0.00010871,633417.0,35565266.0,137675904.0,1285690000.0,0.09,7.05,13.85,1496358578
ReddCoin,RDD,48,0.00118728,0.00000050,1254160.0,33867023.0,28524883248.0,28524883248.0,-2.41,9.9,-30.55,1496358846
Storjcoin X,SJCX,49,0.659791,0.00027788,557253.0,33763580.0,51173144.0,500000000.0,2.82,15.5,8.1,1496358855
Emercoin,EMC,50,0.839923,0.00035374,712468.0,33728700.0,40156895.0,40156895.0,0.43,-1.42,-18.58,1496358854
Melon,MLN,51,55.5439,0.0233739,484810.0,33293014.0,599400.0,749400.0,2.64,-2.27,-2.24,1496358585
BitcoinDark,BTCD,52,23.9785,0.0100988,57643.4,30904982.0,1288862.0,1288862.0,-0.91,6.12,6.91,1496358853
Omni,OMNI,53,53.7871,0.022653,12212500.0,30065869.0,558979.0,615295.0,-3.11,-21.6,162.49,1496358846
Counterparty,XCP,54,11.0639,0.00465968,1854440.0,28973679.0,2618758.0,2618758.0,0.6,-9.78,-9.58,1496358847
Ark,ARK,55,0.296703,0.00012486,375424.0,28275691.0,95299646.0,126549646.0,0.11,12.91,13.48,1496358585
Xaurum,XAUR,56,0.242777,0.00010225,164634.0,27604799.0,113704341.0,113704341.0,-1.13,-5.09,22.32,1496358861
Nexus,NXS,57,0.531723,0.00022394,96846.7,26502950.0,49843528.0,49843528.0,2.78,22.08,8.17,1496358858
Namecoin,NMC,58,1.73022,0.0007287,1070200.0,25497214.0,14736400.0,14736400.0,-0.73,8.54,-5.59,1496358840
Gulden,NLG,59,0.0697873,0.00002939,87299.0,24182726.0,346520445.0,448540600.0,-3.82,6.69,-3.94,1496358849
Synereo,AMP,60,0.274302,0.00011543,599530.0,22563074.0,82256324.0,949291063.0,-1.59,6.68,2.47,1496358569
WeTrust,TRST,61,0.235884,0.00009926,437917.0,21736121.0,92147500.0,100000000.0,0.43,-9.2,-9.51,1496358588
YbCoin,YBC,62,7.07205,0.00297847,2021180.0,21359442.0,3020262.0,3020262.0,-0.15,9.38,-10.86,1496358846
EarthCoin,EAC,63,0.00226399,0.00000095,5674840.0,21160311.0,9346468332.0,9346468332.0,1.5,2.22,-16.27,1496358844
Blocknet,BLOCK,64,5.31389,0.002238,125199.0,20780054.0,3910516.0,3910516.0,4.65,30.69,54.56,1496358857
TokenCard,TKN,65,0.872576,0.0003672,311329.0,20631236.0,23644056.0,39406760.0,-1.32,4.33,-13.05,1496358590
Burst,BURST,66,0.011214,0.00000472,4930250.0,19959088.0,1779836642.0,1779836642.0,-4.36,25.97,4.6,1496358856
Matchpool,GUP,67,0.266044,0.00011196,247549.0,19953300.0,75000000.0,98855150.0,3.06,12.87,-2.57,1496358587
E-Dinar Coin,EDR,68,0.0300295,0.00001264,355765.0,19830796.0,660377156.0,785377156.0,-0.11,14.33,13.61,1496358574
Edgeless,EDG,69,0.238997,0.00010057,398330.0,18984114.0,79432438.0,132046997.0,-1.11,5.69,-8.51,1496358586
PotCoin,POT,70,0.0838078,0.00003530,779726.0,18181115.0,216938215.0,216938215.0,-1.95,13.68,-15.92,1496358850
BitBay,BAY,71,0.0177362,0.00000747,62723.3,17869618.0,1007522335.0,1007522335.0,1.02,4.37,-6.99,1496358857
BlackCoin,BLK,72,0.233882,0.00009850,928968.0,17814269.0,76167766.0,76167766.0,-0.09,6.88,2.15,1496358847
NAV Coin,NAV,73,0.290384,0.0001223,624855.0,17808747.0,61328265.0,61328265.0,-0.3,6.39,-9.67,1496358852
BCAP,BCAP,74,1.75367,0.00073797,128746.0,17536700.0,10000000.0,10000000.0,5.34,11.76,-5.84,1496358590
Nexium,NXC,75,0.262066,0.00011028,9215360.0,17433046.0,66521586.0,66521586.0,-3.4,-15.84,30.77,1496358579
Expanse,EXP,76,2.36478,0.00099514,729296.0,17115000.0,7237460.0,16237460.0,-1.05,-0.84,2.69,1496358564
Infinitecoin,IFC,77,0.000182734,0.00000008,4117620.0,16555020.0,90596274910.0,90596274910.0,0.06,6.23,-13.85,1496358842
Unity Ingot,UNY,78,0.0816548,0.00003436,328676.0,16494270.0,202000000.0,10000000000.0,1.55,4.48,56.51,1496358590
ZCoin,XZC,79,7.28862,0.00306718,1601750.0,16255661.0,2230280.0,2230280.0,-2.91,-7.91,12.3,1496358577
Verge,XVG,80,0.00116358,0.00000049,1010160.0,15602994.0,13409472280.0,13409472280.0,-0.6,36.33,-7.31,1496358858
Swarm City,SWT,81,2.33477,0.00098251,49285.9,15501368.0,6639355.0,6639355.0,3.37,15.2,3.11,1496358585
Agoras Tokens,AGRS,82,0.357994,0.00015065,25995.6,15035748.0,42000000.0,42000000.0,-2.4,-7.83,-0.49,1496358562
Pepe Cash,PEPECASH,83,0.0211077,0.00000888,21193.7,14815157.0,701884009.0,701884009.0,-5.67,-7.28,-15.07,1496358576
OBITS,OBITS,84,0.991795,0.00041736,215468.0,14629335.0,14750362.0,16801100.0,-1.36,26.57,14.08,1496358565
Humaniq,HMQ,85,0.116151,0.00004888,599381.0,14351811.0,123561662.0,184190414.0,-0.66,-2.85,-41.21,1496358590
XtraBYtes,XBY,86,0.0220794,0.00000929,463139.0,14351610.0,650000000.0,650000000.0,3.05,42.19,238.5,1496358588
GridCoin,GRC,87,0.0362433,0.00001526,172595.0,14146222.0,390312753.0,390312753.0,0.37,2.74,5.62,1496358859
Radium,RADS,88,4.33433,0.00182396,1010790.0,14069551.0,3246073.0,3246073.0,1.87,8.96,15.13,1496358566
LBRY Credits,LBC,89,0.204951,0.00008625,544102.0,14044170.0,68524524.0,466424524.0,-1.49,1.03,-7.51,1496358572
TaaS,TAAS,90,1.70564,0.00071776,177065.0,13894145.0,8146001.0,8146001.0,0.63,3.36,11.57,1496358586
Chronobank,TIME,91,19.534,0.00822026,470544.0,13871344.0,710113.0,710113.0,-0.29,9.17,12.94,1496358585
MonaCoin,MONA,92,0.272803,0.00011489,27011.4,13781025.0,50516400.0,50516400.0,-1.33,5.74,-8.23,1496358848
Waves Community Token,WCT,93,2.7387,0.00115249,11491.2,13693500.0,5000000.0,10000000.0,7.25,27.89,32.5,1496358582
I/O Coin,IOC,94,0.783798,0.0003301,17408.6,12804239.0,16336146.0,16336146.0,-5.47,-1.91,-3.33,1496358855
Etheroll,DICE,95,1.81906,0.00076549,10886.1,12736372.0,7001623.0,7001623.0,0.64,12.28,-15.63,1496358591
Bankcoin,B@,96,2.92121,0.0012293,7378.56,12459194.0,4265080.0,25000000.0,-0.9,-7.42,-20.06,1496358587
Vertcoin,VTC,97,0.37079,0.00015616,670545.0,12399433.0,33440580.0,33440580.0,2.3,9.97,-0.77,1496358845
Bitland,CADASTRAL,98,0.410181,0.00017261,20610.0,12305430.0,30000000.0,30000000.0,0.27,55.31,163.76,1496358572
E-coin,ECN,99,4.40786,0.0018549,103152.0,12257264.0,2780774.0,211069666.0,-2.6,3.05,-3.36,1496358587
Pluton,PLU,100,13.4295,0.00565138,156084.0,11415068.0,850000.0,20000000.0,-0.34,16.37,62.85,1496358575
Golos,GOLOS,101,0.0922798,0.00003883,32025.5,11355260.0,123052501.0,123052501.0,-2.19,16.57,51.29,1496358579
Clams,CLAM,102,4.59209,0.001934,1544160.0,10567465.0,2301232.0,16206745.0,-2.49,13.03,-17.89,1496358854
MergeCoin,MGC,103,0.10535,0.00004433,1545400.0,10411279.0,98825620.0,103825620.0,-0.33,4.32,-29.5,1496358589
DigitalNote,XDN,104,0.00151167,0.00000064,1205100.0,10402550.0,6881495519.0,6881495519.0,-0.89,-0.77,-19.5,1496358853
Shift,SHIFT,105,0.952289,0.00040074,332160.0,10312234.0,10828891.0,10828891.0,-13.64,16.41,69.33,1496358563
LuckChain,BASH,106,0.0134376,0.00000565,571782.0,9730235.0,724105100.0,724105100.0,-4.12,48.44,28.71,1496358579
Mooncoin,MOON,107,0.0000437343,0.00000002,23234.6,9706554.0,221943746339,221943746339,10.84,18.72,-32.07,1496358844
vSlice,VSL,108,0.286399,0.00012052,191725.0,9563005.0,33390496.0,33390496.0,-0.04,-3.29,-8.08,1496358580
HEAT,HEAT,109,0.356328,0.00014995,11474.9,9387199.0,26344264.0,26344264.0,-0.47,1.59,-13.76,1496358572
FlorinCoin,FLO,110,0.0694036,0.00002923,403581.0,9299589.0,133992889.0,133992889.0,-2.86,6.75,-15.95,1496358843
Bitcrystals,BCY,111,0.395907,0.00016661,195692.0,9221237.0,23291422.0,23291422.0,0.49,7.31,-9.69,1496358563
FedoraCoin,TIPS,112,0.0000203206,0.000000009,76970.9,9005443.0,443168182458,443168182458,1.52,-3.87,-14.83,1496358844
Skycoin,SKY,113,1.64958,0.00069417,67564.7,8983284.0,5445801.0,100000000.0,8.54,2.26,-18.17,1496358588
Viacoin,VIA,114,0.392874,0.00016546,464304.0,8896668.0,22645092.0,22645092.0,-0.08,9.57,-5.49,1496358854
VeriCoin,VRC,115,0.286027,0.00012046,128587.0,8641194.0,30211113.0,30211113.0,1.34,10.27,-36.16,1496358851
Rubycoin,RBY,116,0.353214,0.00014876,20296.6,8615413.0,24391482.0,24391482.0,-0.63,3.13,4.88,1496358849
Energycoin,ENRG,117,0.0710419,0.00002992,4008.82,8591824.0,120940238.0,120940238.0,-0.63,-0.94,15.54,1496358850
Scotcoin,SCOT,118,0.00829175,0.00000349,6783.9,8291750.0,1000000000.0,1000000000.0,0.37,35.24,745.86,1496358852
NeosCoin,NEOS,119,2.4479,0.00103096,3433750.0,8191193.0,3346212.0,3346212.0,-4.48,18.73,16.92,1496358855
DNotes,NOTE,120,0.0655565,0.00002761,233653.0,8118947.0,123846564.0,123846564.0,-2.21,4.44,1.28,1496358848
Crown,CRW,121,0.570388,0.00024022,19766.2,7900918.0,13851831.0,13851831.0,-3.92,0.79,-8.2,1496358859
SaluS,SLS,122,7.85128,0.00330396,109159.0,7878252.0,1003435.0,1003435.0,2.62,64.55,20.17,1496358566
SolarCoin,SLR,123,0.221128,0.00009313,94025.2,7775602.0,35163351.0,98034180082.0,-1.4,-3.98,13.3,1496358849
Primecoin,XPM,124,0.4023,0.00016943,551965.0,7772170.0,19319339.0,19319339.0,2.11,5.1,-16.01,1496358842
Pascal Coin,PASC,125,0.777857,0.00032734,220236.0,7764102.0,9981400.0,9981400.0,-0.21,3.27,-6.24,1496358580
Creditbit,CRB,126,0.624369,0.00026274,223314.0,7413971.0,11874342.0,11874342.0,-0.72,-9.75,-9.14,1496358566
VPNCoin,VASH,127,0.0177987,0.00000750,1475220.0,7125527.0,400339746.0,400339746.0,0.14,6.86,-20.81,1496358858
BelaCoin,BELA,128,0.20182,0.00008500,226790.0,7056223.0,34962950.0,34962950.0,-1.77,5.55,-6.05,1496358849
Bitcoin Plus,XBC,129,71.2141,0.0299925,118372.0,6901296.0,96909.0,96909.0,-0.52,8.81,-4.07,1496358850
Global Currency Reserve,GCR,130,0.0656182,0.00002761,22514.8,6738252.0,102688762.0,102688762.0,-0.53,4.78,3.67,1496358563
Einsteinium,EMC2,131,0.0312835,0.00001318,132780.0,6594877.0,210810073.0,210810073.0,-0.9,3.77,-9.49,1496358848
Incent,INCNT,132,0.286337,0.0001205,133175.0,6588131.0,23008312.0,46016625.0,1.3,12.65,22.03,1496358579
Novacoin,NVC,133,3.74013,0.00157519,109712.0,6490671.0,1735413.0,1735413.0,0.96,2.8,-14.05,1496358844
Asch,XAS,134,0.0859578,0.00003617,160776.0,6446835.0,75000000.0,100000000.0,-2.5,8.2,-20.87,1496358587
Aeon,AEON,135,0.452297,0.00019033,3287.11,6435290.0,14228018.0,14228018.0,-0.96,0.07,-2.74,1496358562
Lunyr,LUN,136,2.77303,0.00116694,182732.0,6372016.0,2297853.0,2703356.0,0.02,4.99,-6.67,1496358590
Feathercoin,FTC,137,0.0388115,0.00001635,153006.0,6355922.0,163763880.0,163763880.0,-2.6,14.97,3.99,1496358844
Safe Exchange Coin,SAFEX,138,0.00273491,0.00000115,18935.6,5873175.0,2147483647.0,2147483647.0,6.3,2.65,-7.6,1496358566
SIBCoin,SIB,139,0.395502,0.00016643,17293.2,5791978.0,14644625.0,14644625.0,2.22,7.22,34.95,1496358565
ZClassic,ZCL,140,3.92549,0.00165192,921212.0,5780971.0,1472675.0,1472675.0,-3.59,-9.88,17.0,1496358578
WorldCoin,WDC,141,0.0475747,0.00002004,133375.0,5451688.0,114592178.0,114592178.0,0.94,9.41,-22.56,1496358841
FirstCoin,FRST,142,1.71927,0.0007235,60142.0,5343842.0,3108204.0,110000000.0,-1.22,-5.23,5.58,1496358582
Blitzcash,BLITZ,143,1.27519,0.00053706,167243.0,5181497.0,4063313.0,4063313.0,-2.56,35.86,294.69,1496358858
ION,ION,144,0.372231,0.00015664,21566.6,5115366.0,13742451.0,19642451.0,-3.8,-0.55,-23.94,1496358571
MonetaryUnit,MUE,145,0.0420466,0.00001771,34073.5,5107908.0,121482080.0,121482080.0,-0.28,-2.29,-14.12,1496358857
Auroracoin,AUR,146,0.580319,0.00024441,16521.7,5024483.0,8658139.0,8658139.0,-1.79,4.49,-3.79,1496358847
Gambit,GAM,147,4.23454,0.00178342,11836.4,5013461.0,1183945.0,1183945.0,-0.71,6.73,1.44,1496358861
PinkCoin,PINK,148,0.0155051,0.00000653,352327.0,4975942.0,320922900.0,370922900.0,0.2,8.08,-10.29,1496358852
OKCash,OK,149,0.0679207,0.00002861,555183.0,4861377.0,71574303.0,71574303.0,-3.06,52.39,129.32,1496358859
FoldingCoin,FLDC,150,0.00987886,0.00000416,402753.0,4838093.0,489741985.0,1000000000.0,-1.56,1.53,-11.0,1496358857
Janus,JNS,151,0.225901,0.00009506,15748.7,4728801.0,20933069.0,25201489.0,-0.03,5.77,-0.47,1496358582
RouletteToken,RLT,152,0.451802,0.00019013,27785.0,4559680.0,10092210.0,10092933.0,-0.54,1.96,4.38,1496358591
Vcash,XVC,153,0.29705,0.00012511,174665.0,4530324.0,15251047.0,15251047.0,-1.23,2.27,3.06,1496358859
Darcrus,DAR,154,0.331521,0.00013951,20112.2,4516563.0,13623762.0,13623762.0,1.58,11.34,10.05,1496358581
FairCoin,FAIR,155,0.0798746,0.00003364,2824.03,4241726.0,53104815.0,53104815.0,-7.15,12.45,12.17,1496358849
CloakCoin,CLOAK,156,0.835372,0.00035183,24507.2,4179628.0,5003313.0,5003313.0,1.45,-0.61,8.8,1496358852
MUSE,MUSE,157,0.0029513,0.00000124,1189.21,4057567.0,1374840478.0,1524840478.0,-12.75,33.91,-23.27,1496358862
Sphere,SPHR,158,1.30575,0.00054993,13712.5,4025549.0,3082940.0,3082940.0,-0.63,13.53,49.13,1496358861
NautilusCoin,NAUT,159,0.246457,0.0001038,560045.0,3987674.0,16180000.0,16180000.0,0.6,11.96,19.28,1496358850
bitCNY,BITCNY,160,0.135696,0.00005715,407828.0,3904612.0,28774700.0,28774700.0,-6.08,-3.08,-4.81,1496358855
DubaiCoin,DBIX,161,4.44169,0.00186914,16327.3,3860422.0,869134.0,869134.0,-3.28,5.43,46.39,1496358587
Unobtanium,UNO,162,19.4633,0.00819716,70217.0,3848371.0,197724.0,197724.0,1.25,9.21,-11.38,1496358843
Bitmark,BTM,163,0.985374,0.000415,199426.0,3844121.0,3901180.0,3901180.0,-0.92,5.4,11.46,1496358854
APX,APX,164,4.11637,0.00173224,87101.9,3704733.0,900000.0,1000000.0,-3.79,6.91,21.8,1496358591
LoMoCoin,LMC,165,0.0175596,0.00000739,104031.0,3659985.0,208432114.0,293432114.0,0.0,2.15,-10.97,1496358576
ICO OpenLedger,ICOO,166,7.39636,0.00311252,4441.78,3489565.0,471795.0,471795.0,0.1,15.68,-20.43,1496358570
Riecoin,RIC,167,0.0978158,0.00004120,686826.0,3343371.0,34180275.0,34180275.0,1.15,6.94,1.84,1496358850
ArtByte,ABY,168,0.0041029,0.00000173,77518.0,3170293.0,772695650.0,772695650.0,3.18,22.42,-19.33,1496358852
Spectrecoin,XSPEC,169,0.15285,0.00006432,272019.0,3117284.0,20394398.0,20394398.0,34.93,39.24,43.25,1496358582
Diamond,DMD,170,1.46134,0.00061546,10940.9,3103298.0,2123598.0,2123598.0,-0.13,2.01,0.82,1496358844
SpreadCoin,SPR,171,0.374404,0.00015768,22478.3,3044265.0,8130963.0,8130963.0,-11.0,4.91,-1.06,1496358857
Zennies,ZENI,172,0.00301793,0.00000127,6266.75,3019981.0,1000679640.0,1000679640.0,-0.58,0.58,-3.21,1496358588
BitSend,BSD,173,0.191704,0.00008074,18527.9,2923064.0,15247800.0,15247800.0,2.59,-1.98,23.65,1496358851
Wild Beast Block,WBB,174,1.25266,0.00052757,35063.0,2911884.0,2324561.0,2324561.0,-0.67,3.7,-25.62,1496358859
Quark,QRK,175,0.0116082,0.00000489,26937.2,2903223.0,250101047.0,250101047.0,-1.02,-2.67,-39.3,1496358843
Circuits of Value,COVAL,176,0.0072419,0.00000305,75429.7,2896760.0,400000000.0,1200000000.0,1.02,4.47,-7.51,1496358858
PoSW Coin,POSW,177,0.0692211,0.00002913,96990.6,2838065.0,41000000.0,70000000.0,4.3,57.17,11.55,1496358581
Musicoin,MUSIC,178,0.0165748,0.00000697,62354.2,2832272.0,170878172.0,170878172.0,-0.82,7.49,0.61,1496358585
Zetacoin,ZET,179,0.0166528,0.00000701,234232.0,2766940.0,166154628.0,166154628.0,-2.88,5.4,-11.19,1496358855
Curecoin,CURE,180,0.113461,0.00004779,17468.3,2689926.0,23707934.0,23707934.0,-2.17,-0.4,-15.07,1496358851
Megacoin,MEC,181,0.0776962,0.00003272,237518.0,2555152.0,32886450.0,32886450.0,-0.0,2.51,-32.91,1496358845
Ethbits,ETB,182,1.86514,0.00078489,2186.83,2512317.0,1346986.0,1634691.0,51.1,,,1496358592
XCurrency,XC,183,0.427391,0.00018,847.659,2481763.0,5806773.0,5806773.0,-0.63,-11.38,-11.91,1496358851
BitBean,BITB,184,0.00124778,0.00000053,81030.0,2442915.0,1957809000.0,1957809000.0,-3.67,-1.4,-30.99,1496358859
Veros,VRS,185,0.0283252,0.00001192,32927.0,2421435.0,85486938.0,10000000000.0,0.27,-16.64,4.61,1496358579
RaiBlocks,XRB,186,0.0321183,0.00001352,24335.1,2399758.0,74716227.0,340282367.0,-0.54,-0.65,-3.59,1496358585
Zeitcoin,ZEIT,187,0.0000656738,0.00000003,4073.35,2385532.0,36323954508.0,36323954508.0,-0.6,8.88,43.43,1496358848
Atmos,ATMS,188,0.0237157,0.00000998,148280.0,2373290.0,100072528.0,110072528.0,-0.87,1.83,0.51,1496358588
Rise,RISE,189,0.0220803,0.00000929,68060.0,2371142.0,107387215.0,107387215.0,-1.91,12.35,-3.08,1496358571
Minereum,MNE,190,5.94393,0.00250131,161995.0,2348410.0,395094.0,395094.0,2.69,103.41,127.11,1496358591
Myriad,XMY,191,0.00154739,0.00000065,42646.4,2299353.0,1485955500.0,1485955500.0,1.17,7.74,-20.32,1496358848
Mintcoin,MINT,192,0.0000940860,0.00000004,3914.3,2290518.0,24344936184.0,24344936184.0,29.02,21.9,-18.43,1496358847
Steem Dollars,SBD,193,1.55524,0.00065447,715474.0,2191770.0,1409281.0,1409281.0,-3.07,10.49,-10.77,1496358572
bitUSD,BITUSD,194,0.994312,0.00041876,194071.0,2176251.0,2188700.0,2188700.0,-2.8,-0.51,1.88,1496358856
Digitalcoin,DGC,195,0.06287,0.00002648,96297.1,2162086.0,34389793.0,34389793.0,3.38,4.4,-15.94,1496358844
ZcCoin,ZCC,196,0.0342964,0.00001444,333126.0,2114615.0,61657044.0,61657044.0,0.78,1.44,-28.54,1496358855
Espers,ESP,197,0.000103926,0.00000004,13362.1,2091646.0,20126298446.0,20126298446.0,-7.91,-1.69,-17.69,1496358569
HunterCoin,HUC,198,0.116094,0.00004889,104516.0,2047363.0,17635390.0,17635390.0,-0.99,-0.53,-8.4,1496358846
BoostCoin,BOST,199,0.171912,0.00007240,93938.4,2038101.0,11855487.0,11855487.0,4.58,1.62,-10.81,1496358852
Cryptonite,XCN,200,0.00612367,0.00000258,130911.0,2006327.0,327634783.0,327634783.0,3.21,7.46,-31.49,1496358854
BlockPay,BLOCKPAY,201,0.366905,0.0001544,740.003,1991670.0,5428300.0,98928316.0,1.1,9.9,15.41,1496358575
Groestlcoin,GRS,202,0.0290505,0.00001223,2126.6,1964236.0,67614530.0,67614530.0,1.21,-2.29,0.34,1496358849
Adzcoin,ADZ,203,0.0357361,0.00001504,7624.09,1959888.0,54843360.0,54843360.0,-13.06,6.47,-9.09,1496358566
Ethereum Movie Venture,EMV,204,0.290604,0.00012229,590.921,1937360.0,6666666.0,6666666.0,0.64,1183.71,-44.4,1496358589
GoldCoin,GLD,205,0.0466341,0.00001964,6236.61,1877185.0,40253484.0,40253484.0,1.2,11.9,-2.7,1496358842
FUNCoin,FUNC,206,0.349915,0.00014725,71343.6,1874964.0,5358341.0,100000000.0,-0.1,1.77,15.54,1496358590
Tickets,TIX,207,0.0000279230,0.00000001,41625.1,1867386.0,66876281414.0,66876281414.0,1.17,-3.07,-27.47,1496358842
Bata,BTA,208,0.377084,0.00015881,18139.8,1866963.0,4951053.0,4951053.0,-8.7,-3.68,22.02,1496358862
MaxCoin,MAX,209,0.0341041,0.00001436,71710.5,1856719.0,54442678.0,54442678.0,-0.15,0.47,-5.09,1496358846
iCash,ICASH,210,0.00830098,0.00000350,7077.12,1833662.0,220897051.0,220897051.0,-1.9,21.96,-6.59,1496358860
TransferCoin,TX,211,0.297982,0.0001254,16595.6,1779904.0,5973193.0,5973193.0,-3.08,13.22,-21.97,1496358564
Breakout Stake,BRX,212,0.280074,0.00011786,5981.38,1755527.0,6268082.0,6268082.0,-0.57,10.81,21.65,1496358572
DeepWebCash,DWC,213,1.25294,0.00052726,13606.9,1667068.0,1330525.0,1330525.0,-0.84,12.24,-38.37,1496358579
vTorrent,VTR,214,0.146049,0.00006151,4736.25,1579661.0,10815966.0,10815966.0,-2.57,5.96,13.43,1496358858
CryptoCarbon,CCRB,215,0.437698,0.00018419,9986.73,1559129.0,3562111.0,10000150.0,1.31,-13.93,30.13,1496358581
Startcoin,START,216,0.0323394,0.00001362,43866.3,1457853.0,45079785.0,70782220.0,-0.62,1.01,-27.91,1496358853
Sequence,SEQ,217,0.0317715,0.00001337,2596.32,1420158.0,44699132.0,44699132.0,-0.57,11.44,21.87,1496358576
ChainCoin,CHC,218,0.0965026,0.00004061,18238.3,1416456.0,14677907.0,14677907.0,-0.73,15.21,2.84,1496358563
EuropeCoin,ERC,219,0.13267,0.00005583,2319.87,1306958.0,9851194.0,9851194.0,-5.07,13.82,21.74,1496358562
EB3 Coin,EB3,220,0.280407,0.000118,25656.8,1287086.0,4590065.0,786000000.0,-2.24,2.26,-0.22,1496358587
2GIVE,2GIVE,221,0.0024996,0.00000105,18077.3,1282286.0,512996518.0,512996518.0,2.42,-3.31,-29.9,1496358570
Boolberry,XBB,222,0.132971,0.00005600,4223.53,1267543.0,9532480.0,9532480.0,-0.65,-2.62,-15.84,1496358852
Visio,VISIO,223,0.024944,0.00001050,1621.92,1262049.0,50595282.0,62595282.0,-0.51,-2.69,1.96,1496358584
Breakout,BRK,224,0.0681055,0.00002866,551.291,1219997.0,17913347.0,17913347.0,-0.58,-2.55,-13.57,1496358572
Bitswift,SWIFT,225,0.296799,0.000125,6871.78,1205262.0,4060870.0,4060870.0,-0.63,0.65,57.96,1496358856
Yocoin,YOC,226,0.0112829,0.00000475,49476.6,1191687.0,105618830.0,200000000.0,8.3,37.45,35.25,1496358566
Ixcoin,IXC,227,0.056623,0.00002385,9594.85,1189031.0,20999088.0,20999088.0,-5.81,94.01,19.57,1496358845
Stealthcoin,XST,228,0.0450185,0.00001896,2511.0,1178254.0,26172663.0,26172663.0,-0.63,0.69,-1.48,1496358853
Dynamic,DYN,229,0.685784,0.00028859,2155.94,1108019.0,1615696.0,4369600.0,-0.58,3.49,-0.75,1496358586
Inpay,INPAY,230,0.110119,0.00004634,82755.1,1101190.0,10000000.0,10000000.0,-0.92,-4.66,-22.51,1496358587
WhiteCoin,XWC,231,0.00422642,0.00000178,26390.6,1048380.0,248053947.0,248053947.0,-3.61,2.21,57.66,1496358852
TagCoin,TAG,232,0.186609,0.00007859,86919.9,1024785.0,5491617.0,5491617.0,0.0,2.06,-22.88,1496358842
Mercury,MER,233,0.0101913,0.00000429,1024.69,1019130.0,100000000.0,100000000.0,-0.12,-4.84,-15.69,1496358586
ArcticCoin,ARC,234,0.0427366,0.00001798,14456.2,997932.0,23350764.0,23350764.0,-2.16,30.41,-19.89,1496358577
PutinCoin,PUT,235,0.00497699,0.00000209,37411.9,997476.0,200417616.0,200417616.0,-0.56,32.69,11.77,1496358572
AudioCoin,ADC,236,0.00125587,0.00000053,3843.87,996154.0,793198644.0,793198644.0,-1.64,11.03,-15.89,1496358561
Triggers,TRIG,237,0.030417,0.00001280,28672.4,976556.0,32105593.0,100000000.0,3.2,-1.48,-14.93,1496358577
Creativecoin,CREA,238,0.0919078,0.00003868,2460.5,970246.0,10556728.0,12268456.0,-0.47,-15.72,-29.22,1496358591
Anoncoin,ANC,239,0.459661,0.00019359,3587.33,970030.0,2110317.0,2110317.0,-0.61,17.18,-30.16,1496358854
Renos,RNS,240,0.0290149,0.00001221,328109.0,967708.0,33352089.0,33352089.0,0.81,24.77,77.86,1496358584
LiteDoge,LDOGE,241,0.0000654229,0.00000003,5167.01,966560.0,14774030659.0,14774030659.0,3.77,-27.44,-3.14,1496358861
HiCoin,XHI,242,0.00507593,0.00000214,55054.8,963056.0,189729990.0,10189729990.0,0.6,8.03,-4.19,1496358570
Joincoin,J,243,0.391218,0.00016477,783.836,957859.0,2448402.0,2448402.0,0.91,-70.6,482.09,1496358855
DIBCOIN,DIBC,244,0.190847,0.00008031,4712.68,954235.0,5000000.0,5000000000.0,6.37,-0.58,11.55,1496358587
CannabisCoin,CANN,245,0.0122934,0.00000518,55376.6,949434.0,77231176.0,91859176.0,-0.61,3.91,28.3,1496358855
SecureCoin,SRC,246,0.12181,0.00005130,100479.0,948395.0,7785856.0,7785856.0,-1.27,1.86,-30.65,1496358847
Qwark,QWARK,247,0.0542278,0.00002282,17408.4,944454.0,17416409.0,250377576.0,0.84,6.09,24.79,1496358568
Hacker Gold,HKG,248,0.0584434,0.00002459,2976.1,941575.0,16110893.0,16110893.0,-0.24,8.25,-13.77,1496358580
BlueCoin,BLU,249,0.00162929,0.00000069,3125.64,936326.0,574683675.0,574683675.0,-0.19,25.92,223.68,1496358850
GlobalCoin,GLC,250,0.0142464,0.00000600,1305.1,928452.0,65171010.0,65171010.0,-0.65,3.52,-29.78,1496358845
Voxels,VOX,251,0.0287043,0.00001208,116272.0,904185.0,31500000.0,210000000.0,-5.2,4.92,-27.3,1496358569
PepeCoin,PEPE,252,0.0643211,0.00002707,17248.1,885088.0,13760465.0,13760465.0,4.01,-9.01,31.04,1496358567
Centurion,CNT,253,0.0333014,0.00001401,42155.9,860835.0,25849829.0,63388628.0,-0.51,3.28,-0.13,1496358583
Syndicate,SYNX,254,0.0762499,0.00003209,11867.1,859249.0,11268860.0,11268860.0,-28.76,-68.19,43.39,1496358572
HTMLCOIN,HTML5,255,0.0000204847,0.000000009,6906.55,832888.0,40659020000.0,40659020000.0,-0.28,9.29,-7.46,1496358856
EverGreenCoin,EGC,256,0.0624185,0.00002627,5045.7,831496.0,13321301.0,13321301.0,-3.05,2.98,-0.76,1496358566
VeriumReserve,VRM,257,0.733126,0.00030851,16121.0,815418.0,1112248.0,1112248.0,-1.35,-1.18,-24.79,1496358575
DopeCoin,DOPE,258,0.00733688,0.00000309,17930.0,815022.0,111085648.0,111085648.0,-0.47,4.51,-25.63,1496358848
Hush,HUSH,259,0.696295,0.00029301,232789.0,766542.0,1100888.0,1222363.0,-0.23,30.31,47.16,1496358579
Pesetacoin,PTC,260,0.0058405,0.00000246,5453.1,762401.0,130537020.0,130537020.0,-7.96,10.2,-14.18,1496358847
Unitus,UIS,261,0.0160858,0.00000677,21112.1,751930.0,46744935.0,46744935.0,-0.32,-7.11,8.34,1496358859
e-Gulden,EFL,262,0.0488031,0.00002055,1599.25,748867.0,15344662.0,20384002.0,0.49,3.6,-14.49,1496358850
Fantomcoin,FCN,263,0.11872,0.00005000,2633.46,695536.0,5858623.0,5858623.0,-0.63,18.69,-3.02,1496358852
FujiCoin,FJC,264,0.000710013,0.00000030,5974.37,683118.0,962119994.0,962119994.0,-0.7,39.98,43.16,1496358862
ExclusiveCoin,EXCL,265,0.163354,0.00006880,6470.26,667722.0,4087574.0,4087574.0,-0.63,8.01,-24.99,1496358856
Altcoin,ALT,266,5.34876,0.00225085,2903.85,653486.0,122175.0,134063.0,-0.31,6.88,8.29,1496358588
MediterraneanCoin,MED,267,0.0130592,0.00000550,7900.05,649128.0,49706598.0,49706598.0,-0.63,-1.51,-29.94,1496358857
HempCoin,THC,268,0.00306156,0.00000129,13357.9,648509.0,211823061.0,211823061.0,0.12,6.74,-23.67,1496358853
NuShares,NSR,269,0.000237468,0.00000010,16800.1,641702.0,2702268334.0,3317595863.0,-0.63,6.35,-52.37,1496358857
Ripto Bux,RBX,270,0.00185401,0.00000078,3182.36,634257.0,342100100.0,1000000000.0,-0.88,-8.15,7.34,1496358587
GeoCoin,GEO,271,0.25774,0.00010855,4476.56,632772.0,2455079.0,2455079.0,-0.59,3.62,9.86,1496358860
Tokes,TKS,272,0.962412,0.000405,8711.63,623281.0,647624.0,50000000.0,-0.58,16.3,4.32,1496358586
Deutsche eMark,DEM,273,0.0220602,0.00000929,1347.83,613128.0,27793416.0,27793416.0,6.36,10.13,-5.35,1496358843
Version,V,274,0.00140203,0.00000059,1340.41,613068.0,437271689.0,437271689.0,16.38,,,1496358591
ProCurrency,PROC,275,0.216046,0.00009092,2166.57,608214.0,2815205.0,15000053805.0,-0.57,-13.12,6.09,1496358589
Synergy,SNRG,276,0.215261,0.00009066,1734.87,597113.0,2773905.0,2773905.0,-1.12,7.6,-9.44,1496358861
UniBURST,UNIBURST,277,0.57737,0.00024297,2377.61,577369.0,999999.0,1000000.0,-2.08,41.62,215.15,1496358585
Magi,XMG,278,0.0809587,0.00003410,3245.82,571104.0,7054259.0,7054259.0,-2.14,12.78,-9.44,1496358856
TrustPlus,TRUST,279,0.0169057,0.00000712,902.413,542446.0,32086595.0,32086595.0,-0.63,2.09,-1.63,1496358853
Elcoin,EL,280,0.0483807,0.00002036,3548.05,542298.0,11208967.0,20935289.0,-2.95,-9.88,-2.85,1496358571
TileCoin,XTC,281,0.00515733,0.00000217,11482.6,515733.0,100000000.0,100000000.0,-4.36,-9.28,-19.2,1496358857
Canada eCoin,CDN,282,0.00503814,0.00000212,1096.04,490793.0,97415544.0,97415544.0,0.89,3.19,-12.76,1496358850
YashCoin,YASH,283,0.0474152,0.00001995,915.574,474158.0,10000116.0,10000116.0,-0.55,18.02,33.15,1496358581
DT Token,DRACO,284,0.00522028,0.00000220,23869.5,464025.0,88888888.0,88888888.0,-3.18,22.65,27.78,1496358572
KoreCoin,KORE,285,0.252042,0.00010615,700.842,461476.0,1830949.0,1830949.0,0.46,11.49,4.35,1496358852
Moin,MOIN,286,0.0656784,0.00002764,2520.23,456358.0,6948367.0,6948367.0,-6.19,15.6,1.95,1496358566
Capricoin,CPC,287,0.451859,0.00019015,13562.1,444734.0,984232.0,200984232.0,-0.57,11.2,14.89,1496358562
NobleCoin,NOBL,288,0.000189616,0.00000008,9909.0,434524.0,2291601016.0,2291601016.0,-0.63,3.68,-19.33,1496358845
1337,1337,289,0.0000186055,0.000000008,2678.9,423768.0,22776487514.0,22776487514.0,2.06,31.97,39.5,1496358565
IncaKoin,NKA,290,0.0000557642,0.00000002,1134.29,420294.0,7536991446.0,7536991446.0,-1.23,-8.39,130.01,1496358859
Bottlecaps,CAP,291,0.00303244,0.00000128,4116.1,420092.0,138532743.0,138532743.0,-0.5,259.57,318.89,1496358854
Happycoin,HPC,292,0.0362037,0.00001524,675.796,411488.0,11365901.0,11365901.0,-0.58,-3.99,176.08,1496358588
I0Coin,I0C,293,0.0190664,0.00000803,1859.14,399906.0,20974389.0,20974389.0,-0.49,8.2,0.12,1496358844
iTicoin,ITI,294,12.1719,0.00512215,34752.3,389501.0,32000.0,9999992.0,3.01,-15.75,39.99,1496358590
TrumpCoin,TRUMP,295,0.059426,0.00002501,6492.8,388616.0,6539502.0,6539502.0,-0.44,-11.39,-3.09,1496358567
PostCoin,POST,296,0.0237375,0.00000999,3858.95,374467.0,15775332.0,15775332.0,0.85,0.33,-2.97,1496358568
Master Swiscoin,MSCN,297,0.036058,0.00001517,8479.09,368941.0,10231870.0,1002557899.0,3.02,-2.87,-21.76,1496358584
Mineum,MNM,298,0.0384324,0.00001617,667.31,362662.0,9436367.0,9586367.0,5.36,-18.06,-21.23,1496358572
Virtacoinplus,XVP,299,0.0396849,0.00001670,1270.43,349895.0,8816827.0,10351420.0,-1.53,-3.24,-48.94,1496358585
Wyvern,WYV,300,0.299441,0.00012601,1230.67,326535.0,1090481.0,1090481.0,-0.58,27.83,14.0,1496358588
TeslaCoin,TES,301,0.00444053,0.00000187,1431.22,318705.0,71771889.0,71771889.0,-5.47,-7.06,3.36,1496358846
Jewels,JWL,302,0.0156845,0.00000660,2302.15,316446.0,20175740.0,20175740.0,-4.34,-9.34,-1.45,1496358574
Dotcoin,DOT,303,0.00139867,0.00000059,70357.5,314308.0,224719250.0,489719250.0,1.28,-0.25,17.74,1496358860
Terracoin,TRC,304,0.0155564,0.00000655,5282.6,312527.0,20089900.0,20089900.0,-0.6,6.88,-12.01,1496358840
GCoin,GCN,305,0.0000021651,0.0000000009,647.28,300911.0,138985235000,138985235000,-4.71,0.38,22.34,1496358858
CacheCoin,CACH,306,0.0831038,0.00003500,9035.23,299393.0,3602644.0,3602644.0,-0.63,-44.67,,1496358847
Asiadigicoin,ADCN,307,0.0114793,0.00000483,1086.25,286191.0,24931054.0,210000000.0,-14.23,3.02,-28.57,1496358567
MazaCoin,MZC,308,0.000259823,0.00000011,535.284,283887.0,1092618137.0,1092618137.0,8.32,3.7,4.13,1496358847
Karbowanec,KRB,309,0.0782594,0.00003293,6241.24,276535.0,3533568.0,3533568.0,-0.33,4.11,-7.72,1496358574
Neutron,NTRN,310,0.0205798,0.00000867,3207.36,259669.0,12617684.0,12617684.0,26.22,23.65,128.98,1496358861
Influxcoin,INFX,311,0.153774,0.00006471,4255.05,257323.0,1673383.0,1673383.0,-0.56,-2.91,-40.41,1496358563
ParkByte,PKB,312,0.0538038,0.00002266,786.721,256323.0,4764026.0,4764026.0,-4.63,4.11,0.02,1496358862
Bytecent,BYC,313,0.158135,0.00006660,14421.6,256276.0,1620614.0,1620614.0,0.83,-3.69,-16.31,1496358859
Quatloo,QTL,314,0.0333252,0.00001404,23622.6,247794.0,7435628.0,7435628.0,-13.08,-26.43,-28.22,1496358853
Sexcoin,SXC,315,0.00192467,0.00000081,3870.74,235824.0,122526876.0,122526876.0,-0.99,-23.97,-0.7,1496358843
Newbium,NEWB,316,0.00971917,0.00000409,78559.2,233260.0,24000000.0,51000000.0,-14.57,25.98,138.05,1496358571
8Bit,8BIT,317,0.199483,0.00008401,3431.86,232281.0,1164415.0,1164415.0,-1.1,-0.77,-35.44,1496358860
Zoin,ZOI,318,0.0214087,0.00000901,995.34,229803.0,10734100.0,10734100.0,-5.19,0.08,-20.7,1496358578
Atomic Coin,ATOM,319,0.0222084,0.00000935,821.45,223155.0,10048216.0,10048216.0,-0.68,-6.26,-30.55,1496358577
Rubies,RBIES,320,0.0213329,0.00000898,3093.21,221297.0,10373503.0,10373503.0,-0.81,-4.77,-20.06,1496358566
PRCoin,PRC,321,0.0230859,0.00000971,27033.8,217691.0,9429600.0,789429600.0,-0.78,8.56,-1.87,1496358584
MTMGaming,MTM,322,0.0716082,0.00003013,2667.62,214825.0,3000000.0,5000000.0,-2.05,27.25,71.1,1496358586
Torcoin,TOR,323,0.816645,0.00034366,5974.64,213796.0,261798.0,1261798.0,2.97,1.84,-27.87,1496358588
UltraCoin,UTC,324,0.00493874,0.00000208,3625.59,212835.0,43094914.0,43094914.0,-5.08,-1.17,25.51,1496358846
LiteBar,LTB,325,0.3202,0.00013485,946.115,206432.0,644697.0,644697.0,-0.64,15.97,3.93,1496358847
NuBits,USNBT,326,0.9949,0.00041901,47167.8,195768.0,196772.0,838087.0,-12.63,-0.54,-0.2,1496358855
GoldBlocks,GB,327,0.01243,0.00000523,2579.87,184785.0,14866064.0,14866064.0,-1.15,16.62,2.11,1496358571
42-coin,42,328,4286.21,1.80518,680.243,180021.0,42.0,42.0,-0.62,13.46,32.15,1496358844
Kobocoin,KOBO,329,0.00722711,0.00000304,523.113,178511.0,24700248.0,24700248.0,-0.63,-31.23,-48.84,1496358859
Flycoin,FLY,330,0.834518,0.00035118,14766.2,175921.0,210806.0,210806.0,-10.36,-49.61,100.59,1496358563
Tattoocoin (Standard Edition),TSE,331,0.00151855,0.00000064,952.262,173677.0,114370408.0,604370408.0,5.07,24.11,-0.01,1496358583
Fastcoin,FST,332,0.00130859,0.00000055,1878.71,165883.0,126764507.0,126764507.0,1.1,28.51,22.88,1496358842
UnbreakableCoin,UNB,333,0.0712484,0.00003001,5295.13,162315.0,2278150.0,2278150.0,3.21,-1.83,3.84,1496358851
Netko,NETKO,334,0.0653613,0.00002751,934.956,158722.0,2428384.0,2428384.0,-6.55,-8.85,-18.0,1496358585
bitBTC,BITBTC,335,2441.31,1.02818,45797.7,156439.0,64.0,64.0,-1.01,0.94,-4.22,1496358857
TheGCCcoin,GCC,336,0.0214107,0.00000901,1221.43,150617.0,7034668.0,867034668.0,-0.58,1.86,-26.29,1496358583
LanaCoin,LANA,337,0.000189144,0.00000008,508.24,141527.0,748249460.0,748249460.0,-0.77,35.35,49.62,1496358570
Piggycoin,PIGGY,338,0.000292304,0.00000012,2740.58,141419.0,483808958.0,483808958.0,16.77,-14.31,-37.18,1496358852
PipCoin,PIP,339,0.0211356,0.00000889,2300.03,138928.0,6573177.0,6999979.0,-0.57,-32.24,-7.24,1496358576
HoboNickels,HBN,340,0.00244595,0.00000103,756.649,118722.0,48538008.0,48538008.0,-0.64,-17.07,86.72,1496358844
bitEUR,BITEUR,341,1.14213,0.00048102,20188.4,115915.0,101490.0,101490.0,-1.66,0.5,2.36,1496358861
Pascal Lite,PASL,342,0.0576497,0.00002426,2703.93,113616.0,1970800.0,1970800.0,-0.33,-18.03,-44.83,1496358585
Machinecoin,MAC,343,0.00576978,0.00000243,2546.29,112824.0,19554275.0,19554275.0,-0.73,4.0,-14.97,1496358859
bitSilver,BITSILVER,344,20.2385,0.00852367,9041.3,112037.0,5536.0,5536.0,0.64,5.12,0.03,1496358859
MojoCoin,MOJO,345,0.009243,0.00000389,2208.31,111432.0,12055838.0,12055838.0,-0.57,7.3,-36.86,1496358568
DigitalPrice,DP,346,0.00479223,0.00000202,1265.47,108553.0,22651899.0,22651899.0,6.99,-24.29,6.26,1496358856
QuazarCoin,QCN,347,0.0189952,0.00000800,979.577,108441.0,5708845.0,5708845.0,9.65,28.67,5.56,1496358851
Rimbit,RBT,348,0.000934156,0.00000039,869.964,107895.0,115499623.0,393459356.0,-0.63,7.43,5.36,1496358858
Sumokoin,SUMO,349,0.240009,0.000101,7625.45,107564.0,448167.0,9337056.0,0.41,42.23,,1496358591
CHNCoin,CNC,350,0.00401781,0.00000169,9976.77,101491.0,25260247.0,170109984.0,-0.05,-2.89,-32.77,1496358853
Spots,SPT,351,0.00447846,0.00000189,612.693,100344.0,22406021.0,22406021.0,-0.53,37.84,56.74,1496358843
Phoenixcoin,PXC,352,0.00168428,0.00000071,1043.82,97464.0,57866825.0,57866825.0,4.24,37.32,43.26,1496358842
Eryllium,ERY,353,0.0221034,0.00000930,2389.62,96207.0,4352568.0,14352568.0,-3.02,3.15,-40.06,1496358583
Digital Rupees,DRS,354,0.000166343,0.00000007,3739.24,84968.0,510802961.0,510802961.0,-0.58,-48.01,14.22,1496358582
bitGold,BITGOLD,355,1485.99,0.625839,14354.1,81024.0,55.0,55.0,-6.15,4.83,10.6,1496358858
Emerald Crypto,EMD,356,0.00382317,0.00000161,2008.97,73088.0,19117129.0,19117129.0,-0.63,13.01,32.51,1496358842
Freicoin,FRC,357,0.00261183,0.00000110,17439.2,72879.0,27903391.0,100000000.0,-0.63,3.86,2.54,1496358841
Greencoin,GREV2,358,0.0000237439,0.00000001,2587.91,72589.0,3057156641.0,3057156641.0,-0.63,-65.38,-2.08,1496358853
Gapcoin,GAP,359,0.00629212,0.00000265,10845.2,68453.0,10879173.0,10879173.0,1.38,1.14,17.28,1496358857
Kurrent,KURT,360,0.00646424,0.00000272,911.026,64122.0,9919485.0,21319485.0,-0.15,-7.83,4.56,1496358579
CrevaCoin,CREVA,361,0.0017194,0.00000072,9099.88,62570.0,36390750.0,6240390800.0,0.61,2.97,-15.8,1496358862
MCAP,MCAP,362,6.25316,0.00263144,233930.0,62563.0,10005.0,100000000.0,-3.14,5.24,,1496358591
Wexcoin,WEX,363,0.359885,0.00015145,4802.39,60199.0,167272.0,10000167272.0,-4.4,1.08,13.34,1496358577
Argentum,ARG,364,0.00797797,0.00000336,2292.28,59850.0,7501909.0,7501909.0,-0.65,-15.36,-0.61,1496358846
NevaCoin,NEVA,365,0.0290052,0.00001221,677.24,52527.0,1810960.0,1810960.0,-0.53,7.2,25.8,1496358568
Acoin,ACOIN,366,0.0420911,0.00001773,7516.58,51355.0,1220085.0,1220085.0,-0.69,11.64,-29.31,1496358856
Philosopher Stones,PHS,367,0.0191851,0.00000808,3289.9,46605.0,2429219.0,2429219.0,-0.51,4.99,7.14,1496358843
Prime-XI,PXI,368,0.00278879,0.00000117,1253.88,41231.0,14784470.0,14784470.0,-0.05,-2.65,57.23,1496358857
Independent Money System,IMS,369,0.00673202,0.00000283,992.352,36144.0,5368934.0,5368934.0,1.13,-11.39,-5.76,1496358567
Rawcoin,XRC,370,0.0501642,0.00002111,3797.86,35360.0,704882.0,704882.0,-3.46,28.1,242.22,1496358579
Marijuanacoin,MAR,371,0.0638994,0.00002689,3622.75,33400.0,522690.0,522690.0,1.64,29.88,36.69,1496358583
MACRON,MCRN,372,0.0000728675,0.00000003,1510.37,29251.0,401421401.0,401421401.0,-0.58,-22.16,17.85,1496358589
BeaverCoin,BVC,373,0.00909393,0.00000383,626.205,28330.0,3115258.0,3115258.0,5.57,2.31,-7.98,1496358857
Allion,ALL,374,0.00448582,0.00000189,2249.19,27809.0,6199359.0,7323359.0,-0.55,-27.61,-49.61,1496358584
Honey,HONEY,375,0.355565,0.00014963,1191.12,24287.0,68306.0,68306.0,-3.08,-17.66,-61.78,1496358585
LevoPlus,LVPS,376,0.0451578,0.00001900,3730.49,18492.0,409492.0,91409492.0,-0.55,-56.8,-47.76,1496358586
Eurocoin,EUC,377,0.00145047,0.00000061,1046.83,17014.0,11730325.0,11730325.0,2.75,-9.33,-19.51,1496358563
AllSafe,ASAFE,378,0.0000187058,0.000000008,3575.21,13281.0,710000000.0,710000000.0,-0.85,2769.12,429.21,1496358577
Kittehcoin,MEOW,379,0.0000005422,0.0000000002,932.608,12961.0,23905669976.0,23905669976.0,-0.34,-16.69,-15.14,1496358845
Bitvolt,VOLT,380,0.000689135,0.00000029,539.056,10415.0,15112554.0,60132654.0,11.74,-12.38,-22.7,1496358590
Ebittree Coin,EBT,381,0.011644,0.00000490,907.757,10127.0,869680.0,810869680.0,-0.55,2.56,6.67,1496358589
Beatcoin,XBTS,382,0.0063182,0.00000266,1652.93,9633.0,1524686.0,2524686.0,-2.68,19.61,-8.47,1496358575
BenjiRolls,BENJI,383,0.000451502,0.00000019,4384.92,8553.0,18942736.0,18942736.0,-0.55,9.25,-22.48,1496358582
Environ,ENV,384,0.0000475148,0.00000002,2025.14,6231.0,131129509.0,931129509.0,-0.55,99.64,-91.1,1496358590
Digital Money Bits,DMB,385,0.0122681,0.00000516,15510.3,3676.0,299600.0,10299600.0,-14.13,-9.97,23.14,1496358591
Gold Pressed Latinum,GPL,386,0.192245,0.00008090,7319.4,,,203849.0,-0.28,2.13,6.88,1496358590
SnakeEyes,SNAKE,387,0.144256,0.00006071,557.549,,,10000000.0,-2.23,30.4,31.79,1496358590
Soarcoin,SOAR,388,0.0176908,0.00000744,690.288,,,5000000000.0,-0.51,29.75,-3.33,1496358586
Arcade Token,ARC,389,3.74133,0.00167261,,10785924.0,2882912.0,2882912.0,,,85.63,1496180681
SuperNET,UNITY,390,12.617,0.00531377,102.05,10296241.0,816061.0,816061.0,-0.7,-9.15,75.01,1496358856
Jinn,JINN,391,45.8906,0.0193273,458.906,2693916.0,58703.0,1000000.0,-0.7,5.22,9.67,1496358856
AsiaCoin,AC,392,0.0027366,0.00000115,167.199,2295220.0,838712243.0,838712243.0,-0.34,24.65,-31.12,1496358849
InstantDEX,DEX,393,2.25932,0.00095154,327.602,2259320.0,1000000.0,1000000.0,-0.7,5.22,-4.45,1496358855
Project Decorum,PDC,394,0.0363578,0.00001530,491.348,1817890.0,50000000.0,50000000.0,-0.57,6.07,-10.98,1496358571
NewYorkCoin,NYC,395,0.0000237403,0.000000010,6.88682,1417769.0,59719935819.0,59719935819.0,-0.63,3.86,124.17,1496358850
InsaneCoin,INSANE,396,0.0696563,0.00002931,263.049,1277564.0,18340965.0,18340965.0,-0.31,-18.21,26.42,1496358578
Bitpark Coin,BPC,397,0.0157313,0.00000662,171.491,1179848.0,75000000.0,100000000.0,-3.42,-1.5,-17.38,1496358580
Pangea Poker,PANGEA,398,0.880255,0.00037073,10.5631,879685.0,999352.0,1000000.0,-0.7,5.22,,1496358858
DubaiCoin,DBIC,399,0.162669,0.00006845,287.774,834332.0,5129014.0,6146942.0,-0.13,16.15,9.35,1496358568
ShadowCash,SDC,400,0.121978,0.00005137,405.526,813217.0,6666917.0,6666917.0,-0.65,4.63,-26.4,1496358854
Ultimate Secure Cash,USC,401,0.0782999,0.00003295,40.3975,809865.0,10343113.0,38602656.0,-0.58,39.11,4.6,1496358587
Woodcoin,LOG,402,0.100722,0.00004242,389.737,809321.0,8035193.0,8035193.0,-0.63,-7.19,-4.31,1496358860
Pandacoin,PND,403,0.0000237439,0.00000001,277.528,772031.0,32514916898.0,32514916898.0,-0.63,3.86,-2.08,1496358847
Carboncoin,CARBON,404,0.0000474879,0.00000002,7.56245,730931.0,15391933026.0,15391933026.0,-0.63,3.86,-2.06,1496358854
Cryptofund,FUND,405,0.5588,0.0002553,,558800.0,1000000.0,1000000.0,,,167.74,1495948164
SmileyCoin,SMLY,406,0.0000208479,0.000000009,59.3899,541217.0,25960250000.0,25960250000.0,-0.66,7.32,-79.87,1496358858
E-Currency Coin ,ECC,407,0.0000237439,0.00000001,2.39178,523805.0,22060603799.0,22060603799.0,-0.63,3.86,-2.08,1496358849
HitCoin,HTC,408,0.0000475265,0.00000002,246.946,522617.0,10996318099.0,20996318099.0,-0.55,107.96,95.92,1496358570
ReeCoin,REE,409,0.0406452,0.00001710,166.025,502688.0,12367704.0,6662367704.0,-1.7,1.98,-4.69,1496358572
Shorty,SHORTY,410,0.00499029,0.00000210,0.237846,499029.0,100000000.0,100000000.0,-0.58,3.98,105.68,1496358580
BTSR,BTSR,411,0.150219,0.00006321,489.011,497348.0,3310819.0,3310819.0,2.15,18.96,-21.88,1496358567
CageCoin,CAGE,412,0.0000046699,0.000000002,388.479,472447.0,101168328395,101168328395,0.29,14.24,-15.23,1496358847
Casino,CASINO,413,0.461989,0.00019441,19.4035,461989.0,1000000.0,1000000.0,-2.05,30.65,-13.9,1496358586
CasinoCoin,CSC,414,0.0117419,0.00000495,257.812,453251.0,38601187.0,38601187.0,-0.52,12.01,-13.76,1496358847
Tao,XTO,415,0.0146359,0.00000616,327.434,443703.0,30316090.0,32316090.0,-3.4,-18.68,-28.19,1496358575
Dashcoin,DSH,416,0.0242569,0.00001022,226.047,419440.0,17291579.0,17291579.0,-0.63,1.16,-0.55,1496358856
BitBar,BTB,417,11.463,0.00482777,448.769,373419.0,32576.0,32576.0,-0.52,0.63,0.25,1496358842
LTBcoin,LTBC,418,0.000742106,0.00000032,,366499.0,493863915.0,493863915.0,,-32.62,,1496287754
Orbitcoin,ORB,419,0.122777,0.00005171,30.2728,362822.0,2955130.0,2955130.0,-0.66,-0.44,0.79,1496358844
FuelCoin,FC2,420,0.00353785,0.00000149,25.3629,358782.0,101412319.0,101412319.0,0.38,13.76,,1496358853
RussiaCoin,RC,421,0.0420134,0.00001768,13.7398,345201.0,8216446.0,8216446.0,-0.46,4.1,1.24,1496358565
SuperCoin,SUPER,422,0.00831038,0.00000350,83.0957,342019.0,41155630.0,41155630.0,-0.63,,,1496358852
Trollcoin,TROLL,423,0.000614359,0.00000026,223.149,340169.0,553697562.0,553697562.0,-0.58,0.72,-8.76,1496358856
Colossuscoin V2,CV2,424,0.0000147029,0.000000006,250.772,326216.0,22187220273.0,22187220273.0,-0.64,-28.24,-63.99,1496358860
Crypto Bullion,CBX,425,0.32337,0.00013619,74.1897,322017.0,995817.0,995817.0,-0.62,34.75,-32.54,1496358842
Rare Pepe Party,RAREPEPEPRTY,426,16.1275,0.0067095,,290295.0,18000.0,100000.0,,-11.95,,1496315982
HOdlcoin,HODL,427,0.00308922,0.00000130,23.3487,285614.0,92455010.0,250000000.0,-0.57,-11.65,23.09,1496358567
KibiCoin,KIC,428,0.0190184,0.00000800,431.389,278423.0,14639650.0,14639650.0,-0.51,,,1496358592
SmartCoin,SMC,429,0.0114462,0.00000482,198.158,262014.0,22890958.0,22890958.0,-5.51,33.64,-19.73,1496358846
Veltor,VLT,430,0.451502,0.00019,230.751,250518.0,554855.0,554855.0,-3.0,12.1,42.84,1496358574
BTCtalkcoin,TALK,431,0.00357833,0.00000161,,233631.0,65290635.0,65290635.0,,,-29.23,1496191750
AgrolifeCoin,AGLC,432,0.0472658,0.00001990,,216040.0,4570744.0,204570744.0,,3.93,103.06,1496301878
VirtualCoin,VC,433,0.0210846,0.00000888,219.782,212201.0,10064287.0,10064287.0,-0.63,15.29,26.04,1496358854
BitcoinTX,BTX,434,0.00258809,0.00000109,1.11597,209787.0,81058774.0,81058774.0,-0.63,13.21,-37.22,1496358861
The Cypherfunks,FUNK,435,0.0000045754,0.000000002,60.8488,202010.0,44151695000.0,44151695000.0,-1.51,-1.1,-41.4,1496358561
BritCoin,BRIT,436,0.00947383,0.00000399,223.635,201490.0,21268092.0,21268092.0,-0.63,59.97,44.73,1496358853
Pesobit,PSB,437,0.00603587,0.00000254,415.524,197175.0,32667186.0,32667186.0,-0.55,8.24,-14.27,1496358577
Crave,CRAVE,438,0.157347,0.00006668,,196636.0,1249695.0,1249695.0,,3.22,178.61,1496344460
SwagBucks,BUCKS,439,0.946069,0.00039812,2.19079,194353.0,205432.0,205432.0,0.13,-25.32,-25.38,1496358565
Bitstar,BITS,440,0.00828959,0.00000349,214.916,191322.0,23079737.0,23079737.0,-0.33,13.32,34.53,1496358851
PureVidz,VIDZ,441,0.00152188,0.00000064,264.664,190514.0,125183654.0,125183654.0,-0.22,21.08,58.18,1496358582
BillaryCoin,BLRY,442,0.0203889,0.00000858,299.206,183157.0,8983158.0,8983158.0,-0.58,25.66,-10.05,1496358571
Bitz,BITZ,443,0.0892373,0.00003720,,177662.0,1990891.0,1990891.0,,4.9,-0.49,1496351362
NetCoin,NET,444,0.000223516,0.00000009,233.636,175935.0,787126712.0,787126712.0,8.49,8.67,-10.52,1496358846
Devcoin,DVC,445,0.0000125622,0.000000005,262.153,175874.0,14000227500.0,14000227500.0,-67.48,-74.72,-74.52,1496358840
Tristar Coin,TSTR,446,0.0343849,0.00001500,,172882.0,5027857.0,255027857.0,,0.48,41.41,1496271895
Zero,ZER,447,0.225751,0.00009500,284.526,167108.0,740230.0,740230.0,-0.59,-1.0,16.19,1496358585
Truckcoin,TRK,448,0.00121076,0.00000051,27.6813,148854.0,122942439.0,122942439.0,-0.63,35.8,106.62,1496358854
Vault Coin,VLTC,449,0.00495069,0.00000208,101.087,147145.0,29722110.0,529722110.0,3.91,3.98,9.99,1496358579
LottoCoin,LOT,450,0.0000100120,0.000000004,17.6408,145084.0,14491014421.0,14491014421.0,3.94,22.61,4.72,1496358847
Titcoin,TIT,451,0.00281017,0.00000118,107.516,140222.0,49898202.0,49898202.0,-1.28,-3.59,-22.38,1496358855
Stress,STS,452,0.000237633,0.00000010,1.00756,134295.0,565134332.0,565134332.0,-0.57,,-18.79,1496358567
Cannacoin,CCN,453,0.0284215,0.00001197,112.495,133515.0,4697671.0,4697671.0,-0.63,5.16,28.69,1496358850
Bitcurrency,BTCR,454,0.00070072,0.00000029,106.085,117802.0,168115565.0,168115565.0,-0.96,3.43,39.46,1496358579
MetalCoin,METAL,455,0.00151961,0.00000064,5.98837,116897.0,76925527.0,76925527.0,-0.63,,-10.08,1496358859
GAIA,GAIA,456,0.00466575,0.00000198,,112451.0,24101381.0,24101381.0,,3.08,-11.25,1496340859
BERNcash,BERN,457,0.00154172,0.00000065,499.538,109823.0,71234301.0,71234301.0,0.19,13.15,22.23,1496358569
TEKcoin,TEK,458,0.0000775593,0.00000003,306.956,109673.0,1414054562.0,1414054562.0,-18.85,-18.9,55.23,1496358851
C-Bit,XCT,459,0.000831714,0.00000035,64.2266,109602.0,131778500.0,131778500.0,-0.57,17.71,4.08,1496358567
Xiaomicoin,MI,460,0.000261235,0.00000011,32.5187,106098.0,406141855.0,406141855.0,6.4,-16.21,-12.87,1496358563
Swing,SWING,461,0.0453047,0.00001907,3.63332,103141.0,2276615.0,2276615.0,-0.57,-19.09,-3.28,1496358564
Coin(O),CNO,462,0.000996868,0.00000042,8.72213,102781.0,103104322.0,103104322.0,-0.65,-7.22,13.23,1496358848
HyperStake,HYP,463,0.000263964,0.00000011,466.123,101836.0,385796097.0,385796097.0,-0.62,-5.02,18.06,1496358854
Jin Coin,JIN,464,0.0103391,0.00000435,4.55542,101824.0,9848485.0,9848485.0,-0.55,151.34,,1496358576
BigUp,BIGUP,465,0.0000475265,0.00000002,6.72555,97618.0,2053970224.0,2053970224.0,-0.58,107.96,-2.08,1496358569
Cryptojacks,CJ,466,0.000239405,0.00000010,319.479,97335.0,406568581.0,406568581.0,6.2,5.26,-17.45,1496358572
Dollarcoin,DLC,467,0.0105509,0.00000444,10.1018,96084.0,9106714.0,9106714.0,-0.57,-16.45,-21.64,1496358575
Pakcoin,PAK,468,0.00261396,0.00000110,249.368,95679.0,36603250.0,36603250.0,-0.74,-1.24,-26.43,1496358563
Sterlingcoin,SLG,469,0.0246378,0.00001038,25.4463,95623.0,3881156.0,3881156.0,-0.33,1.08,-0.55,1496358856
GlobalBoost-Y,BSTY,470,0.00823111,0.00000347,90.4625,93822.0,11398430.0,11398430.0,0.76,-0.1,17.15,1496358857
Coin2.1,C2,471,0.000891447,0.00000038,224.11,89124.0,99976323.0,99976323.0,-0.63,0.3,-21.11,1496358852
TittieCoin,TTC,472,0.0000701989,0.00000003,109.211,88438.0,1259816434.0,1259816434.0,-1.93,-0.64,-3.05,1496358857
WayGuide,WAY,473,0.000873793,0.00000036,,87415.0,100040708.0,100040708.0,,6.21,16.2,1496318076
FlutterCoin,FLT,474,0.000265186,0.00000011,12.05,85447.0,322214524.0,322214524.0,-7.27,6.08,-0.86,1496358851
PayCoin,XPY,475,0.0072665,0.00000306,3.0295,85035.0,11702395.0,11752395.0,-0.63,-20.54,-50.15,1496358858
Triangles,TRI,476,1.16067,0.00048883,,84603.0,72891.0,72891.0,,3.86,7.48,1496346860
BunnyCoin,BUN,477,0.0000008177,0.0000000003,139.696,82925.0,101406673501,101406673501,-0.11,10.42,14.11,1496358855
KiloCoin,KLC,478,0.000403975,0.00000017,216.232,79299.0,196297971.0,10025186872.0,-0.57,35.63,18.88,1496358567
CorgiCoin,CORG,479,0.0000620860,0.00000003,9.57001,77723.0,1251855418.0,1251855418.0,-0.63,-25.93,-63.39,1496358846
UFO Coin,UFO,480,0.0000229521,0.00000001,,75420.0,3285978762.0,3285978762.0,,0.43,-7.79,1496273048
Darsek,KED,481,0.00760352,0.00000320,25.8632,74918.0,9853066.0,9853066.0,-0.55,2.37,-24.11,1496358588
GameUnits,UNITS,482,0.0215733,0.00000908,197.401,74770.0,3465877.0,3465877.0,-0.74,-10.72,-13.96,1496358581
Artex Coin,ATX,483,0.00370931,0.00000156,72.0872,69346.0,18695075.0,268695075.0,-0.92,4.63,19.15,1496358574
Blakecoin,BLC,484,0.00574603,0.00000242,23.9713,68440.0,11910789.0,11910789.0,-0.63,2.6,-4.62,1496358846
Valorbit,VAL,485,0.0000237633,0.00000001,12.3569,68253.0,2872203512.0,922340072203512,-0.57,3.98,-2.09,1496358568
SproutsExtreme,SPEX,486,0.0000237633,0.00000001,12.3569,68120.0,2866607586.0,2866607586.0,-0.57,3.98,-3.97,1496358567
NoLimitCoin,NLC2,487,0.000332686,0.00000014,33.6568,66690.0,200458481.0,200458481.0,-18.12,-3.23,-22.44,1496358575
Elementrem,ELE,488,0.00265895,0.00000112,327.687,66514.0,25014983.0,25014983.0,-0.61,-22.94,-38.86,1496358574
AurumCoin,AU,489,0.221281,0.00009319,322.434,65547.0,296216.0,296216.0,2.23,27.85,35.86,1496358857
AmberCoin,AMBER,490,0.0014952,0.00000063,,65255.0,43643263.0,43643263.0,,3.81,-15.52,1496347159
Guncoin,GUN,491,0.000356087,0.00000015,33.8868,64823.0,182043628.0,182043628.0,-6.85,3.84,51.61,1496358850
HempCoin,HMP,492,0.0000475265,0.00000002,74.997,64475.0,1356619514.0,2856619514.0,-0.57,3.98,95.81,1496358566
CCMiner,CCM100,493,0.0265643,0.00001118,27.1222,64189.0,2416354.0,6000000.0,-2.75,30.07,-2.31,1496358583
Yacoin,YAC,494,0.000546111,0.00000023,1.89949,63401.0,116095188.0,116095188.0,-0.63,3.86,-9.46,1496358841
Debitcoin,DBTC,495,0.0034932,0.00000147,16.2421,62849.0,17991933.0,25991933.0,-0.57,73.1,9.61,1496358571
Ratecoin,XRA,496,0.000581006,0.00000024,350.254,61623.0,106062855.0,106062855.0,-1.29,-20.8,-22.37,1496358862
ChessCoin,CHESS,497,0.00110312,0.00000046,22.6327,59530.0,53964703.0,53964703.0,-0.34,1.33,31.67,1496358572
Bitcloud,BTD,498,0.00527544,0.00000222,46.2745,58751.0,11136677.0,11136677.0,-0.57,-34.79,65.92,1496358575
MarteXcoin,MXT,499,0.0213429,0.00000898,0.191619,58227.0,2728161.0,2728161.0,0.5,-36.69,-26.94,1496358571
Nyancoin,NYAN,500,0.000187213,0.00000008,14.0251,55769.0,297891209.0,297891209.0,-1.96,-71.33,19.17,1496358847
PetroDollar,XPD,501,0.000856187,0.00000036,54.9603,54790.0,63993275.0,63993275.0,-0.65,6.97,-42.34,1496358850
Francs,FRN,502,0.0319404,0.00001344,216.254,54749.0,1714100.0,1714100.0,-0.57,23.23,39.67,1496358566
Chronos,CRX,503,0.000736383,0.00000031,380.279,54293.0,73729962.0,73729962.0,2.0,33.98,21.22,1496358572
MiloCoin,MILO,504,0.00521357,0.00000219,162.466,53630.0,10286664.0,10286664.0,0.53,30.21,107.43,1496358585
KushCoin,KUSH,505,0.00983799,0.00000414,10.9103,53059.0,5393288.0,5393288.0,-0.57,-3.91,-17.18,1496358583
Aricoin,ARI,506,0.000359104,0.00000015,4.56306,50369.0,140262505.0,140262505.0,-0.63,23.82,-5.19,1496358846
Zayedcoin,ZYD,507,0.00796069,0.00000335,23.691,49705.0,6243840.0,6243840.0,-0.57,3.98,-14.72,1496358575
Eternity,ENT,508,0.0160295,0.00000675,155.523,48999.0,3056823.0,3056823.0,-0.48,-3.58,-32.6,1496358580
UniCoin,UNIC,509,0.0166159,0.00000700,196.82,48367.0,2910860.0,2910860.0,18.9,24.53,36.55,1496358862
SatoshiMadness,MAD,510,0.0000237633,0.00000001,121.97,47543.0,2000683485.0,2000683485.0,-0.57,3.98,-2.09,1496358563
PonziCoin,PONZI,511,0.0546555,0.00002300,41.8663,47064.0,861099.0,861099.0,-0.61,18.28,-2.05,1496358570
DigiCube,CUBE,512,0.0000193337,0.000000008,0.00361184,46964.0,2429126009.0,2429126009.0,0.36,-15.42,-20.3,1496358569
AmsterdamCoin,AMS,513,0.00485988,0.00000205,173.161,46673.0,9603707.0,16803707.0,-0.71,7.29,17.74,1496358562
RevolverCoin,XRE,514,0.00213869,0.00000090,137.438,46606.0,21791706.0,21791706.0,-0.57,11.41,4.62,1496358571
Sativacoin,STV,515,0.00657363,0.00000274,,46520.0,7076815.0,7076815.0,,60.56,11.13,1496351959
Tigercoin,TGC,516,0.00106848,0.00000045,155.667,46518.0,43536800.0,43536800.0,-0.63,33.53,45.02,1496358844
Lex4All,LEX,517,0.0461988,0.00001944,209.327,46201.0,1000043.0,5000000.0,-2.23,62.9,-12.55,1496358585
RedCoin,RED,518,0.000617343,0.00000026,21.8369,45750.0,74107896.0,74107896.0,-0.63,-5.24,-30.87,1496358845
AquariusCoin,ARCO,519,0.0374318,0.00001575,127.38,45713.0,1221222.0,1221222.0,0.31,7.35,17.71,1496358570
808Coin,808,520,0.00021445,0.00000009,128.901,44085.0,205572991.0,205572991.0,11.31,15.47,22.47,1496358573
BurstOcean,OCEAN,521,0.20674,0.00008700,17.1325,43793.0,211827.0,1000000.0,-2.8,37.3,27.71,1496358585
Joulecoin,XJO,522,0.00130724,0.00000055,12.4658,42156.0,32247888.0,32247888.0,-0.64,6.28,15.6,1496358843
PX,PX,523,0.000546555,0.00000023,53.5425,41946.0,76746064.0,76746064.0,-0.57,19.58,,1496358573
Evotion,EVO,524,0.0169604,0.00000714,175.985,41879.0,2469220.0,2469220.0,-0.4,-16.33,-64.38,1496358565
ICOBID,ICOB,525,0.000385672,0.00000016,418.182,40057.0,103862796.0,103862796.0,-0.64,-10.86,0.99,1496358581
SpaceCoin,SPACE,526,0.00222747,0.00000094,8.95207,39621.0,17787635.0,17787635.0,-0.73,8.37,10.58,1496358563
UCoin,U,527,0.0147212,0.00000620,9.96994,39597.0,2689812.0,2689812.0,111.71,4.17,-3.31,1496358858
BTCDragon,DRAGON,528,0.0923977,0.00003888,101.637,37342.0,404146.0,1000000.0,-2.05,-43.65,-28.85,1496358584
OctoCoin,888,529,0.000755065,0.00000032,124.91,36509.0,48352748.0,48352748.0,-1.44,-30.21,31.43,1496358849
SixEleven,611,530,0.0869499,0.00003650,,35824.0,412009.0,412009.0,-0.32,4.24,-56.46,1496356171
Franko,FRK,531,0.0554659,0.00002336,0.413192,35329.0,636950.0,636950.0,-0.63,,-50.26,1496358841
WMCoin,WMC,532,0.0030417,0.00000128,0.470845,35063.0,11527489.0,911527489.0,-0.57,10.0,,1496358571
Cypher,CYP,533,0.00536613,0.00000226,5.36613,34157.0,6365285.0,6365285.0,-0.63,14.47,,1496358862
PopularCoin,POP,534,0.0000101951,0.000000004,33.3921,34078.0,3342576294.0,3342576294.0,5.17,10.49,1.55,1496358849
Universal Currency,UNIT,535,0.00260699,0.00000110,108.717,34012.0,13046431.0,13046431.0,-0.87,117.07,-38.18,1496358861
Universe,UNI,536,0.0114301,0.00000481,72.4176,33783.0,2955648.0,14155648.0,-0.58,5.27,12.72,1496358586
Bolivarcoin,BOLI,537,0.00518915,0.00000218,280.709,33607.0,6476350.0,6476350.0,1.18,12.6,24.21,1496358564
CoExistCoin,COXST,538,0.00122001,0.00000051,19.3998,33110.0,27138905.0,27138905.0,-15.34,-12.31,-4.45,1496358569
Dobbscoin,BOB,539,0.00649176,0.00000273,4.0325,32851.0,5060382.0,5060382.0,-0.62,2.86,4.65,1496358855
Hexx,HXX,540,0.0236016,0.00000994,499.487,31912.0,1352127.0,1352127.0,0.35,-13.82,-44.65,1496358862
Uro,URO,541,0.0260946,0.00001099,11.5523,31504.0,1207310.0,1207310.0,-0.63,2.65,-5.37,1496358852
CryptoWorldX Token,CWXT,542,0.000570318,0.00000024,7.3576,31176.0,54664300.0,54664300.0,-0.55,13.43,10.49,1496358584
Evil Coin,EVIL,543,0.00146442,0.00000062,4.855,30783.0,21020383.0,21020383.0,-2.22,-1.14,-3.21,1496358566
PayCon,CON,544,0.00131781,0.00000056,37.4699,30366.0,23042604.0,23042604.0,-0.27,13.59,-4.89,1496358860
RonPaulCoin,RPC,545,0.038394,0.00001617,19.3347,30280.0,788675.0,788675.0,-13.15,-16.29,-8.64,1496358846
Solarflarecoin,SFC,546,0.00213869,0.00000090,288.36,29329.0,13713750.0,13713750.0,-0.55,9.26,-20.84,1496358583
Dreamcoin,DRM,547,0.0120275,0.00000503,,29311.0,2436996.0,2436996.0,,4.59,,1496330352
Ride My Car,RIDE,548,0.000285159,0.00000012,48.2869,28828.0,101096112.0,101096112.0,3.77,33.05,0.37,1496358584
FlavorCoin,FLVR,549,0.00137702,0.00000058,8.09017,28777.0,20898106.0,20898106.0,0.81,11.38,64.31,1496358567
Hommalicoin,HMC,550,11.7946,0.00496011,,28528.0,2419.0,1000000000.0,,-3.41,,1496299177
Sprouts,SPRTS,551,0.0000001618,0.00000000007,49.6633,28162.0,174060112566,174060112566,39.45,80.87,-42.09,1496358563
NeuCoin,NEU,552,0.0000137696,0.000000006,73.693,27412.0,1990764588.0,2014638413.0,0.5,54.7,-70.75,1496358564
Bitzeny,ZNY,553,0.000356449,0.00000015,6.78187,26953.0,75614500.0,75614500.0,-0.57,-2.52,19.81,1496358561
GoldPieces,GP,554,0.0218443,0.00000920,400.482,26654.0,1220161.0,1220161.0,-0.61,7.14,-12.89,1496358858
SoonCoin,SOON,555,0.00213696,0.00000090,52.3179,26632.0,12462620.0,12462620.0,-0.63,1.87,-12.36,1496358859
Unrealcoin,URC,556,0.00375154,0.00000158,0.345142,26352.0,7024402.0,7024402.0,-0.63,,17.23,1496358861
Zurcoin,ZUR,557,0.000332686,0.00000014,101.201,26268.0,78956787.0,78956787.0,-0.57,-14.17,5.44,1496358570
BumbaCoin,BUMBA,558,0.00118816,0.00000050,28.5296,26073.0,21943676.0,21943676.0,-0.57,-46.37,-21.3,1496358568
BiosCrypto,BIOS,559,0.00124616,0.00000052,0.0150162,25842.0,20737003.0,20737003.0,5.33,11.35,54.48,1496358562
PIECoin,PIE,560,0.000356449,0.00000015,225.394,25686.0,72061356.0,72061356.0,-12.27,14.41,-10.76,1496358584
Theresa May Coin,MAY,561,0.00166343,0.00000070,217.956,25392.0,15264900.0,15264900.0,-0.58,-3.81,,1496358591
HealthyWormCoin,WORM,562,0.00166343,0.00000070,40.6363,24650.0,14818783.0,14818783.0,-24.12,1.09,-54.61,1496358587
Grantcoin,GRT,563,0.000594082,0.00000025,52.7291,24549.0,41322261.0,10041322261.0,-0.57,,-1.45,1496358562
Destiny,DES,564,0.0152085,0.00000640,48.8251,24334.0,1600000.0,1600000.0,-0.57,4.77,29.19,1496358567
AntiBitcoin,ANTI,565,0.00137827,0.00000058,1.37827,24072.0,17465159.0,17465159.0,-0.58,,,1496358566
CryptoEscudo,CESC,566,0.000166208,0.00000007,26.5009,23951.0,144105100.0,594105100.0,-0.63,3.83,-11.88,1496358850
Photon,PHO,567,0.0000013416,0.0000000006,43.027,23920.0,17829186190.0,17829186190.0,-0.59,-9.55,26.27,1496358848
X-Coin,XCO,568,0.00190575,0.00000080,,23603.0,12384976.0,12384976.0,,4.2,-9.7,1496330065
PlatinumBAR,XPTX,569,0.132171,0.00005562,11.9958,22994.0,173970.0,173970.0,-0.57,3.96,-12.85,1496358570
ARbit,ARB,570,0.00353785,0.00000149,7.0756,22877.0,6466280.0,6466280.0,-0.63,3.86,12.19,1496358861
Litecred,LTCR,571,0.000733086,0.00000031,203.666,22160.0,30227750.0,30227750.0,7.48,-6.72,260.25,1496358566
B3Coin,B3,572,0.0710284,0.00002989,1.86706,21811.0,307080.0,307080.0,4.54,67.53,22.75,1496358574
ParallelCoin,DUO,573,0.0736525,0.00003099,387.008,21174.0,287489.0,287489.0,0.16,6.73,-33.25,1496358564
MindCoin,MND,574,0.00159214,0.00000067,0.549121,19976.0,12546625.0,12546625.0,-0.57,3.98,5.83,1496358565
VIP Tokens,VIP,575,0.000237633,0.00000010,0.237633,19831.0,83450403.0,83450403.0,-0.58,3.98,8.62,1496358568
Flaxscript,FLAX,576,0.00358815,0.00000151,4.59949,19720.0,5495815.0,5495815.0,-0.55,3.29,0.72,1496358563
SongCoin,SONG,577,0.000604269,0.00000025,184.732,19678.0,32565300.0,32565300.0,0.44,12.03,-15.91,1496358860
Prototanium,PR,578,0.0995591,0.00004190,285.06,19360.0,194462.0,194462.0,37.4,4.39,2.55,1496358564
DAPPSTER,DLISK,579,0.000190106,0.00000008,0.237633,19011.0,100000000.0,100000000.0,-0.55,3.98,-2.17,1496358574
Magnum,MGM,580,0.00516496,0.00000225,,18734.0,3627050.0,253627050.0,,0.55,21.6,1496272491
PLNcoin,PLNC,581,0.00109222,0.00000046,1.15887,18666.0,17089600.0,19089600.0,-0.63,6.17,9.53,1496358849
Impact,IMX,582,0.000166343,0.00000007,52.2792,18184.0,109314611.0,109314611.0,-0.57,-14.03,-28.55,1496358586
IslaCoin,ISL,583,0.0119849,0.00000509,,18142.0,1513704.0,1513704.0,,3.03,-17.43,1496344164
Alexium,AUM,584,0.000879241,0.00000037,0.777724,17846.0,20297336.0,20297336.0,-0.58,1.24,6.54,1496358563
Luna Coin,LUNA,585,0.0145177,0.00000611,94.3692,17819.0,1227386.0,1227386.0,-0.18,1.7,-24.79,1496358581
SecretCoin,SCRT,586,0.0042061,0.00000177,0.42061,17786.0,4228672.0,4228672.0,-0.55,5.77,27.49,1496358566
LeaCoin,LEA,587,0.0000643282,0.00000003,44.5915,17766.0,276180089.0,276180089.0,-5.41,40.61,-24.25,1496358860
GameBet Coin,GBT,588,0.000831714,0.00000035,0.261372,17685.0,21262780.0,22262780.0,-0.57,,7.06,1496358569
BipCoin,BIP,589,0.0127609,0.00000537,39.0457,17149.0,1343889.0,1343889.0,-0.58,-30.12,-40.7,1496358578
Vector,VEC2,590,0.00104558,0.00000044,116.779,16562.0,15839981.0,15839981.0,-0.55,-38.38,-18.41,1496358564
Halcyon,HAL,591,0.00356159,0.00000150,14.5989,16552.0,4647315.0,4647315.0,-0.63,1.77,-20.39,1496358855
Steps,STEPS,592,0.000879241,0.00000037,0.43962,16376.0,18625017.0,18625017.0,-0.55,3.96,0.68,1496358568
Sling,SLING,593,0.0148875,0.00000627,14.0502,15991.0,1074095.0,1074095.0,-0.63,3.53,9.79,1496358861
Creatio,XCRE,594,0.000770881,0.00000032,84.3809,15819.0,20520514.0,20520514.0,-0.58,-36.36,-34.85,1496358579
Orlycoin,ORLY,595,0.000427739,0.00000018,0.974793,15675.0,36646779.0,36646779.0,-0.58,3.98,-2.04,1496358570
Metal Music Coin,MTLMC3,596,0.000188347,0.00000008,23.6386,15015.0,79719140.0,79719140.0,4.38,35.94,68.36,1496358862
Blackstar,BSTAR,597,0.0000237633,0.00000001,103.306,14990.0,630795971.0,630795971.0,-0.55,3.98,-2.04,1496358581
AnarchistsPrime,ACP,598,0.00337715,0.00000142,310.238,14842.0,4394874.0,4394874.0,-0.57,5.44,7.31,1496358562
Crypto,CTO,599,0.00149587,0.00000063,1.00522,14833.0,9915906.0,9915906.0,-0.63,9.05,-23.86,1496358861
BowsCoin,BSC,600,0.00265932,0.00000112,1.78355,14759.0,5550102.0,5550102.0,-0.63,15.18,59.14,1496358862
MustangCoin,MST,601,0.022741,0.00000957,41.1752,14297.0,628702.0,628702.0,0.29,-2.37,-25.54,1496358576
Scorecoin,SCORE,602,0.000850714,0.00000036,27.1749,14166.0,16651760.0,16651760.0,-1.13,-10.01,-32.82,1496358587
Firecoin,FIRE,603,0.142654,0.00006008,2.58567,14039.0,98412.0,98412.0,-0.63,3.93,-53.2,1496358853
GuccioneCoin,GCC,604,0.000689135,0.00000029,21.2635,13979.0,20285537.0,23775537.0,-0.57,0.51,-9.31,1496358562
FuzzBalls,FUZZ,605,0.00285701,0.00000120,257.898,13799.0,4829945.0,4829945.0,18.95,-4.78,-8.42,1496358569
BitQuark,BTQ,606,0.00187577,0.00000079,34.1766,13422.0,7155671.0,7155671.0,-0.63,6.56,-45.93,1496358851
OsmiumCoin,OS76,607,0.0146619,0.00000617,7.81293,13108.0,894026.0,894026.0,-0.57,4.74,4.51,1496358564
BlazeCoin,BLZ,608,0.0000215351,0.000000009,3.30613,13105.0,608557394.0,608557394.0,-0.66,4.76,-1.38,1496358853
BitTokens,BXT,609,0.0249514,0.00001050,5.95857,12947.0,518877.0,518877.0,-0.55,-20.17,149.62,1496358575
TAGRcoin,TAGR,610,0.000332686,0.00000014,2.61398,12865.0,38669634.0,38669634.0,-0.57,-9.02,-15.11,1496358562
Speedcash,SCS,611,0.0489523,0.00002060,14.9199,12778.0,261021.0,476108.0,-0.58,3.98,16.33,1496358589
GPU Coin,GPU,612,0.000315626,0.00000013,23.1725,12776.0,40477042.0,51530001.0,-0.32,7.42,21.66,1496358570
Cannation,CNNC,613,0.00513766,0.00000216,156.735,12606.0,2453743.0,2453743.0,-0.58,-43.84,-57.5,1496358590
JobsCoin,JOBS,614,0.000118816,0.00000005,125.232,12597.0,106019270.0,200019300.0,-0.57,29.98,63.18,1496358577
LetItRide,LIR,615,0.000356449,0.00000015,92.5067,12570.0,35263331.0,35263331.0,-0.57,,22.38,1496358572
VapersCoin,VPRC,616,0.0000160763,0.000000007,13.8056,12542.0,780124964.0,1635124964.0,171.24,189.8,-28.68,1496358573
Solaris,XLR,617,0.0714474,0.00003007,291.753,11988.0,167785.0,267785.0,-0.58,-6.87,-44.47,1496358586
WARP,WARP,618,0.0105271,0.00000443,2.65065,11530.0,1095224.0,1095224.0,-0.57,7.37,3.51,1496358566
Bitcoin 21,XBTC21,619,0.0145198,0.00000655,,11516.0,793108.0,7093108.0,,,-34.46,1496220571
Cabbage,CAB,620,0.00109311,0.00000046,75.6692,11478.0,10499996.0,10499996.0,-0.57,7.32,-2.99,1496358568
Abncoin,ABN,621,0.163172,0.00006867,301.583,11047.0,67700.0,4734367.0,-0.57,-11.85,-13.08,1496358581
Money,$$$,622,0.000239055,0.00000010,38.3066,10970.0,45887218.0,45887218.0,-0.58,0.02,-19.14,1496358564
Iconic,ICON,623,0.0182906,0.00000750,,10844.0,592894.0,592894.0,,6.71,-11.92,1496321984
Comet,CMT,624,0.0122902,0.00000517,2.10596,10727.0,872830.0,872830.0,-0.57,2.25,-1.11,1496358571
TajCoin,TAJ,625,0.00178301,0.00000075,23.3178,10280.0,5765704.0,5765704.0,0.98,-2.45,22.95,1496358574
EGO,EGO,626,0.000166343,0.00000007,0.510886,9981.0,60000001.0,60000001.0,-0.57,21.31,-2.09,1496358576
Zonecoin,ZNE,627,0.00363578,0.00000153,58.3044,9387.0,2581970.0,2581970.0,-0.55,20.3,14.6,1496358575
G3N,G3N,628,0.00123469,0.00000052,2.07776,9337.0,7561891.0,7561891.0,-0.63,1.9,-5.8,1496358862
Shilling,SH,629,0.00288711,0.00000121,83.4394,9287.0,3216600.0,3216600.0,-0.57,40.32,138.54,1496358575
Xonecoin,XOC,630,0.021886,0.00000921,0.499005,9192.0,420000.0,420000.0,-0.57,26.01,0.19,1496358574
High Voltage,HVCO,631,0.00611441,0.00000256,,9136.0,1494171.0,1694171.0,,4.51,80.47,1496333672
1CRedit,1CR,632,0.100899,0.00004246,2.37633,8901.0,88213.0,88213.0,-0.58,4.03,-15.15,1496358568
Cashcoin,CASH,633,0.000244984,0.00000011,,8778.0,35831128.0,35831128.0,,,,1496155747
iBank,IBANK,634,0.00188531,0.00000079,,8534.0,4526324.0,4526324.0,-0.13,4.42,3.63,1496357683
DPAY,DPAY,635,0.0000950531,0.00000004,5.625,7561.0,79541001.0,79541001.0,-0.57,3.98,-3.92,1496358577
Hirocoin,HIRO,636,0.0000237439,0.00000001,2.37439,7395.0,311436408.0,311436408.0,-0.63,3.86,-40.31,1496358849
ImpulseCoin,IMPS,637,0.000356449,0.00000015,38.7929,7216.0,20245510.0,20245510.0,-0.57,3.98,33.51,1496358577
Future Digital Currency,FDC,638,0.00273278,0.00000115,11.8816,7031.0,2572901.0,1002572901.0,-0.58,5.82,-6.9,1496358581
JIO Token,JIO,639,0.00361202,0.00000152,430.256,6892.0,1908128.0,8888888.0,-0.57,12.09,45.34,1496358580
PosEx,PEX,640,0.00275654,0.00000116,4.98344,6762.0,2453240.0,2453240.0,-0.57,2.22,-9.87,1496358568
Dix Asset,DIX,641,0.0000000648,0.00000000003,29.789,6476.0,100000000000,100000000000,-0.47,5.68,-37.55,1496358581
SydPak,SDP,642,0.039851,0.00001677,211.696,6318.0,158531.0,158531.0,-0.58,26.63,19.06,1496358563
Argus,ARGUS,643,0.0053526,0.00000225,175.241,6147.0,1148324.0,5194373.0,-0.51,-68.3,-8.72,1496358584
Printerium,PRX,644,0.000641608,0.00000027,20.7859,5822.0,9074428.0,9074428.0,-0.57,-32.62,-26.19,1496358582
Coinonat,CXT,645,0.0026388,0.00000111,223.304,5576.0,2113102.0,8113102.0,-0.62,-17.52,-12.18,1496358588
Elysium,ELS,646,0.00137781,0.00000058,9.52603,5518.0,4005012.0,4005012.0,-0.58,20.58,-15.45,1496358583
Antilitecoin,ALTC,647,0.000166343,0.00000007,30.7976,5242.0,31512613.0,31512613.0,-0.57,21.31,-14.33,1496358568
Qibuck Asset,QBK,648,0.00346491,0.00000146,34.6491,5046.0,1456187.0,2000000.0,-2.23,18.47,-35.42,1496358591
GanjaCoin,420G,649,0.00712318,0.00000300,78.355,4794.0,672975.0,1741116.0,-0.63,-75.18,-78.89,1496358857
Concoin,CONX,650,0.00633639,0.00000267,129.678,4358.0,687849.0,1538849.0,-0.55,1.67,1.64,1496358589
Save and Gain,SANDG,651,0.00141989,0.00000064,,4352.0,3064800.0,3064800.0,,,14.71,1496226272
GeertCoin,GEERT,652,0.000808197,0.00000034,113.355,4110.0,5085439.0,5085439.0,-0.56,-7.53,-11.33,1496358585
BioBar,BIOB,653,0.00463384,0.00000195,52.4346,4104.0,885756.0,985756.0,-3.07,-8.36,24.82,1496358585
Californium,CF,654,0.0337401,0.00001421,168.357,3749.0,111110.0,111110.0,66.12,82.2,73.88,1496358861
NodeCoin,NODC,655,0.00221639,0.00000097,,3720.0,1678439.0,5878439.0,,0.44,36.68,1496270080
Revenu,REV,656,0.00272794,0.00000116,,3261.0,1195525.0,1195525.0,,1.71,-70.73,1496336068
Pulse,PULSE,657,0.000209124,0.00000009,48.9687,2990.0,14298972.0,14298972.0,-0.83,-41.91,-77.59,1496358567
Selfiecoin,SLFI,658,0.0000237439,0.00000001,0.474879,2560.0,107829281.0,107829281.0,-0.63,3.86,-2.06,1496358860
P7Coin,P7C,659,0.0000712318,0.00000003,0.531841,2509.0,35220238.0,35220238.0,-0.63,,,1496358861
Enigma,XNG,660,0.13027,0.00005482,179.015,2166.0,16627.0,66627.0,-0.57,72.47,,1496358569
Doubloon,BOAT,661,0.000520921,0.00000022,287.959,1848.0,3547845.0,18547845.0,-0.58,-9.0,-39.27,1496358583
Dollar Online,DOLLAR,662,0.0147332,0.00000620,103.617,1302.0,88379.0,10088379.0,1.65,-3.99,34.89,1496358580
Powercoin,PWR,663,0.0000237633,0.00000001,107.711,1188.0,49983870.0,49983870.0,-0.57,3.98,-2.09,1496358571
23 Skidoo,CHAO,664,3588.31,1.51002,172.588,906.0,0.0,0.0,-0.57,4.67,-63.5,1496358562
Impeachcoin,IMPCH,665,0.00292288,0.00000123,22.5819,901.0,308179.0,2501512.0,-0.55,6.58,-58.61,1496358584
Zcashshare,ZHS,666,0.000213869,0.00000009,2.13114,604.0,2826000.0,2826000.0,-0.57,3.98,,1496358578
Digital Credits,DGCS,667,0.0000950531,0.00000004,171.691,554.0,5826388.0,201284316.0,-0.57,-40.5,-45.62,1496358564
SwapToken,TOKEN,668,0.0000122721,0.000000005,68.1743,431.0,35110531.0,35110531.0,-2.48,-40.46,875.64,1496358572
CRTCoin,CRT,669,0.00474879,0.00000200,0.0000000237,376.0,79270.0,10079270.0,-0.63,3.86,-2.08,1496358850
PizzaCoin,PIZZA,670,0.000166343,0.00000007,23.7577,229.0,1377917.0,10127917.0,-0.57,3.98,-2.09,1496358574
Xenixcoin,XEN,671,0.0154461,0.00000650,78.4188,156.0,10100.0,10010100.0,-0.57,-43.68,-1.21,1496358578
CaliphCoin,CALC,672,0.000843564,0.00000035,52.4198,74.0,87140.0,148587140.0,-0.57,-30.78,-32.64,1496358576
MikeTheMug,MUG,673,0.0000051456,0.000000002,,5.0,999279.0,1000000.0,,,,1496047185
BTCGold,XBG,674,0.118959,0.00005006,308.121,,,99000001.0,-0.58,-46.56,-52.41,1496358589
Project-X,NANOX,675,589329.0,248.0,3736.39,,,1.0,97.25,-16.82,,1496358591
Internet of Things,XOT,676,1098.66,0.462334,1454.43,,,21000000.0,-10.67,11.76,29.37,1496358588
AMIS,AMIS,677,275.383,0.115886,0.438857,,,,0.79,42.69,-40.62,1496358589
Bitcoin Unlimited (Futures),BTU,678,133.541,0.0561963,453.235,,,,0.0,29.74,-26.18,1496358586
Malcoin,MALC,679,24.0334,0.0101137,1.54578,,,1000000000.0,-0.58,-19.32,-23.92,1496358589
GoldUnionCoin,GUC,680,19.2482,0.0081,21380.6,,,210000000.0,-0.55,-7.18,-11.92,1496358590
ZenCash,ZEN,681,11.2296,0.0047256,3161.79,,,1386125.0,-5.74,,,1496358591
Qtum (Pre-Launch),QTUM,682,7.5233,0.00316594,26955300.0,,,100000000.0,1.63,57.49,54.45,1496358591
Fargocoin,FRGC,683,6.78993,0.00285732,472528.0,,,443729082.0,-4.99,-4.81,-2.84,1496358580
EcoCoin,ECO,684,4.14481,0.00174421,116773.0,,,1093895.0,8.93,21.91,-12.44,1496358591
Internet of People,IOP,685,3.63894,0.00153133,3403.03,,,2139402.0,-0.58,-2.36,31.35,1496358579
DECENT (Pre-Launch),DCT,686,2.81435,0.00118433,3429.14,,,73290000.0,-0.56,21.54,-34.77,1496358580
PRIZM,PZM,687,1.03161,0.00043412,31625.6,,,,-0.6,-0.37,-2.05,1496358591
Bitcore,BTX,688,1.02629,0.00043188,23683.7,,,16359591.0,-3.07,-0.82,-51.51,1496358589
OBITS.WARRANT,WARRANT,689,1.00256,0.00045776,,,,,,,,1496189094
DynamicCoin,DMC,690,0.998564,0.00042021,376724.0,,,10541442931.0,-0.01,0.07,-0.06,1496358577
Databits,DTB,691,0.800822,0.000337,140478.0,,,,-0.67,4.02,5.37,1496358587
Bitgem,BTG,692,0.784144,0.00033025,22.0447,,,,-0.63,-2.01,-17.95,1496358841
Aeternity (Pre-Launch),AE,693,0.689135,0.00029,1504.57,,,,-0.55,,,1496358592
GAY Money,GAY,694,0.588881,0.00024781,69.5187,,,5603033676.0,1.24,-0.0,27.76,1496358575
TechShares,THS,695,0.588525,0.00024766,53.6022,,,646359158.0,-0.25,-1.63,-13.39,1496358575
XDE II,XDE2,696,0.566225,0.00023828,12.1101,,,42249.0,-0.51,1.44,11.11,1496358587
TeslaCoilCoin,TESLA,697,0.546294,0.00022989,152.444,,,100000000.0,-0.57,3.98,40.43,1496358570
LEOcoin,LEO,698,0.459775,0.00019348,199556.0,,,92892142.0,0.82,5.03,14.59,1496358562
WA Space,WA,699,0.392236,0.00016506,34157.7,,,,-0.57,10.59,35.44,1496358578
ZenGold,ZENGOLD,700,0.298131,0.00012546,2419.27,,,,3.07,10.6,,1496358591
ClubCoin,CLUB,701,0.285699,0.00012023,36813.0,,,90899180.0,2.87,5.64,-11.39,1496358565
Yogold,YOG,702,0.261253,0.00010994,66.0524,,,100000000.0,-0.58,3.98,-55.73,1496358586
TROPTIONS,TROPTIONS,703,0.248173,0.00010598,,,,1000000001.0,,46.33,45.76,1496287780
Zilbercoin,ZBC,704,0.233091,0.00009809,738172.0,,,9008794.0,-1.37,18.45,-32.08,1496358582
Golos Gold,GBG,705,0.162873,0.00006854,10000.0,,,,-0.55,24.26,-7.78,1496358583
Pabyosi Coin (Special),PCS,706,0.158051,0.00006651,5515.25,,,30993751760.0,-0.57,-20.41,29.66,1496358580
InvisibleCoin,IVZ,707,0.145217,0.00006111,0.703131,,,,-0.57,-65.84,,1496358564
AlpaCoin,APC,708,0.144956,0.00006100,358.937,,,,1.89,10.41,15.11,1496358566
EquiTrader,EQT,709,0.125945,0.00005300,91410.3,,,7659280.0,-0.58,8.06,3.8,1496358591
Quartz,QRZ,710,0.118816,0.00005000,2659.37,,,21000000.0,0.43,-77.4,,1496358591
Wowecoin,WEC,711,0.104,0.00004376,12085.9,,,8901692.0,,-0.0,0.22,1496358573
Topaz Coin,TOPAZ,712,0.094488,0.00003976,95.9727,,,37906.0,-0.58,-24.74,-44.96,1496358590
LandCoin,LDCN,713,0.0884047,0.00003720,23654.8,,,19003881978.0,-0.55,56.46,103.06,1496358582
DeusCoin,DEUS,714,0.0836704,0.00003521,5341.24,,,,-0.61,1.7,-30.56,1496358589
InsaneCoin,INSN,715,0.082856,0.00003487,2116.66,,,18528242.0,0.48,41.15,16.02,1496358590
Omicron,OMC,716,0.0712898,0.00003000,0.389694,,,10134085.0,-0.55,,69.06,1496358577
Tattoocoin (Limited Edition),TLE,717,0.0612876,0.00002579,2.61396,,,975530.0,-0.58,-48.06,-32.6,1496358589
Elacoin,ELC,718,0.0420728,0.00001727,,,,,,6.55,36.45,1496326751
WavesGo,WGO,719,0.0401177,0.00001688,43.5908,,,10000000.0,-35.38,-8.99,-49.16,1496358588
Fazzcoin,FAZZ,720,0.0391027,0.00001646,123.935,,,1022574796.0,-0.55,-16.59,-56.79,1496358589
International Diamond,XID,721,0.0377361,0.00001588,2381.67,,,,-0.55,,,1496358574
CryptoBuck,BUK,722,0.0310713,0.00001309,0.441771,,,,3.98,39.33,46.14,1496358856
RHFCoin,RHFC,723,0.0296569,0.00001248,16564.2,,,200156890.0,-0.58,-3.37,1.85,1496358588
DeltaCredits,DCRE,724,0.0289199,0.00001217,2.02525,,,,-0.55,-2.31,,1496358567
President Johnson,GARY,725,0.0281356,0.00001184,199.387,,,57968072167.0,-0.58,3.28,11.1,1496358575
EDRCoin,EDRC,726,0.0253622,0.00001067,13084.4,,,3407292.0,2.6,-17.56,-4.98,1496358568
IvugeoCoin,IEC,727,0.0237338,0.00000990,,,,,,4.86,-5.37,1496351061
ShellPay,SHELL,728,0.0210119,0.00000885,12104.1,,,,0.0,-0.97,-19.45,1496358862
Lepaoquan,HLB,729,0.0187344,0.00000788,502665.0,,,935498452.0,0.51,2.5,-38.08,1496358580
Avoncoin,ACN,730,0.0176323,0.00000742,2324.93,,,,-3.73,-1.86,-5.05,1496358583
Gycoin,GYC,731,0.0161702,0.00000680,14224.0,,,22213403.0,5.13,-9.07,-16.19,1496358574
KolschCoin,TP1,732,0.0147961,0.00000620,,,,,-0.13,13.03,36.53,1496357661
PiCoin,PI,733,0.014258,0.00000600,33.2686,,,1378369.0,-0.58,208.85,95.84,1496358590
Digitalfund,DTF,734,0.0136651,0.00000575,12312.0,,,54000053.0,-0.0,10.96,-31.14,1496358574
Mind Gene,MG,735,0.0135451,0.00000570,9374.61,,,,-2.28,7.28,10.12,1496358576
Sharkcoin,SAK,736,0.00946971,0.00000399,1829.2,,,,-3.67,7.22,8.2,1496358861
First Bitcoin,BIT,737,0.00775443,0.00000326,692.376,,,20706892957.0,4.49,66.16,40.78,1496358573
Tyrocoin,TYC,738,0.0074379,0.00000313,52.2792,,,50131700.0,-0.58,,,1496358589
Opal,OPAL,739,0.0067433,0.00000284,2463.83,,,,2.43,5.29,9.94,1496358855
Helleniccoin,HNC,740,0.00655866,0.00000276,10523.9,,,,-0.22,-16.94,65.78,1496358562
9COIN,9COIN,741,0.00648737,0.00000273,564.822,,,350050250.0,-0.58,11.76,27.32,1496358590
Slimcoin,SLM,742,0.00641087,0.00000270,11.872,,,13925626.0,-0.63,,39.12,1496358859
Psilocybin,PSY,743,0.00634604,0.00000265,,,,,,4.79,6.72,1496352269
Goldpay Coin,GP,744,0.00620219,0.00000261,16398.5,,,,0.02,-3.29,-28.69,1496358591
Xaucoin,XAU,745,0.00572229,0.00000241,4.28239,,,,-0.63,4.27,12.4,1496358860
EggCoin,EGG,746,0.00562322,0.00000237,,,,,,3.78,,1496295864
GBCGoldCoin,GBC,747,0.005,0.00000210,40.3805,,,,-23.48,-23.75,-38.51,1496358565
Axiom,AXIOM,748,0.00475265,0.00000200,23.2107,,,,-0.57,4.5,-3.44,1496358562
Dashs,DASHS,749,0.00451502,0.00000190,98.0866,,,,-52.06,-24.88,25.2,1496358589
GoldReserve,XGR,750,0.0043214,0.00000182,1687.2,,,17161292.0,-2.24,3.65,-2.46,1496358853
netBit,NBIT,751,0.00418233,0.00000176,0.339339,,,,-0.55,6.78,24.88,1496358579
BagCoin,BGC,752,0.00405545,0.00000171,67267.5,,,497214120.0,0.06,-11.88,-15.63,1496358573
Bitcoin Scrypt,BTCS,753,0.00375154,0.00000158,3.29976,,,,-0.63,6.52,-10.05,1496358848
AvatarCoin,AV,754,0.00352518,0.00000159,,,,,,,17.73,1496159368
ZSEcoin,ZSE,755,0.00263793,0.00000111,125.981,,,6378845.0,-0.4,-22.63,-67.15,1496358586
Quotient,XQN,756,0.00261183,0.00000110,59.3153,,,,-0.63,,-24.66,1496358858
Clinton,CLINT,757,0.00256643,0.00000108,3.84965,,,,-0.57,3.98,12.49,1496358569
RoyalCoin 2,RYCN,758,0.00245848,0.00000103,,,,2500124.0,,4.44,-3.2,1496333388
Neptune Classic,NTCC,759,0.00242385,0.00000102,1186.6,,,,-0.58,17.84,88.27,1496358584
GameLeagueCoin,GML,760,0.00237139,0.00000103,,,,,,,11.15,1496142551
OCOW,OCOW,761,0.00227517,0.00000099,,,,,,,13.5,1496142268
BitcoinFast,BCF,762,0.00220546,0.00000093,287.571,,,,-9.37,-41.74,-37.84,1496358858
President Trump,PRES,763,0.00218918,0.00000092,52.8477,,,57968072167.0,-23.92,-20.01,-42.58,1496358573
TrickyCoin,TRICK,764,0.0021607,0.00000091,13.6135,,,,-0.63,-0.51,-25.15,1496358860
VGINA,VGINA,765,0.0021059,0.00000095,,,,11603228.0,,,,1496238289
RichCoin,RICHX,766,0.00210122,0.00000093,,,,5925522.0,,,,1496167172
Condensate,RAIN,767,0.0018164,0.00000076,1018.52,,,42978104.0,15.79,20.61,-16.39,1496358590
Mavro,MAVRO,768,0.00168043,0.00000070,,,,15005722.0,,5.04,3.39,1496349588
Motocoin,MOTO,769,0.00150406,0.00000063,1.31815,,,,-0.63,105.1,193.29,1496358851
Advanced Internet Blocks,AIB,770,0.00137428,0.00000058,42.1446,,,31411916302.0,-0.63,-17.11,2.19,1496358862
MMXVI,MMXVI,771,0.00133074,0.00000056,82.2568,,,,-1.88,-14.32,-64.29,1496358567
UR,UR,772,0.00130698,0.00000055,164.221,,,,-0.57,4.05,0.12,1496358584
RoyalCoin,ROYAL,773,0.00118592,0.00000050,108.043,,,2500124.0,-0.57,29.73,15.79,1496358577
Alphabet Coin Fund,FUN,774,0.00114064,0.00000048,104.841,,,20742012.0,-0.57,3.98,,1496358570
TodayCoin,TODAY,775,0.00109311,0.00000046,53.5609,,,,-0.57,-22.85,-14.08,1496358573
Digital Bullion Gold,DBG,776,0.00106935,0.00000045,1.84398,,,24523275.0,-0.57,37.62,-23.23,1496358571
BestChain,BEST,777,0.00106636,0.00000045,94.94,,,20042911.0,21.26,-18.86,24.06,1496358587
True Investment Coin,TIC,778,0.00102182,0.00000043,18.58,,,,-0.55,3.98,10.85,1496358585
Skeincoin,SKC,779,0.00102099,0.00000043,0.0513344,,,,-0.65,,,1496358851
RubleBit,RUBIT,780,0.000974294,0.00000041,18.3017,,,,-0.57,25.81,38.42,1496358565
Bitcedi,BXC,781,0.000969896,0.00000041,32.5841,,,,6.56,-2.71,,1496358571
The Aladin,ADT,782,0.000892522,0.00000032,,,,,,,,1495722585
SportsCoin,SPORT,783,0.000863571,0.00000036,,,,19800001.0,,4.96,22.74,1496353177
Braincoin,BRAIN,784,0.000831714,0.00000035,8.03386,,,,-0.57,3.98,20.9,1496358569
IrishCoin,IRL,785,0.000807951,0.00000034,501.295,,,,1.67,,,1496358561
Dubstep,DUB,786,0.000807294,0.00000034,7.45377,,,,-0.63,,,1496358862
Donationcoin,DON,787,0.000807294,0.00000034,17755.8,,,,39.32,,,1496358852
WeAreSatoshi,WSX,788,0.000759806,0.00000032,149.018,,,,-0.63,,-10.46,1496358855
KashhCoin,KASHH,789,0.000759789,0.00000032,10964.4,,,,0.88,62.48,119.5,1496358583
FrankyWillCoin,FRWC,790,0.000736661,0.00000031,0.261372,,,,-0.57,3.98,8.4,1496358573
Lazaruscoin,LAZ,791,0.000736661,0.00000031,14.2808,,,,-0.57,11.15,,1496358576
Opescoin,OPES,792,0.000665371,0.00000028,0.527521,,,,-0.57,3.98,-1.55,1496358566
Quebecoin,QBC,793,0.000593599,0.00000025,18.3409,,,,-0.63,-0.13,-28.11,1496358850
Vsync,XVS,794,0.000513911,0.00000022,233.979,,,103334172.0,4.1,-3.16,-32.62,1496358587
CBD Crystals,CBD,795,0.000502732,0.00000021,71.7635,,,,-0.55,-63.52,15.14,1496358579
Cubits,QBT,796,0.000499013,0.00000021,14.9726,,,,-0.57,,-26.55,1496358577
T-coin,TCOIN,797,0.000451502,0.00000019,5854.47,,,,-0.55,9.76,3.46,1496358581
MarxCoin,MARX,798,0.000430261,0.00000018,331.7,,,29128280.0,-0.58,25.97,-11.53,1496358584
BitAlphaCoin,BAC,799,0.000424564,0.00000018,30.2646,,,,-0.91,-46.48,-44.98,1496358567
BlazerCoin,BLAZR,800,0.000403975,0.00000017,11.8055,,,,53.65,60.7,38.78,1496358588
DarkLisk,DISK,801,0.000380212,0.00000016,3.25557,,,17888425.0,-0.57,18.84,11.89,1496358570
UGAIN,GAIN,802,0.000356449,0.00000015,0.261372,,,,-0.57,15.29,,1496358574
PrismChain,PRM,803,0.000332686,0.00000014,82.1994,,,,-0.58,41.99,-81.22,1496358571
Sakuracoin,SKR,804,0.00033264,0.00000014,141.916,,,,3.11,12.53,10.57,1496358577
GoldMaxCoin,GMX,805,0.000332413,0.00000014,,,,84078950.0,,-6.84,-33.43,1496346877
Gambleo,GMB,806,0.000327765,0.00000014,,,,,,2.44,,1496283589
Operand,OP,807,0.000285159,0.00000012,10.5084,,,36309296.0,-0.57,-16.82,,1496358569
Cycling Coin,CYC,808,0.000284927,0.00000012,0.26116,,,,-0.63,13.3,1.52,1496358862
Happy Creator Coin,HCC,809,0.000261853,0.00000011,250.926,,,,35.68,46.31,-29.97,1496358572
Grumfork,GMF,810,0.000237633,0.00000010,2.37633,,,,-0.55,3.98,-30.03,1496358590
President Sanders,BURN,811,0.000237633,0.00000010,132.811,,,57968072167.0,-0.58,29.98,-42.41,1496358581
TeraCoin,TERA,812,0.000213869,0.00000009,3800.65,,,,-0.58,3.98,16.39,1496358584
MobileCash,MBL,813,0.000213869,0.00000009,3.8409,,,1068669648.0,-0.57,33.69,25.88,1496358576
The Vegan Initiative,XVE,814,0.000213869,0.00000009,1013.26,,,,-25.43,12.71,25.9,1496358588
AsicCoin,ASC,815,0.000190727,0.00000008,,,,,,8.16,-1.26,1496332743
Moneta,MONETA,816,0.000190106,0.00000008,2.16269,,,,-0.57,18.84,-20.55,1496358564
LAthaan,LTH,817,0.000166343,0.00000007,136.526,,,,-0.57,-19.13,,1496358577
TheCreed,TCR,818,0.000118816,0.00000005,15.9182,,,,-0.57,29.98,63.18,1496358569
TeamUp,TEAM,819,0.0000950531,0.00000004,3.87035,,,301004896.0,-0.55,,95.84,1496358578
Wowcoin,WOW,820,0.0000950531,0.00000004,146.191,,,,-0.57,3.98,95.81,1496358578
LinkedCoin,LKC,821,0.0000950531,0.00000004,32.2302,,,,-0.57,3.98,-2.08,1496358573
Halloween Coin,HALLO,822,0.0000839094,0.00000004,120.62,,,264606104.0,-0.58,-22.26,-11.68,1496358591
LePen,LEPEN,823,0.0000548162,0.00000002,175.117,,,,6.62,68.0,81.34,1496358583
PokeCoin,POKE,824,0.0000475265,0.00000002,131.812,,,,-0.58,,-2.04,1496358574
PinkDog,PDG,825,0.0000475265,0.00000002,21.6156,,,,-0.55,-48.01,95.92,1496358583
Global Business Revolution,GBRC,826,0.0000475265,0.00000002,14.4005,,,900096049.0,-0.57,3.98,-2.09,1496358578
Rcoin,RCN,827,0.0000475265,0.00000002,179.477,,,,-0.57,31.39,95.81,1496358576
PayPeer,PAYP,828,0.0000475265,0.00000002,16.2951,,,,-0.57,-30.68,,1496358568
ChoofCoin,CHOOF,829,0.0000475265,0.00000002,139.052,,,,-0.57,107.96,35.69,1496358578
MoneyCoin,MONEY,830,0.0000475265,0.00000002,35.004,,,,-0.55,-30.68,-31.44,1496358581
Tellurion,TELL,831,0.0000475265,0.00000002,0.712898,,,,-0.57,3.98,,1496358575
Cashme,CME,832,0.0000475265,0.00000002,0.237633,,,,-0.57,107.96,,1496358564
UNCoin,UNC,833,0.0000474879,0.00000002,1417.85,,,,-0.63,29.74,39.45,1496358860
CyberCoin,CC,834,0.0000474879,0.00000002,1.89952,,,549267534.0,-0.63,3.86,-2.12,1496358860
InflationCoin,IFLT,835,0.0000431288,0.00000002,2132.06,,,3238386014.0,-5.52,-3.53,-18.95,1496358581
VegasCoin,VGC,836,0.0000273385,0.00000001,0.0281587,,,,0.35,-60.14,-76.69,1496358851
FedoraShare,FEDS,837,0.0000243914,0.00000001,11225.9,,,499001345654,0.0,6.47,35.31,1496358576
SuperTurboStake,STRB,838,0.0000237633,0.00000001,12.3569,,,,-0.57,3.98,-2.09,1496358566
Aces,ACES,839,0.0000237633,0.00000001,247.314,,,,-0.57,3.43,-14.96,1496358574
Safe Trade Coin,XSTC,840,0.0000237633,0.00000001,8.44656,,,604880000.0,-0.55,3.98,-2.04,1496358582
X2,X2,841,0.0000237633,0.00000001,4.16846,,,,-0.57,,-2.09,1496358565
SoulCoin,SOUL,842,0.0000237633,0.00000001,13.5213,,,,-0.57,3.98,-2.09,1496358570
FireFlyCoin,FFC,843,0.0000237439,0.00000001,55.5517,,,,-50.32,-48.08,-51.03,1496358858
President Clinton,HILL,844,0.0000236509,0.00000001,,,,57968072167.0,,3.49,-51.27,1496341776
Yescoin,YES,845,0.0000236226,0.000000010,299.852,,,,-0.7,3.37,-2.55,1496358582
Victoriouscoin,VTY,846,0.0000234312,0.000000010,120.907,,,10263290326.0,-0.6,2.53,1.67,1496358577
Virtacoin,VTA,847,0.0000181072,0.000000008,386.286,,,12423206610.0,-10.47,7.97,13.34,1496358854
XP,XP,848,0.0000014175,0.0000000006,222.778,,,133635560466,-2.57,172.1,412.82,1496358574
BatCoin,BAT,849,0.0000007444,0.0000000003,744.447,,,,0.08,,,1496358848
BitCentavo,NBE,850,0.0000005159,0.0000000002,2.76249,,,,14.44,,-55.18,1496358855
RabbitCoin,RBBT,851,0.0000005096,0.0000000002,64.6618,,,,-0.54,24.14,-28.0,1496358856
Dimecoin,DIME,852,0.0000003978,0.0000000002,355.204,,,527096827536,1.42,-4.31,-94.79,1496358848
StrongHands,SHND,853,0.0000001095,0.00000000005,204.303,,,,18.1,-57.5,,1496358564
Paccoin,PAC,854,0.0000000738,0.00000000003,379.494,,,,-1.61,2.18,30.96,1496358566
Bond,BOND,855,,,,,1349.0,1349.0,,,,
bitRUBLE,BITRUBLE,856,,,,,,,,,,
