Name,Symbol,Rank,Price(BTC),Price(USD),24HVolume,MarketCap,%Change_1h,%Change_24h,%Change_7d,LastUpdated
Bitcoin,BTC,1,2398.46,1.0,1641700000.0,39253464988.0,16366112.0,16366112.0,0.8,4.37,-0.67,1496362155
Ethereum,ETH,2,223.422,0.0930376,811834000.0,20583641465.0,92128982.0,92128982.0,0.56,-3.05,23.15,1496362168
Ripple,XRP,3,0.33418,0.00013926,591569000.0,12906597679.0,38621693933.0,99994661895.0,0.51,34.93,26.15,1496362442
NEM,XEM,4,0.230158,0.00009584,17047000.0,2071422000.0,8999999999.0,8999999999.0,4.55,12.63,5.12,1496362164
Ethereum Classic,ETC,5,16.8832,0.00703053,129774000.0,1556582822.0,92197144.0,92197144.0,-1.04,-4.67,-2.63,1496362177
Litecoin,LTC,6,28.7411,0.0119775,418775000.0,1476445608.0,51370532.0,51370532.0,1.21,12.85,-6.23,1496362441
Dash,DASH,7,137.406,0.0572621,46775000.0,1007453239.0,7331945.0,7331945.0,0.63,-0.88,9.23,1496362446
Monero,XMR,8,43.5552,0.0181373,12894500.0,634125702.0,14559127.0,14559127.0,-0.18,3.63,3.59,1496362154
Stratis,STRAT,9,5.96448,0.00248373,17251700.0,586951858.0,98407884.0,98407884.0,4.59,14.19,106.66,1496362178
Stellar Lumens,XLM,10,0.0432875,0.00001803,46564000.0,418365457.0,9664809867.0,102940435314,2.22,25.7,-1.06,1496362157
Golem,GNT,11,0.464236,0.00019332,12033000.0,382935278.0,824872000.0,1000000000.0,1.93,4.29,10.27,1496362184
Bytecoin,BCN,12,0.00196628,0.00000082,1099430.0,359764740.0,182967197027,182967197027,-22.76,-11.97,-23.95,1496362155
Zcash,ZEC,13,249.288,0.103809,23916600.0,356904072.0,1431694.0,1431694.0,0.33,5.55,5.92,1496362182
Waves,WAVES,14,3.4076,0.001419,3214400.0,340760000.0,100000000.0,100000000.0,1.47,14.77,38.15,1496362175
Dogecoin,DOGE,15,0.00288994,0.00000120,24202900.0,316793831.0,109619518442,109619518442,2.29,7.96,-7.28,1496362443
Gnosis,GNO,16,249.911,0.104068,2740610.0,276049191.0,1104590.0,10000000.0,0.77,-3.01,6.17,1496362194
Augur,REP,17,23.5182,0.00979349,4462830.0,258700200.0,11000000.0,11000000.0,0.14,6.81,-8.52,1496362168
Steem,STEEM,18,1.00674,0.00041923,2491300.0,235904737.0,234325384.0,251299478.0,1.54,3.99,-12.97,1496362174
Siacoin,SC,19,0.00853638,0.00000355,20343800.0,226179784.0,26495983500.0,26495983500.0,4.45,13.35,-8.35,1496362167
BitShares,BTS,20,0.0775529,0.00003229,15545700.0,201806605.0,2602180000.0,2602180000.0,1.15,18.14,-4.93,1496362157
MaidSafeCoin,MAID,21,0.39894,0.00016613,1632040.0,180541259.0,452552412.0,452552412.0,-0.26,0.48,-4.09,1496362153
DigiByte,DGB,22,0.0211906,0.00000883,29331000.0,171792870.0,8107031908.0,8107031908.0,0.17,17.8,29.5,1496362446
Basic Attention Token,BAT,23,0.171233,0.00007130,4374040.0,171233000.0,1000000000.0,1500000000.0,0.47,,,1496362196
GameCredits,GAME,24,2.67461,0.00111376,1876360.0,168564075.0,63023796.0,63023796.0,2.1,6.5,-7.27,1496362159
DigixDAO,DGD,25,81.243,0.0338313,988440.0,162486000.0,2000000.0,2000000.0,0.43,2.94,-5.79,1496362174
Lisk,LSK,26,1.36837,0.00056982,2384300.0,147450290.0,107756155.0,107756155.0,2.74,13.55,9.44,1496362173
BitConnect,BCC,27,22.2081,0.00924793,2473370.0,142957224.0,6437166.0,6437166.0,-0.8,14.77,43.18,1496362186
Decred,DCR,28,24.985,0.0104043,2880230.0,125408562.0,5019354.0,5439354.0,1.44,14.1,8.12,1496362171
Ardor,ARDR,29,0.122377,0.00005096,1935560.0,122254561.0,998999495.0,998999495.0,1.88,18.06,-7.86,1496362177
SingularDTV,SNGLS,30,0.192238,0.00008005,319935.0,115342800.0,600000000.0,1000000000.0,0.89,2.71,14.49,1496362182
Factom,FCT,31,12.861,0.00535559,1365110.0,112575150.0,8753219.0,8753219.0,-0.46,4.32,-4.11,1496362168
Tether,USDT,32,1.02916,0.00042856,100958000.0,108055306.0,104993690.0,124951468.0,0.29,-0.62,-0.81,1496362163
Iconomi,ICN,33,1.20175,0.00050044,851989.0,104552250.0,87000000.0,100000000.0,0.57,3.39,4.32,1496362182
Byteball,GBYTE,34,515.672,0.214737,702261.0,97608392.0,189284.0,1000000.0,1.06,23.8,64.75,1496362185
PIVX,PIVX,35,1.70657,0.00071065,1012310.0,91360918.0,53534820.0,53534820.0,4.03,10.75,34.72,1496362170
Round,ROUND,36,0.106056,0.00004416,368129.0,90147600.0,850000000.0,1000000000.0,0.45,7.8,-22.33,1496362183
Aragon,ANT,37,2.09044,0.0008705,629468.0,70249585.0,33605167.0,39609523.0,1.34,-0.16,-1.82,1496362195
FirstBlood,1ST,38,0.818435,0.00034081,3752660.0,70023965.0,85558371.0,93468691.0,2.97,10.85,-4.07,1496362180
AntShares,ANS,39,1.24097,0.00051676,8113130.0,62048500.0,50000000.0,100000000.0,0.32,20.69,8.48,1496362179
Nxt,NXT,40,0.0589698,0.00002457,2891080.0,58910829.0,998999983.0,998999983.0,0.61,4.67,-15.24,1496362444
SysCoin,SYS,41,0.107748,0.00004487,1539460.0,56584781.0,525158525.0,525158525.0,0.68,2.28,-20.23,1496362158
Komodo,KMD,42,0.555926,0.0002315,232414.0,56118234.0,100945510.0,100945510.0,4.66,11.3,13.99,1496362186
iExec RLC,RLC,43,0.656375,0.00027333,529572.0,51243717.0,78070793.0,86999785.0,3.02,12.84,8.07,1496362192
Wings,WINGS,44,0.437983,0.00018238,1362250.0,39290725.0,89708333.0,100000000.0,4.67,43.31,58.5,1496362185
Peercoin,PPC,45,1.60777,0.00067002,1418570.0,38781929.0,24121566.0,24121566.0,1.42,7.88,-7.78,1496362441
Ubiq,UBQ,46,0.978916,0.00040764,1542960.0,36310905.0,37092973.0,37092973.0,-13.63,14.21,118.24,1496362159
Lykke,LKK,47,0.25974,0.00010816,609190.0,35759939.0,137675904.0,1285690000.0,0.59,7.18,14.52,1496362184
Emercoin,EMC,48,0.88742,0.00036954,816977.0,35636087.0,40156957.0,40156957.0,5.88,4.77,-13.16,1496362158
ReddCoin,RDD,49,0.00117362,0.00000049,1292500.0,33477433.0,28524933918.0,28524933918.0,-2.45,9.44,-30.89,1496362445
Storjcoin X,SJCX,50,0.647758,0.00026974,551704.0,33147813.0,51173144.0,500000000.0,-1.15,13.01,6.75,1496362158
Melon,MLN,51,54.2027,0.0225711,499490.0,32489098.0,599400.0,749400.0,-1.77,-4.6,-4.08,1496362188
BitcoinDark,BTCD,52,24.2852,0.0101129,57763.7,31300276.0,1288862.0,1288862.0,1.16,6.54,8.44,1496362156
Omni,OMNI,53,55.8446,0.0232725,11871600.0,31215987.0,558980.0,615296.0,3.73,-14.57,175.04,1496362445
Counterparty,XCP,54,11.2441,0.00468584,1556120.0,29445573.0,2618758.0,2618758.0,1.61,-10.57,-7.69,1496362446
Ark,ARK,55,0.306587,0.00012767,374590.0,29217908.0,95300544.0,126550544.0,3.27,17.24,18.14,1496362190
Xaurum,XAUR,56,0.247714,0.00010315,162849.0,28166157.0,113704341.0,113704341.0,1.79,-1.15,25.56,1496362164
Nexus,NXS,57,0.537509,0.00022383,97402.6,26791887.0,49844536.0,49844536.0,1.69,23.99,10.92,1496362162
Namecoin,NMC,58,1.74816,0.00072853,1066280.0,25761585.0,14736400.0,14736400.0,0.95,8.99,-3.79,1496362440
Gulden,NLG,59,0.0712478,0.00002967,84775.8,24688955.0,346522345.0,448542500.0,-0.72,7.99,-1.43,1496362155
Synereo,AMP,60,0.277397,0.00011551,601396.0,22817658.0,82256324.0,949291063.0,1.22,5.98,3.97,1496362169
Blocknet,BLOCK,61,5.7634,0.0024,149522.0,22537870.0,3910516.0,3910516.0,10.66,39.74,68.24,1496362161
EarthCoin,EAC,62,0.00238887,0.00000100,6295350.0,22327498.0,9346468332.0,9346468332.0,5.22,8.28,-11.21,1496362445
WeTrust,TRST,63,0.237666,0.00009897,435534.0,21900328.0,92147500.0,100000000.0,0.83,-9.55,-8.78,1496362192
YbCoin,YBC,64,7.24253,0.00301823,2099700.0,21874337.0,3020262.0,3020262.0,2.86,11.49,-7.97,1496362446
TokenCard,TKN,65,0.87746,0.00036539,320455.0,20746713.0,23644056.0,39406760.0,1.45,4.79,-12.48,1496362193
Matchpool,GUP,66,0.264726,0.00011024,244906.0,19854450.0,75000000.0,98855150.0,-0.46,11.31,-2.63,1496362191
Burst,BURST,67,0.011047,0.00000460,5041740.0,19662181.0,1779866082.0,1779866082.0,-3.27,23.58,3.65,1496362159
E-Dinar Coin,EDR,68,0.0297571,0.00001239,346112.0,19650909.0,660377156.0,785377156.0,-0.84,11.19,12.09,1496362178
Edgeless,EDG,69,0.241973,0.00010076,399923.0,19220505.0,79432438.0,132046997.0,0.29,5.16,-6.79,1496362190
Nexium,NXC,70,0.286547,0.00011932,7777070.0,19061561.0,66521586.0,66521586.0,10.17,-18.28,43.93,1496362183
BlackCoin,BLK,71,0.243734,0.00010157,986380.0,18564695.0,76167851.0,76167851.0,4.26,10.51,7.91,1496362447
BitBay,BAY,72,0.0183287,0.00000763,63725.3,18466576.0,1007522419.0,1007522419.0,3.81,7.02,-3.71,1496362161
PotCoin,POT,73,0.0850891,0.00003546,795467.0,18459100.0,216938485.0,216938485.0,0.68,14.76,-15.12,1496362447
NAV Coin,NAV,74,0.290671,0.00012104,622066.0,17826394.0,61328422.0,61328422.0,-0.06,6.53,-8.99,1496362155
BCAP,BCAP,75,1.74039,0.00072473,126814.0,17403900.0,10000000.0,10000000.0,1.54,11.55,-6.66,1496362194
Expanse,EXP,76,2.38442,0.00099292,726767.0,17257850.0,7237756.0,16237756.0,0.68,-0.85,3.75,1496362167
ZCoin,XZC,77,7.56146,0.00314875,1554760.0,16864927.0,2230380.0,2230380.0,3.48,-6.49,17.82,1496362181
Infinitecoin,IFC,78,0.000184679,0.00000008,4160150.0,16731229.0,90596274910.0,90596274910.0,1.19,7.17,-11.64,1496362442
Unity Ingot,UNY,79,0.0825015,0.00003436,365981.0,16665303.0,202000000.0,10000000000.0,1.32,3.75,62.24,1496362195
Verge,XVG,80,0.00120076,0.00000050,1073270.0,16101558.0,13409472280.0,13409472280.0,2.67,41.12,-4.78,1496362160
Agoras Tokens,AGRS,81,0.371907,0.00015487,25712.8,15620094.0,42000000.0,42000000.0,3.27,-4.65,4.49,1496362168
Swarm City,SWT,82,2.28388,0.00095106,48039.6,15163491.0,6639355.0,6639355.0,-2.22,14.51,-4.25,1496362188
OBITS,OBITS,83,1.02323,0.00042609,222836.0,15093013.0,14750362.0,16801100.0,2.08,30.61,17.98,1496362173
Pepe Cash,PEPECASH,84,0.0213364,0.00000888,21514.5,14975678.0,701884009.0,701884009.0,-1.63,-7.96,-12.66,1496362180
XtraBYtes,XBY,85,0.022932,0.00000955,480027.0,14905800.0,650000000.0,650000000.0,3.41,47.0,251.36,1496362192
Humaniq,HMQ,86,0.12062,0.00005023,607780.0,14904008.0,123561662.0,184190414.0,3.21,3.96,-38.15,1496362194
LBRY Credits,LBC,87,0.207376,0.00008636,527190.0,14210342.0,68524524.0,466424524.0,1.12,2.48,-5.62,1496362176
GridCoin,GRC,88,0.0359272,0.00001496,188538.0,14022844.0,390312753.0,390312753.0,-0.78,2.95,5.31,1496362163
TaaS,TAAS,89,1.72047,0.00071644,166279.0,14014950.0,8146001.0,8146001.0,0.85,6.26,14.35,1496362190
MonaCoin,MONA,90,0.276021,0.00011503,27372.4,13944084.0,50518200.0,50518200.0,0.82,6.68,-7.02,1496362448
Chronobank,TIME,91,19.5445,0.00813876,466509.0,13878800.0,710113.0,710113.0,1.76,8.84,14.23,1496362189
Waves Community Token,WCT,92,2.75889,0.00114886,11657.1,13794450.0,5000000.0,10000000.0,0.97,28.69,36.6,1496362187
Radium,RADS,93,4.19739,0.00174788,1002720.0,13625226.0,3246119.0,3246119.0,-2.63,0.57,11.14,1496362170
I/O Coin,IOC,94,0.833507,0.00034709,16653.0,13616299.0,16336154.0,16336154.0,4.08,4.88,3.69,1496362157
Etheroll,DICE,95,1.81958,0.00075771,9803.56,12740013.0,7001623.0,7001623.0,0.17,7.51,-16.96,1496362195
E-coin,ECN,96,4.54383,0.00189214,104073.0,12637393.0,2781220.0,211070112.0,3.06,7.83,0.32,1496362192
Bankcoin,B@,97,2.95018,0.00122852,7453.56,12582754.0,4265080.0,25000000.0,1.14,-7.25,-20.68,1496362190
Vertcoin,VTC,98,0.368329,0.0001535,685958.0,12317209.0,33440781.0,33440781.0,-0.71,8.84,-1.35,1496362444
Bitland,CADASTRAL,99,0.407074,0.00016951,20472.6,12212220.0,30000000.0,30000000.0,-0.4,47.55,150.98,1496362176
Golos,GOLOS,100,0.0964624,0.00004017,32323.1,11870137.0,123054548.0,123054548.0,3.98,21.74,57.65,1496362183
Pluton,PLU,101,13.5832,0.00565635,158371.0,11545713.0,850000.0,20000000.0,1.16,16.15,67.07,1496362179
Shift,SHIFT,102,1.05196,0.00043806,345558.0,11391699.0,10829023.0,10829023.0,10.21,24.85,89.35,1496362167
MergeCoin,MGC,103,0.108147,0.00004503,1616390.0,10687944.0,98827930.0,103827930.0,1.55,6.08,-28.3,1496362193
DigitalNote,XDN,104,0.00153759,0.00000064,1322190.0,10580923.0,6881498069.0,6881498069.0,1.11,-0.61,-17.94,1496362156
Clams,CLAM,105,4.56906,0.00190265,1592480.0,10514719.0,2301287.0,16206800.0,-1.08,12.5,-17.4,1496362156
LuckChain,BASH,106,0.0139675,0.00000582,591698.0,10113946.0,724105680.0,724105680.0,4.27,54.27,31.8,1496362182
FlorinCoin,FLO,107,0.071244,0.00002969,400190.0,9546307.0,133994540.0,133994540.0,1.86,5.21,-12.41,1496362442
HEAT,HEAT,108,0.359754,0.00014981,9608.93,9477820.0,26345280.0,26345280.0,0.93,0.21,-12.13,1496362176
Bitcrystals,BCY,109,0.400283,0.00016669,191840.0,9323160.0,23291422.0,23291422.0,1.13,6.99,-8.71,1496362168
FedoraCoin,TIPS,110,0.0000209914,0.000000009,79623.4,9302721.0,443168182458,443168182458,3.1,2.1,-10.97,1496362445
Skycoin,SKY,111,1.66866,0.00069487,71807.7,9087190.0,5445801.0,100000000.0,3.4,3.0,-16.87,1496362192
vSlice,VSL,112,0.269513,0.00011223,198859.0,8999173.0,33390496.0,33390496.0,-5.73,-8.98,-15.62,1496362184
Viacoin,VIA,113,0.393682,0.00016394,468718.0,8915000.0,22645179.0,22645179.0,0.45,9.63,-4.79,1496362157
Energycoin,ENRG,114,0.0724027,0.00003015,4054.82,8756408.0,120940353.0,120940353.0,1.79,-0.31,18.54,1496362154
Rubycoin,RBY,115,0.356949,0.00014875,21187.9,8706571.0,24391638.0,24391638.0,1.0,3.81,7.86,1496362449
SaluS,SLS,116,8.64959,0.00360187,111716.0,8679305.0,1003435.0,1003435.0,6.33,80.58,33.71,1496362170
VeriCoin,VRC,117,0.280238,0.0001167,127952.0,8466312.0,30211149.0,30211149.0,-2.01,8.71,-33.78,1496362154
Scotcoin,SCOT,118,0.0084342,0.00000351,6900.45,8434200.0,1000000000.0,1000000000.0,1.49,34.05,763.52,1496362154
Crown,CRW,119,0.594626,0.00024762,19962.7,8236975.0,13852362.0,13852362.0,3.09,4.71,-3.55,1496362161
DNotes,NOTE,120,0.0656575,0.00002736,231812.0,8131554.0,123848064.0,123848064.0,0.09,4.58,1.3,1496362449
NeosCoin,NEOS,121,2.3774,0.00099,3524470.0,7955420.0,3346269.0,3346269.0,-2.43,14.75,13.9,1496362159
Primecoin,XPM,122,0.411666,0.00017156,581308.0,7953313.0,19319820.0,19319820.0,2.18,7.31,-13.25,1496362443
SolarCoin,SLR,123,0.222215,0.00009261,71528.5,7813830.0,35163377.0,98034180108.0,0.23,-4.36,16.21,1496362449
Pascal Coin,PASC,124,0.77662,0.0003234,222986.0,7751755.0,9981400.0,9981400.0,0.5,3.39,-5.61,1496362183
Creditbit,CRB,125,0.632123,0.00026323,229766.0,7506045.0,11874342.0,11874342.0,0.75,-9.52,-7.28,1496362171
VPNCoin,VASH,126,0.0185282,0.00000772,1591870.0,7417575.0,400339746.0,400339746.0,4.44,10.66,-16.98,1496362162
BelaCoin,BELA,127,0.205228,0.00008553,233613.0,7175376.0,34962950.0,34962950.0,1.1,6.85,-4.03,1496362448
Bitcoin Plus,XBC,128,72.0557,0.0300283,121788.0,6982909.0,96910.0,96910.0,1.76,8.22,-3.11,1496362449
Aeon,AEON,129,0.478001,0.00019905,3984.52,6801107.0,14228227.0,14228227.0,3.13,5.85,1.37,1496362166
Global Currency Reserve,GCR,130,0.0647033,0.00002694,22610.7,6644312.0,102688926.0,102688926.0,-1.43,3.15,2.03,1496362167
Einsteinium,EMC2,131,0.031502,0.00001313,127880.0,6640939.0,210810073.0,210810073.0,0.67,4.51,-8.32,1496362447
Asch,XAS,132,0.0881678,0.00003671,164304.0,6612585.0,75000000.0,100000000.0,1.84,8.99,-16.8,1496362191
Incent,INCNT,133,0.285787,0.00011901,133258.0,6575476.0,23008312.0,46016625.0,0.16,10.95,22.9,1496362185
Novacoin,NVC,134,3.72243,0.00155127,109083.0,6460137.0,1735462.0,1735462.0,-0.38,2.18,-14.41,1496362440
Feathercoin,FTC,135,0.0392374,0.00001635,155677.0,6425845.0,163768360.0,163768360.0,1.12,16.12,8.52,1496362442
Lunyr,LUN,136,2.79389,0.00116344,180927.0,6419949.0,2297853.0,2703356.0,0.68,6.94,-5.76,1496362194
ZClassic,ZCL,137,4.1252,0.00171782,874032.0,6076781.0,1473088.0,1473088.0,4.17,-11.03,24.93,1496362182
Safe Exchange Coin,SAFEX,138,0.00278766,0.00000116,20721.5,5986454.0,2147483647.0,2147483647.0,4.04,5.17,-5.38,1496362171
SIBCoin,SIB,139,0.401651,0.00016726,17063.0,5882176.0,14644993.0,14644993.0,2.14,7.47,37.58,1496362168
Mooncoin,MOON,140,0.0000263755,0.00000001,23036.1,5853882.0,221943907493,221943907493,-39.66,-25.19,-57.01,1496362444
FirstCoin,FRST,141,1.77758,0.00074022,61716.5,5525081.0,3108204.0,110000000.0,2.54,-2.42,9.98,1496362186
WorldCoin,WDC,142,0.0479835,0.00002000,134819.0,5498552.0,114592566.0,114592566.0,1.27,7.98,-20.67,1496362441
MonetaryUnit,MUE,143,0.0431217,0.00001796,34753.9,5238667.0,121485640.0,121485640.0,2.54,0.51,-10.74,1496362161
OKCash,OK,144,0.0722343,0.00003008,530388.0,5170142.0,71574619.0,71574619.0,5.9,42.03,146.43,1496362161
Blitzcash,BLITZ,145,1.24873,0.00052,173933.0,5074032.0,4063354.0,4063354.0,-3.69,31.45,298.17,1496362161
Auroracoin,AUR,146,0.585701,0.00024408,16720.1,5071081.0,8658139.0,8658139.0,0.89,5.11,-2.33,1496362447
Gambit,GAM,147,4.28273,0.00178342,11730.7,5070521.0,1183946.0,1183946.0,1.02,7.34,4.43,1496362165
ION,ION,148,0.367396,0.00015299,23154.6,5049246.0,13743335.0,19643335.0,-1.34,-1.51,-24.01,1496362175
PinkCoin,PINK,149,0.0153674,0.00000640,366102.0,4931784.0,320925050.0,370925050.0,-1.01,6.95,-11.47,1496362449
FoldingCoin,FLDC,150,0.0100411,0.00000418,408261.0,4917548.0,489741985.0,1000000000.0,1.33,2.78,-9.21,1496362159
Janus,JNS,151,0.231648,0.00009646,7233.96,4849104.0,20933069.0,25201489.0,2.57,1.58,2.54,1496362186
Vcash,XVC,152,0.303889,0.00012655,172319.0,4634638.0,15251089.0,15251089.0,1.34,5.9,5.79,1496362164
RouletteToken,RLT,153,0.456555,0.00019012,26752.0,4607649.0,10092210.0,10092933.0,1.02,6.55,3.05,1496362195
Darcrus,DAR,154,0.335214,0.00013959,22428.3,4566876.0,13623762.0,13623762.0,1.06,12.39,8.87,1496362185
Sphere,SPHR,155,1.43554,0.00059779,14124.3,4425684.0,3082940.0,3082940.0,9.81,24.77,64.67,1496362165
FairCoin,FAIR,156,0.0813462,0.00003390,3746.96,4319877.0,53104846.0,53104846.0,1.78,16.1,16.12,1496362448
CloakCoin,CLOAK,157,0.839215,0.00034947,24223.8,4198862.0,5003321.0,5003321.0,0.32,-0.64,11.38,1496362156
MUSE,MUSE,158,0.00297489,0.00000124,1190.51,4089999.0,1374840478.0,1524840478.0,0.32,33.48,-21.91,1496362165
NautilusCoin,NAUT,159,0.251166,0.00010459,537618.0,4063866.0,16180000.0,16180000.0,2.79,13.36,21.26,1496362155
Bitmark,BTM,160,1.00859,0.00042,200736.0,3934691.0,3901180.0,3901180.0,1.95,8.34,15.59,1496362158
bitCNY,BITCNY,161,0.1353,0.00005634,406603.0,3908100.0,28884700.0,28884700.0,-1.83,-3.0,-4.56,1496362159
DubaiCoin,DBIX,162,4.49238,0.00187072,17223.5,3904536.0,869146.0,869146.0,-0.51,6.21,49.23,1496362191
Unobtanium,UNO,163,19.6198,0.00817631,70954.9,3879315.0,197725.0,197725.0,0.73,10.76,-10.01,1496362444
APX,APX,164,4.1545,0.00173002,70666.6,3739050.0,900000.0,1000000.0,0.42,1.58,23.9,1496362196
LoMoCoin,LMC,165,0.0177631,0.00000740,103785.0,3702402.0,208432181.0,293432181.0,1.54,3.47,-7.86,1496362179
SpreadCoin,SPR,166,0.430554,0.00017929,27060.8,3500920.0,8131199.0,8131199.0,14.86,15.78,15.97,1496362161
ICO OpenLedger,ICOO,167,7.25075,0.00301936,4393.93,3420867.0,471795.0,471795.0,-0.95,8.96,-18.41,1496362176
Riecoin,RIC,168,0.0992413,0.00004136,699020.0,3392214.0,34181475.0,34181475.0,1.47,8.28,4.36,1496362448
Diamond,DMD,169,1.51974,0.00063333,11065.7,3227378.0,2123638.0,2123638.0,3.93,5.41,5.69,1496362443
Quark,QRK,170,0.0126864,0.00000529,30817.3,3172882.0,250101047.0,250101047.0,9.21,7.32,-32.55,1496362443
ArtByte,ABY,171,0.00408407,0.00000170,77893.4,3155743.0,772695650.0,772695650.0,0.95,21.35,-18.47,1496362156
Zennies,ZENI,172,0.0030498,0.00000127,6735.2,3051873.0,1000679671.0,1000679671.0,1.02,1.34,-1.37,1496362193
Ethbits,ETB,173,2.19226,0.0009129,2920.75,2952943.0,1346986.0,1634691.0,17.85,,,1496362196
Wild Beast Block,WBB,174,1.26691,0.00052757,35462.3,2945030.0,2324577.0,2324577.0,1.0,4.48,-22.99,1496362163
Circuits of Value,COVAL,175,0.00727629,0.00000303,77439.4,2910516.0,400000000.0,1200000000.0,0.35,5.68,-7.17,1496362162
BitSend,BSD,176,0.189988,0.00007912,18223.2,2896970.0,15248175.0,15248175.0,-1.4,-2.42,24.43,1496362155
PoSW Coin,POSW,177,0.0701655,0.00002922,98328.6,2876786.0,41000000.0,70000000.0,2.23,57.38,12.92,1496362185
Musicoin,MUSIC,178,0.0166304,0.00000693,59805.9,2842890.0,170945368.0,170945368.0,0.09,7.47,3.67,1496362189
Zetacoin,ZET,179,0.0166745,0.00000695,294513.0,2770548.0,166154799.0,166154799.0,-0.73,4.53,-9.0,1496362445
Megacoin,MEC,180,0.0822608,0.00003428,277046.0,2705266.0,32886450.0,32886450.0,5.33,8.4,-28.8,1496362442
Curecoin,CURE,181,0.110555,0.00004604,16779.6,2621031.0,23707937.0,23707937.0,-3.28,-2.01,-16.55,1496362155
BitBean,BITB,182,0.00128334,0.00000053,83306.3,2512623.0,1957878000.0,1957878000.0,3.55,-1.41,-28.12,1496362163
Espers,ESP,183,0.000124713,0.00000005,12072.1,2510023.0,20126394343.0,20126394343.0,19.77,17.62,-1.61,1496362175
XCurrency,XC,184,0.432255,0.00018,859.707,2510008.0,5806776.0,5806776.0,1.02,-10.72,-9.51,1496362154
Rise,RISE,185,0.0228121,0.00000950,78205.5,2449728.0,107387215.0,107387215.0,3.05,17.77,0.96,1496362176
Veros,VRS,186,0.0284204,0.00001183,33264.2,2429573.0,85486938.0,10000000000.0,0.45,-16.63,5.3,1496362183
RaiBlocks,XRB,187,0.0324845,0.00001353,24250.3,2427647.0,74732457.0,340282367.0,1.13,4.51,-1.27,1496362189
Zeitcoin,ZEIT,188,0.0000667655,0.00000003,4327.52,2425229.0,36324589655.0,36324589655.0,1.59,11.23,45.37,1496362448
Minereum,MNE,189,6.04286,0.00251638,171591.0,2389428.0,395413.0,395413.0,1.67,102.13,133.46,1496362194
Atmos,ATMS,190,0.023822,0.00000992,158938.0,2383929.0,100072580.0,110072580.0,-0.17,1.41,2.58,1496362192
Myriad,XMY,191,0.00156431,0.00000065,42651.6,2324513.0,1485967250.0,1485967250.0,1.33,9.17,-20.52,1496362447
Mintcoin,MINT,192,0.0000951023,0.00000004,3956.46,2315375.0,24346154140.0,24346154140.0,1.02,35.16,-16.95,1496362446
Spectrecoin,XSPEC,193,0.112965,0.00004704,211059.0,2303866.0,20394512.0,20394512.0,-6.97,1.13,6.25,1496362185
Digitalcoin,DGC,194,0.0645588,0.00002690,110085.0,2220164.0,34389793.0,34389793.0,3.23,7.67,-12.71,1496362441
Steem Dollars,SBD,195,1.5714,0.00065436,723908.0,2215493.0,1409885.0,1409885.0,0.4,10.9,-9.59,1496362177
ZcCoin,ZCC,196,0.0357954,0.00001491,364681.0,2207039.0,61657044.0,61657044.0,5.43,5.98,-26.12,1496362157
BoostCoin,BOST,197,0.185149,0.00007710,113202.0,2195032.0,11855487.0,11855487.0,7.33,10.3,-4.96,1496362155
bitUSD,BITUSD,198,0.988624,0.00041168,192832.0,2165265.0,2190180.0,2190180.0,-1.0,-0.88,1.02,1496362160
HunterCoin,HUC,199,0.119222,0.00004968,84847.9,2102580.0,17635840.0,17635840.0,2.21,-0.37,-6.1,1496362447
Adzcoin,ADZ,200,0.0382237,0.00001592,8520.51,2096316.0,54843360.0,54843360.0,5.86,13.33,-3.01,1496362169
Groestlcoin,GRS,201,0.0301945,0.00001257,1934.92,2041597.0,67614874.0,67614874.0,4.58,2.14,4.95,1496362153
Cryptonite,XCN,202,0.00620186,0.00000258,152575.0,2031975.0,327639581.0,327639581.0,1.15,10.46,-30.43,1496362157
BlockPay,BLOCKPAY,203,0.35936,0.00014965,725.504,1950714.0,5428300.0,98928316.0,-2.1,6.23,12.72,1496362179
iCash,ICASH,204,0.00878694,0.00000366,7221.92,1941067.0,220903607.0,220903607.0,5.73,36.03,-1.1,1496362163
Tickets,TIX,205,0.0000287772,0.00000001,41797.8,1924512.0,66876281414.0,66876281414.0,1.8,2.46,-22.3,1496362443
GoldCoin,GLD,206,0.047687,0.00001987,6240.04,1919572.0,40253564.0,40253564.0,2.2,14.59,-0.23,1496362442
FUNCoin,FUNC,207,0.351971,0.00014657,70783.9,1885629.0,5357341.0,100000000.0,0.59,2.19,16.68,1496362195
MaxCoin,MAX,208,0.0340939,0.00001421,74098.9,1856163.0,54442678.0,54442678.0,-0.02,-0.33,-3.23,1496362445
Bata,BTA,209,0.370112,0.00015412,19017.5,1832449.0,4951067.0,4951067.0,-6.09,-7.46,20.54,1496362165
TransferCoin,TX,210,0.304328,0.00012673,18132.6,1817826.0,5973247.0,5973247.0,0.09,14.75,-19.24,1496362166
Breakout Stake,BRX,211,0.288458,0.00012012,5945.82,1808079.0,6268082.0,6268082.0,2.95,9.85,26.12,1496362177
Ethereum Movie Venture,EMV,212,0.266889,0.00011114,610.544,1779260.0,6666666.0,6666666.0,-8.03,912.03,-42.28,1496362191
DeepWebCash,DWC,213,1.26451,0.00052657,13284.2,1682905.0,1330875.0,1330875.0,0.48,12.77,-37.21,1496362184
vTorrent,VTR,214,0.147687,0.00006150,8239.0,1597378.0,10815966.0,10815966.0,1.0,4.02,15.34,1496362162
CryptoCarbon,CCRB,215,0.440892,0.0001836,9012.46,1570506.0,3562111.0,10000150.0,1.8,-16.75,29.04,1496362185
Startcoin,START,216,0.032784,0.00001365,44540.8,1477896.0,45079785.0,70782220.0,1.23,1.91,-25.68,1496362155
Sequence,SEQ,217,0.0321069,0.00001337,2614.5,1435154.0,44699246.0,44699246.0,1.02,13.56,24.84,1496362180
ChainCoin,CHC,218,0.0963448,0.00004012,18986.3,1414169.0,14678211.0,14678211.0,-0.1,13.44,1.48,1496362166
2GIVE,2GIVE,219,0.0025994,0.00000108,18905.5,1333483.0,512996518.0,512996518.0,3.32,1.07,-26.18,1496362175
EuropeCoin,ERC,220,0.134431,0.00005598,2394.3,1324308.0,9851212.0,9851212.0,1.29,15.52,23.99,1496362165
EB3 Coin,EB3,221,0.283367,0.000118,25927.7,1300673.0,4590065.0,786000000.0,1.02,2.92,1.95,1496362191
Boolberry,XBB,222,0.134851,0.00005615,4446.76,1285464.0,9532480.0,9532480.0,1.29,-2.06,-12.58,1496362156
Visio,VISIO,223,0.0252458,0.00001051,1642.08,1277325.0,50595542.0,62595542.0,1.14,-2.05,3.89,1496362189
Yocoin,YOC,224,0.0117146,0.00000488,54432.9,1237282.0,105618830.0,200000000.0,2.47,45.92,40.73,1496362170
Breakout,BRK,225,0.0688246,0.00002866,593.759,1232890.0,17913507.0,17913507.0,1.02,-1.93,-12.55,1496362176
Bitswift,SWIFT,226,0.290956,0.00012116,6919.75,1181535.0,4060872.0,4060872.0,-2.09,-1.85,55.46,1496362160
Stealthcoin,XST,227,0.0441861,0.00001840,2628.69,1156477.0,26172869.0,26172869.0,-1.97,0.37,-3.71,1496362156
Inpay,INPAY,228,0.115124,0.00004794,87010.9,1151240.0,10000000.0,10000000.0,4.28,-0.79,-16.36,1496362192
TagCoin,TAG,229,0.205725,0.00008567,117440.0,1129763.0,5491617.0,5491617.0,10.94,12.47,-14.28,1496362147
Dynamic,DYN,230,0.655995,0.00027317,1570.32,1059943.0,1615780.0,4369684.0,-3.13,-3.9,-4.88,1496362189
ArcticCoin,ARC,231,0.0453688,0.00001889,17992.2,1059421.0,23351311.0,23351311.0,11.05,41.91,-16.18,1496362181
Syndicate,SYNX,232,0.0936089,0.00003898,12970.7,1054866.0,11268860.0,11268860.0,22.51,-55.8,76.77,1496362177
WhiteCoin,XWC,233,0.00424728,0.00000177,25557.5,1053555.0,248054053.0,248054053.0,1.77,5.3,59.23,1496362449
Mercury,MER,234,0.0103828,0.00000432,1313.89,1038280.0,100000000.0,100000000.0,2.02,-3.35,-13.65,1496362190
AudioCoin,ADC,235,0.00128995,0.00000054,3879.24,1023187.0,793198644.0,793198644.0,2.67,13.28,-13.39,1496362165
PutinCoin,PUT,236,0.0050308,0.00000209,37972.4,1008261.0,200417616.0,200417616.0,1.04,36.66,20.29,1496362177
Ixcoin,IXC,237,0.0479431,0.00001998,9280.58,1006761.0,20999088.0,20999088.0,-15.38,63.95,2.52,1496362444
Renos,RNS,238,0.0300413,0.00001251,358219.0,1001940.0,33352097.0,33352097.0,1.73,29.18,83.97,1496362188
Triggers,TRIG,239,0.0311944,0.00001299,29014.4,1001515.0,32105593.0,100000000.0,2.52,0.63,-12.56,1496362181
SecureCoin,SRC,240,0.12799,0.00005334,103300.0,996512.0,7785856.0,7785856.0,5.07,6.03,-27.89,1496362444
Joincoin,J,241,0.402923,0.00016779,773.545,986517.0,2448402.0,2448402.0,2.87,-69.26,417.7,1496362158
Voxels,VOX,242,0.0311268,0.00001296,110129.0,980494.0,31500000.0,210000000.0,7.04,9.53,-21.54,1496362173
Anoncoin,ANC,243,0.463119,0.000193,3022.99,977328.0,2110317.0,2110317.0,0.72,16.66,-29.19,1496362442
HiCoin,XHI,244,0.0051444,0.00000214,56466.9,976047.0,189729990.0,10189729990.0,2.12,9.77,-2.19,1496362174
CannabisCoin,CANN,245,0.0124351,0.00000518,55802.6,960377.0,77231176.0,91859176.0,1.04,4.79,29.86,1496362157
Qwark,QWARK,246,0.0548003,0.00002282,17483.0,954424.0,17416409.0,250377576.0,1.02,9.32,26.73,1496362173
BlueCoin,BLU,247,0.00164558,0.00000069,3157.34,945688.0,574683675.0,574683675.0,0.94,21.83,226.13,1496362449
Creativecoin,CREA,248,0.0889089,0.00003702,2377.95,938592.0,10556779.0,12268507.0,-2.78,-18.67,-33.12,1496362194
GlobalCoin,GLC,249,0.0143976,0.00000600,1282.47,938306.0,65171010.0,65171010.0,1.0,-15.15,-33.26,1496362443
DIBCOIN,DIBC,250,0.185682,0.00007732,1995.28,928410.0,5000000.0,5000000000.0,-1.58,-3.33,5.06,1496362190
Hacker Gold,HKG,251,0.0541707,0.00002256,3014.7,872738.0,16110893.0,16110893.0,-7.34,-1.11,-19.14,1496362183
PepeCoin,PEPE,252,0.0631928,0.00002631,17015.9,869615.0,13761298.0,13761298.0,-1.79,-10.46,32.3,1496362172
EverGreenCoin,EGC,253,0.0648571,0.00002701,4722.98,863981.0,13321301.0,13321301.0,3.42,8.05,4.0,1496362170
Centurion,CNT,254,0.0327542,0.00001364,41849.8,846690.0,25849829.0,63388628.0,-1.57,1.1,-0.53,1496362187
DopeCoin,DOPE,255,0.00760671,0.00000317,18119.8,844996.0,111085648.0,111085648.0,3.61,3.52,-22.52,1496362448
LiteDoge,LDOGE,256,0.0000568696,0.00000002,4230.17,840195.0,14774055159.0,14774055159.0,-13.22,-32.16,-19.66,1496362163
HTMLCOIN,HTML5,257,0.0000206441,0.000000009,6935.42,839369.0,40659020000.0,40659020000.0,0.72,12.31,-6.07,1496362159
VeriumReserve,VRM,258,0.743664,0.00030968,17354.3,827188.0,1112314.0,1112314.0,0.73,1.22,-22.07,1496362180
Pesetacoin,PTC,259,0.00600395,0.00000250,5666.44,783741.0,130537490.0,130537490.0,-1.45,12.85,-8.72,1496362446
Hush,HUSH,260,0.708183,0.0002949,241813.0,779630.0,1100888.0,1222363.0,1.55,35.76,48.74,1496362183
e-Gulden,EFL,261,0.0492821,0.00002054,1622.14,756217.0,15344662.0,20384002.0,0.93,5.22,-13.16,1496362448
Unitus,UIS,262,0.0160735,0.00000669,21164.8,751378.0,46746391.0,46746391.0,-0.19,-7.28,7.6,1496362162
ProCurrency,PROC,263,0.25179,0.00010485,2490.53,708840.0,2815205.0,15000053805.0,16.5,-2.89,24.51,1496362193
FujiCoin,FJC,264,0.000724436,0.00000030,6059.57,697036.0,962177078.0,962177078.0,1.99,52.93,49.04,1496362165
Fantomcoin,FCN,265,0.117669,0.00004900,1146.54,689405.0,5858848.0,5858848.0,-0.2,5.79,-3.76,1496362155
ExclusiveCoin,EXCL,266,0.165693,0.00006900,6385.74,677294.0,4087641.0,4087641.0,1.31,9.23,-21.91,1496362159
Tokes,TKS,267,1.03254,0.00042997,8827.67,668698.0,647624.0,50000000.0,7.24,24.99,10.86,1496362190
MediterraneanCoin,MED,268,0.0134479,0.00000560,8517.32,668449.0,49706598.0,49706598.0,2.85,1.32,-27.71,1496362160
Ripto Bux,RBX,269,0.00193332,0.00000081,5507.48,661389.0,342100100.0,1000000000.0,4.24,-6.37,19.96,1496362191
HempCoin,THC,270,0.00311993,0.00000130,13390.6,660873.0,211823061.0,211823061.0,1.78,7.93,-22.25,1496362157
Altcoin,ALT,271,5.37953,0.00224015,2919.74,657246.0,122175.0,134063.0,0.55,8.59,12.08,1496362193
NuShares,NSR,272,0.000240188,0.00000010,16992.5,649052.0,2702268334.0,3317600823.0,1.03,8.91,-50.67,1496362161
GeoCoin,GEO,273,0.260613,0.00010852,4541.38,639826.0,2455079.0,2455079.0,0.28,3.76,11.82,1496362163
Version,V,274,0.00141684,0.00000059,1410.67,619556.0,437280118.0,437280118.0,0.67,,,1496362196
Synergy,SNRG,275,0.21771,0.00009066,1749.37,603929.0,2774005.0,2774005.0,1.02,8.41,-6.49,1496362165
Magi,XMG,276,0.0819027,0.00003411,3282.39,577765.0,7054289.0,7054289.0,1.04,14.39,-10.27,1496362159
Deutsche eMark,DEM,277,0.0206478,0.00000860,1268.96,573873.0,27793416.0,27793416.0,-6.46,2.52,-10.5,1496362443
TrustPlus,TRUST,278,0.0175303,0.00000730,936.635,562488.0,32086595.0,32086595.0,3.57,6.38,4.65,1496362157
UniBURST,UNIBURST,279,0.55872,0.00023266,2300.81,558719.0,999999.0,1000000.0,-2.41,36.16,193.67,1496362188
TileCoin,XTC,280,0.0051577,0.00000215,11475.6,515770.0,100000000.0,100000000.0,0.01,-7.37,-20.3,1496362161
Canada eCoin,CDN,281,0.00509968,0.00000212,926.036,496788.0,97415544.0,97415544.0,1.1,3.8,-12.67,1496362154
NobleCoin,NOBL,282,0.000215576,0.00000009,11261.5,494015.0,2291603873.0,2291603873.0,13.62,17.42,-9.23,1496362445
DT Token,DRACO,283,0.00541758,0.00000226,25154.1,481563.0,88888888.0,88888888.0,3.74,21.09,30.06,1496362176
YashCoin,YASH,284,0.0479155,0.00001995,925.239,479161.0,10000116.0,10000116.0,1.02,18.77,37.59,1496362185
KoreCoin,KORE,285,0.25491,0.00010615,708.818,466727.0,1830949.0,1830949.0,1.02,10.28,5.4,1496362156
Moin,MOIN,286,0.0658731,0.00002743,2522.05,457715.0,6948442.0,6948442.0,-0.45,13.63,2.68,1496362170
Capricoin,CPC,287,0.455697,0.00018976,13083.4,448524.0,984260.0,200984260.0,0.81,11.31,17.96,1496362166
Bottlecaps,CAP,288,0.0031109,0.00000130,4193.34,430984.0,138540028.0,138540028.0,2.59,281.83,343.65,1496362160
IncaKoin,NKA,289,0.0000568601,0.00000002,1157.54,428554.0,7536991873.0,7536991873.0,1.91,-8.44,135.92,1496362162
Happycoin,HPC,290,0.036586,0.00001524,682.886,415833.0,11365901.0,11365901.0,1.02,-5.11,191.67,1496362192
TrumpCoin,TRUMP,291,0.0629156,0.00002620,6613.85,411438.0,6539516.0,6539516.0,5.24,-7.51,3.39,1496362171
1337,1337,292,0.0000179636,0.000000007,2762.62,409175.0,22777984492.0,22777984492.0,-3.74,31.46,34.72,1496362169
I0Coin,I0C,293,0.0192207,0.00000801,1812.73,403143.0,20974394.0,20974394.0,0.79,7.86,1.58,1496362444
iTicoin,ITI,294,12.3581,0.00514619,37860.1,395459.0,32000.0,9999992.0,7.07,-15.07,42.86,1496362194
PostCoin,POST,295,0.0240198,0.00001000,3980.97,378920.0,15775332.0,15775332.0,1.72,1.41,-0.51,1496362173
Mineum,MNM,296,0.0388133,0.00001616,674.495,366257.0,9436367.0,9586367.0,0.94,-17.89,-19.14,1496362176
Elcoin,EL,297,0.0320924,0.00001336,3216.61,359723.0,11208967.0,20935289.0,-24.35,-40.53,-35.58,1496362174
Virtacoinplus,XVP,298,0.0405591,0.00001689,986.771,357608.0,8816970.0,10351564.0,2.21,3.76,-48.13,1496362188
Master Swiscoin,MSCN,299,0.0346706,0.00001444,8595.12,354785.0,10233020.0,1002559069.0,-2.19,-6.5,-23.66,1496362188
Wyvern,WYV,300,0.302602,0.00012601,1260.76,329982.0,1090481.0,1090481.0,1.02,28.64,12.64,1496362191
Jewels,JWL,301,0.0158501,0.00000660,2326.58,319788.0,20175767.0,20175767.0,1.02,-8.36,-0.96,1496362180
Dotcoin,DOT,302,0.00141057,0.00000059,74884.8,317002.0,224733500.0,489733500.0,0.76,-0.02,19.0,1496362163
Terracoin,TRC,303,0.0157222,0.00000655,5398.17,315867.0,20090540.0,20090540.0,0.9,7.75,-9.96,1496362440
GCoin,GCN,304,0.0000021857,0.0000000009,653.702,303777.0,138985235000,138985235000,1.04,0.83,26.46,1496362162
CacheCoin,CACH,305,0.0839858,0.00003500,9056.3,302588.0,3602849.0,3602849.0,1.0,-20.77,,1496362447
Atomic Coin,ATOM,306,0.0296231,0.00001234,1028.28,297661.0,10048283.0,10048283.0,33.33,25.21,-5.07,1496362181
Asiadigicoin,ADCN,307,0.0116004,0.00000483,1091.88,289210.0,24931054.0,210000000.0,0.1,3.79,-27.49,1496362171
MazaCoin,MZC,308,0.000262336,0.00000011,537.497,286633.0,1092618137.0,1092618137.0,0.92,4.35,6.98,1496362447
Karbowanec,KRB,309,0.0800894,0.00003335,6364.02,283011.0,3533692.0,3533692.0,3.64,4.69,-4.3,1496362178
TeslaCoin,TES,310,0.00374678,0.00000156,1976.59,268913.0,71771889.0,71771889.0,-15.67,-21.9,-13.2,1496362447
Zoin,ZOI,311,0.0246361,0.00001026,1885.0,264469.0,10735000.0,10735000.0,12.83,14.93,-10.6,1496362184
Neutron,NTRN,312,0.0208656,0.00000869,3116.74,263276.0,12617684.0,12617684.0,1.27,16.07,130.64,1496362164
LiteBar,LTB,313,0.406604,0.00016945,1189.07,262136.0,644697.0,644697.0,26.91,46.71,33.49,1496362448
Influxcoin,INFX,314,0.155373,0.00006470,3882.86,259999.0,1673383.0,1673383.0,1.0,-2.53,-41.94,1496362167
ParkByte,PKB,315,0.0544161,0.00002266,795.674,259240.0,4764026.0,4764026.0,0.17,4.91,1.78,1496362164
Bytecent,BYC,316,0.159934,0.00006660,14594.3,259202.0,1620682.0,1620682.0,1.02,-3.17,-14.34,1496362162
Sexcoin,SXC,317,0.00211138,0.00000088,4189.88,258702.0,122527639.0,122527639.0,7.81,-16.22,7.63,1496362444
Quatloo,QTL,318,0.034448,0.00001434,24600.7,256143.0,7435628.0,7435628.0,2.79,-22.67,-25.09,1496362157
KibiCoin,KIC,319,0.0170631,0.00000711,524.795,249800.0,14639800.0,14639800.0,-10.32,,,1496362196
Newbium,NEWB,320,0.0100859,0.00000420,80901.4,242062.0,24000000.0,51000000.0,2.14,36.22,148.38,1496362175
UltraCoin,UTC,321,0.00551907,0.00000230,4170.89,237846.0,43095342.0,43095342.0,11.82,10.23,40.4,1496362445
8Bit,8BIT,322,0.201755,0.00008402,3511.1,234927.0,1164415.0,1164415.0,0.74,-1.33,-31.62,1496362165
Rubies,RBIES,323,0.0216608,0.00000902,2471.09,224698.0,10373504.0,10373504.0,1.14,-1.79,-18.58,1496362172
PRCoin,PRC,324,0.0233279,0.00000971,27237.0,220015.0,9431400.0,789431400.0,0.93,9.1,-1.08,1496362188
MTMGaming,MTM,325,0.0692951,0.00002886,2581.45,207885.0,3000000.0,5000000.0,-2.41,29.9,66.96,1496362189
Torcoin,TOR,326,0.786965,0.00032771,5381.81,206068.0,261852.0,1261852.0,-2.36,-1.41,-30.07,1496362191
NuBits,USNBT,327,1.005,0.0004185,47656.5,197756.0,196772.0,838087.0,0.75,0.32,0.71,1496362160
GoldBlocks,GB,328,0.0132931,0.00000554,2767.11,197617.0,14866128.0,14866128.0,6.83,25.27,9.67,1496362176
BERNcash,BERN,329,0.00268771,0.00000112,1062.62,191457.0,71234301.0,71234301.0,73.91,97.16,114.02,1496362173
42-coin,42,330,4331.68,1.80517,687.464,181931.0,42.0,42.0,1.0,10.13,30.18,1496362445
Kobocoin,KOBO,331,0.00730936,0.00000304,529.066,180543.0,24700248.0,24700248.0,1.02,-30.36,-48.87,1496362163
Flycoin,FLY,332,0.843329,0.00035118,11678.5,177778.0,210806.0,210806.0,-3.22,-40.86,104.05,1496362167
Tattoocoin (Standard Edition),TSE,333,0.00153459,0.00000064,962.319,175512.0,114370443.0,604370443.0,4.98,21.33,4.45,1496362187
Fastcoin,FST,334,0.00132209,0.00000055,1897.97,167594.0,126764507.0,126764507.0,0.97,30.09,25.07,1496362442
UnbreakableCoin,UNB,335,0.0725141,0.00003020,5379.08,165198.0,2278150.0,2278150.0,1.65,-0.79,5.93,1496362154
Netko,NETKO,336,0.0660571,0.00002751,937.728,160412.0,2428384.0,2428384.0,1.03,-8.55,-18.64,1496362189
bitBTC,BITBTC,337,2414.85,1.0056,45434.3,154744.0,64.0,64.0,-2.87,-2.55,-4.49,1496362159
TheGCCcoin,GCC,338,0.0216368,0.00000901,1234.33,152215.0,7035024.0,867035024.0,1.02,2.72,-23.34,1496362186
Piggycoin,PIGGY,339,0.000292881,0.00000012,2740.11,141699.0,483809140.0,483809140.0,0.14,-15.98,-37.04,1496362155
PipCoin,PIP,340,0.0213582,0.00000889,2237.66,140391.0,6573177.0,6999979.0,1.01,-29.16,-7.41,1496362181
DigitalPrice,DP,341,0.00559861,0.00000233,1310.4,126822.0,22652363.0,22652363.0,14.7,-11.88,28.49,1496362159
Machinecoin,MAC,342,0.00638776,0.00000266,2758.09,124909.0,19554425.0,19554425.0,9.94,12.67,-5.13,1496362163
HoboNickels,HBN,343,0.00247197,0.00000103,759.008,119988.0,48539441.0,48539441.0,1.01,-14.2,90.03,1496362445
bitEUR,BITEUR,344,1.12625,0.00046899,19911.2,114303.0,101490.0,101490.0,-1.57,-1.11,0.86,1496362165
Pascal Lite,PASL,345,0.057634,0.00002400,2603.27,113620.0,1971400.0,1971400.0,-1.26,-18.19,-44.85,1496362189
bitSilver,BITSILVER,346,20.2323,0.00842514,9038.6,112003.0,5536.0,5536.0,-1.56,3.93,0.86,1496362162
QuazarCoin,QCN,347,0.0192113,0.00000800,991.294,109678.0,5709040.0,5709040.0,1.02,34.81,9.82,1496362155
MojoCoin,MOJO,348,0.00907642,0.00000378,2096.31,109424.0,12055858.0,12055858.0,-1.84,2.97,-37.63,1496362173
Rimbit,RBT,349,0.000944804,0.00000039,879.884,109125.0,115499623.0,393459356.0,1.02,8.26,6.3,1496362160
Sumokoin,SUMO,350,0.242543,0.000101,7641.91,108847.0,448775.0,9337664.0,1.42,42.74,,1496362196
CHNCoin,CNC,351,0.00403093,0.00000168,10549.1,101822.0,25260247.0,170109984.0,0.32,-2.18,-32.3,1496362160
Spots,SPT,352,0.0045253,0.00000189,606.211,101394.0,22406021.0,22406021.0,0.98,37.51,61.32,1496362445
Phoenixcoin,PXC,353,0.00170216,0.00000071,1053.47,98500.0,57867575.0,57867575.0,0.53,15.62,44.43,1496362443
Eryllium,ERY,354,0.021454,0.00000893,2347.64,93380.0,4352569.0,14352569.0,-2.07,-3.39,-41.74,1496362187
Digital Rupees,DRS,355,0.000168099,0.00000007,3778.72,85865.0,510802961.0,510802961.0,1.02,-47.67,16.24,1496362186
bitGold,BITGOLD,356,1485.37,0.618538,14348.3,80990.0,55.0,55.0,-1.57,3.49,9.82,1496362162
Emerald Crypto,EMD,357,0.00386377,0.00000161,2030.3,73864.0,19117129.0,19117129.0,1.0,16.74,33.78,1496362442
Freicoin,FRC,358,0.00263955,0.00000110,17632.2,73653.0,27903597.0,100000000.0,1.0,4.56,4.32,1496362441
Greencoin,GREV2,359,0.0000240142,0.00000001,2617.36,73418.0,3057268641.0,3057268641.0,1.02,-65.12,-0.36,1496362156
Gapcoin,GAP,360,0.00636373,0.00000265,11519.1,69233.0,10879365.0,10879365.0,1.86,2.55,19.3,1496362161
Kurrent,KURT,361,0.0065334,0.00000272,921.307,64808.0,9919485.0,21319485.0,1.03,-7.14,6.89,1496362184
CrevaCoin,CREVA,362,0.00173754,0.00000072,8909.79,63230.0,36390750.0,6240390800.0,0.9,3.85,-14.37,1496362166
MCAP,MCAP,363,6.13305,0.00255393,236405.0,61361.0,10005.0,100000000.0,-1.96,2.8,,1496362195
Wexcoin,WEX,364,0.359546,0.00014972,4955.84,60150.0,167294.0,10000167294.0,-0.11,0.79,14.68,1496362180
Argentum,ARG,365,0.00787067,0.00000328,2256.32,59047.0,7502122.0,7502122.0,-1.26,-14.33,0.93,1496362444
NevaCoin,NEVA,366,0.0303534,0.00001264,742.947,54975.0,1811165.0,1811165.0,4.61,14.29,32.01,1496362172
Acoin,ACOIN,367,0.0417786,0.00001740,7758.79,50973.0,1220085.0,1220085.0,-0.39,15.27,-31.6,1496362158
Philosopher Stones,PHS,368,0.0193887,0.00000808,3355.5,47099.0,2429219.0,2429219.0,1.0,4.59,7.31,1496362445
Prime-XI,PXI,369,0.00301492,0.00000126,1113.99,44576.0,14785175.0,14785175.0,7.98,-5.16,71.96,1496362160
Allion,ALL,370,0.0062743,0.00000261,2338.41,38897.0,6199359.0,7323359.0,39.82,0.83,-28.86,1496362188
Independent Money System,IMS,371,0.0068474,0.00000285,958.874,36763.0,5368934.0,5368934.0,2.68,-9.55,-4.63,1496362172
Rawcoin,XRC,372,0.0480523,0.00002001,3503.02,33871.0,704882.0,704882.0,-4.25,21.51,247.1,1496362185
Hexx,HXX,373,0.0235878,0.00000982,602.313,31896.0,1352236.0,1352236.0,0.11,-14.2,-44.18,1496362166
Marijuanacoin,MAR,374,0.0596512,0.00002484,3361.93,31179.0,522690.0,522690.0,-7.54,20.93,29.4,1496362187
MACRON,MCRN,375,0.0000736514,0.00000003,1512.56,29565.0,401421401.0,401421401.0,1.04,-21.65,38.17,1496362192
BeaverCoin,BVC,376,0.00929348,0.00000387,624.312,28952.0,3115258.0,3115258.0,3.81,4.01,-5.89,1496362160
LevoPlus,LVPS,377,0.0456346,0.00001900,3768.82,18693.0,409627.0,91409627.0,1.02,-55.32,-44.79,1496362188
Eurocoin,EUC,378,0.00146572,0.00000061,1042.94,17193.0,11730325.0,11730325.0,1.35,-9.52,-18.1,1496362171
Honey,HONEY,379,0.218101,0.00009082,1203.38,14898.0,68306.0,68306.0,-38.7,-54.53,-75.9,1496362189
AllSafe,ASAFE,380,0.0000197440,0.000000008,3473.41,14018.0,710000000.0,710000000.0,5.39,2869.16,434.56,1496362182
Kittehcoin,MEOW,381,0.0000005541,0.0000000002,953.52,13246.0,23905669976.0,23905669976.0,2.19,-15.04,-10.32,1496362444
Bitvolt,VOLT,382,0.000696411,0.00000029,544.748,10525.0,15112554.0,60132654.0,1.02,-12.4,-21.82,1496362193
Ebittree Coin,EBT,383,0.0117669,0.00000490,917.341,10234.0,869760.0,810869760.0,1.02,3.32,8.5,1496362192
Beatcoin,XBTS,384,0.00616918,0.00000257,1552.77,9406.0,1524686.0,2524686.0,-1.09,13.7,-9.79,1496362181
BenjiRolls,BENJI,385,0.000456269,0.00000019,4688.18,8643.0,18943286.0,18943286.0,2.09,3.71,-21.12,1496362186
Environ,ENV,386,0.0000480206,0.00000002,1883.01,6297.0,131129509.0,931129509.0,1.03,109.27,-90.94,1496362193
Digital Money Bits,DMB,387,0.0120215,0.00000501,15678.5,3610.0,300300.0,10300300.0,-1.45,-14.18,18.48,1496362195
Gold Pressed Latinum,GPL,388,0.193722,0.00008067,7627.09,,,203858.0,1.02,2.28,10.81,1496362194
SnakeEyes,SNAKE,389,0.139596,0.00005813,538.143,,,10000000.0,-2.41,24.61,26.31,1496362194
Soarcoin,SOAR,390,0.0178544,0.00000743,697.318,,,5000000000.0,0.89,30.4,-0.69,1496362190
Arcade Token,ARC,391,3.74133,0.00167261,,10785924.0,2882912.0,2882912.0,,,86.2,1496180681
SuperNET,UNITY,392,12.599,0.00524649,101.905,10281552.0,816061.0,816061.0,-0.34,-10.29,75.43,1496362160
Jinn,JINN,393,45.8252,0.0190826,458.252,2690077.0,58703.0,1000000.0,-0.34,3.89,9.92,1496362159
AsiaCoin,AC,394,0.00276779,0.00000115,169.168,2321640.0,838806321.0,838806321.0,1.02,26.61,-28.31,1496362153
InstantDEX,DEX,395,2.2561,0.00093949,327.135,2256100.0,1000000.0,1000000.0,-0.34,3.89,-4.19,1496362160
Project Decorum,PDC,396,0.0367417,0.00001530,343.617,1837085.0,50000000.0,50000000.0,1.02,2.56,-9.19,1496362176
NewYorkCoin,NYC,397,0.0000239923,0.000000010,6.95991,1432819.0,59719935819.0,59719935819.0,1.0,4.55,105.28,1496362449
InsaneCoin,INSANE,398,0.0707688,0.00002947,265.595,1297968.0,18340966.0,18340966.0,1.5,-17.28,28.93,1496362183
Bitpark Coin,BPC,399,0.0158974,0.00000662,173.302,1192305.0,75000000.0,100000000.0,1.02,-0.46,-17.09,1496362184
Pangea Poker,PANGEA,400,0.879,0.00036603,10.548,878431.0,999352.0,1000000.0,-0.34,3.89,,1496362162
DubaiCoin,DBIC,401,0.16428,0.00006841,291.08,842594.0,5129014.0,6146942.0,1.19,6.85,10.03,1496362172
ShadowCash,SDC,402,0.123366,0.00005137,410.141,822473.0,6666930.0,6666930.0,1.02,5.41,-21.96,1496362157
Woodcoin,LOG,403,0.101868,0.00004242,394.173,818529.0,8035193.0,8035193.0,1.02,-6.5,-2.63,1496362164
Ultimate Secure Cash,USC,404,0.0791267,0.00003295,40.8241,818416.0,10343113.0,38602656.0,1.02,40.01,-1.98,1496362191
Pandacoin,PND,405,0.0000239959,0.00000001,304.41,780225.0,32514916898.0,32514916898.0,1.0,4.56,-0.44,1496362447
Carboncoin,CARBON,406,0.0000480283,0.00000002,7.64851,739248.0,15391933062.0,15391933062.0,1.02,4.64,-0.36,1496362157
Cryptofund,FUND,407,0.5588,0.0002553,,558800.0,1000000.0,1000000.0,,,168.96,1495948164
SmileyCoin,SMLY,408,0.0000213521,0.000000009,60.8261,554306.0,25960250000.0,25960250000.0,2.41,9.35,-79.2,1496362162
E-Currency Coin ,ECC,409,0.0000239959,0.00000001,1.1813,529364.0,22060603799.0,22060603799.0,1.0,4.54,-0.39,1496362449
ReeCoin,REE,410,0.0410536,0.00001710,177.006,507739.0,12367704.0,6662367704.0,0.96,4.41,-1.14,1496362177
Shorty,SHORTY,411,0.00504297,0.00000210,0.240358,504297.0,100000000.0,100000000.0,1.02,4.65,109.24,1496362184
BTSR,BTSR,412,0.146487,0.00006100,474.232,484992.0,3310819.0,3310819.0,-2.6,12.72,-22.97,1496362172
CageCoin,CAGE,413,0.0000047163,0.000000002,394.801,477142.0,101168328395,101168328395,0.87,23.01,-14.91,1496362446
CasinoCoin,CSC,414,0.0118335,0.00000493,254.254,456787.0,38601187.0,38601187.0,0.65,11.89,-12.01,1496362148
Casino,CASINO,415,0.447065,0.00018617,26.3768,447065.0,1000000.0,1000000.0,-2.41,25.03,-16.17,1496362189
Dashcoin,DSH,416,0.0245329,0.00001022,228.546,424213.0,17291579.0,17291579.0,1.02,0.31,1.14,1496362161
Tao,XTO,417,0.0127661,0.00000532,212.355,387019.0,30316118.0,32316118.0,-14.86,-26.94,-38.84,1496362180
BitBar,BTB,418,11.5862,0.00482841,453.567,377433.0,32576.0,32576.0,1.04,1.34,0.63,1496362442
Orbitcoin,ORB,419,0.124329,0.00005181,29.46,367411.0,2955149.0,2955149.0,1.21,0.5,2.69,1496362443
LTBcoin,LTBC,420,0.000742106,0.00000032,,366499.0,493863915.0,493863915.0,,-26.45,,1496287754
FuelCoin,FC2,421,0.00357811,0.00000149,25.6515,362864.0,101412329.0,101412329.0,1.02,14.64,,1496362155
RussiaCoin,RC,422,0.042457,0.00001768,13.8848,348846.0,8216446.0,8216446.0,1.06,4.82,3.36,1496362170
SuperCoin,SUPER,423,0.00840496,0.00000350,84.0414,345911.0,41155630.0,41155630.0,1.02,,,1496362155
Trollcoin,TROLL,424,0.000620882,0.00000026,227.519,343783.0,553700640.0,553700640.0,0.96,2.18,-5.8,1496362160
Colossuscoin V2,CV2,425,0.0000149429,0.000000006,255.947,331544.0,22187395273.0,22187395273.0,1.55,-27.32,-66.84,1496362163
Crypto Bullion,CBX,426,0.326802,0.00013619,74.9771,325436.0,995819.0,995819.0,1.0,35.63,-26.84,1496362443
Rare Pepe Party,RAREPEPEPRTY,427,16.1275,0.0067095,,290295.0,18000.0,100000.0,,-14.39,,1496315982
HOdlcoin,HODL,428,0.00312184,0.00000130,23.5953,288673.0,92468925.0,250000000.0,1.02,-11.09,24.4,1496362173
SmartCoin,SMC,429,0.0116601,0.00000486,201.159,266911.0,22890958.0,22890958.0,1.81,54.37,-17.55,1496362446
HitCoin,HTC,430,0.0000240142,0.00000001,248.833,264068.0,10996318099.0,20996318099.0,-49.49,4.64,-0.36,1496362173
Bitstar,BITS,431,0.0109189,0.00000455,216.803,252005.0,23079737.0,23079737.0,19.63,49.05,77.69,1496362449
BTCtalkcoin,TALK,432,0.00357833,0.00000161,,233631.0,65290635.0,65290635.0,,,-28.54,1496191750
AgrolifeCoin,AGLC,433,0.0472658,0.00001990,,216043.0,4570804.0,204570804.0,,3.49,104.5,1496301878
VirtualCoin,VC,434,0.0213246,0.00000888,222.283,214617.0,10064287.0,10064287.0,1.02,16.15,28.23,1496362158
BitcoinTX,BTX,435,0.00261754,0.00000109,1.12867,212175.0,81058927.0,81058927.0,1.02,14.05,-40.61,1496362164
Veltor,VLT,436,0.380961,0.00015864,225.647,211378.0,554855.0,554855.0,-15.66,-2.72,21.37,1496362179
BritCoin,BRIT,437,0.00958165,0.00000399,164.797,203783.0,21268092.0,21268092.0,1.02,84.59,47.24,1496362157
SwagBucks,BUCKS,438,0.972289,0.00040488,2.23651,199744.0,205437.0,205437.0,2.29,-17.0,-22.79,1496362170
Pesobit,PSB,439,0.0060996,0.00000254,419.911,199258.0,32667410.0,32667410.0,1.02,8.93,-12.3,1496362181
Crave,CRAVE,440,0.157347,0.00006668,,196636.0,1249695.0,1249695.0,,2.82,174.09,1496344460
The Cypherfunks,FUNK,441,0.0000043766,0.000000002,58.7762,193233.0,44151695000.0,44151695000.0,-1.79,-4.83,-37.05,1496362165
BillaryCoin,BLRY,442,0.0206762,0.00000861,302.812,185738.0,8983158.0,8983158.0,1.37,26.9,-11.24,1496362175
Devcoin,DVC,443,0.0000128721,0.000000005,268.62,180217.0,14000627500.0,14000627500.0,2.36,-74.24,-73.65,1496362441
Bitz,BITZ,444,0.0892373,0.00003720,,177662.0,1990891.0,1990891.0,,4.52,0.1,1496351362
NetCoin,NET,445,0.000225357,0.00000009,235.788,177385.0,787126712.0,787126712.0,0.8,9.59,-8.97,1496362445
Tristar Coin,TSTR,446,0.0343849,0.00001500,,172882.0,5027857.0,255027857.0,,,42.38,1496271895
Zero,ZER,447,0.228135,0.00009500,175.867,168957.0,740600.0,740600.0,1.02,2.11,18.25,1496362190
PureVidz,VIDZ,448,0.00126762,0.00000053,343.357,158685.0,125183707.0,125183707.0,-16.74,0.43,32.78,1496362186
Truckcoin,TRK,449,0.00122454,0.00000051,27.9962,150558.0,122950395.0,122950395.0,1.02,36.85,110.54,1496362157
Vault Coin,VLTC,450,0.00500296,0.00000208,102.154,148700.0,29722350.0,529722350.0,1.02,8.0,10.21,1496362186
Titcoin,TIT,451,0.00293959,0.00000122,105.531,146680.0,49898202.0,49898202.0,4.48,-0.48,-20.37,1496362158
LottoCoin,LOT,452,0.0000099904,0.000000004,17.6363,144772.0,14491014421.0,14491014421.0,-0.09,22.98,5.23,1496362443
Stress,STS,453,0.000240142,0.00000010,1.0182,135712.0,565134332.0,565134332.0,1.02,,-17.6,1496362172
Cannacoin,CCN,454,0.0287449,0.00001197,113.755,135034.0,4697671.0,4697671.0,1.02,25.17,30.89,1496362153
Bitcurrency,BTCR,455,0.000708118,0.00000029,107.205,119051.0,168122808.0,168122808.0,1.02,3.74,39.79,1496362183
MetalCoin,METAL,456,0.00153691,0.00000064,6.05652,118228.0,76925527.0,76925527.0,1.02,-15.42,-10.1,1496362162
GAIA,GAIA,457,0.00466575,0.00000198,,112451.0,24101381.0,24101381.0,,2.68,-10.74,1496340859
TEKcoin,TEK,458,0.0000785940,0.00000003,303.245,111136.0,1414054562.0,1414054562.0,1.21,-18.13,60.53,1496362154
C-Bit,XCT,459,0.000840496,0.00000035,64.6946,110760.0,131779250.0,131779250.0,1.02,18.14,4.37,1496362172
LanaCoin,LANA,460,0.000144022,0.00000006,496.799,107766.0,748260954.0,748260954.0,-23.89,-0.33,14.59,1496362175
Swing,SWING,461,0.0460241,0.00001917,5.15237,104781.0,2276650.0,2276650.0,1.55,-18.18,-0.84,1496362168
Coin(O),CNO,462,0.00100745,0.00000042,8.81477,103873.0,103104994.0,103104994.0,1.0,-6.6,13.91,1496362449
HyperStake,HYP,463,0.000266943,0.00000011,466.254,102986.0,385796097.0,385796097.0,4.18,-4.44,23.31,1496362157
Jin Coin,JIN,464,0.0104483,0.00000435,4.60351,102900.0,9848485.0,9848485.0,1.02,152.94,,1496362180
Xiaomicoin,MI,465,0.000250645,0.00000010,59.7477,101797.0,406141855.0,406141855.0,-2.68,-19.65,-14.96,1496362168
BigUp,BIGUP,466,0.0000480283,0.00000002,6.79656,98650.0,2054006558.0,2054006558.0,1.02,109.27,-0.36,1496362173
Cryptojacks,CJ,467,0.000241999,0.00000010,315.66,98389.0,406568581.0,406568581.0,1.04,5.02,-16.01,1496362177
Dollarcoin,DLC,468,0.0106623,0.00000444,10.2085,97099.0,9106714.0,9106714.0,1.02,5.22,-19.27,1496362180
Sterlingcoin,SLG,469,0.0248151,0.00001033,25.4807,96311.0,3881156.0,3881156.0,0.69,2.12,0.56,1496362160
Pakcoin,PAK,470,0.00262163,0.00000109,254.442,95960.0,36603300.0,36603300.0,0.86,-2.08,-26.95,1496362172
GlobalBoost-Y,BSTY,471,0.00831649,0.00000346,85.9325,94795.0,11398430.0,11398430.0,0.35,1.96,21.47,1496362160
Coin2.1,C2,472,0.000901592,0.00000038,226.661,90138.0,99976323.0,99976323.0,1.02,1.07,-21.27,1496362155
TittieCoin,TTC,473,0.0000709982,0.00000003,110.456,89445.0,1259816434.0,1259816434.0,1.02,0.09,-1.42,1496362161
WayGuide,WAY,474,0.000873793,0.00000036,,87415.0,100040708.0,100040708.0,,5.76,16.95,1496318076
FlutterCoin,FLT,475,0.000268255,0.00000011,10.2768,86436.0,322214524.0,322214524.0,1.08,16.88,0.88,1496362449
PayCoin,XPY,476,0.0073492,0.00000306,3.06398,86003.0,11702407.0,11752407.0,1.02,-19.94,-58.88,1496362161
BunnyCoin,BUN,477,0.0000008254,0.0000000003,141.268,83704.0,101406858972,101406858972,1.02,11.9,14.16,1496362159
KiloCoin,KLC,478,0.000408241,0.00000017,218.516,80137.0,196297971.0,10025186872.0,1.02,31.53,20.99,1496362172
CorgiCoin,CORG,479,0.0000630943,0.00000003,9.72732,78985.0,1251855418.0,1251855418.0,1.55,-25.02,-63.23,1496362446
Darsek,KED,480,0.00768379,0.00000320,26.1361,75711.0,9853405.0,9853405.0,1.02,3.03,-23.08,1496362192
UFO Coin,UFO,481,0.0000229521,0.00000001,,75421.0,3286025012.0,3286025012.0,,-0.0,-8.02,1496273048
GameUnits,UNITS,482,0.0217506,0.00000906,132.486,75385.0,3465901.0,3465901.0,0.78,-10.18,-5.22,1496362185
Triangles,TRI,483,0.99702,0.00041518,10.3182,72674.0,72891.0,72891.0,,-11.13,-5.67,1496362157
Artex Coin,ATX,484,0.00374847,0.00000156,72.8483,70078.0,18695075.0,268695075.0,0.87,5.3,31.4,1496362179
Blakecoin,BLC,485,0.00580702,0.00000242,23.9353,69166.0,11910789.0,11910789.0,1.0,4.56,-5.0,1496362446
Valorbit,VAL,486,0.0000240142,0.00000001,12.4874,68974.0,2872209760.0,922340072209760,1.02,4.64,-0.36,1496362174
SproutsExtreme,SPEX,487,0.0000240142,0.00000001,12.4874,68839.0,2866607586.0,2866607586.0,1.02,4.64,-3.55,1496362171
Ratecoin,XRA,488,0.000642195,0.00000027,363.299,68114.0,106064555.0,106064555.0,10.4,-12.52,-13.96,1496362165
NoLimitCoin,NLC2,489,0.000336198,0.00000014,31.38,67394.0,200458503.0,200458503.0,1.02,-7.72,-26.33,1496362180
Elementrem,ELE,490,0.0026867,0.00000112,314.973,67208.0,25015159.0,25015159.0,1.0,-16.49,-40.31,1496362179
Guncoin,GUN,491,0.000359865,0.00000015,33.7319,65512.0,182047228.0,182047228.0,1.0,4.54,52.39,1496362450
AmberCoin,AMBER,492,0.0014952,0.00000063,,65255.0,43643263.0,43643263.0,,3.41,-15.02,1496347159
HempCoin,HMP,493,0.0000480283,0.00000002,75.7888,65156.0,1356619574.0,2856619574.0,1.02,4.64,99.28,1496362171
Yacoin,YAC,494,0.000551907,0.00000023,3.188,64074.0,116096203.0,116096203.0,1.0,4.54,-7.29,1496362442
Debitcoin,DBTC,495,0.00353008,0.00000147,18.1787,63513.0,17991940.0,25991940.0,1.02,151.38,11.69,1496362176
CCMiner,CCM100,496,0.0257062,0.00001070,26.2461,62115.0,2416354.0,6000000.0,-2.41,31.1,-3.59,1496362187
MarteXcoin,MXT,497,0.0222154,0.00000925,0.199453,60607.0,2728161.0,2728161.0,3.23,36.9,-23.55,1496362175
ChessCoin,CHESS,498,0.00111731,0.00000047,22.9774,60295.0,53964785.0,53964785.0,1.19,2.22,35.27,1496362176
Bitcloud,BTD,499,0.00533114,0.00000222,46.7631,59372.0,11136774.0,11136774.0,1.02,-34.38,68.85,1496362180
Nyancoin,NYAN,500,0.000189206,0.00000008,14.1735,56363.0,297891209.0,297891209.0,1.01,-70.95,21.47,1496362445
Francs,FRN,501,0.0325524,0.00001356,200.903,55798.0,1714100.0,1714100.0,1.7,19.61,44.11,1496362171
PetroDollar,XPD,502,0.000865341,0.00000036,55.5453,55376.0,63993275.0,63993275.0,1.01,9.42,-41.01,1496362448
Chronos,CRX,503,0.000745094,0.00000031,385.8,54936.0,73729962.0,73729962.0,1.15,34.76,23.29,1496362177
MiloCoin,MILO,504,0.00526862,0.00000219,164.182,54198.0,10286923.0,10286923.0,1.02,32.33,93.36,1496362189
KushCoin,KUSH,505,0.00994186,0.00000414,11.0255,53620.0,5393316.0,5393316.0,1.02,-3.3,-15.72,1496362187
AquariusCoin,ARCO,506,0.0428192,0.00001783,155.373,52294.0,1221283.0,1221283.0,11.23,22.54,34.48,1496362174
Aricoin,ARI,507,0.000364491,0.00000015,4.56352,51124.0,140262505.0,140262505.0,1.44,27.01,1.53,1496362446
Zayedcoin,ZYD,508,0.00804474,0.00000335,23.9412,50230.0,6243840.0,6243840.0,1.02,4.64,-15.06,1496362179
Eternity,ENT,509,0.0162235,0.00000676,159.359,49601.0,3057338.0,3057338.0,1.17,-2.59,-32.09,1496362184
SatoshiMadness,MAD,510,0.0000240142,0.00000001,123.018,48045.0,2000683485.0,2000683485.0,1.02,4.64,-0.36,1496362167
AurumCoin,AU,511,0.161255,0.00006715,265.606,47766.0,296216.0,296216.0,-27.28,-12.32,-0.57,1496362161
PonziCoin,PONZI,512,0.0552326,0.00002300,42.3083,47561.0,861099.0,861099.0,1.02,19.02,-0.32,1496362175
Joulecoin,XJO,513,0.00146193,0.00000061,32.1772,47145.0,32248512.0,32248512.0,11.32,18.77,30.56,1496362443
RevolverCoin,XRE,514,0.00216127,0.00000090,138.889,47098.0,21791844.0,21791844.0,1.02,12.11,4.43,1496362176
Tigercoin,TGC,515,0.00107982,0.00000045,157.319,47012.0,43536800.0,43536800.0,1.0,34.41,47.81,1496362445
DigiCube,CUBE,516,0.0000192873,0.000000008,0.00360318,46851.0,2429126009.0,2429126009.0,-0.06,-15.89,-19.97,1496362170
Sativacoin,STV,517,0.00657363,0.00000274,,46520.0,7076818.0,7076818.0,,59.94,11.78,1496351959
RedCoin,RED,518,0.000623895,0.00000026,22.0687,46236.0,74107896.0,74107896.0,1.0,-3.48,-29.76,1496362446
Lex4All,LEX,519,0.0447065,0.00001862,202.118,44708.0,1000043.0,5000000.0,-2.41,34.76,-6.08,1496362189
808Coin,808,520,0.000216639,0.00000009,136.477,44542.0,205603081.0,205603081.0,3.19,19.74,21.25,1496362177
AmsterdamCoin,AMS,521,0.00450269,0.00000188,173.016,43243.0,9603707.0,16803707.0,-7.67,-5.04,8.02,1496362168
PX,PX,522,0.000552326,0.00000023,54.1078,42390.0,76748853.0,76748853.0,1.02,20.33,,1496362179
Evotion,EVO,523,0.0171667,0.00000715,170.953,42388.0,2469220.0,2469220.0,1.23,-14.38,-65.23,1496362170
BurstOcean,OCEAN,524,0.200062,0.00008331,16.5791,42379.0,211827.0,1000000.0,-2.41,31.4,42.55,1496362189
UniCoin,UNIC,525,0.0141234,0.00000588,167.61,41112.0,2910916.0,2910916.0,-15.1,5.53,16.93,1496362165
ICOBID,ICOB,526,0.000389578,0.00000016,406.657,40463.0,103862796.0,103862796.0,0.97,-10.32,2.16,1496362186
UCoin,U,527,0.0148888,0.00000620,10.0834,40048.0,2689812.0,2689812.0,1.02,,-1.63,1496362162
SpaceCoin,SPACE,528,0.00223948,0.00000093,9.47178,39836.0,17788051.0,17788051.0,0.5,6.48,9.44,1496362168
OctoCoin,888,529,0.000763079,0.00000032,126.236,36898.0,48354028.0,48354028.0,1.0,-32.43,31.93,1496362448
BTCDragon,DRAGON,530,0.089413,0.00003723,98.3543,36136.0,404146.0,1000000.0,-2.41,-46.07,-30.72,1496362188
SixEleven,611,531,0.0869499,0.00003650,,35825.0,412016.0,412016.0,,3.81,-58.92,1496356171
Franko,FRK,532,0.0560545,0.00002336,0.417577,35704.0,636950.0,636950.0,1.0,,-49.38,1496362441
WMCoin,WMC,533,0.00307381,0.00000128,0.475817,35433.0,11527489.0,911527489.0,1.02,10.7,,1496362174
Universe,UNI,534,0.011911,0.00000496,84.8257,35220.0,2956924.0,14156924.0,3.52,9.09,22.23,1496362191
PopularCoin,POP,535,0.0000104242,0.000000004,34.1801,34844.0,3342590451.0,3342590451.0,-1.39,12.35,6.88,1496362449
Cypher,CYP,536,0.0054272,0.00000226,5.4272,34546.0,6365285.0,6365285.0,1.02,15.35,,1496362164
Bolivarcoin,BOLI,537,0.00531317,0.00000221,293.843,34410.0,6476450.0,6476450.0,2.06,10.97,27.65,1496362167
Universal Currency,UNIT,538,0.00263666,0.00000110,109.954,34399.0,13046431.0,13046431.0,1.28,72.34,-37.07,1496362164
CoExistCoin,COXST,539,0.00126601,0.00000053,20.0021,34358.0,27138905.0,27138905.0,3.0,-15.09,-3.45,1496362174
Dobbscoin,BOB,540,0.00656483,0.00000273,4.07764,33221.0,5060382.0,5060382.0,1.01,0.76,5.75,1496362158
Uro,URO,541,0.0263916,0.00001099,11.6838,31863.0,1207310.0,1207310.0,1.02,3.41,-4.37,1496362156
CryptoWorldX Token,CWXT,542,0.00057634,0.00000024,7.43529,31506.0,54665450.0,54665450.0,1.02,14.16,18.03,1496362188
Evil Coin,EVIL,543,0.00147936,0.00000062,5.18706,31097.0,21020383.0,21020383.0,0.99,-0.46,-1.79,1496362171
PayCon,CON,544,0.0013324,0.00000055,37.8818,30702.0,23042604.0,23042604.0,1.01,14.51,-3.3,1496362163
RonPaulCoin,RPC,545,0.0388014,0.00001617,19.5399,30603.0,788704.0,788704.0,1.0,-15.73,-4.28,1496362444
FlavorCoin,FLVR,546,0.0014314,0.00000060,8.40934,29914.0,20898106.0,20898106.0,3.13,8.88,72.24,1496362170
Solarflarecoin,SFC,547,0.00216127,0.00000090,291.404,29641.0,13714400.0,13714400.0,1.02,10.05,-19.42,1496362187
Sprouts,SPRTS,548,0.0000001691,0.00000000007,52.23,29441.0,174079953131,174079953131,3.49,87.14,-43.65,1496362166
Dreamcoin,DRM,549,0.0120275,0.00000503,,29311.0,2436996.0,2436996.0,,4.19,,1496330352
GoldPieces,GP,550,0.0235096,0.00000979,419.062,28685.0,1220161.0,1220161.0,7.03,13.0,-7.3,1496362162
NeuCoin,NEU,551,0.0000143325,0.000000006,76.7057,28533.0,1990764588.0,2014638413.0,3.23,58.03,-69.58,1496362168
Hommalicoin,HMC,552,11.7946,0.00496011,,28528.0,2419.0,1000000000.0,,-6.09,,1496299177
Bitzeny,ZNY,553,0.000360212,0.00000015,6.85347,27237.0,75614500.0,75614500.0,1.02,-1.9,20.17,1496362166
SoonCoin,SOON,554,0.00216127,0.00000090,51.9363,26935.0,12462620.0,12462620.0,1.02,3.58,-10.83,1496362162
BiosCrypto,BIOS,555,0.00129711,0.00000054,0.01563,26898.0,20737003.0,20737003.0,3.23,15.42,54.7,1496362167
X-Coin,XCO,556,0.00216127,0.00000090,10.8063,26767.0,12384976.0,12384976.0,1.05,17.73,3.07,1496362163
Unrealcoin,URC,557,0.00379424,0.00000158,0.34907,26652.0,7024402.0,7024402.0,1.02,,19.26,1496362163
Zurcoin,ZUR,558,0.000336198,0.00000014,101.716,26546.0,78958110.0,78958110.0,1.02,-27.19,7.3,1496362175
BumbaCoin,BUMBA,559,0.00120071,0.00000050,28.8308,26348.0,21943796.0,21943796.0,1.02,-46.03,-19.67,1496362173
PIECoin,PIE,560,0.000360212,0.00000015,227.774,25958.0,72061731.0,72061731.0,1.02,19.3,-9.33,1496362189
Theresa May Coin,MAY,561,0.00168099,0.00000070,220.257,25662.0,15265850.0,15265850.0,1.02,-3.62,,1496362196
HealthyWormCoin,WORM,562,0.00168099,0.00000070,41.0654,24916.0,14822384.0,14822384.0,1.02,2.34,-53.81,1496362190
Grantcoin,GRT,563,0.000600354,0.00000025,53.2858,24808.0,41322681.0,10041322681.0,1.02,,0.3,1496362166
Destiny,DES,564,0.0153691,0.00000640,0.240382,24591.0,1600000.0,1600000.0,1.02,5.44,31.47,1496362172
Photon,PHO,565,0.0000013740,0.0000000006,44.0706,24499.0,17830038159.0,17830038159.0,2.41,-7.53,20.03,1496362447
AntiBitcoin,ANTI,566,0.00139282,0.00000058,1.39282,24326.0,17465159.0,17465159.0,1.02,,,1496362170
CryptoEscudo,CESC,567,0.000167972,0.00000007,26.7822,24206.0,144105100.0,594105100.0,1.0,4.54,-10.56,1496362450
PlatinumBAR,XPTX,568,0.133567,0.00005562,12.1225,23240.0,173996.0,173996.0,1.02,4.62,-14.12,1496362175
ARbit,ARB,569,0.00357811,0.00000149,7.15612,23138.0,6466605.0,6466605.0,1.02,4.64,14.2,1496362165
B3Coin,B3,570,0.0717783,0.00002989,1.88677,22043.0,307092.0,307092.0,1.02,59.27,29.75,1496362179
ParallelCoin,DUO,571,0.075544,0.00003146,371.592,21718.0,287489.0,287489.0,3.22,9.16,-31.2,1496362169
Ride My Car,RIDE,572,0.000209685,0.00000009,50.1415,21198.0,101096245.0,101096245.0,-26.5,0.35,-23.27,1496362188
MindCoin,MND,573,0.00160895,0.00000067,0.554919,20187.0,12546625.0,12546625.0,1.02,4.64,3.45,1496362169
VIP Tokens,VIP,574,0.000240142,0.00000010,0.240142,20040.0,83450403.0,83450403.0,1.02,4.64,8.4,1496362172
Flaxscript,FLAX,575,0.00362603,0.00000151,4.64804,19928.0,5495839.0,5495839.0,1.02,-5.98,3.62,1496362166
SongCoin,SONG,576,0.000611145,0.00000025,186.834,19902.0,32565300.0,32565300.0,1.02,12.7,-14.55,1496362163
Litecred,LTCR,577,0.000648276,0.00000027,133.735,19596.0,30227750.0,30227750.0,-11.6,-28.5,191.99,1496362171
Prototanium,PR,578,0.100606,0.00004189,288.053,19564.0,194462.0,194462.0,1.01,5.06,4.36,1496362168
DAPPSTER,DLISK,579,0.000192113,0.00000008,0.240142,19211.0,100000000.0,100000000.0,1.02,4.64,-6.42,1496362178
PLNcoin,PLNC,580,0.00110381,0.00000046,1.17117,18864.0,17089600.0,19089600.0,1.0,6.88,12.79,1496362449
Magnum,MGM,581,0.00516496,0.00000225,,18734.0,3627065.0,253627065.0,,0.11,24.82,1496272491
Impact,IMX,582,0.000168099,0.00000007,52.8312,18376.0,109314611.0,109314611.0,1.02,-13.48,-28.61,1496362191
IslaCoin,ISL,583,0.0119849,0.00000509,,18142.0,1513704.0,1513704.0,,2.6,-16.84,1496344164
LeaCoin,LEA,584,0.0000655869,0.00000003,45.2636,18114.0,276189089.0,276189089.0,-12.61,42.75,-21.83,1496362164
Alexium,AUM,585,0.000888524,0.00000037,0.785935,18035.0,20297336.0,20297336.0,1.02,1.88,8.43,1496362167
SecretCoin,SCRT,586,0.00425051,0.00000177,0.425051,17974.0,4228672.0,4228672.0,1.02,6.46,29.68,1496362168
Luna Coin,LUNA,587,0.0146404,0.00000610,90.7752,17969.0,1227386.0,1227386.0,0.83,2.13,-22.46,1496362186
GameBet Coin,GBT,588,0.000840496,0.00000035,0.264132,17871.0,21262780.0,22262780.0,1.02,,7.89,1496362173
BipCoin,BIP,589,0.0126795,0.00000528,42.9302,17040.0,1343889.0,1343889.0,-0.68,-27.47,-40.43,1496362182
Halcyon,HAL,590,0.00360212,0.00000150,14.765,16741.0,4647457.0,4647457.0,1.02,2.58,-20.21,1496362158
Vector,VEC2,591,0.00105662,0.00000044,113.031,16737.0,15840143.0,15840143.0,1.02,-44.36,-31.77,1496362168
Steps,STEPS,592,0.000888524,0.00000037,0.444262,16549.0,18625017.0,18625017.0,1.02,4.64,2.41,1496362168
Sling,SLING,593,0.0150569,0.00000627,14.2101,16173.0,1074095.0,1074095.0,1.02,4.3,12.86,1496362165
Orlycoin,ORLY,594,0.000432255,0.00000018,0.985085,15841.0,36646779.0,36646779.0,1.02,4.64,-0.36,1496362174
Metal Music Coin,MTLMC3,595,0.000190491,0.00000008,23.9077,15186.0,79719140.0,79719140.0,1.02,37.07,66.68,1496362166
Blackstar,BSTAR,596,0.0000240142,0.00000001,104.396,15148.0,630795971.0,630795971.0,1.02,4.64,-0.36,1496362184
Crypto,CTO,597,0.00151289,0.00000063,1.01666,15002.0,9916316.0,9916316.0,1.02,9.87,-22.5,1496362165
Creatio,XCRE,598,0.000730953,0.00000030,84.4351,15000.0,20520514.0,20520514.0,-5.22,-39.9,-41.71,1496362183
AnarchistsPrime,ACP,599,0.00341287,0.00000142,305.859,14999.0,4394874.0,4394874.0,1.02,6.11,8.16,1496362166
BowsCoin,BSC,600,0.00268959,0.00000112,1.80385,14927.0,5550102.0,5550102.0,1.02,16.22,61.73,1496362166
MustangCoin,MST,601,0.0229811,0.00000957,41.61,14448.0,628702.0,628702.0,1.19,0.25,-33.83,1496362180
Scorecoin,SCORE,602,0.00085946,0.00000036,26.141,14312.0,16651760.0,16651760.0,0.87,-16.38,-29.62,1496362191
Firecoin,FIRE,603,0.144277,0.00006008,2.61509,14199.0,98412.0,98412.0,1.02,4.7,-52.38,1496362156
GuccioneCoin,GCC,604,0.000696411,0.00000029,2.44846,14127.0,20285537.0,23775537.0,1.02,-4.05,-8.44,1496362167
FuzzBalls,FUZZ,605,0.00286083,0.00000119,273.81,13818.0,4829945.0,4829945.0,7.52,-4.84,-7.75,1496362174
BitQuark,BTQ,606,0.00189712,0.00000079,34.5634,13575.0,7155671.0,7155671.0,1.02,7.35,-44.95,1496362154
BlazeCoin,BLZ,607,0.0000219964,0.000000009,3.37402,13386.0,608557394.0,608557394.0,2.15,6.51,-1.11,1496362156
OsmiumCoin,OS76,608,0.0148167,0.00000617,9.59618,13247.0,894026.0,894026.0,1.02,4.64,6.36,1496362173
BitTokens,BXT,609,0.0252149,0.00001050,6.02148,13084.0,518907.0,518907.0,1.02,-19.67,152.77,1496362179
TAGRcoin,TAGR,610,0.000336198,0.00000014,2.64158,13001.0,38669634.0,38669634.0,1.02,-8.44,-15.48,1496362166
GPU Coin,GPU,611,0.000321013,0.00000013,23.5278,12994.0,40477042.0,51530001.0,1.49,9.86,24.88,1496362176
Speedcash,SCS,612,0.0494692,0.00002060,11.7718,12912.0,261021.0,476108.0,1.02,4.7,18.37,1496362193
Cannation,CNNC,613,0.00525088,0.00000219,129.908,12884.0,2453743.0,2453743.0,2.16,-47.0,-56.25,1496362194
JobsCoin,JOBS,614,0.000120071,0.00000005,126.555,12730.0,106019270.0,200019300.0,1.02,30.82,66.06,1496362181
LetItRide,LIR,615,0.000360212,0.00000015,93.4834,12702.0,35263590.0,35263590.0,1.02,42.18,24.55,1496362177
VapersCoin,VPRC,616,0.0000162219,0.000000007,14.0305,12655.0,780124964.0,1635124964.0,0.86,190.83,-32.69,1496362178
Solaris,XLR,617,0.0723383,0.00003012,295.875,12142.0,167850.0,267850.0,1.21,-8.72,-40.94,1496362190
TajCoin,TAJ,618,0.00206092,0.00000086,26.4545,11883.0,5765804.0,5765804.0,15.52,12.71,40.74,1496362178
WARP,WARP,619,0.0106383,0.00000443,2.67864,11651.0,1095224.0,1095224.0,1.02,8.06,5.35,1496362171
Cabbage,CAB,620,0.00110465,0.00000046,76.4681,11599.0,10499996.0,10499996.0,1.02,8.25,-6.46,1496362173
Bitcoin 21,XBTC21,621,0.0145198,0.00000655,,11516.0,793108.0,7093108.0,,,-32.55,1496220571
Abncoin,ABN,622,0.164894,0.00006867,304.767,11163.0,67700.0,4734367.0,1.02,-11.29,-14.03,1496362186
Money,$$$,623,0.000242015,0.00000010,36.0345,11105.0,45887218.0,45887218.0,1.21,5.82,-15.71,1496362169
Iconic,ICON,624,0.0182906,0.00000750,,10844.0,592894.0,592894.0,,6.27,-10.75,1496321984
Comet,CMT,625,0.01242,0.00000517,2.12819,10841.0,872830.0,872830.0,1.02,2.9,,1496362176
EGO,EGO,626,0.000168099,0.00000007,0.51628,10086.0,60000001.0,60000001.0,1.02,22.08,-0.36,1496362181
Zonecoin,ZNE,627,0.00367417,0.00000153,3.02996,9487.0,2581970.0,2581970.0,1.02,82.23,17.75,1496362178
G3N,G3N,628,0.00124874,0.00000052,2.10141,9443.0,7561891.0,7561891.0,1.02,2.66,-4.05,1496362166
Shilling,SH,629,0.00291759,0.00000121,84.3203,9385.0,3216600.0,3216600.0,1.02,42.92,134.19,1496362181
Xonecoin,XOC,630,0.022117,0.00000921,0.504273,9289.0,420000.0,420000.0,1.02,26.81,1.96,1496362179
High Voltage,HVCO,631,0.00611441,0.00000256,,9136.0,1494171.0,1694171.0,,4.08,80.01,1496333672
1CRedit,1CR,632,0.101964,0.00004246,2.40142,8995.0,88213.0,88213.0,1.02,4.68,-18.19,1496362173
Cashcoin,CASH,633,0.000244984,0.00000011,,8778.0,35831128.0,35831128.0,,,,1496155747
iBank,IBANK,634,0.00188531,0.00000079,,8534.0,4526324.0,4526324.0,,4.0,4.3,1496357683
DPAY,DPAY,635,0.0000960566,0.00000004,5.68439,7640.0,79541001.0,79541001.0,1.02,4.65,,1496362181
Hirocoin,HIRO,636,0.0000239959,0.00000001,2.39959,7473.0,311436408.0,311436408.0,1.0,4.56,-32.82,1496362448
ImpulseCoin,IMPS,637,0.000360212,0.00000015,39.2025,7293.0,20245510.0,20245510.0,1.02,4.64,35.87,1496362182
Future Digital Currency,FDC,638,0.00276163,0.00000115,12.0071,7105.0,2572901.0,1002572901.0,1.02,6.5,-5.3,1496362185
JIO Token,JIO,639,0.00365015,0.00000152,434.799,6965.0,1908128.0,8888888.0,1.02,12.23,47.65,1496362185
PosEx,PEX,640,0.00280966,0.00000117,6.25264,6893.0,2453240.0,2453240.0,1.89,3.75,-7.48,1496362173
Dix Asset,DIX,641,0.0000000645,0.00000000003,29.6516,6446.0,100000000000,100000000000,-0.34,3.91,-37.04,1496362185
SydPak,SDP,642,0.0402717,0.00001677,213.931,6384.0,158531.0,158531.0,1.02,27.44,21.17,1496362167
Argus,ARGUS,643,0.00516391,0.00000215,194.849,5930.0,1148324.0,5194373.0,-3.55,-69.44,-11.18,1496362189
Printerium,PRX,644,0.000648382,0.00000027,21.0053,5884.0,9074428.0,9074428.0,1.02,-32.19,-24.88,1496362186
Coinonat,CXT,645,0.00266308,0.00000111,170.129,5630.0,2114202.0,8114202.0,0.89,-5.83,-8.6,1496362193
Elysium,ELS,646,0.00139236,0.00000058,9.62661,5576.0,4005012.0,4005012.0,1.02,21.35,-14.0,1496362187
Antilitecoin,ALTC,647,0.000168099,0.00000007,3.42711,5297.0,31512613.0,31512613.0,1.02,22.07,-12.82,1496362172
Concoin,CONX,648,0.00763012,0.00000318,132.223,5248.0,687849.0,1538849.0,20.37,21.9,23.18,1496362192
Qibuck Asset,QBK,649,0.00335299,0.00000140,33.5299,4883.0,1456187.0,2000000.0,-2.41,13.28,-37.13,1496362194
GanjaCoin,420G,650,0.00720425,0.00000300,79.2467,4848.0,672975.0,1741116.0,1.02,-69.66,-78.47,1496362160
Save and Gain,SANDG,651,0.00141989,0.00000064,,4352.0,3064800.0,3064800.0,,,15.52,1496226272
GeertCoin,GEERT,652,0.000816516,0.00000034,114.522,4154.0,5087639.0,5087639.0,0.99,-6.69,-7.68,1496362189
BioBar,BIOB,653,0.00444262,0.00000185,53.2293,3935.0,885756.0,985756.0,-2.16,-20.82,18.9,1496362190
NodeCoin,NODC,654,0.00221639,0.00000097,,3720.0,1678439.0,5878439.0,,,39.34,1496270080
Revenu,REV,655,0.00272794,0.00000116,,3261.0,1195525.0,1195525.0,,2.05,-70.52,1496336068
Pulse,PULSE,656,0.00021551,0.00000009,51.605,3082.0,14298972.0,14298972.0,2.48,-40.13,-76.73,1496362172
Selfiecoin,SLFI,657,0.0000240142,0.00000001,0.480283,2589.0,107829281.0,107829281.0,1.02,4.64,-0.36,1496362163
P7Coin,P7C,658,0.0000720425,0.00000003,0.537893,2537.0,35220238.0,35220238.0,1.02,,,1496362164
Californium,CF,659,0.0204841,0.00000853,174.66,2276.0,111110.0,111110.0,-33.84,10.19,6.19,1496362165
Enigma,XNG,660,0.131646,0.00005482,180.905,2189.0,16627.0,66627.0,1.02,73.57,,1496362173
Doubloon,BOAT,661,0.000525729,0.00000022,293.66,1865.0,3547845.0,18547845.0,0.88,-8.49,-38.03,1496362188
Dollar Online,DOLLAR,662,0.015321,0.00000638,113.978,1354.0,88379.0,10088379.0,3.95,-0.94,41.27,1496362184
Powercoin,PWR,663,0.0000240142,0.00000001,106.927,1200.0,49983870.0,49983870.0,1.02,4.64,-0.36,1496362176
23 Skidoo,CHAO,664,3626.2,1.51002,165.001,916.0,0.0,0.0,1.02,5.07,-62.85,1496362166
Impeachcoin,IMPCH,665,0.00295374,0.00000123,22.8203,910.0,308179.0,2501512.0,1.02,7.27,-57.88,1496362187
Digital Credits,DGCS,666,0.000120071,0.00000005,178.731,700.0,5826388.0,201284316.0,26.27,4.26,-29.04,1496362169
Zcashshare,ZHS,667,0.000216127,0.00000009,2.15364,611.0,2826000.0,2826000.0,1.02,4.64,,1496362184
SwapToken,TOKEN,668,0.0000137010,0.000000006,58.931,481.0,35110531.0,35110531.0,11.62,-33.59,998.49,1496362177
CRTCoin,CRT,669,0.00479919,0.00000200,0.0000000240,380.0,79270.0,10079270.0,1.0,4.56,-0.44,1496362450
PizzaCoin,PIZZA,670,0.000168099,0.00000007,24.0085,232.0,1377917.0,10127917.0,1.02,4.64,-0.36,1496362178
Xenixcoin,XEN,671,0.0156092,0.00000650,79.2467,158.0,10100.0,10010100.0,1.02,-43.2,-8.7,1496362183
CaliphCoin,CALC,672,0.00085247,0.00000035,52.9733,74.0,87140.0,148587140.0,1.02,-30.34,-31.46,1496362181
MikeTheMug,MUG,673,0.0000051456,0.000000002,,5.0,999279.0,1000000.0,,,,1496047185
BTCGold,XBG,674,0.120215,0.00005006,311.374,,,99000001.0,1.02,-42.99,-51.57,1496362194
Project-X,NANOX,675,595551.0,248.0,3775.84,,,1.0,1.02,-16.29,,1496362196
Internet of Things,XOT,676,1098.96,0.457629,1460.58,,,21000000.0,-4.5,10.99,30.01,1496362191
AMIS,AMIS,677,275.129,0.114569,0.438452,,,,0.05,42.71,-40.51,1496362193
Bitcoin Unlimited (Futures),BTU,678,133.378,0.0555415,422.553,,,,-0.12,13.36,-26.39,1496362189
Malcoin,MALC,679,24.2872,0.0101137,1.5621,,,1000000000.0,1.02,-18.79,-22.58,1496362193
GoldUnionCoin,GUC,680,19.4515,0.0081,21005.9,,,210000000.0,1.02,-7.42,-10.63,1496362192
ZenCash,ZEN,681,11.3482,0.00472561,3200.85,,,1386350.0,1.02,,,1496362195
Qtum (Pre-Launch),QTUM,682,7.95671,0.00331334,29048400.0,,,100000000.0,5.79,65.19,64.84,1496362195
Fargocoin,FRGC,683,6.80539,0.00283391,472534.0,,,443735236.0,0.21,-4.6,-2.6,1496362185
EcoCoin,ECO,684,4.10831,0.00171079,127721.0,,,1093895.0,-0.46,24.63,-13.09,1496362195
Internet of People,IOP,685,3.67913,0.00153207,3288.19,,,2139402.0,1.07,-0.19,37.69,1496362182
DECENT (Pre-Launch),DCT,686,2.84337,0.00118404,3498.68,,,73290000.0,0.99,24.09,-34.3,1496362184
PRIZM,PZM,687,1.04247,0.00043411,31958.7,,,,1.01,-0.16,-0.36,1496362195
Bitcore,BTX,688,1.03813,0.0004323,25008.8,,,16359653.0,1.01,-0.62,-54.19,1496362194
OBITS.WARRANT,WARRANT,689,1.00256,0.00045776,,,,,,,,1496189094
DynamicCoin,DMC,690,0.99848,0.00041579,376757.0,,,10541442931.0,-0.0,0.04,-0.06,1496362182
Databits,DTB,691,0.809013,0.00033689,140342.0,,,,0.98,4.88,7.53,1496362191
Bitgem,BTG,692,0.792466,0.00033025,22.2787,,,,1.0,-1.36,-16.64,1496362442
Aeternity (Pre-Launch),AE,693,0.696411,0.00029,1519.77,,,,1.02,,,1496362195
TechShares,THS,694,0.593085,0.00024697,53.9843,,,646359158.0,0.78,-1.4,-12.11,1496362180
XDE II,XDE2,695,0.572454,0.00023838,12.2609,,,42249.0,1.05,2.14,13.11,1496362191
TeslaCoilCoin,TESLA,696,0.552061,0.00022989,154.053,,,100000000.0,1.02,4.64,42.92,1496362175
GAY Money,GAY,697,0.489267,0.00020374,58.887,,,5603036403.0,-13.89,-25.8,6.91,1496362180
LEOcoin,LEO,698,0.460363,0.0001917,204009.0,,,92894303.0,0.11,4.79,14.56,1496362166
WA Space,WA,699,0.396378,0.00016506,34518.3,,,,1.02,7.69,33.8,1496362183
ZenGold,ZENGOLD,700,0.294439,0.00012261,1972.74,,,,-0.64,6.14,,1496362196
ClubCoin,CLUB,701,0.285904,0.00011906,37210.8,,,90899180.0,1.38,4.37,-9.94,1496362169
Yogold,YOG,702,0.264012,0.00010994,10.3825,,,100000000.0,1.02,4.65,-57.48,1496362190
TROPTIONS,TROPTIONS,703,0.248173,0.00010598,,,,1000000001.0,,42.16,46.19,1496287780
Zilbercoin,ZBC,704,0.235549,0.00009809,745236.0,,,9008814.0,1.02,20.88,-32.31,1496362187
Golos Gold,GBG,705,0.164593,0.00006854,9647.33,,,,1.02,20.94,-6.36,1496362188
Pabyosi Coin (Special),PCS,706,0.159734,0.00006652,5552.52,,,30993751760.0,1.03,-19.86,32.0,1496362185
InvisibleCoin,IVZ,707,0.146751,0.00006111,0.710555,,,,1.02,-65.62,,1496362168
AlpaCoin,APC,708,0.146486,0.00006100,362.727,,,,1.02,11.1,14.29,1496362170
Tattoocoin (Limited Edition),TLE,709,0.129676,0.00005400,0.240142,,,975531.0,111.5,34.83,43.6,1496362193
EquiTrader,EQT,710,0.127275,0.00005300,87692.7,,,7659840.0,1.02,8.75,5.62,1496362195
Quartz,QRZ,711,0.120071,0.00005000,2687.45,,,21000000.0,1.02,-78.01,,1496362195
Wowecoin,WEC,712,0.104,0.00004331,12085.9,,,8901692.0,-0.0,-0.0,0.34,1496362178
Topaz Coin,TOPAZ,713,0.0954856,0.00003976,96.986,,,37913.0,1.02,-23.58,-44.04,1496362193
LandCoin,LDCN,714,0.0893381,0.00003720,23904.5,,,19003881978.0,1.02,57.33,120.44,1496362186
InsaneCoin,INSN,715,0.0855821,0.00003564,2179.77,,,18528245.0,2.69,53.88,20.01,1496362195
DeusCoin,DEUS,716,0.0845539,0.00003521,5397.63,,,,1.02,2.13,-29.25,1496362194
Omicron,OMC,717,0.0720425,0.00003000,0.393808,,,10134085.0,1.02,,71.89,1496362180
Elacoin,ELC,718,0.0420728,0.00001727,,,,,,6.15,37.37,1496326751
WavesGo,WGO,719,0.0405273,0.00001688,44.0446,,,10000000.0,1.08,23.21,-48.07,1496362193
Fazzcoin,FAZZ,720,0.0395305,0.00001646,123.554,,,1022574798.0,1.05,1.04,-55.82,1496362192
International Diamond,XID,721,0.0381345,0.00001588,2406.81,,,,1.02,,,1496362177
CryptoBuck,BUK,722,0.0315316,0.00001313,0.448316,,,,3.23,39.07,46.44,1496362161
RHFCoin,RHFC,723,0.02997,0.00001248,16739.1,,,200156890.0,1.02,-2.75,3.08,1496362192
DeltaCredits,DCRE,724,0.0292252,0.00001217,2.04663,,,,1.02,-1.66,,1496362167
President Johnson,GARY,725,0.0284315,0.00001184,201.472,,,57968072167.0,1.01,3.99,12.99,1496362179
IvugeoCoin,IEC,726,0.0237338,0.00000990,,,,,,4.46,-5.94,1496351061
EDRCoin,EDRC,727,0.0233522,0.00000972,12297.5,,,3407292.0,-6.0,-24.33,-15.52,1496362174
ShellPay,SHELL,728,0.0210133,0.00000875,11938.7,,,,0.01,-1.2,-18.92,1496362166
Lepaoquan,HLB,729,0.0192353,0.00000801,532363.0,,,935498463.0,3.14,5.23,-36.15,1496362184
Avoncoin,ACN,730,0.0191873,0.00000799,2528.65,,,,10.6,5.12,4.05,1496362187
Gycoin,GYC,731,0.0162403,0.00000676,12799.6,,,22213403.0,-0.34,-8.57,-17.03,1496362178
KolschCoin,TP1,732,0.0147961,0.00000620,,,,,,3.98,37.34,1496357661
PiCoin,PI,733,0.0144085,0.00000600,33.6198,,,1378369.0,1.02,210.21,99.28,1496362194
Digitalfund,DTF,734,0.0144007,0.00000600,14110.7,,,54000053.0,4.26,16.84,-28.17,1496362179
Mind Gene,MG,735,0.0132078,0.00000550,10175.5,,,,-2.53,7.7,7.48,1496362181
Sharkcoin,SAK,736,0.0100797,0.00000420,2029.9,,,,3.79,17.43,16.96,1496362163
9COIN,9COIN,737,0.00953362,0.00000397,592.295,,,350050250.0,46.9,63.57,89.23,1496362194
First Bitcoin,BIT,738,0.0078363,0.00000326,699.686,,,20706893011.0,1.02,67.15,51.9,1496362177
Tyrocoin,TYC,739,0.00751643,0.00000313,52.8312,,,50131700.0,1.02,,,1496362193
Opal,OPAL,740,0.00734828,0.00000306,2649.62,,,,2.96,16.31,17.43,1496362158
Slimcoin,SLM,741,0.00648382,0.00000270,12.0071,,,13925626.0,1.02,,41.31,1496362162
Goldpay Coin,GP,742,0.00640392,0.00000267,17715.2,,,,3.25,0.92,-24.55,1496362195
Psilocybin,PSY,743,0.00634604,0.00000265,,,,,,4.36,7.47,1496352269
Helleniccoin,HNC,744,0.00633974,0.00000264,9451.78,,,,-3.38,-19.68,61.38,1496362167
Xaucoin,XAU,745,0.00578741,0.00000241,0.925986,,,,1.02,5.07,14.35,1496362163
EggCoin,EGG,746,0.00562322,0.00000237,,,,,,3.38,,1496295864
GBCGoldCoin,GBC,747,0.005,0.00000208,40.3805,,,,0.0,-23.75,-38.63,1496362169
Axiom,AXIOM,748,0.00480283,0.00000200,23.4558,,,,1.02,5.16,-2.17,1496362167
GoldReserve,XGR,749,0.00434656,0.00000181,1647.99,,,17161332.0,-0.09,4.8,-1.69,1496362155
netBit,NBIT,750,0.00422649,0.00000176,0.342922,,,,1.02,8.77,27.07,1496362183
BagCoin,BGC,751,0.00405572,0.00000169,66367.6,,,497214120.0,0.49,-11.85,-14.89,1496362178
Bitcoin Scrypt,BTCS,752,0.00405531,0.00000169,5.43075,,,,8.03,14.7,-2.17,1496362447
Dashs,DASHS,753,0.00401036,0.00000167,89.2014,,,,-11.21,-41.75,10.94,1496362194
AvatarCoin,AV,754,0.00352518,0.00000159,,,,,,,18.91,1496159368
Quotient,XQN,755,0.00264156,0.00000110,59.9903,,,,1.02,,-23.36,1496362161
ZSEcoin,ZSE,756,0.0026214,0.00000109,123.443,,,6378950.0,-0.62,-22.42,-67.12,1496362190
Clinton,CLINT,757,0.00259353,0.00000108,3.89029,,,,1.02,4.64,14.48,1496362174
RoyalCoin 2,RYCN,758,0.00245848,0.00000103,,,,2500124.0,,4.01,-5.72,1496333388
Neptune Classic,NTCC,759,0.00244944,0.00000102,1199.13,,,,1.02,18.61,90.37,1496362188
BitcoinFast,BCF,760,0.00239785,0.00000100,313.95,,,,8.59,-35.28,-32.95,1496362162
GameLeagueCoin,GML,761,0.00237139,0.00000103,,,,,,,11.81,1496142551
OCOW,OCOW,762,0.00227517,0.00000099,,,,,,,7.91,1496142268
President Trump,PRES,763,0.0022123,0.00000092,53.4057,,,57968072167.0,-10.04,-19.45,-40.37,1496362178
TrickyCoin,TRICK,764,0.00218529,0.00000091,13.7685,,,,1.02,0.23,-23.81,1496362164
VGINA,VGINA,765,0.0021059,0.00000095,,,,11603228.0,,,,1496238289
RichCoin,RICHX,766,0.00210122,0.00000093,,,,5925522.0,,,,1496167172
Mavro,MAVRO,767,0.00168043,0.00000070,,,,15005722.0,,4.62,4.07,1496349588
Condensate,RAIN,768,0.00164791,0.00000069,989.396,,,42978104.0,-3.81,8.51,-22.69,1496362194
Motocoin,MOTO,769,0.00152117,0.00000063,1.33315,,,,1.02,106.5,194.73,1496362155
Advanced Internet Blocks,AIB,770,0.00138992,0.00000058,42.6242,,,31411916358.0,1.02,-16.49,-13.58,1496362164
UR,UR,771,0.00132078,0.00000055,195.59,,,,1.02,4.7,1.76,1496362189
MMXVI,MMXVI,772,0.00129676,0.00000054,78.1213,,,,-2.59,-17.41,-64.38,1496362171
RoyalCoin,ROYAL,773,0.00119844,0.00000050,109.184,,,2500124.0,1.02,30.56,15.74,1496362182
Alphabet Coin Fund,FUN,774,0.00115268,0.00000048,105.948,,,20742012.0,1.02,4.64,,1496362175
TodayCoin,TODAY,775,0.00110465,0.00000046,54.1264,,,,1.02,-22.36,-12.86,1496362178
Digital Bullion Gold,DBG,776,0.00108064,0.00000045,1.86345,,,24523275.0,1.02,33.09,-17.76,1496362176
BestChain,BEST,777,0.00107714,0.00000045,95.9009,,,20042911.0,0.98,-18.36,26.28,1496362191
True Investment Coin,TIC,778,0.00103261,0.00000043,18.7762,,,,1.02,4.65,9.88,1496362188
Skeincoin,SKC,779,0.00103183,0.00000043,0.0518792,,,,1.0,,,1496362448
RubleBit,RUBIT,780,0.00098458,0.00000041,18.495,,,,1.02,12.9,40.87,1496362169
Bitcedi,BXC,781,0.000978022,0.00000041,32.871,,,,0.82,-0.9,,1496362175
The Aladin,ADT,782,0.000892522,0.00000032,,,,,,,,1495722585
SportsCoin,SPORT,783,0.000863571,0.00000036,,,,19800001.0,,4.53,23.55,1496353177
Braincoin,BRAIN,784,0.000840496,0.00000035,8.11868,,,,1.02,4.64,23.84,1496362174
Dubstep,DUB,785,0.000816481,0.00000034,7.5386,,,,1.02,,,1496362166
IrishCoin,IRL,786,0.000792467,0.00000033,461.337,,,,-1.95,,,1496362166
WeAreSatoshi,WSX,787,0.000768453,0.00000032,150.714,,,,1.02,,-8.69,1496362158
FrankyWillCoin,FRWC,788,0.000744439,0.00000031,0.264132,,,,1.02,4.64,10.31,1496362178
Donationcoin,DON,789,0.000744439,0.00000031,17244.8,,,,-8.44,,,1496362156
Lazaruscoin,LAZ,790,0.000744439,0.00000031,14.4316,,,,1.02,11.86,,1496362180
KashhCoin,KASHH,791,0.000730622,0.00000030,11097.2,,,,-3.88,59.47,113.71,1496362188
Opescoin,OPES,792,0.000672396,0.00000028,0.53309,,,,1.02,4.64,-1.35,1496362170
Quebecoin,QBC,793,0.000623895,0.00000026,20.4416,,,,5.04,4.56,-17.87,1496362449
Vsync,XVS,794,0.000519913,0.00000022,236.848,,,103334172.0,1.1,-4.45,-31.06,1496362192
CBD Crystals,CBD,795,0.00050804,0.00000021,72.5212,,,,1.02,-66.24,17.11,1496362182
Cubits,QBT,796,0.000504282,0.00000021,15.1307,,,,1.02,16.52,-20.58,1496362182
T-coin,TCOIN,797,0.000456269,0.00000019,5916.28,,,,1.02,10.46,4.75,1496362185
MarxCoin,MARX,798,0.000435619,0.00000018,332.454,,,29128280.0,1.21,27.75,-10.8,1496362189
BitAlphaCoin,BAC,799,0.000429046,0.00000018,30.5841,,,,1.02,-42.91,-44.46,1496362170
BlazerCoin,BLAZR,800,0.000408241,0.00000017,11.9302,,,,1.02,61.74,41.15,1496362191
DarkLisk,DISK,801,0.000384227,0.00000016,3.28994,,,17888425.0,1.02,19.82,13.87,1496362174
UGAIN,GAIN,802,0.000360212,0.00000015,0.264132,,,,1.02,6.5,,1496362178
PrismChain,PRM,803,0.000336198,0.00000014,82.8268,,,,1.02,8.51,-80.89,1496362175
GoldMaxCoin,GMX,804,0.000332413,0.00000014,,,,84078950.0,,-0.17,-33.7,1496346877
Gambleo,GMB,805,0.000327765,0.00000014,,,,,,2.03,,1496283589
Sakuracoin,SKR,806,0.000312143,0.00000013,136.73,,,,-2.0,4.13,4.66,1496362182
Operand,OP,807,0.00028817,0.00000012,10.6194,,,36309296.0,1.02,-16.29,,1496362174
Cycling Coin,CYC,808,0.00028817,0.00000012,0.264132,,,,1.02,14.15,1.86,1496362166
Happy Creator Coin,HCC,809,0.000264612,0.00000011,256.3,,,,1.02,53.69,-28.19,1496362176
The Vegan Initiative,XVE,810,0.000264156,0.00000011,1024.7,,,,23.46,38.56,56.57,1496362193
Grumfork,GMF,811,0.000240142,0.00000010,2.40142,,,,1.02,4.64,-28.83,1496362193
President Sanders,BURN,812,0.000240142,0.00000010,134.213,,,57968072167.0,1.02,30.8,-41.39,1496362186
TeraCoin,TERA,813,0.000216127,0.00000009,3654.19,,,,1.02,4.64,10.58,1496362188
MobileCash,MBL,814,0.000216127,0.00000009,3.60642,,,1068669648.0,1.02,34.54,28.11,1496362181
Moneta,MONETA,815,0.000192113,0.00000008,2.18553,,,,1.02,19.58,-20.29,1496362169
AsicCoin,ASC,816,0.000190727,0.00000008,,,,,,7.57,-0.34,1496332743
LAthaan,LTH,817,0.000168099,0.00000007,137.968,,,,1.02,-18.61,,1496362182
TheCreed,TCR,818,0.000120071,0.00000005,16.0862,,,,1.02,30.79,66.06,1496362174
TeamUp,TEAM,819,0.0000960566,0.00000004,3.91121,,,301004896.0,1.02,,99.28,1496362181
Wowcoin,WOW,820,0.0000960566,0.00000004,147.734,,,,1.02,4.65,99.28,1496362182
LinkedCoin,LKC,821,0.0000960566,0.00000004,32.5705,,,,1.02,4.64,-0.36,1496362177
Halloween Coin,HALLO,822,0.0000849337,0.00000004,121.962,,,264606109.0,1.19,-13.51,-13.63,1496362195
InflationCoin,IFLT,823,0.0000564048,0.00000002,2909.08,,,3240486883.0,30.44,23.47,0.68,1496362185
LePen,LEPEN,824,0.0000555018,0.00000002,176.988,,,,1.22,88.68,84.66,1496362187
PinkDog,PDG,825,0.0000480283,0.00000002,21.8438,,,,1.02,-47.67,99.28,1496362187
PokeCoin,POKE,826,0.0000480283,0.00000002,133.204,,,,1.02,,-0.36,1496362178
UNCoin,UNC,827,0.0000480283,0.00000002,1448.87,,,,1.02,79.39,37.87,1496362163
CyberCoin,CC,828,0.0000480283,0.00000002,1.92113,,,549267534.0,1.02,4.64,-0.36,1496362164
Global Business Revolution,GBRC,829,0.0000480283,0.00000002,14.5526,,,900096049.0,1.02,4.65,-0.36,1496362182
PayPeer,PAYP,830,0.0000480283,0.00000002,16.4671,,,,1.02,-30.24,,1496362173
Rcoin,RCN,831,0.0000480283,0.00000002,179.7,,,,1.02,100.9,99.28,1496362182
ChoofCoin,CHOOF,832,0.0000480283,0.00000002,140.52,,,,1.02,109.27,22.68,1496362183
MoneyCoin,MONEY,833,0.0000480283,0.00000002,34.6531,,,,1.02,-30.23,-31.69,1496362183
Cashme,CME,834,0.0000480283,0.00000002,0.720425,,,,1.02,109.27,,1496362169
Tellurion,TELL,835,0.0000480283,0.00000002,0.720425,,,,1.02,4.64,,1496362180
VegasCoin,VGC,836,0.0000272738,0.00000001,0.028092,,,,-0.11,-60.39,-77.02,1496362449
FedoraShare,FEDS,837,0.0000243931,0.00000001,8566.97,,,499001345934,0.01,7.46,36.31,1496362180
SuperTurboStake,STRB,838,0.0000240142,0.00000001,12.4874,,,,1.02,4.64,-0.36,1496362171
Aces,ACES,839,0.0000240142,0.00000001,250.165,,,,1.02,4.09,-13.71,1496362179
Safe Trade Coin,XSTC,840,0.0000240142,0.00000001,0.480283,,,604880000.0,1.02,4.65,-0.48,1496362185
FireFlyCoin,FFC,841,0.0000240142,0.00000001,56.1839,,,,1.02,-47.68,-50.18,1496362161
X2,X2,842,0.0000240142,0.00000001,4.21247,,,,1.02,,-0.36,1496362169
SoulCoin,SOUL,843,0.0000240142,0.00000001,13.6641,,,,1.02,4.64,-0.36,1496362175
Yescoin,YES,844,0.0000239416,0.000000010,586.744,,,,1.31,4.34,-0.6,1496362186
Victoriouscoin,VTY,845,0.0000236697,0.000000010,122.24,,,10263290326.0,0.99,3.14,3.0,1496362181
President Clinton,HILL,846,0.0000236509,0.00000001,,,,57968072167.0,,3.06,-50.93,1496341776
Virtacoin,VTA,847,0.0000183289,0.000000008,389.193,,,12423206610.0,0.34,7.97,15.5,1496362158
XP,XP,848,0.0000019505,0.0000000008,143.129,,,133635560466,37.53,261.4,585.73,1496362180
BatCoin,BAT,849,0.0000007483,0.0000000003,753.042,,,,0.61,,,1496362448
BitCentavo,NBE,850,0.0000005327,0.0000000002,2.84179,,,,3.22,,-53.46,1496362159
RabbitCoin,RBBT,851,0.0000005216,0.0000000002,65.9711,,,,2.37,26.73,-19.67,1496362158
Dimecoin,DIME,852,0.0000004190,0.0000000002,413.431,,,527097032016,5.34,-2.84,-94.56,1496362446
StrongHands,SHND,853,0.0000001092,0.00000000005,203.423,,,,-0.54,-52.72,,1496362169
Paccoin,PAC,854,0.0000000677,0.00000000003,295.652,,,,-8.17,1.35,19.55,1496362169
Bond,BOND,855,,,,,1349.0,1349.0,,,,
bitRUBLE,BITRUBLE,856,,,,,,,,,,
