Name,Symbol,Rank,Price(BTC),Price(USD),24HVolume,MarketCap,%Change_1h,%Change_24h,%Change_7d,LastUpdated
Bitcoin,BTC,1,2392.0,1.0,1616320000.0,39147890600.0,16366175.0,16366175.0,-0.39,3.19,-0.04,1496366053
Ethereum,ETH,2,229.243,0.0961444,818364000.0,21120159854.0,92130010.0,92130010.0,2.3,0.3,27.27,1496366065
Ripple,XRP,3,0.318729,0.00013368,577195000.0,12309853886.0,38621693933.0,99994661895.0,-4.26,21.54,18.14,1496366044
NEM,XEM,4,0.227216,0.00009529,17220500.0,2044944000.0,8999999999.0,8999999999.0,-1.29,7.67,4.26,1496366062
Ethereum Classic,ETC,5,17.3037,0.00725716,133006000.0,1595373004.0,92198374.0,92198374.0,2.26,-1.63,1.94,1496366075
Litecoin,LTC,6,28.4512,0.0119324,403783000.0,1461570361.0,51371132.0,51371132.0,-1.12,10.58,-5.96,1496366042
Dash,DASH,7,138.032,0.0578904,39005300.0,1012054475.0,7332028.0,7332028.0,0.53,-2.79,9.73,1496366047
Monero,XMR,8,43.5458,0.018263,12716200.0,633996918.0,14559313.0,14559313.0,-0.13,2.94,4.36,1496366053
Stratis,STRAT,9,6.17236,0.00258868,17261700.0,607409229.0,98407939.0,98407939.0,4.47,17.73,114.42,1496366076
Bytecoin,BCN,10,0.00263632,0.00000111,6040220.0,482360639.0,182967408762,182967408762,23.52,15.83,2.53,1496366053
Stellar Lumens,XLM,11,0.0413433,0.00001734,46590500.0,399575216.0,9664811867.0,102940435314,-4.54,15.02,-7.68,1496366056
Golem,GNT,12,0.467108,0.0001959,12181000.0,385304310.0,824872000.0,1000000000.0,0.33,5.65,10.43,1496366081
Zcash,ZEC,13,249.471,0.104628,23648700.0,357240913.0,1431994.0,1431994.0,0.2,5.37,5.62,1496366081
Waves,WAVES,14,3.52058,0.00147652,3294900.0,352058000.0,100000000.0,100000000.0,2.59,16.84,43.26,1496366073
Dogecoin,DOGE,15,0.0028662,0.00000120,24407300.0,314191464.0,109619518442,109619518442,-0.91,6.24,-7.3,1496366044
Gnosis,GNO,16,249.515,0.104515,2720700.0,275611774.0,1104590.0,10000000.0,-0.35,-3.08,7.52,1496365790
Augur,REP,17,23.4761,0.00984585,4400620.0,258237100.0,11000000.0,11000000.0,-0.21,6.21,-7.14,1496366067
Steem,STEEM,18,1.02423,0.00042956,2521310.0,240005803.0,234328035.0,251302129.0,1.52,4.76,-11.45,1496366072
Siacoin,SC,19,0.00852066,0.00000357,20771100.0,225771462.0,26496945365.0,26496945365.0,-0.23,13.45,-7.23,1496366065
BitShares,BTS,20,0.0843656,0.00003538,17523900.0,219534477.0,2602180000.0,2602180000.0,8.23,26.19,4.06,1496366056
MaidSafeCoin,MAID,21,0.396187,0.00016616,1602700.0,179295382.0,452552412.0,452552412.0,-0.44,-1.53,-4.06,1496366051
DigiByte,DGB,22,0.0219707,0.00000921,29512700.0,178117166.0,8107031908.0,8107031908.0,3.24,22.76,34.59,1496366045
Basic Attention Token,BAT,23,0.171126,0.00007168,4285320.0,171126000.0,1000000000.0,1500000000.0,0.35,,,1496365792
GameCredits,GAME,24,2.63397,0.00110468,1839680.0,166003989.0,63024252.0,63024252.0,-1.28,4.36,-7.82,1496366057
DigixDAO,DGD,25,80.4761,0.0337516,1006330.0,160952200.0,2000000.0,2000000.0,-0.86,1.86,-6.48,1496366071
BitConnect,BCC,26,22.4896,0.00943211,2358860.0,144769951.0,6437195.0,6437195.0,0.62,10.15,46.52,1496366085
Lisk,LSK,27,1.33883,0.0005615,2331240.0,144269596.0,107757965.0,107757965.0,-1.05,10.42,8.03,1496366072
Ardor,ARDR,28,0.127206,0.00005335,1916590.0,127078730.0,998999495.0,998999495.0,3.72,20.4,-3.19,1496366075
Decred,DCR,29,25.0061,0.0104875,2896770.0,125522493.0,5019675.0,5439675.0,0.1,13.76,9.21,1496366069
Factom,FCT,30,13.0348,0.00546677,1329440.0,114096459.0,8753219.0,8753219.0,0.98,3.91,-2.15,1496366069
SingularDTV,SNGLS,31,0.189724,0.00007957,300003.0,113834400.0,600000000.0,1000000000.0,-1.08,3.39,13.45,1496366079
Tether,USDT,32,1.03447,0.00043386,101692000.0,108612822.0,104993690.0,124951468.0,0.31,-0.25,-0.13,1496366061
Iconomi,ICN,33,1.20098,0.00050369,835028.0,104485260.0,87000000.0,100000000.0,0.02,1.44,5.11,1496366079
Byteball,GBYTE,34,512.387,0.214894,688779.0,96986594.0,189284.0,1000000.0,0.7,12.27,65.75,1496366083
PIVX,PIVX,35,1.69753,0.00071194,981768.0,90877444.0,53535103.0,53535103.0,-0.13,10.74,29.86,1496366070
Round,ROUND,36,0.106327,0.00004459,372027.0,90377950.0,850000000.0,1000000000.0,0.41,7.28,-21.76,1496366081
Aragon,ANT,37,2.06684,0.00086574,607987.0,69456503.0,33605167.0,39609523.0,-1.08,-1.21,-3.16,1496365791
FirstBlood,1ST,38,0.810545,0.00033994,3873290.0,69348909.0,85558371.0,93468691.0,-2.14,11.34,-3.17,1496366079
AntShares,ANS,39,1.22866,0.0005153,8196520.0,61433000.0,50000000.0,100000000.0,-0.4,20.3,10.05,1496366077
Nxt,NXT,40,0.0594519,0.00002493,2799950.0,59392447.0,998999983.0,998999983.0,0.88,4.41,-14.2,1496366043
SysCoin,SYS,41,0.107832,0.00004522,1536750.0,56629005.0,525159557.0,525159557.0,0.57,0.93,-17.97,1496366055
Komodo,KMD,42,0.536625,0.00022506,230243.0,54169884.0,100945510.0,100945510.0,-1.74,5.65,9.9,1496366085
iExec RLC,RLC,43,0.634161,0.00026563,606934.0,49509452.0,78070793.0,86999785.0,-3.93,11.39,5.19,1496365790
Wings,WINGS,44,0.438476,0.0001839,1392960.0,39334951.0,89708333.0,100000000.0,0.22,40.87,59.26,1496366084
Peercoin,PPC,45,1.60112,0.00067151,1452170.0,38621947.0,24121832.0,24121832.0,-0.2,7.02,-7.29,1496366040
Ubiq,UBQ,46,1.03943,0.00043594,1609560.0,38555874.0,37093285.0,37093285.0,4.31,19.08,134.62,1496366058
Emercoin,EMC,47,0.916258,0.00038428,769433.0,36794395.0,40157243.0,40157243.0,2.88,9.1,-9.48,1496366056
Lykke,LKK,48,0.258839,0.00010856,539957.0,35635893.0,137675904.0,1285690000.0,-0.29,5.6,14.32,1496366082
ReddCoin,RDD,49,0.00116642,0.00000049,1269570.0,33272087.0,28524962393.0,28524962393.0,-0.14,9.97,-29.59,1496366046
Melon,MLN,50,54.1462,0.0227088,488983.0,32455232.0,599400.0,749400.0,-0.17,-4.01,-3.8,1496366086
Storjcoin X,SJCX,51,0.631636,0.00026491,560420.0,32322800.0,51173144.0,500000000.0,-1.17,6.64,4.75,1496366057
BitcoinDark,BTCD,52,23.9762,0.0100556,59217.7,30902017.0,1288862.0,1288862.0,-1.15,4.0,7.26,1496366054
Omni,OMNI,53,55.1106,0.0231133,11521300.0,30805712.0,558980.0,615296.0,-1.27,-10.62,174.78,1496366045
Ark,ARK,54,0.30996,0.00013,373594.0,29539637.0,95301448.0,126551448.0,0.13,17.74,20.66,1496366088
Counterparty,XCP,55,11.1443,0.00467392,1418400.0,29184221.0,2618758.0,2618758.0,-0.8,-8.25,-7.95,1496366047
Xaurum,XAUR,56,0.240989,0.00010107,163079.0,27401495.0,113704341.0,113704341.0,-1.75,-5.17,23.53,1496366062
Nexus,NXS,57,0.517084,0.00021686,98125.0,25774396.0,49845665.0,49845665.0,-3.69,18.36,8.06,1496366061
Namecoin,NMC,58,1.74177,0.00073049,1060170.0,25667419.0,14736400.0,14736400.0,-0.24,7.75,-3.85,1496366040
Gulden,NLG,59,0.0723406,0.00003034,84140.6,25067844.0,346525245.0,448545400.0,1.52,8.36,0.63,1496366051
Blocknet,BLOCK,60,5.93994,0.0024912,151281.0,23228232.0,3910516.0,3910516.0,2.65,41.13,78.46,1496366060
Synereo,AMP,61,0.273573,0.00011474,586910.0,22503109.0,82256324.0,949291063.0,-1.38,3.08,3.27,1496366067
EarthCoin,EAC,62,0.0023842,0.00000100,6445940.0,22283850.0,9346468332.0,9346468332.0,0.14,6.89,-10.74,1496366046
YbCoin,YBC,63,7.17522,0.00300928,2161840.0,21671043.0,3020262.0,3020262.0,-1.78,10.03,-8.0,1496366046
WeTrust,TRST,64,0.231878,0.00009713,433239.0,21366978.0,92147500.0,100000000.0,-2.36,-8.78,-10.78,1496365789
TokenCard,TKN,65,0.871613,0.0003651,321172.0,20608467.0,23644056.0,39406760.0,-0.36,3.62,-13.16,1496365790
Burst,BURST,66,0.0112612,0.00000472,5057010.0,20043822.0,1779901042.0,1779901042.0,2.69,26.88,6.1,1496366056
Matchpool,GUP,67,0.264404,0.00011075,242496.0,19830300.0,75000000.0,98855150.0,-0.52,11.72,-2.25,1496365787
E-Dinar Coin,EDR,68,0.0299753,0.00001257,355661.0,19795003.0,660377156.0,785377156.0,0.39,8.77,12.99,1496366078
BlackCoin,BLK,69,0.250072,0.00010488,1011640.0,19047466.0,76167929.0,76167929.0,2.19,12.67,12.12,1496366048
Edgeless,EDG,70,0.2386,0.00010007,359200.0,18952580.0,79432438.0,132046997.0,-1.3,-0.08,-7.41,1496366088
PotCoin,POT,71,0.0845346,0.00003545,789191.0,18338808.0,216938488.0,216938488.0,-0.8,13.79,-14.95,1496366047
Nexium,NXC,72,0.274301,0.00011504,6067730.0,18246938.0,66521586.0,66521586.0,-2.66,-22.12,38.99,1496366083
NAV Coin,NAV,73,0.295702,0.00012402,620548.0,18134984.0,61328581.0,61328581.0,1.7,6.88,-6.63,1496366053
BitBay,BAY,74,0.0176884,0.00000742,61048.7,17821461.0,1007522494.0,1007522494.0,-1.22,4.17,-6.39,1496366059
Expanse,EXP,75,2.37851,0.00099754,711026.0,17215779.0,7238052.0,16238052.0,-0.21,-1.48,3.95,1496366069
BCAP,BCAP,76,1.70927,0.00071597,130239.0,17092700.0,10000000.0,10000000.0,-1.9,9.72,-8.16,1496365791
ZCoin,XZC,77,7.54532,0.00316449,1455380.0,16830438.0,2230580.0,2230580.0,0.75,-6.76,19.03,1496366080
Infinitecoin,IFC,78,0.000185305,0.00000008,4222820.0,16787943.0,90596274910.0,90596274910.0,0.17,7.46,-10.01,1496366044
Unity Ingot,UNY,79,0.0819616,0.00003433,363707.0,16556243.0,202000000.0,10000000000.0,-0.56,3.15,63.81,1496365791
Pepe Cash,PEPECASH,80,0.0225538,0.00000946,21535.5,15830152.0,701884009.0,701884009.0,5.83,-1.33,-7.0,1496366079
Swarm City,SWT,81,2.3818,0.00099892,47451.5,15813616.0,6639355.0,6639355.0,4.36,18.53,-6.27,1496366088
Agoras Tokens,AGRS,82,0.369267,0.00015487,24599.4,15509214.0,42000000.0,42000000.0,-0.6,-6.07,4.96,1496366066
Verge,XVG,83,0.00114469,0.00000048,1088700.0,15349689.0,13409472280.0,13409472280.0,-2.62,35.83,-8.28,1496366059
OBITS,OBITS,84,1.03771,0.00043521,230910.0,15306598.0,14750362.0,16801100.0,2.44,36.0,21.04,1496366067
XtraBYtes,XBY,85,0.0233253,0.00000977,479598.0,15161445.0,650000000.0,650000000.0,0.28,43.58,262.42,1496365789
Humaniq,HMQ,86,0.12097,0.00005067,538708.0,14947254.0,123561662.0,184190414.0,0.21,7.91,-36.98,1496365791
Bankcoin,B@,87,3.35616,0.00140757,5966.48,14314291.0,4265080.0,25000000.0,11.92,6.17,-11.73,1496366088
Waves Community Token,WCT,88,2.83129,0.00118744,12026.6,14156450.0,5000000.0,10000000.0,2.21,30.68,42.22,1496366085
GridCoin,GRC,89,0.0362372,0.00001520,182490.0,14143841.0,390312753.0,390312753.0,0.65,3.14,7.16,1496366062
TaaS,TAAS,90,1.73543,0.00072784,145671.0,14136814.0,8146001.0,8146001.0,0.72,8.28,16.88,1496366088
LBRY Credits,LBC,91,0.205184,0.00008605,512683.0,14060136.0,68524524.0,466424524.0,-0.74,0.89,-5.89,1496366075
Chronobank,TIME,92,19.6112,0.0082249,476462.0,13926164.0,710113.0,710113.0,-0.04,9.8,16.56,1496366087
MonaCoin,MONA,93,0.270035,0.00011325,27981.6,13642060.0,50519600.0,50519600.0,-2.62,2.49,-8.75,1496366049
Radium,RADS,94,4.17385,0.0017505,890730.0,13548992.0,3246162.0,3246162.0,-0.6,-1.64,10.83,1496366068
I/O Coin,IOC,95,0.827634,0.00034711,19261.7,13520363.0,16336162.0,16336162.0,-0.59,3.48,3.71,1496366055
Etheroll,DICE,96,1.85907,0.00077872,6601.06,13016507.0,7001623.0,7001623.0,1.95,6.61,-16.42,1496365791
E-coin,ECN,97,4.5217,0.00189401,103551.0,12576407.0,2781345.0,211070237.0,-0.41,7.1,0.65,1496365788
Bitland,CADASTRAL,98,0.415908,0.00017443,12224.6,12477240.0,30000000.0,30000000.0,2.23,23.99,156.87,1496366074
Vertcoin,VTC,99,0.362794,0.00015216,699988.0,12132115.0,33440781.0,33440781.0,-1.3,7.5,-2.24,1496366045
Shift,SHIFT,100,1.07695,0.00045167,347693.0,11662458.0,10829155.0,10829155.0,1.38,20.53,96.23,1496366068
Golos,GOLOS,101,0.0916488,0.00003844,30402.6,11277989.0,123056596.0,123056596.0,-4.22,17.97,48.92,1496366083
Pluton,PLU,102,13.2037,0.0055376,162262.0,11223138.0,850000.0,20000000.0,-1.75,10.95,65.06,1496366078
DigitalNote,XDN,103,0.00156737,0.00000066,1477310.0,10785858.0,6881500619.0,6881500619.0,2.08,-3.5,-14.92,1496366054
MergeCoin,MGC,104,0.107266,0.00004493,1713410.0,10601108.0,98830090.0,103830090.0,-1.16,4.87,-28.61,1496365789
Clams,CLAM,105,4.5597,0.00191233,1577080.0,10493452.0,2301347.0,16206860.0,-0.05,11.0,-16.5,1496366054
Mooncoin,MOON,106,0.0000456761,0.00000002,22888.0,10137539.0,221944050741,221944050741,48.55,30.01,-21.13,1496366046
LuckChain,BASH,107,0.0134663,0.00000565,579865.0,9751011.0,724104670.0,724104670.0,-2.96,47.92,27.9,1496366082
FlorinCoin,FLO,108,0.0698404,0.00002929,351027.0,9358367.0,133996466.0,133996466.0,-1.83,-1.38,-12.26,1496366043
Bitcrystals,BCY,109,0.397788,0.00016683,177648.0,9265048.0,23291422.0,23291422.0,-0.53,3.24,-8.59,1496366066
SaluS,SLS,110,9.06201,0.00380059,115846.0,9093145.0,1003436.0,1003436.0,7.95,87.9,42.67,1496366069
FedoraCoin,TIPS,111,0.0000204131,0.000000009,79199.3,9046436.0,443168182458,443168182458,-2.57,0.35,-14.58,1496366044
Skycoin,SKY,112,1.6592,0.00069499,74450.2,9035673.0,5445801.0,100000000.0,0.64,2.49,-15.08,1496365788
HEAT,HEAT,113,0.340415,0.00014277,10234.4,8968642.0,26346200.0,26346200.0,-5.27,-7.83,-15.91,1496366075
vSlice,VSL,114,0.267251,0.00011208,195924.0,8923643.0,33390496.0,33390496.0,-0.43,-9.14,-14.92,1496366083
Viacoin,VIA,115,0.390938,0.00016396,464500.0,8852897.0,22645272.0,22645272.0,-0.66,7.69,-4.74,1496366055
Energycoin,ENRG,116,0.0718887,0.00003015,4072.42,8694252.0,120940448.0,120940448.0,-0.59,-1.75,20.57,1496366052
Rubycoin,RBY,117,0.354623,0.00014873,29335.2,8649884.0,24391774.0,24391774.0,-0.61,2.34,9.05,1496366049
VeriCoin,VRC,118,0.279187,0.00011709,126885.0,8434569.0,30211181.0,30211181.0,-0.32,8.48,-30.5,1496366051
Scotcoin,SCOT,119,0.0083563,0.00000350,6836.72,8356300.0,1000000000.0,1000000000.0,-0.91,37.1,761.1,1496366052
DNotes,NOTE,120,0.0665439,0.00002791,228820.0,8241424.0,123849436.0,123849436.0,0.91,3.79,3.0,1496366050
Crown,CRW,121,0.58508,0.00024538,25946.4,8105056.0,13852902.0,13852902.0,-0.75,2.64,-3.85,1496366059
NeosCoin,NEOS,122,2.38359,0.00099968,3509930.0,7976267.0,3346325.0,3346325.0,0.11,13.97,15.22,1496366056
Primecoin,XPM,123,0.404002,0.00016944,560884.0,7805502.0,19320453.0,19320453.0,-1.22,4.88,-14.08,1496366058
SolarCoin,SLR,124,0.219087,0.00009188,75997.1,7703845.0,35163404.0,98034180135.0,-1.28,-6.34,17.59,1496366050
Pascal Coin,PASC,125,0.765171,0.00032091,194034.0,7637478.0,9981400.0,9981400.0,-1.36,2.65,-6.41,1496366083
Creditbit,CRB,126,0.63977,0.00026832,246864.0,7596848.0,11874342.0,11874342.0,1.72,-8.15,-6.32,1496366068
VPNCoin,VASH,127,0.018815,0.00000789,1632470.0,7532392.0,400339746.0,400339746.0,1.95,10.3,-15.13,1496366060
BelaCoin,BELA,128,0.205065,0.00008600,240291.0,7169677.0,34962950.0,34962950.0,0.27,5.78,-3.57,1496366051
Bitcoin Plus,XBC,129,70.4599,0.0295508,117890.0,6828299.0,96910.0,96910.0,-2.17,5.22,-5.6,1496366051
Global Currency Reserve,GCR,130,0.065745,0.00002757,22403.2,6751294.0,102689079.0,102689079.0,0.56,3.78,3.2,1496366066
Aeon,AEON,131,0.474408,0.00019897,3590.76,6750046.0,14228356.0,14228356.0,-0.76,4.48,0.67,1496366065
Incent,INCNT,132,0.290369,0.00012178,161968.0,6680901.0,23008312.0,46016625.0,0.8,10.49,26.51,1496366082
Asch,XAS,133,0.0884616,0.00003705,166523.0,6634620.0,75000000.0,100000000.0,0.21,9.94,-15.18,1496365787
Einsteinium,EMC2,134,0.031012,0.00001301,129529.0,6537642.0,210810073.0,210810073.0,-1.62,1.86,-9.13,1496366049
Novacoin,NVC,135,3.71565,0.00155834,108953.0,6448485.0,1735493.0,1735493.0,-0.04,1.57,-14.3,1496366041
Lunyr,LUN,136,2.77668,0.00116307,171150.0,6380403.0,2297853.0,2703356.0,-0.53,8.97,-6.13,1496365790
Feathercoin,FTC,137,0.0389101,0.00001632,151993.0,6372405.0,163772520.0,163772520.0,-0.25,15.16,10.29,1496366058
ZClassic,ZCL,138,4.23832,0.00177755,866108.0,6243946.0,1473213.0,1473213.0,2.41,-11.07,30.09,1496366081
Safe Exchange Coin,SAFEX,139,0.00269259,0.00000113,20053.8,5782293.0,2147483647.0,2147483647.0,-3.3,1.17,-6.91,1496366069
SIBCoin,SIB,140,0.393971,0.00016523,16514.5,5769950.0,14645621.0,14645621.0,-1.08,5.73,35.89,1496366066
MUSE,MUSE,141,0.00408925,0.00000172,1276.48,5622066.0,1374840478.0,1524840478.0,21.94,89.2,9.58,1496366063
WorldCoin,WDC,142,0.0474968,0.00001992,148515.0,5442813.0,114593260.0,114593260.0,-0.51,5.96,-19.59,1496366042
FirstCoin,FRST,143,1.74929,0.00073365,60229.0,5437750.0,3108547.0,110000000.0,-0.39,-4.39,9.15,1496366085
OKCash,OK,144,0.0730867,0.00003065,510784.0,5231170.0,71574853.0,71574853.0,1.35,20.75,152.38,1496366060
MonetaryUnit,MUE,145,0.0428239,0.00001796,35007.2,5202634.0,121489040.0,121489040.0,-0.59,0.39,-10.15,1496366059
Gambit,GAM,146,4.32529,0.00181402,12036.8,5120915.0,1183947.0,1183947.0,-0.18,5.68,7.85,1496366063
Blitzcash,BLITZ,147,1.24258,0.00052114,169452.0,5049091.0,4063393.0,4063393.0,-0.33,34.42,305.63,1496366060
Auroracoin,AUR,148,0.582383,0.00024425,16684.6,5042353.0,8658139.0,8658139.0,-0.54,4.45,-2.11,1496366048
ION,ION,149,0.364816,0.000153,21549.6,5014111.0,13744219.0,19644219.0,-0.58,-2.24,-23.68,1496366075
FoldingCoin,FLDC,150,0.0101113,0.00000424,407399.0,4951928.0,489741985.0,1000000000.0,0.47,3.62,-7.96,1496366056
PinkCoin,PINK,151,0.0152123,0.00000638,357154.0,4882043.0,320927350.0,370927350.0,-0.73,6.33,-12.14,1496366051
Janus,JNS,152,0.231013,0.00009689,7261.2,4835811.0,20933069.0,25201489.0,-0.39,-0.07,3.04,1496366084
RouletteToken,RLT,153,0.453886,0.00019012,26896.5,4580713.0,10092210.0,10092933.0,-0.49,5.94,0.37,1496365792
Vcash,XVC,154,0.299007,0.0001254,165996.0,4560192.0,15251120.0,15251120.0,-1.48,4.41,4.47,1496366061
Darcrus,DAR,155,0.332619,0.0001395,21921.0,4531522.0,13623762.0,13623762.0,1.59,13.51,6.92,1496366084
FairCoin,FAIR,156,0.0809493,0.00003395,3519.11,4298801.0,53104859.0,53104859.0,-0.52,15.46,16.07,1496366049
CloakCoin,CLOAK,157,0.833114,0.00034941,22938.7,4168346.0,5003332.0,5003332.0,-0.64,-2.74,12.52,1496366054
Sphere,SPHR,158,1.31152,0.00055005,16989.1,4043338.0,3082940.0,3082940.0,-8.53,13.41,53.1,1496366062
NautilusCoin,NAUT,159,0.249364,0.00010458,523280.0,4034710.0,16180000.0,16180000.0,-0.79,10.64,20.88,1496366051
Bitmark,BTM,160,1.00143,0.00042,203519.0,3906758.0,3901180.0,3901180.0,-2.24,7.81,17.67,1496366055
bitCNY,BITCNY,161,0.134243,0.00005630,463313.0,3883610.0,28929700.0,28929700.0,-0.32,-2.74,-5.33,1496366058
SpreadCoin,SPR,162,0.472762,0.00019828,37375.6,3844259.0,8131490.0,8131490.0,10.17,24.94,27.38,1496366060
Unobtanium,UNO,163,19.3339,0.00810861,70105.8,3822787.0,197725.0,197725.0,-1.42,8.55,-10.52,1496366044
DubaiCoin,DBIX,164,4.37596,0.00183297,17542.8,3803377.0,869153.0,869153.0,-4.26,2.6,46.34,1496365787
LoMoCoin,LMC,165,0.0180424,0.00000757,107693.0,3761090.0,208458416.0,293458416.0,1.0,4.59,-4.0,1496366078
APX,APX,166,4.13014,0.00173,67463.0,3717126.0,900000.0,1000000.0,-0.4,-1.1,24.5,1496365792
ICO OpenLedger,ICOO,167,7.6551,0.00321054,4727.25,3611637.0,471795.0,471795.0,5.57,14.81,-9.94,1496366073
Riecoin,RIC,168,0.097918,0.00004107,670738.0,3347099.0,34182675.0,34182675.0,-1.25,6.82,3.6,1496366059
ArtByte,ABY,169,0.00419297,0.00000176,75949.6,3239891.0,772696050.0,772696050.0,1.81,25.15,-14.67,1496366053
Quark,QRK,170,0.0126068,0.00000529,31014.6,3152974.0,250101047.0,250101047.0,-0.59,8.15,-32.2,1496366059
PoSW Coin,POSW,171,0.0747259,0.00003134,101057.0,3063762.0,41000000.0,70000000.0,5.54,66.21,19.26,1496366083
Zennies,ZENI,172,0.00305582,0.00000128,6732.28,3057897.0,1000679722.0,1000679722.0,0.29,1.47,-0.34,1496365789
Diamond,DMD,173,1.43675,0.00060257,18746.6,3051189.0,2123674.0,2123674.0,-2.16,-0.75,0.51,1496366045
Circuits of Value,COVAL,174,0.00751076,0.00000315,70669.8,3004304.0,400000000.0,1200000000.0,3.35,9.68,-4.77,1496366060
BitSend,BSD,175,0.194976,0.00008177,18552.4,2973155.0,15248825.0,15248825.0,1.71,1.77,28.66,1496366053
Wild Beast Block,WBB,176,1.25781,0.00052752,35266.7,2923956.0,2324641.0,2324641.0,-0.6,2.93,-21.17,1496366062
Zetacoin,ZET,177,0.0171597,0.00000720,311757.0,2851169.0,166154945.0,166154945.0,2.06,7.99,-4.69,1496366047
Musicoin,MUSIC,178,0.0165289,0.00000693,59564.4,2826515.0,171004400.0,171004400.0,-0.2,6.19,5.25,1496366088
Curecoin,CURE,179,0.113496,0.00004760,17364.5,2690757.0,23707943.0,23707943.0,0.62,0.48,-13.25,1496366053
Megacoin,MEC,180,0.0810873,0.00003401,281540.0,2666673.0,32886450.0,32886450.0,-2.51,5.07,-29.57,1496366041
Rise,RISE,181,0.0235997,0.00000990,79030.7,2534306.0,107387215.0,107387215.0,4.48,21.07,5.82,1496366074
XCurrency,XC,182,0.429186,0.00018,853.604,2492188.0,5806779.0,5806779.0,-0.59,-6.39,-8.31,1496366052
RaiBlocks,XRB,183,0.0332289,0.00001394,23599.2,2483277.0,74732457.0,340282367.0,2.39,7.67,4.46,1496366087
BitBean,BITB,184,0.0012637,0.00000053,84566.2,2474244.0,1957936000.0,1957936000.0,-2.04,-2.5,-27.57,1496366062
Veros,VRS,185,0.0288716,0.00001211,33861.6,2468145.0,85486938.0,10000000000.0,1.25,-16.45,4.4,1496366082
Zeitcoin,ZEIT,186,0.0000667599,0.00000003,4428.3,2425028.0,36324613238.0,36324613238.0,0.03,9.96,46.09,1496366048
Minereum,MNE,187,6.09909,0.00255474,181954.0,2413312.0,395684.0,395684.0,0.61,102.37,133.6,1496365792
Atmos,ATMS,188,0.0237542,0.00000995,165788.0,2377145.0,100072633.0,110072633.0,-0.45,1.98,4.17,1496365788
Spectrecoin,XSPEC,189,0.116086,0.00004869,228626.0,2367529.0,20394616.0,20394616.0,2.16,1.96,8.94,1496366084
Mintcoin,MINT,190,0.0000944954,0.00000004,3917.11,2300606.0,24346223843.0,24346223843.0,-0.6,34.18,-16.61,1496366048
Myriad,XMY,191,0.00154378,0.00000065,41759.7,2294018.0,1485974750.0,1485974750.0,-0.37,8.25,-22.48,1496366048
Steem Dollars,SBD,192,1.5911,0.00066731,720307.0,2243640.0,1410119.0,1410119.0,0.83,12.12,-7.89,1496366077
Digitalcoin,DGC,193,0.0642849,0.00002696,113344.0,2210744.0,34389793.0,34389793.0,-0.14,7.04,-12.57,1496366042
Cryptonite,XCN,194,0.0066326,0.00000278,195352.0,2173139.0,327645179.0,327645179.0,6.06,18.69,-25.44,1496366055
ZcCoin,ZCC,195,0.0352128,0.00001477,367600.0,2171117.0,61657044.0,61657044.0,-2.09,3.87,-27.62,1496366055
bitUSD,BITUSD,196,0.978956,0.00041057,202911.0,2144060.0,2190150.0,2190150.0,-0.08,-1.0,-0.02,1496366057
BoostCoin,BOST,197,0.179271,0.00007519,101358.0,2125345.0,11855487.0,11855487.0,-2.79,7.42,-7.96,1496366052
BlockPay,BLOCKPAY,198,0.389078,0.00016318,854.785,2112032.0,5428300.0,98928316.0,6.25,14.92,19.46,1496366079
HunterCoin,HUC,199,0.11761,0.00004933,73547.3,2074151.0,17635840.0,17635840.0,-0.74,-2.56,-6.85,1496366047
GoldCoin,GLD,200,0.0503489,0.00002112,6488.87,2026726.0,40253632.0,40253632.0,5.77,20.55,5.6,1496366058
Adzcoin,ADZ,201,0.0368597,0.00001546,6565.76,2021510.0,54843360.0,54843360.0,-2.89,9.73,-6.65,1496366067
Groestlcoin,GRS,202,0.028639,0.00001201,1721.41,1936433.0,67615246.0,67615246.0,-4.6,-0.16,0.56,1496366051
Tickets,TIX,203,0.0000288208,0.00000001,42062.8,1927428.0,66876281414.0,66876281414.0,0.14,1.22,-21.06,1496366043
Breakout Stake,BRX,204,0.305223,0.00012801,6145.66,1913163.0,6268082.0,6268082.0,5.94,14.85,34.67,1496366074
FUNCoin,FUNC,205,0.354081,0.00014831,70498.7,1896933.0,5357341.0,100000000.0,0.56,2.87,18.07,1496365791
Bata,BTA,206,0.382344,0.00016035,19503.6,1893017.0,4951083.0,4951083.0,3.01,-5.44,25.25,1496366064
MaxCoin,MAX,207,0.0347381,0.00001457,76166.5,1891235.0,54442678.0,54442678.0,1.68,2.34,-0.14,1496366046
iCash,ICASH,208,0.00834529,0.00000350,6907.2,1843505.0,220903607.0,220903607.0,-4.52,35.09,-5.71,1496366061
Ethereum Movie Venture,EMV,209,0.275883,0.00011556,596.919,1839220.0,6666666.0,6666666.0,3.3,289.93,-31.87,1496365788
TransferCoin,TX,210,0.299737,0.00012571,17894.9,1790421.0,5973305.0,5973305.0,0.25,11.81,-19.19,1496366065
Espers,ESP,211,0.0000852573,0.00000004,12016.4,1715926.0,20126443833.0,20126443833.0,-25.01,-15.85,-33.47,1496366072
DeepWebCash,DWC,212,1.25873,0.00052791,12934.0,1675684.0,1331250.0,1331250.0,-0.68,11.6,-36.62,1496366082
vTorrent,VTR,213,0.146639,0.00006150,7899.84,1586042.0,10815966.0,10815966.0,-0.59,1.52,15.18,1496366060
CryptoCarbon,CCRB,214,0.435014,0.00018244,7041.17,1549568.0,3562111.0,10000150.0,-0.41,-19.66,27.8,1496366084
Startcoin,START,215,0.0325444,0.00001365,44736.3,1467095.0,45079785.0,70782220.0,-0.53,0.79,-23.66,1496366054
Sequence,SEQ,216,0.031879,0.00001337,2606.24,1424971.0,44699354.0,44699354.0,-0.59,13.07,25.38,1496366079
2GIVE,2GIVE,217,0.00263492,0.00000111,17780.9,1351705.0,512996527.0,512996527.0,1.24,2.96,-23.77,1496366073
EuropeCoin,ERC,218,0.133906,0.00005616,2435.03,1319138.0,9851225.0,9851225.0,-0.27,16.8,25.24,1496366063
Breakout,BRK,219,0.071388,0.00002994,1836.46,1278817.0,17913607.0,17913607.0,3.85,1.02,-8.58,1496366074
Boolberry,XBB,220,0.134036,0.00005621,4490.4,1277695.0,9532480.0,9532480.0,-0.42,-2.24,-12.2,1496366053
Visio,VISIO,221,0.0251809,0.00001056,1638.17,1274048.0,50595792.0,62595792.0,-0.14,-2.87,4.55,1496366088
ChainCoin,CHC,222,0.0864095,0.00003624,17584.4,1268358.0,14678451.0,14678451.0,-10.02,-0.21,-9.82,1496366065
EB3 Coin,EB3,223,0.27457,0.00011501,24665.9,1260294.0,4590065.0,786000000.0,-3.01,-0.92,-0.01,1496365788
Yocoin,YOC,224,0.0113971,0.00000478,56661.4,1203748.0,105618830.0,200000000.0,2.07,41.38,37.61,1496366069
Stealthcoin,XST,225,0.0452791,0.00001899,2534.09,1185094.0,26173094.0,26173094.0,2.6,4.49,-0.71,1496366054
Bitswift,SWIFT,226,0.289677,0.00012149,6700.32,1176342.0,4060873.0,4060873.0,-0.32,-3.08,55.71,1496366058
Inpay,INPAY,227,0.112134,0.00004697,85340.1,1121340.0,10000000.0,10000000.0,-1.7,-3.99,-15.35,1496365788
TagCoin,TAG,228,0.198377,0.00008320,114594.0,1089410.0,5491617.0,5491617.0,-0.37,7.3,-16.1,1496366044
Renos,RNS,229,0.0322601,0.00001353,405924.0,1075942.0,33352103.0,33352103.0,6.83,37.74,98.4,1496366087
Dynamic,DYN,230,0.65005,0.00027263,1565.34,1050338.0,1615780.0,4369684.0,-0.8,-6.23,-4.41,1496366088
Syndicate,SYNX,231,0.093111,0.00003905,12683.1,1049255.0,11268860.0,11268860.0,-0.38,-52.84,77.15,1496366076
ArcticCoin,ARC,232,0.0446672,0.00001873,30411.6,1043061.0,23351831.0,23351831.0,-0.17,38.96,-17.86,1496366080
LiteDoge,LDOGE,233,0.0000700977,0.00000003,4458.39,1035629.0,14774082659.0,14774082659.0,23.63,-13.6,-1.4,1496366061
Ixcoin,IXC,234,0.0492378,0.00002065,9545.5,1033949.0,20999088.0,20999088.0,2.74,-55.19,6.67,1496366046
WhiteCoin,XWC,235,0.00405343,0.00000170,24446.9,1005470.0,248054155.0,248054155.0,-3.98,0.34,52.44,1496366050
SecureCoin,SRC,236,0.127549,0.00005349,108232.0,993078.0,7785856.0,7785856.0,-0.43,4.71,-29.95,1496366043
Triggers,TRIG,237,0.0309014,0.00001296,28842.6,992108.0,32105593.0,100000000.0,-0.82,-1.02,-12.89,1496366080
Qwark,QWARK,238,0.0564141,0.00002366,18279.3,982531.0,17416409.0,250377576.0,3.07,9.64,31.42,1496366072
AudioCoin,ADC,239,0.00122388,0.00000051,4946.13,970780.0,793198644.0,793198644.0,-5.01,5.64,-17.34,1496366063
Anoncoin,ANC,240,0.459921,0.00019289,3006.19,970579.0,2110317.0,2110317.0,-0.68,15.52,-29.03,1496366047
Voxels,VOX,241,0.0307731,0.00001291,109624.0,969353.0,31500000.0,210000000.0,-0.98,7.69,-21.95,1496366071
Mercury,MER,242,0.0095832,0.00000402,1144.42,958320.0,100000000.0,100000000.0,-7.59,-13.22,-19.6,1496366088
CannabisCoin,CANN,243,0.0123477,0.00000518,55426.7,953627.0,77231176.0,91859176.0,-0.61,3.1,29.03,1496366055
BlueCoin,BLU,244,0.00164863,0.00000069,3159.84,947441.0,574683675.0,574683675.0,-0.1,18.17,226.72,1496366051
HiCoin,XHI,245,0.00497828,0.00000209,60818.0,944529.0,189729990.0,10189729990.0,0.09,6.91,-4.5,1496366072
GlobalCoin,GLC,246,0.0143062,0.00000600,1250.44,932350.0,65171010.0,65171010.0,-0.62,-6.65,-37.77,1496366042
Creativecoin,CREA,247,0.087531,0.00003666,2331.07,924050.0,10556827.0,12268555.0,-0.63,-20.33,-36.42,1496365791
HTMLCOIN,HTML5,248,0.0000219311,0.000000009,6837.74,891697.0,40659020000.0,40659020000.0,6.3,18.16,0.67,1496366058
PutinCoin,PUT,249,0.00433664,0.00000182,32762.4,869139.0,200417616.0,200417616.0,-13.7,16.96,8.12,1496366074
Hacker Gold,HKG,250,0.0537773,0.00002255,3142.88,866400.0,16110893.0,16110893.0,-1.56,-3.15,-18.73,1496366082
PepeCoin,PEPE,251,0.0629133,0.00002639,15978.2,865822.0,13762139.0,13762139.0,-0.34,-13.37,35.16,1496366070
VeriumReserve,VRM,252,0.774188,0.00032469,13225.7,861202.0,1112394.0,1112394.0,3.42,12.33,-17.73,1496366078
DopeCoin,DOPE,253,0.00758229,0.00000318,18540.7,842284.0,111085648.0,111085648.0,-0.3,1.06,-22.51,1496366048
Centurion,CNT,254,0.0323054,0.00001355,39646.6,835089.0,25849829.0,63388628.0,0.06,-1.55,-0.98,1496366086
EverGreenCoin,EGC,255,0.0626164,0.00002626,5030.16,834132.0,13321301.0,13321301.0,-3.34,3.52,1.88,1496366069
DIBCOIN,DIBC,256,0.164892,0.00006907,1850.59,824460.0,5000000.0,5000000000.0,-12.86,-15.48,-8.03,1496365787
Pesetacoin,PTC,257,0.00596625,0.00000250,5744.69,778823.0,130538130.0,130538130.0,-0.33,12.02,-7.54,1496366047
Hush,HUSH,258,0.705977,0.00029609,243536.0,777201.0,1100888.0,1222363.0,-0.36,33.92,48.59,1496366082
Unitus,UIS,259,0.0160811,0.00000674,21039.3,751749.0,46747362.0,46747362.0,0.06,-7.18,6.34,1496366060
Version,V,260,0.0017189,0.00000072,1767.04,751653.0,437287244.0,437287244.0,21.4,,,1496365792
e-Gulden,EFL,261,0.0488829,0.00002050,1601.53,750092.0,15344662.0,20384002.0,-0.79,4.64,-13.54,1496366049
FujiCoin,FJC,262,0.00074221,0.00000031,5417.41,714177.0,962229902.0,962229902.0,1.23,66.49,56.04,1496366064
Fantomcoin,FCN,263,0.119218,0.00005000,1051.42,698503.0,5859040.0,5859040.0,1.44,0.75,-2.06,1496366053
MediterraneanCoin,MED,264,0.0135909,0.00000570,8688.46,675557.0,49706598.0,49706598.0,0.29,5.4,-27.76,1496366059
ExclusiveCoin,EXCL,265,0.164517,0.00006900,6637.62,672496.0,4087700.0,4087700.0,-0.59,6.44,-20.16,1496366059
Altcoin,ALT,266,5.39888,0.00226144,2711.28,659610.0,122175.0,134063.0,0.45,11.16,18.68,1496365790
Ripto Bux,RBX,267,0.00189591,0.00000079,5368.41,648591.0,342100100.0,1000000000.0,-1.9,-8.74,17.23,1496365787
GeoCoin,GEO,268,0.259013,0.00010863,4547.71,635897.0,2455079.0,2455079.0,-1.4,2.49,11.78,1496366061
HempCoin,THC,269,0.00298095,0.00000125,13003.3,631434.0,211823061.0,211823061.0,-4.34,3.78,-24.7,1496366055
Tokes,TKS,270,0.974467,0.00040869,8774.56,631088.0,647624.0,50000000.0,-1.87,17.13,2.68,1496366089
ProCurrency,PROC,271,0.22043,0.00009233,1805.25,620556.0,2815205.0,15000053805.0,-12.37,-13.74,9.84,1496365790
NuShares,NSR,272,0.000223595,0.00000009,15528.8,604214.0,2702268334.0,3317601743.0,-6.8,3.85,-53.92,1496366058
Synergy,SNRG,273,0.214593,0.00009000,1852.82,595303.0,2774105.0,2774105.0,-1.31,6.04,-6.47,1496366063
Ethbits,ETB,274,0.434531,0.00018201,2178.48,585307.0,1346986.0,1634691.0,-80.22,,,1496365793
Deutsche eMark,DEM,275,0.0205169,0.00000860,1262.43,570235.0,27793416.0,27793416.0,-0.59,0.55,-9.97,1496366045
UniBURST,UNIBURST,276,0.566882,0.00023775,2617.86,566881.0,999999.0,1000000.0,2.77,41.25,186.52,1496366087
TrustPlus,TRUST,277,0.0174059,0.00000730,929.986,558496.0,32086595.0,32086595.0,-0.59,5.44,6.2,1496366054
Magi,XMG,278,0.0789175,0.00003310,3256.04,556717.0,7054416.0,7054416.0,-2.15,10.24,-14.49,1496366057
TileCoin,XTC,279,0.0054955,0.00000230,11444.4,549550.0,100000000.0,100000000.0,6.55,2.13,-16.86,1496366059
IncaKoin,NKA,280,0.0000657054,0.00000003,10593.3,495221.0,7536992216.0,7536992216.0,15.57,15.21,175.12,1496366060
Canada eCoin,CDN,281,0.0050677,0.00000213,810.945,493673.0,97415544.0,97415544.0,-0.51,2.06,-13.01,1496366052
DT Token,DRACO,282,0.00552939,0.00000232,24659.3,491501.0,88888888.0,88888888.0,-1.26,21.05,31.19,1496366074
NobleCoin,NOBL,283,0.000214208,0.00000009,11189.9,490880.0,2291606646.0,2291606646.0,-0.59,15.87,-10.06,1496366047
Moin,MOIN,284,0.0690762,0.00002897,2677.62,479977.0,6948511.0,6948511.0,4.18,18.03,9.86,1496366068
YashCoin,YASH,285,0.0475762,0.00001995,918.678,475768.0,10000116.0,10000116.0,-0.59,17.11,37.67,1496366084
Elcoin,EL,286,0.0406377,0.00001704,4042.88,455507.0,11208967.0,20935289.0,14.97,-26.1,-20.58,1496366073
Capricoin,CPC,287,0.454153,0.00019047,13718.6,447014.0,984281.0,200984281.0,-0.22,10.21,19.87,1496366065
1337,1337,288,0.0000191508,0.000000008,2662.14,436238.0,22779103048.0,22779103048.0,6.59,40.24,42.93,1496366067
Bottlecaps,CAP,289,0.00307294,0.00000129,4207.26,425750.0,138548007.0,138548007.0,-1.11,279.5,351.65,1496366046
Happycoin,HPC,290,0.0373809,0.00001566,640.297,424868.0,11365901.0,11365901.0,2.27,-3.34,210.67,1496365788
I0Coin,I0C,291,0.0191465,0.00000803,1865.0,401586.0,20974397.0,20974397.0,-0.56,6.3,2.06,1496366043
iTicoin,ITI,292,11.8449,0.00496149,39229.2,379037.0,32000.0,9999992.0,-3.88,-19.51,37.66,1496365791
PostCoin,POST,293,0.0238582,0.00001001,3680.55,376371.0,15775332.0,15775332.0,-0.55,0.99,-0.16,1496366072
TrumpCoin,TRUMP,294,0.0556115,0.00002332,8296.86,363672.0,6539519.0,6539519.0,-3.5,-18.92,-7.48,1496366071
Mineum,MNM,295,0.0385377,0.00001616,669.706,363656.0,9436367.0,9586367.0,-0.59,-19.12,-18.04,1496366073
Virtacoinplus,XVP,296,0.0401632,0.00001684,992.221,354126.0,8817181.0,10351774.0,-1.01,3.86,-48.58,1496366087
Master Swiscoin,MSCN,297,0.0342129,0.00001435,8852.84,350145.0,10234300.0,1002560288.0,-1.0,-7.62,-22.51,1496366086
MazaCoin,MZC,298,0.000305433,0.00000013,977.215,333722.0,1092618137.0,1092618137.0,16.47,20.57,26.58,1496366049
Jewels,JWL,299,0.0163812,0.00000687,2205.05,330504.0,20175796.0,20175796.0,3.47,-3.32,2.08,1496366079
Wyvern,WYV,300,0.300831,0.00012601,1253.39,328051.0,1090481.0,1090481.0,-0.49,27.12,4.85,1496365788
Terracoin,TRC,301,0.0156475,0.00000656,5549.1,314376.0,20091140.0,20091140.0,-0.5,7.07,-9.13,1496366041
Dotcoin,DOT,302,0.00135055,0.00000057,73871.3,303529.0,224745000.0,489745000.0,-3.4,-3.5,13.72,1496366060
GCoin,GCN,303,0.0000021755,0.0000000009,650.646,302355.0,138985235000,138985235000,-0.48,2.94,28.47,1496366059
Asiadigicoin,ADCN,304,0.0115184,0.00000483,891.418,287166.0,24931054.0,210000000.0,-0.59,2.24,-28.12,1496366069
ParkByte,PKB,305,0.0562711,0.00002360,800.323,268077.0,4764026.0,4764026.0,3.53,7.74,6.25,1496366062
TeslaCoin,TES,306,0.00372286,0.00000156,1964.02,267197.0,71771889.0,71771889.0,-5.29,-22.98,-14.17,1496366047
Quatloo,QTL,307,0.0357942,0.00001501,25298.5,266152.0,7435628.0,7435628.0,2.64,-19.11,-21.93,1496366054
Karbowanec,KRB,308,0.0749637,0.00003144,5844.85,264937.0,3534210.0,3534210.0,-4.49,-3.06,-7.78,1496366076
Newbium,NEWB,309,0.0109442,0.00000459,81983.3,262661.0,24000000.0,51000000.0,3.35,36.91,169.73,1496366074
Zoin,ZOI,310,0.0244612,0.00001026,1847.08,262626.0,10736450.0,10736450.0,-0.59,13.57,-12.89,1496366082
LiteBar,LTB,311,0.403865,0.00016938,1189.61,260370.0,644697.0,644697.0,-0.64,38.63,32.31,1496366049
Sexcoin,SXC,312,0.00212049,0.00000089,4204.95,259820.0,122528439.0,122528439.0,0.42,-17.83,6.93,1496366044
Influxcoin,INFX,313,0.15427,0.00006470,3930.79,258153.0,1673383.0,1673383.0,-0.59,-3.69,-45.44,1496366066
Bytecent,BYC,314,0.158823,0.00006661,15133.4,257409.0,1620731.0,1620731.0,-0.58,-3.04,-12.84,1496366059
Neutron,NTRN,315,0.0198235,0.00000831,2906.56,250127.0,12617684.0,12617684.0,-4.88,10.47,124.0,1496366062
Atomic Coin,ATOM,316,0.0244395,0.00001025,857.583,245577.0,10048353.0,10048353.0,-16.58,3.32,-19.18,1496366080
8Bit,8BIT,317,0.200325,0.00008402,3520.08,233261.0,1164415.0,1164415.0,-0.59,-2.7,-29.72,1496366062
UltraCoin,UTC,318,0.00522177,0.00000219,4183.82,225037.0,43095910.0,43095910.0,-2.7,4.58,33.39,1496366059
MTMGaming,MTM,319,0.0748433,0.00003139,2786.72,224530.0,3000000.0,5000000.0,9.4,45.52,81.49,1496366087
Rubies,RBIES,320,0.021507,0.00000902,2337.66,223103.0,10373504.0,10373504.0,-0.59,-2.01,-18.68,1496366069
CacheCoin,CACH,321,0.0596092,0.00002500,8830.3,214775.0,3603055.0,3603055.0,-28.99,-49.52,,1496366048
PRCoin,PRC,322,0.0223333,0.00000937,28256.3,210670.0,9433000.0,789433000.0,-4.15,3.83,-5.5,1496366086
Torcoin,TOR,323,0.762514,0.0003194,5196.31,199712.0,261913.0,1261913.0,-2.89,-3.68,-31.29,1496365789
GoldBlocks,GB,324,0.0131988,0.00000554,2747.47,196216.0,14866193.0,14866193.0,-0.59,25.09,9.52,1496366075
NuBits,USNBT,325,0.99573,0.00041761,41939.3,195932.0,196772.0,838087.0,-0.8,-0.79,-0.17,1496366058
42-coin,42,326,4301.16,1.8039,680.336,180649.0,42.0,42.0,-0.66,3.63,30.25,1496366046
Kobocoin,KOBO,327,0.00725747,0.00000304,525.31,179261.0,24700248.0,24700248.0,-0.59,-32.68,-49.43,1496366061
Flycoin,FLY,328,0.837342,0.00035118,1253.63,176516.0,210806.0,210806.0,-0.59,-27.24,104.54,1496366065
Tattoocoin (Standard Edition),TSE,329,0.00152369,0.00000064,955.491,174265.0,114370480.0,604370480.0,-0.59,19.84,6.2,1496366085
Fastcoin,FST,330,0.00132558,0.00000056,1908.34,168036.0,126764507.0,126764507.0,0.31,29.53,25.43,1496366043
UnbreakableCoin,UNB,331,0.0727603,0.00003052,5519.9,165759.0,2278150.0,2278150.0,3.4,-1.85,6.82,1496366052
Netko,NETKO,332,0.0653365,0.00002740,1224.53,158764.0,2429938.0,2429938.0,-0.98,-10.14,-22.09,1496366088
bitBTC,BITBTC,333,2396.23,1.00498,43321.2,153550.0,64.0,64.0,-0.12,-2.13,-4.82,1496366057
TheGCCcoin,GCC,334,0.0214832,0.00000901,1201.72,151140.0,7035274.0,867035274.0,-0.59,1.34,-21.26,1496366085
PipCoin,PIP,335,0.0212066,0.00000889,2221.78,139395.0,6573177.0,6999979.0,-0.59,-26.42,-9.09,1496366080
Piggycoin,PIGGY,336,0.000286677,0.00000012,2059.15,138697.0,483809315.0,483809315.0,-0.92,-18.34,-38.69,1496366053
BERNcash,BERN,337,0.00185702,0.00000078,639.053,132284.0,71234301.0,71234301.0,-16.64,41.82,48.67,1496366071
bitSilver,BITSILVER,338,20.3279,0.00852547,11158.0,120271.0,5917.0,5917.0,2.02,5.56,2.34,1496366060
DigitalPrice,DP,339,0.00530046,0.00000222,1308.65,120069.0,22652609.0,22652609.0,-5.21,-17.17,23.74,1496366058
HoboNickels,HBN,340,0.00245628,0.00000103,746.702,119232.0,48541586.0,48541586.0,-0.59,-11.47,90.32,1496366045
Sumokoin,SUMO,341,0.262538,0.00010997,8898.0,117989.0,449415.0,9338304.0,8.78,41.82,,1496365792
Pascal Lite,PASL,342,0.0594661,0.00002494,2714.64,117246.0,1971650.0,1971650.0,1.35,-15.58,-42.68,1496366088
Machinecoin,MAC,343,0.00598476,0.00000251,2691.17,117030.0,19554675.0,19554675.0,-6.37,5.3,-10.04,1496366060
bitEUR,BITEUR,344,1.10686,0.00046421,13305.1,112457.0,101600.0,101600.0,-1.27,-2.5,-1.18,1496366063
CHNCoin,CNC,345,0.00431223,0.00000181,10865.3,108928.0,25260247.0,170109984.0,6.99,5.37,-27.01,1496366057
MojoCoin,MOJO,346,0.00901196,0.00000378,2044.15,108647.0,12055872.0,12055872.0,-0.59,0.65,-37.53,1496366072
Rimbit,RBT,347,0.000938096,0.00000039,873.637,108350.0,115499623.0,393459356.0,-0.59,6.66,6.36,1496366059
Phoenixcoin,PXC,348,0.00181044,0.00000076,1098.09,104767.0,57868150.0,57868150.0,4.57,11.48,55.31,1496366043
Spots,SPT,349,0.00449276,0.00000188,593.24,100665.0,22406021.0,22406021.0,-0.71,38.98,62.7,1496366043
Eryllium,ERY,350,0.0220579,0.00000925,2349.47,96009.0,4352569.0,14352569.0,-0.57,2.36,-40.03,1496366086
QuazarCoin,QCN,351,0.0166906,0.00000700,860.888,95291.0,5709240.0,5709240.0,-13.02,8.68,-5.21,1496366052
bitGold,BITGOLD,352,1587.95,0.665984,9239.66,86583.0,55.0,55.0,6.91,11.02,16.38,1496366060
Digital Rupees,DRS,353,0.000166906,0.00000007,3751.89,85256.0,510802961.0,510802961.0,-0.59,-48.41,16.48,1496366085
Kurrent,KURT,354,0.00777967,0.00000326,925.83,77170.0,9919485.0,21319485.0,19.19,9.87,29.17,1496366082
Emerald Crypto,EMD,355,0.00383925,0.00000161,2012.83,73395.0,19117129.0,19117129.0,-0.59,23.08,33.21,1496366043
Freicoin,FRC,356,0.0026228,0.00000110,17520.3,73186.0,27903666.0,100000000.0,-0.59,3.18,4.59,1496366043
Greencoin,GREV2,357,0.0000238437,0.00000001,2598.78,72900.0,3057396641.0,3057396641.0,-0.59,-65.61,-0.16,1496366053
Gapcoin,GAP,358,0.00629471,0.00000264,12059.0,68484.0,10879599.0,10879599.0,-3.51,0.46,18.95,1496366059
MCAP,MCAP,359,6.45398,0.00270339,235165.0,64572.0,10005.0,100000000.0,2.83,7.53,,1496365792
Wexcoin,WEX,360,0.358687,0.00015043,4938.08,60015.0,167319.0,10000167319.0,-0.2,0.21,15.03,1496366078
Chronos,CRX,361,0.000801822,0.00000034,553.697,59118.0,73729962.0,73729962.0,7.7,36.23,33.21,1496366075
CrevaCoin,CREVA,362,0.00159753,0.00000067,10528.8,58135.0,36390750.0,6240390800.0,-7.66,-6.44,-21.19,1496366064
Acoin,ACOIN,363,0.0421732,0.00001769,8253.74,51455.0,1220085.0,1220085.0,-0.27,15.15,-30.87,1496366057
Argentum,ARG,364,0.00681929,0.00000286,1958.63,51161.0,7502380.0,7502380.0,-13.35,-25.58,-10.12,1496366042
NevaCoin,NEVA,365,0.0269671,0.00001131,659.866,48846.0,1811310.0,1811310.0,-3.43,3.54,17.77,1496366071
Philosopher Stones,PHS,366,0.019218,0.00000806,3525.95,46685.0,2429219.0,2429219.0,-0.78,3.07,6.85,1496366045
Prime-XI,PXI,367,0.00275197,0.00000115,1114.31,40690.0,14785855.0,14785855.0,-8.61,-11.97,58.39,1496366058
Allion,ALL,368,0.00619586,0.00000260,2315.96,38410.0,6199359.0,7323359.0,-1.01,-1.15,-28.94,1496366086
Marijuanacoin,MAR,369,0.072914,0.00003058,4257.63,38111.0,522690.0,522690.0,21.69,47.55,61.34,1496366087
Independent Money System,IMS,370,0.00672972,0.00000282,971.615,36131.0,5368934.0,5368934.0,-0.74,-12.03,-7.01,1496366070
Rawcoin,XRC,371,0.0477112,0.00002001,3340.14,33631.0,704882.0,704882.0,-0.59,17.75,252.87,1496366082
MACRON,MCRN,372,0.0000732203,0.00000003,1503.71,29392.0,401421401.0,401421401.0,-0.52,-22.71,52.37,1496365789
Hexx,HXX,373,0.0211191,0.00000886,567.216,28560.0,1352314.0,1352314.0,-10.68,-23.78,-49.42,1496366064
BeaverCoin,BVC,374,0.00879832,0.00000369,601.808,27409.0,3115258.0,3115258.0,-2.18,-3.97,-10.81,1496366058
LevoPlus,LVPS,375,0.0453106,0.00001900,3742.07,18569.0,409807.0,91409807.0,-0.59,-55.44,-42.14,1496366087
Eurocoin,EUC,376,0.00145526,0.00000061,1067.76,17071.0,11730325.0,11730325.0,-0.19,-11.05,-18.07,1496366065
Honey,HONEY,377,0.223802,0.00009386,1068.22,15287.0,68306.0,68306.0,2.71,-50.29,-74.55,1496366088
AllSafe,ASAFE,378,0.0000192087,0.000000008,3526.25,13638.0,710000000.0,710000000.0,-2.57,2225.06,425.2,1496366082
Kittehcoin,MEOW,379,0.0000005492,0.0000000002,945.23,13129.0,23905669976.0,23905669976.0,-0.87,-15.93,-7.43,1496366046
Bitvolt,VOLT,380,0.000692335,0.00000029,539.841,10463.0,15112554.0,60132654.0,-0.49,-14.82,-19.91,1496365790
Ebittree Coin,EBT,381,0.0116981,0.00000490,911.972,10175.0,869840.0,810869840.0,-0.49,2.09,8.77,1496365790
Beatcoin,XBTS,382,0.00648682,0.00000272,1669.49,9890.0,1524686.0,2524686.0,2.27,18.43,-4.29,1496366078
BenjiRolls,BENJI,383,0.000429186,0.00000018,4747.12,8130.0,18943336.0,18943336.0,-4.57,-7.14,-25.12,1496366085
Digital Money Bits,DMB,384,0.0150184,0.00000629,15478.4,4519.0,300900.0,10300900.0,25.06,3.59,47.05,1496365792
Environ,ENV,385,0.0000238673,0.000000010,1958.17,3130.0,131129509.0,931129509.0,-50.25,3.39,-95.46,1496365791
Powercoin,PWR,386,0.0000238437,0.00000001,1303.84,1192.0,49983870.0,49983870.0,-0.59,3.18,-0.16,1496366073
Gold Pressed Latinum,GPL,387,0.193376,0.00008100,7953.03,,,203869.0,0.23,1.39,13.56,1496365790
SnakeEyes,SNAKE,388,0.141213,0.00005915,544.374,,,10000000.0,1.74,27.42,26.37,1496365790
Soarcoin,SOAR,389,0.0177432,0.00000744,692.541,,,5000000000.0,-0.52,19.59,0.86,1496366088
Arcade Token,ARC,390,3.74133,0.00167261,,10785924.0,2882912.0,2882912.0,,,87.52,1496180681
SuperNET,UNITY,391,12.735,0.00534104,103.005,10392537.0,816061.0,816061.0,0.76,-10.12,78.29,1496366057
Jinn,JINN,392,46.3199,0.0194265,463.199,2719117.0,58703.0,1000000.0,0.76,4.09,11.71,1496366057
AsiaCoin,AC,393,0.0027476,0.00000115,167.541,2304797.0,838839910.0,838839910.0,-0.6,22.78,-27.06,1496366050
InstantDEX,DEX,394,2.28046,0.00095642,330.666,2280460.0,1000000.0,1000000.0,0.76,3.99,-2.63,1496366057
Project Decorum,PDC,395,0.0373392,0.00001566,382.475,1866960.0,50000000.0,50000000.0,1.75,2.96,-8.08,1496366075
NewYorkCoin,NYC,396,0.0000238436,0.000000010,245.115,1423938.0,59719935819.0,59719935819.0,-0.58,3.1,71.25,1496366051
InsaneCoin,INSANE,397,0.070573,0.00002960,264.625,1294377.0,18340967.0,18340967.0,-0.21,-18.07,29.3,1496366081
Bitpark Coin,BPC,398,0.0157845,0.00000662,172.072,1183838.0,75000000.0,100000000.0,-0.59,-1.86,-21.25,1496366084
Joincoin,J,399,0.398381,0.00016708,446.099,975397.0,2448402.0,2448402.0,1.38,-69.54,342.76,1496366055
Pangea Poker,PANGEA,400,0.888489,0.00037263,10.6619,887914.0,999352.0,1000000.0,0.76,3.99,,1496366060
DubaiCoin,DBIC,401,0.163314,0.00006849,289.77,837640.0,5129014.0,6146942.0,-0.32,-2.08,8.97,1496366070
ShadowCash,SDC,402,0.12249,0.00005137,407.229,816634.0,6666946.0,6666946.0,-0.59,3.91,-22.14,1496366054
Ultimate Secure Cash,USC,403,0.0786636,0.00003295,40.5851,813627.0,10343113.0,38602656.0,-0.5,38.25,-7.51,1496365789
Woodcoin,LOG,404,0.101145,0.00004242,391.374,812720.0,8035193.0,8035193.0,-0.59,-7.8,-2.44,1496366061
Pandacoin,PND,405,0.0000238437,0.00000001,326.262,775276.0,32514916898.0,32514916898.0,-0.59,3.09,-0.16,1496366048
Carboncoin,CARBON,406,0.0000476874,0.00000002,7.59421,734001.0,15391933112.0,15391933112.0,-0.59,3.09,-0.16,1496366056
Cryptofund,FUND,407,0.5588,0.0002553,,558800.0,1000000.0,1000000.0,,,170.55,1495948164
SmileyCoin,SMLY,408,0.0000211929,0.000000009,57.4654,550173.0,25960250000.0,25960250000.0,-0.79,7.79,-77.07,1496366060
Tao,XTO,409,0.0175409,0.00000736,207.942,531773.0,30316187.0,32316187.0,36.15,1.49,-15.56,1496366079
E-Currency Coin ,ECC,410,0.0000238437,0.00000001,1.1738,526006.0,22060603799.0,22060603799.0,-0.6,3.18,-0.24,1496366048
HitCoin,HTC,411,0.0000476874,0.00000002,247.543,524386.0,10996318099.0,20996318099.0,98.82,106.19,99.67,1496366072
ReeCoin,REE,412,0.0415744,0.00001744,185.079,514180.0,12367704.0,6662367704.0,-1.76,3.33,1.78,1496366075
BTSR,BTSR,413,0.153897,0.00006454,491.133,509525.0,3310819.0,3310819.0,5.02,16.95,-18.31,1496366070
Shorty,SHORTY,414,0.00501117,0.00000210,,501117.0,100000000.0,100000000.0,-0.51,3.26,109.82,1496365479
CageCoin,CAGE,415,0.0000047168,0.000000002,394.142,477194.0,101168328395,101168328395,0.02,21.56,-15.86,1496366049
KoreCoin,KORE,416,0.253101,0.00010615,434.362,463415.0,1830949.0,1830949.0,-0.59,6.64,5.83,1496366053
CasinoCoin,CSC,417,0.0117732,0.00000494,255.972,454459.0,38601187.0,38601187.0,-0.37,10.74,-10.96,1496366042
Casino,CASINO,418,0.453596,0.00019024,26.7622,453596.0,1000000.0,1000000.0,2.77,28.06,-14.57,1496366088
Dashcoin,DSH,419,0.023592,0.00000989,324.522,407943.0,17291579.0,17291579.0,-3.72,-6.67,-1.73,1496366059
BitBar,BTB,420,11.5202,0.00483154,453.128,375283.0,32576.0,32576.0,-0.54,-0.0,-0.66,1496366041
LTBcoin,LTBC,421,0.000742106,0.00000032,,366499.0,493863915.0,493863915.0,,-6.28,,1496287754
Orbitcoin,ORB,422,0.123105,0.00005163,28.6998,363798.0,2955188.0,2955188.0,-0.95,-1.19,2.61,1496366046
FuelCoin,FC2,423,0.00355271,0.00000149,25.4694,360289.0,101412338.0,101412338.0,-0.59,12.95,,1496366054
RussiaCoin,RC,424,0.0421556,0.00001768,0.286051,346369.0,8216446.0,8216446.0,-0.59,2.96,3.77,1496366068
SuperCoin,SUPER,425,0.00834529,0.00000350,83.4448,343456.0,41155630.0,41155630.0,-0.59,,,1496366053
Trollcoin,TROLL,426,0.000604907,0.00000025,220.007,334939.0,553704078.0,553704078.0,-2.46,0.08,-7.17,1496366057
Colossuscoin V2,CV2,427,0.0000148347,0.000000006,254.064,329146.0,22187540273.0,22187540273.0,-0.67,-28.23,-67.34,1496366063
Crypto Bullion,CBX,428,0.324871,0.00013625,74.2368,323514.0,995821.0,995821.0,-0.57,33.86,-22.47,1496366042
Rare Pepe Party,RAREPEPEPRTY,429,16.1275,0.0067095,,290295.0,18000.0,100000.0,,-11.8,,1496315982
HOdlcoin,HODL,430,0.00309968,0.00000130,23.4277,286667.0,92482840.0,250000000.0,-0.59,-12.19,23.76,1496366071
SmartCoin,SMC,431,0.0116103,0.00000487,202.429,265771.0,22890958.0,22890958.0,-0.43,52.11,-17.06,1496366046
Bitstar,BITS,432,0.0111231,0.00000467,201.161,256718.0,23079737.0,23079737.0,2.01,42.93,82.18,1496366052
KibiCoin,KIC,433,0.0167458,0.00000701,483.367,245233.0,14644450.0,14644450.0,-6.49,,,1496365792
BTCtalkcoin,TALK,434,0.00357833,0.00000161,,233631.0,65290635.0,65290635.0,,,-28.08,1496191750
SwagBucks,BUCKS,435,1.1329,0.00047513,4.23843,232753.0,205449.0,205449.0,16.46,6.25,-9.27,1496366069
AgrolifeCoin,AGLC,436,0.0472658,0.00001990,,216046.0,4570871.0,204570871.0,,2.78,106.37,1496301878
VirtualCoin,VC,437,0.0211732,0.00000888,220.705,213093.0,10064287.0,10064287.0,-0.59,14.43,28.48,1496366055
BitcoinTX,BTX,438,0.00259896,0.00000109,1.12065,210669.0,81059109.0,81059109.0,-0.59,12.46,-39.78,1496366062
Veltor,VLT,439,0.378256,0.00015864,224.045,209877.0,554855.0,554855.0,-0.59,-8.32,21.61,1496366077
BritCoin,BRIT,440,0.00951363,0.00000399,163.627,202337.0,21268092.0,21268092.0,-0.59,86.98,47.54,1496366055
Pesobit,PSB,441,0.00605629,0.00000254,416.93,197845.0,32667621.0,32667621.0,-0.59,2.72,-11.56,1496366079
Crave,CRAVE,442,0.157347,0.00006668,,196636.0,1249695.0,1249695.0,,2.03,172.36,1496344460
The Cypherfunks,FUNK,443,0.0000044420,0.000000002,61.7707,196123.0,44151695000.0,44151695000.0,1.46,-3.88,-31.07,1496366063
BillaryCoin,BLRY,444,0.0205294,0.00000861,300.662,184419.0,8983158.0,8983158.0,-0.59,25.12,-14.16,1496366073
Devcoin,DVC,445,0.0000127701,0.000000005,260.106,178793.0,14000927500.0,14000927500.0,-0.67,-67.93,-73.62,1496366040
Bitz,BITZ,446,0.0892373,0.00003720,,177662.0,1990891.0,1990891.0,,3.72,1.01,1496351362
NetCoin,NET,447,0.000224102,0.00000009,234.118,176397.0,787126712.0,787126712.0,-0.52,9.03,-7.13,1496366044
Tristar Coin,TSTR,448,0.0343849,0.00001500,,172882.0,5027857.0,255027857.0,,,43.69,1496271895
Zero,ZER,449,0.226515,0.00009500,173.681,167811.0,740840.0,740840.0,-0.59,0.51,18.53,1496366088
Truckcoin,TRK,450,0.00121585,0.00000051,27.7975,149497.0,122956948.0,122956948.0,-0.59,34.94,111.06,1496366054
Vault Coin,VLTC,451,0.00500293,0.00000210,103.676,148700.0,29722590.0,529722590.0,0.07,8.39,9.8,1496366083
Titcoin,TIT,452,0.00291717,0.00000122,101.893,145562.0,49898202.0,49898202.0,-0.66,-2.08,-21.55,1496366055
LottoCoin,LOT,453,0.0000099658,0.000000004,17.6049,144415.0,14491014421.0,14491014421.0,-0.24,22.07,7.52,1496366046
TEKcoin,TEK,454,0.0000953747,0.00000004,374.552,134865.0,1414054562.0,1414054562.0,21.5,-1.38,116.07,1496366052
Stress,STS,455,0.000238437,0.00000010,1.01097,134749.0,565134332.0,565134332.0,-0.59,,-16.89,1496366071
Cannacoin,CCN,456,0.0285409,0.00001197,112.948,134076.0,4697671.0,4697671.0,-0.59,35.72,31.07,1496366050
PureVidz,VIDZ,457,0.00100843,0.00000042,294.706,126239.0,125183762.0,125183762.0,-20.35,-20.66,6.68,1496366084
Bitcurrency,BTCR,458,0.000703093,0.00000029,106.444,118212.0,168131934.0,168131934.0,-0.59,1.73,38.59,1496366082
MetalCoin,METAL,459,0.001526,0.00000064,5.77487,117388.0,76925527.0,76925527.0,-0.59,-16.82,-11.77,1496366061
GAIA,GAIA,460,0.00466575,0.00000198,,112451.0,24101381.0,24101381.0,,1.89,-9.97,1496340859
C-Bit,XCT,461,0.000834529,0.00000035,64.2353,109974.0,131780000.0,131780000.0,-0.59,16.49,5.58,1496366071
LanaCoin,LANA,462,0.000143015,0.00000006,493.005,107013.0,748267191.0,748267191.0,-0.58,-8.66,14.87,1496366072
Coin(O),CNO,463,0.00100109,0.00000042,8.7781,103218.0,103105678.0,103105678.0,-0.59,-7.9,14.58,1496366049
HyperStake,HYP,464,0.000265082,0.00000011,463.096,102268.0,385796097.0,385796097.0,-0.58,-7.17,24.71,1496366057
Jin Coin,JIN,465,0.0103741,0.00000435,4.57083,102169.0,9848485.0,9848485.0,-0.59,106.65,,1496366079
Xiaomicoin,MI,466,0.000250224,0.00000010,59.6878,101626.0,406141855.0,406141855.0,-0.14,-19.83,-13.63,1496366065
Coin2.1,C2,467,0.000986712,0.00000041,260.635,98648.0,99976323.0,99976323.0,1.77,6.93,-13.61,1496366052
BigUp,BIGUP,468,0.0000476874,0.00000002,6.74831,97952.0,2054048245.0,2054048245.0,-0.59,106.19,-0.16,1496366071
Cryptojacks,CJ,469,0.000240327,0.00000010,297.036,97709.0,406568581.0,406568581.0,-0.57,3.57,-15.98,1496366074
Swing,SWING,470,0.0428752,0.00001798,9.5294,97613.0,2276678.0,2276678.0,-6.14,-24.69,-6.51,1496366066
Dollarcoin,DLC,471,0.0105866,0.00000444,10.136,96409.0,9106714.0,9106714.0,-0.59,13.11,,1496366078
Sterlingcoin,SLG,472,0.0246702,0.00001035,24.6016,95749.0,3881156.0,3881156.0,-0.5,3.26,0.15,1496366058
Pakcoin,PAK,473,0.0025871,0.00000109,250.838,94709.0,36608350.0,36608350.0,-1.21,-4.15,-27.15,1496366066
GlobalBoost-Y,BSTY,474,0.00823503,0.00000345,67.8858,93866.0,11398430.0,11398430.0,-0.78,1.07,23.27,1496366059
TittieCoin,TTC,475,0.0000704892,0.00000003,109.697,88803.0,1259816434.0,1259816434.0,-0.6,-1.52,-1.66,1496366059
WayGuide,WAY,476,0.000873793,0.00000036,,87415.0,100040708.0,100040708.0,,5.03,17.28,1496318076
FlutterCoin,FLT,477,0.000266746,0.00000011,10.1871,85949.0,322214524.0,322214524.0,-0.53,14.89,0.89,1496366050
PayCoin,XPY,478,0.00729702,0.00000306,3.04223,85393.0,11702449.0,11752449.0,-0.59,-21.12,-65.44,1496366060
BunnyCoin,BUN,479,0.0000008214,0.0000000003,141.11,83299.0,101407412107,101407412107,-4.9,11.62,12.39,1496366057
Elementrem,ELE,480,0.00319505,0.00000134,137.15,79925.0,25015324.0,25015324.0,15.31,12.59,-31.21,1496366077
KiloCoin,KLC,481,0.000405342,0.00000017,115.647,79568.0,196297971.0,10025186872.0,-0.59,20.88,21.23,1496366069
CorgiCoin,CORG,482,0.0000626543,0.00000003,9.66296,78434.0,1251855418.0,1251855418.0,-0.67,-26.08,-63.91,1496366049
UFO Coin,UFO,483,0.0000229521,0.00000001,,75422.0,3286075012.0,3286075012.0,,,-7.06,1496273048
Darsek,KED,484,0.00763882,0.00000320,25.9832,75271.0,9853761.0,9853761.0,-0.49,1.82,-23.29,1496365788
GameUnits,UNITS,485,0.0215962,0.00000906,131.546,74850.0,3465909.0,3465909.0,-0.59,-11.32,3.89,1496366084
Triangles,TRI,486,0.989942,0.00041518,10.245,72158.0,72891.0,72891.0,-0.59,-12.44,-5.49,1496366055
Artex Coin,ATX,487,0.00372186,0.00000156,72.3311,69580.0,18695075.0,268695075.0,-0.6,3.8,37.96,1496366076
Blakecoin,BLC,488,0.00577017,0.00000242,23.7834,68727.0,11910789.0,11910789.0,-0.6,3.09,-5.24,1496366047
Valorbit,VAL,489,0.0000238437,0.00000001,12.3987,68484.0,2872222184.0,922340072222184,-0.59,3.18,-0.16,1496366071
SproutsExtreme,SPEX,490,0.0000238437,0.00000001,12.3987,68351.0,2866607586.0,2866607586.0,-0.59,3.18,,1496366069
NoLimitCoin,NLC2,491,0.000333811,0.00000014,31.1572,66915.0,200458517.0,200458517.0,-0.59,-9.72,-35.06,1496366078
AmberCoin,AMBER,492,0.0014952,0.00000063,,65255.0,43643263.0,43643263.0,,2.7,-14.24,1496347159
Guncoin,GUN,493,0.000357584,0.00000015,34.5037,65098.0,182049178.0,182049178.0,-0.59,3.16,52.34,1496366051
HempCoin,HMP,494,0.0000476874,0.00000002,74.7739,64694.0,1356619694.0,2856619694.0,-0.59,3.09,99.67,1496366070
Yacoin,YAC,495,0.000548405,0.00000023,3.92395,63668.0,116096774.0,116096774.0,-0.62,3.09,-6.45,1496366041
CCMiner,CCM100,496,0.0260818,0.00001094,26.786,63023.0,2416354.0,6000000.0,2.77,29.19,-1.76,1496366086
MarteXcoin,MXT,497,0.022603,0.00000948,0.202932,61665.0,2728161.0,2728161.0,1.59,111.4,-21.65,1496366073
Ratecoin,XRA,498,0.000570624,0.00000024,354.877,60524.0,106066378.0,106066378.0,-11.04,-19.98,-22.57,1496366064
ChessCoin,CHESS,499,0.00110724,0.00000046,21.7892,59752.0,53964846.0,53964846.0,-0.8,-0.41,35.56,1496366076
Bitcloud,BTD,500,0.0052933,0.00000222,46.4311,58951.0,11136864.0,11136864.0,-0.59,-35.3,69.19,1496366077
Nyancoin,NYAN,501,0.000187894,0.00000008,13.4623,55972.0,297891209.0,297891209.0,-0.65,-70.94,21.37,1496366047
Francs,FRN,502,0.0323213,0.00001356,199.343,55402.0,1714100.0,1714100.0,-0.59,17.41,45.16,1496366070
PetroDollar,XPD,503,0.000860777,0.00000036,33.7333,55084.0,63993275.0,63993275.0,-0.48,23.12,-40.42,1496366050
MiloCoin,MILO,504,0.00523121,0.00000219,163.016,53814.0,10287125.0,10287125.0,-0.59,30.46,76.4,1496366089
AquariusCoin,ARCO,505,0.0431178,0.00001808,155.869,52662.0,1221340.0,1221340.0,0.66,23.0,35.29,1496366073
KushCoin,KUSH,506,0.00972822,0.00000408,30.245,52468.0,5393350.0,5393350.0,-2.03,-6.04,-16.77,1496366085
Aricoin,ARI,507,0.000362113,0.00000015,4.53391,50791.0,140262505.0,140262505.0,-0.61,25.67,6.13,1496366047
Zayedcoin,ZYD,508,0.00798763,0.00000335,23.7712,49873.0,6243840.0,6243840.0,-0.59,3.18,-15.29,1496366078
Eternity,ENT,509,0.0161358,0.00000677,159.795,49342.0,3057926.0,3057926.0,-0.42,-3.84,-32.09,1496366082
SatoshiMadness,MAD,510,0.0000238437,0.00000001,122.145,47704.0,2000683485.0,2000683485.0,-0.59,3.18,-0.24,1496366065
PonziCoin,PONZI,511,0.0548405,0.00002300,42.008,47223.0,861099.0,861099.0,-0.59,17.36,-0.12,1496366074
AurumCoin,AU,512,0.158751,0.00006658,239.56,47025.0,296216.0,296216.0,-1.1,-15.88,-1.33,1496366058
Joulecoin,XJO,513,0.00145702,0.00000061,31.3305,46988.0,32249248.0,32249248.0,-0.37,17.43,31.75,1496366045
RevolverCoin,XRE,514,0.00214593,0.00000090,137.903,46764.0,21791956.0,21791956.0,-0.59,10.55,-1.06,1496366073
DigiCube,CUBE,515,0.0000192427,0.000000008,0.00359484,46743.0,2429126009.0,2429126009.0,-0.23,,-19.43,1496366067
Tigercoin,TGC,516,0.00107297,0.00000045,156.321,46714.0,43536800.0,43536800.0,-0.6,32.65,49.1,1496366044
Sativacoin,STV,517,0.00657363,0.00000274,,46520.0,7076821.0,7076821.0,,58.71,12.81,1496351959
RedCoin,RED,518,0.000619936,0.00000026,19.1901,45942.0,74107896.0,74107896.0,-0.59,-2.49,-29.71,1496366047
Lex4All,LEX,519,0.0453596,0.00001902,205.071,45362.0,1000043.0,5000000.0,2.52,11.78,3.89,1496366087
Debitcoin,DBTC,520,0.00247974,0.00000104,42.2546,44615.0,17991946.0,25991946.0,-29.67,16.58,-20.82,1496366074
808Coin,808,521,0.000215143,0.00000009,135.517,44237.0,205615217.0,205615217.0,-0.58,18.51,18.39,1496366075
BurstOcean,OCEAN,522,0.202984,0.00008513,16.8213,42997.0,211827.0,1000000.0,2.77,34.59,47.04,1496366087
AmsterdamCoin,AMS,523,0.00447073,0.00000188,171.788,42936.0,9603707.0,16803707.0,-0.59,-6.43,7.51,1496366065
ICOBID,ICOB,524,0.00040834,0.00000017,401.157,42411.0,103862796.0,103862796.0,4.95,-6.39,6.9,1496366085
PX,PX,525,0.000548405,0.00000023,63.3,42091.0,76751790.0,76751790.0,-0.59,18.65,,1496366076
Evotion,EVO,526,0.0170059,0.00000713,170.471,41991.0,2469220.0,2469220.0,-0.82,-14.6,-65.62,1496366067
UniCoin,UNIC,527,0.0139039,0.00000583,165.048,40473.0,2910937.0,2910937.0,-1.02,3.12,16.07,1496366064
UCoin,U,528,0.0147831,0.00000620,10.0118,39764.0,2689812.0,2689812.0,-0.59,,-1.44,1496366060
SpaceCoin,SPACE,529,0.00222355,0.00000093,9.40445,39554.0,17788803.0,17788803.0,-0.6,4.91,8.99,1496366066
CoExistCoin,COXST,530,0.00136289,0.00000057,29.843,36987.0,27138905.0,27138905.0,7.51,-8.45,-0.41,1496366071
OctoCoin,888,531,0.000758237,0.00000032,125.435,36664.0,48354788.0,48354788.0,-0.59,-33.35,32.3,1496366049
BTCDragon,DRAGON,532,0.0907192,0.00003805,99.7911,36664.0,404146.0,1000000.0,2.77,-44.76,-29.4,1496366086
SixEleven,611,533,0.0869499,0.00003650,,35825.0,412020.0,412020.0,,3.08,-61.2,1496356171
Franko,FRK,534,0.0556988,0.00002336,0.414928,35477.0,636950.0,636950.0,-0.6,,-49.31,1496366041
WMCoin,WMC,535,0.00305199,0.00000128,0.472439,35182.0,11527489.0,911527489.0,-0.59,9.14,,1496366073
Universe,UNI,536,0.0118413,0.00000496,84.3293,35032.0,2958464.0,14158464.0,-0.49,7.67,26.54,1496365789
PopularCoin,POP,537,0.0000103464,0.000000004,34.0178,34584.0,3342601935.0,3342601935.0,-0.74,10.93,11.17,1496366050
Bolivarcoin,BOLI,538,0.00531528,0.00000223,294.214,34425.0,6476525.0,6476525.0,0.01,8.67,28.47,1496366066
Cypher,CYP,539,0.00538867,0.00000226,5.38867,34300.0,6365285.0,6365285.0,-0.59,13.75,,1496366061
Universal Currency,UNIT,540,0.00261794,0.00000110,109.174,34155.0,13046431.0,13046431.0,-0.59,69.92,-36.94,1496366062
Photon,PHO,541,0.0000018961,0.0000000008,60.9906,33809.0,17830496911.0,17830496911.0,25.71,26.44,52.76,1496366050
Dobbscoin,BOB,542,0.00647644,0.00000272,1.04667,32773.0,5060382.0,5060382.0,-1.23,-4.85,4.43,1496366056
Uro,URO,543,0.0262042,0.00001099,11.6009,31637.0,1207310.0,1207310.0,-0.59,1.89,-4.95,1496366055
CryptoWorldX Token,CWXT,544,0.000572248,0.00000024,7.3825,31283.0,54667590.0,54667590.0,-0.59,12.56,14.75,1496366086
Evil Coin,EVIL,545,0.00146886,0.00000062,5.15025,30876.0,21020383.0,21020383.0,-0.59,-1.79,-1.87,1496366069
PayCon,CON,546,0.00132308,0.00000055,37.6179,30487.0,23042604.0,23042604.0,-0.58,12.95,-3.1,1496366060
RonPaulCoin,RPC,547,0.0385552,0.00001617,17.803,30410.0,788734.0,788734.0,-0.6,-16.91,-4.08,1496366046
FlavorCoin,FLVR,548,0.00145488,0.00000061,8.54657,30404.0,20898106.0,20898106.0,1.48,9.9,76.26,1496366068
Solarflarecoin,SFC,549,0.00214593,0.00000090,289.335,29431.0,13715000.0,13715000.0,-0.59,8.57,-19.23,1496366085
Dreamcoin,DRM,550,0.0120275,0.00000503,,29311.0,2436996.0,2436996.0,,3.39,,1496330352
NeuCoin,NEU,551,0.0000145826,0.000000006,1.53783,29031.0,1990764588.0,2014638413.0,1.59,59.57,-69.43,1496366066
Hommalicoin,HMC,552,11.7946,0.00496011,,28528.0,2419.0,1000000000.0,,-3.25,,1496299177
Zurcoin,ZUR,553,0.000357655,0.00000015,98.6619,28241.0,78960525.0,78960525.0,6.51,-26.59,15.2,1496366072
BiosCrypto,BIOS,554,0.00131973,0.00000055,0.0079184,27367.0,20737003.0,20737003.0,1.59,16.63,59.13,1496366064
Bitzeny,ZNY,555,0.000357655,0.00000015,6.80482,27044.0,75614500.0,75614500.0,-0.59,-3.35,18.63,1496366064
SoonCoin,SOON,556,0.00214593,0.00000090,51.2239,26744.0,12462620.0,12462620.0,-0.59,2.99,-10.0,1496366060
GoldPieces,GP,557,0.0219121,0.00000919,377.92,26736.0,1220161.0,1220161.0,-4.76,3.61,-14.53,1496366061
X-Coin,XCO,558,0.00214593,0.00000090,10.7296,26577.0,12384976.0,12384976.0,-0.59,16.07,3.28,1496366061
Unrealcoin,URC,559,0.0037673,0.00000158,0.346592,26463.0,7024402.0,7024402.0,-0.59,,19.5,1496366063
BumbaCoin,BUMBA,560,0.00119218,0.00000050,28.4008,26161.0,21943912.0,21943912.0,-0.59,-46.77,-19.87,1496366071
PIECoin,PIE,561,0.000357655,0.00000015,227.15,25773.0,72062152.0,72062152.0,-0.59,17.61,-10.53,1496366087
Theresa May Coin,MAY,562,0.00167115,0.00000070,218.968,25513.0,15266800.0,15266800.0,-0.49,-4.28,,1496365792
HealthyWormCoin,WORM,563,0.00166906,0.00000070,39.8542,24746.0,14826228.0,14826228.0,-0.59,2.45,-53.72,1496366088
Grantcoin,GRT,564,0.000596092,0.00000025,52.9076,24632.0,41323211.0,10041323211.0,-0.59,,0.52,1496366064
Destiny,DES,565,0.01526,0.00000640,0.238675,24416.0,1600000.0,1600000.0,-0.59,3.91,31.68,1496366071
AntiBitcoin,ANTI,566,0.00138293,0.00000058,1.38293,24153.0,17465159.0,17465159.0,-0.59,,,1496366068
CryptoEscudo,CESC,567,0.000166906,0.00000007,26.6123,24052.0,144105100.0,594105100.0,-0.59,3.09,-10.31,1496366051
ARbit,ARB,568,0.00357811,0.00000149,,23139.0,6466915.0,6466915.0,,3.83,15.25,1496362165
PlatinumBAR,XPTX,569,0.1324,0.00005562,,23042.0,174031.0,174031.0,-0.76,3.0,-11.32,1496364572
B3Coin,B3,570,0.0712687,0.00002989,1.87338,21887.0,307103.0,307103.0,-0.59,57.03,34.5,1496366077
ParallelCoin,DUO,571,0.073648,0.00003089,343.508,21173.0,287489.0,287489.0,-1.48,5.74,-32.31,1496366066
Ride My Car,RIDE,572,0.000208196,0.00000009,49.7855,21048.0,101096355.0,101096355.0,-0.59,-1.06,-20.03,1496366087
Litecred,LTCR,573,0.000667955,0.00000028,133.124,20191.0,30227750.0,30227750.0,3.16,-25.98,177.82,1496366069
MindCoin,MND,574,0.00159753,0.00000067,0.238651,20044.0,12546625.0,12546625.0,-0.59,3.18,-0.4,1496366068
VIP Tokens,VIP,575,0.000238437,0.00000010,0.238437,19898.0,83450403.0,83450403.0,-0.59,3.18,6.49,1496366070
Flaxscript,FLAX,576,0.00360018,0.00000151,2.22877,19786.0,5495882.0,5495882.0,-0.59,-14.26,5.21,1496366064
SongCoin,SONG,577,0.000606807,0.00000025,185.508,19761.0,32565300.0,32565300.0,-0.59,11.91,-14.07,1496366061
Prototanium,PR,578,0.0998727,0.00004189,285.944,19421.0,194462.0,194462.0,-0.61,3.48,4.54,1496366067
DAPPSTER,DLISK,579,0.000190749,0.00000008,0.238437,19075.0,100000000.0,100000000.0,-0.59,3.18,-8.24,1496366076
PLNcoin,PLNC,580,0.00109681,0.00000046,1.16374,18744.0,17089600.0,19089600.0,-0.59,5.47,14.67,1496366050
Magnum,MGM,581,0.00516496,0.00000225,,18734.0,3627065.0,253627065.0,,,31.55,1496272491
LeaCoin,LEA,582,0.0000665687,0.00000003,41.457,18386.0,276192889.0,276192889.0,1.56,43.75,-11.77,1496366063
Impact,IMX,583,0.000166906,0.00000007,52.4561,18245.0,109314611.0,109314611.0,-0.59,-14.7,-30.25,1496366089
IslaCoin,ISL,584,0.0119849,0.00000509,,18142.0,1513704.0,1513704.0,,1.81,-16.08,1496344164
Alexium,AUM,585,0.000882216,0.00000037,0.780356,17907.0,20297336.0,20297336.0,-0.59,0.46,8.65,1496366065
SecretCoin,SCRT,586,0.00422033,0.00000177,0.422033,17846.0,4228672.0,4228672.0,-0.59,4.95,29.93,1496366067
Luna Coin,LUNA,587,0.0145355,0.00000610,88.302,17841.0,1227386.0,1227386.0,-0.64,0.51,-20.28,1496366083
GameBet Coin,GBT,588,0.000834529,0.00000035,0.262257,17744.0,21262780.0,22262780.0,-0.59,,6.71,1496366071
BipCoin,BIP,589,0.0125895,0.00000528,42.502,16919.0,1343889.0,1343889.0,-0.59,-15.4,-40.06,1496366081
Halcyon,HAL,590,0.0036004,0.00000151,14.7383,16733.0,4647582.0,4647582.0,-0.1,1.75,-20.95,1496366056
Vector,VEC2,591,0.00104912,0.00000044,112.229,16618.0,15840323.0,15840323.0,-0.59,-45.64,-42.43,1496366065
Steps,STEPS,592,0.000882216,0.00000037,0.441108,16431.0,18625017.0,18625017.0,-0.59,3.18,2.61,1496366066
Sling,SLING,593,0.01495,0.00000627,14.1092,16058.0,1074095.0,1074095.0,-0.59,2.85,13.2,1496366062
Orlycoin,ORLY,594,0.000429186,0.00000018,0.978091,15728.0,36646779.0,36646779.0,-0.59,3.18,2.71,1496366072
Metal Music Coin,MTLMC3,595,0.000189139,0.00000008,23.7379,15078.0,79719140.0,79719140.0,-0.59,35.15,59.22,1496366064
Blackstar,BSTAR,596,0.0000238437,0.00000001,103.655,15041.0,630795971.0,630795971.0,-0.59,3.18,-0.16,1496366083
AnarchistsPrime,ACP,597,0.00338883,0.00000142,285.113,14893.0,4394874.0,4394874.0,-0.59,4.55,7.31,1496366065
Creatio,XCRE,598,0.000725764,0.00000030,83.8356,14893.0,20520514.0,20520514.0,-0.59,-40.79,-44.75,1496366083
BowsCoin,BSC,599,0.00267049,0.00000112,1.79104,14821.0,5550102.0,5550102.0,-0.59,,62.05,1496366064
MustangCoin,MST,600,0.0228567,0.00000959,41.7488,14370.0,628703.0,628703.0,-0.42,-0.55,-40.89,1496366079
Scorecoin,SCORE,601,0.000853385,0.00000036,25.9539,14210.0,16651760.0,16651760.0,-0.59,-18.11,-23.32,1496366089
Firecoin,FIRE,602,0.143253,0.00006008,2.59653,14098.0,98412.0,98412.0,-0.59,3.24,-52.28,1496366054
GuccioneCoin,GCC,603,0.000691467,0.00000029,2.43108,14027.0,20285537.0,23775537.0,-0.59,-6.5,-9.42,1496366065
Sprouts,SPRTS,604,0.0000000802,0.00000000003,34.6425,13967.0,174142887822,174142887822,-52.65,14.32,-74.53,1496366064
FuzzBalls,FUZZ,605,0.00286803,0.00000120,288.795,13852.0,4829945.0,4829945.0,-1.45,-5.26,-6.96,1496366073
BitQuark,BTQ,606,0.00188365,0.00000079,34.2759,13479.0,7155671.0,7155671.0,-0.59,5.86,-44.85,1496366052
BlazeCoin,BLZ,607,0.0000218436,0.000000009,3.3512,13293.0,608557394.0,608557394.0,-0.73,5.01,-1.6,1496366053
OsmiumCoin,OS76,608,0.0147115,0.00000617,9.52805,13152.0,894026.0,894026.0,-0.59,3.18,6.58,1496366066
BitTokens,BXT,609,0.0250359,0.00001050,5.97873,12992.0,518946.0,518946.0,-0.59,-20.79,152.6,1496366077
Speedcash,SCS,610,0.0491796,0.00002060,11.7029,12837.0,261021.0,476108.0,-0.49,3.51,18.67,1496365791
Cannation,CNNC,611,0.00522015,0.00000219,129.148,12809.0,2453744.0,2453744.0,-0.49,-50.84,-56.17,1496365791
JobsCoin,JOBS,612,0.000119218,0.00000005,125.656,12639.0,106019270.0,200019300.0,-0.59,28.97,66.39,1496366080
LetItRide,LIR,613,0.000357655,0.00000015,128.148,12612.0,35263853.0,35263853.0,-0.59,40.47,24.8,1496366075
VapersCoin,VPRC,614,0.0000161074,0.000000007,13.9287,12566.0,780124964.0,1635124964.0,-0.57,186.72,-32.56,1496366076
TajCoin,TAJ,615,0.00212432,0.00000089,16.7412,12249.0,5766101.0,5766101.0,2.6,20.2,44.65,1496366077
Solaris,XLR,616,0.0718474,0.00003013,294.654,12065.0,167931.0,267931.0,-0.57,-5.83,-39.42,1496366089
TAGRcoin,TAGR,617,0.000309968,0.00000013,2.96196,11986.0,38669634.0,38669634.0,-7.69,-16.17,-23.12,1496366064
WARP,WARP,618,0.0105627,0.00000443,2.65962,11569.0,1095224.0,1095224.0,-0.59,6.54,5.55,1496366069
Cabbage,CAB,619,0.00109681,0.00000046,75.9106,11517.0,10499996.0,10499996.0,-0.59,6.73,-6.28,1496366070
Bitcoin 21,XBTC21,620,0.0145198,0.00000655,,11516.0,793108.0,7093108.0,,,-30.99,1496220571
Abncoin,ABN,621,0.16382,0.00006871,312.141,11091.0,67700.0,4734367.0,-0.58,-12.48,-13.94,1496366084
GPU Coin,GPU,622,0.000268854,0.00000011,88.9023,10882.0,40477042.0,51530001.0,-4.68,-9.73,5.24,1496366074
Iconic,ICON,623,0.0182906,0.00000750,,10844.0,592894.0,592894.0,,5.53,-9.76,1496321984
Comet,CMT,624,0.0123318,0.00000517,2.11308,10764.0,872830.0,872830.0,-0.59,1.38,,1496366075
Money,$$$,625,0.000234304,0.00000010,36.5472,10752.0,45887218.0,45887218.0,-3.09,1.77,-15.59,1496366067
EGO,EGO,626,0.000166906,0.00000007,0.512615,10014.0,60000001.0,60000001.0,-0.59,20.37,-0.16,1496366080
Zonecoin,ZNE,627,0.00364808,0.00000153,3.00845,9419.0,2581970.0,2581970.0,-0.59,135.61,19.34,1496366076
G3N,G3N,628,0.00123987,0.00000052,2.08649,9376.0,7561891.0,7561891.0,-0.59,1.15,-3.86,1496366064
Shilling,SH,629,0.00288508,0.00000121,81.0685,9280.0,3216600.0,3216600.0,-1.0,42.06,126.64,1496366078
Xonecoin,XOC,630,0.02196,0.00000921,0.500693,9223.0,420000.0,420000.0,-0.59,25.03,2.17,1496366077
High Voltage,HVCO,631,0.00611441,0.00000256,,9136.0,1494171.0,1694171.0,,3.35,79.19,1496333672
1CRedit,1CR,632,0.10124,0.00004246,2.38437,8931.0,88213.0,88213.0,-0.59,3.22,-22.25,1496366070
Cashcoin,CASH,633,0.000244984,0.00000011,,8778.0,35831128.0,35831128.0,,,,1496155747
iBank,IBANK,634,0.00188531,0.00000079,,8534.0,4526324.0,4526324.0,,3.27,5.25,1496357683
DPAY,DPAY,635,0.0000953747,0.00000004,5.64404,7586.0,79541001.0,79541001.0,-0.59,3.18,,1496366080
Hirocoin,HIRO,636,0.0000238437,0.00000001,2.38437,7426.0,311436408.0,311436408.0,-0.59,3.09,-22.95,1496366050
ImpulseCoin,IMPS,637,0.000357655,0.00000015,38.9242,7241.0,20245510.0,20245510.0,-0.59,3.18,36.14,1496366081
Future Digital Currency,FDC,638,0.00274202,0.00000115,11.9218,7055.0,2572901.0,1002572901.0,-0.59,5.0,-5.11,1496366084
JIO Token,JIO,639,0.00362424,0.00000152,356.175,6916.0,1908128.0,8888888.0,-0.59,9.47,48.16,1496366084
PosEx,PEX,640,0.00278971,0.00000117,6.20825,6844.0,2453240.0,2453240.0,-0.59,2.3,-7.3,1496366070
Crypto,CTO,641,0.000667623,0.00000028,146.69,6621.0,9916851.0,9916851.0,-48.46,-51.85,-65.49,1496366063
Dix Asset,DIX,642,0.0000000652,0.00000000003,29.9717,6516.0,100000000000,100000000000,0.76,4.09,-35.44,1496366084
SydPak,SDP,643,0.0399858,0.00001677,212.412,6339.0,158531.0,158531.0,-0.59,25.55,21.42,1496366066
Coinonat,CXT,644,0.00285903,0.00000120,194.059,6047.0,2115202.0,8115202.0,7.46,3.83,-1.75,1496365788
Argus,ARGUS,645,0.00512903,0.00000215,193.52,5890.0,1148324.0,5194373.0,-0.57,-70.66,-10.81,1496366086
Printerium,PRX,646,0.000643779,0.00000027,13.8621,5842.0,9074428.0,9074428.0,-0.59,-21.7,-24.79,1496366085
Elysium,ELS,647,0.00138248,0.00000058,9.55827,5537.0,4005012.0,4005012.0,-0.59,19.64,-13.87,1496366086
Antilitecoin,ALTC,648,0.000166906,0.00000007,7.71279,5260.0,31512613.0,31512613.0,-0.59,20.37,-12.64,1496366071
BioBar,BIOB,649,0.00593708,0.00000249,53.9861,5259.0,885756.0,985756.0,33.8,1.95,47.98,1496366087
Concoin,CONX,650,0.00758546,0.00000318,131.449,5218.0,687849.0,1538849.0,-0.49,16.83,23.4,1496365789
Qibuck Asset,QBK,651,0.00339182,0.00000142,33.9182,4939.0,1456187.0,2000000.0,1.74,15.84,-36.14,1496365791
GanjaCoin,420G,652,0.0071531,0.00000300,78.6841,4814.0,672975.0,1741116.0,-0.59,-65.86,-78.36,1496366059
Save and Gain,SANDG,653,0.00141989,0.00000064,,4352.0,3064800.0,3064800.0,,,16.58,1496226272
GeertCoin,GEERT,654,0.000810798,0.00000034,113.72,4125.0,5087639.0,5087639.0,-0.58,-7.75,-4.94,1496366087
NodeCoin,NODC,655,0.00221639,0.00000097,,3720.0,1678439.0,5878439.0,,,40.61,1496270080
Revenu,REV,656,0.00272794,0.00000116,,3261.0,1195525.0,1195525.0,,1.76,-70.25,1496336068
Pulse,PULSE,657,0.00021722,0.00000009,52.0099,3106.0,14298972.0,14298972.0,0.73,-39.93,-76.34,1496366069
Selfiecoin,SLFI,658,0.0000238437,0.00000001,0.71531,2571.0,107829281.0,107829281.0,-0.59,3.09,-0.16,1496366062
P7Coin,P7C,659,0.0000715310,0.00000003,0.534074,2519.0,35220238.0,35220238.0,-0.59,,,1496366063
Californium,CF,660,0.0203387,0.00000853,173.13,2260.0,111110.0,111110.0,-0.59,8.65,6.37,1496366062
Enigma,XNG,661,0.130711,0.00005482,179.62,2173.0,16627.0,66627.0,-0.59,71.14,,1496366072
Doubloon,BOAT,662,0.000521976,0.00000022,289.19,1852.0,3547845.0,18547845.0,-0.6,-9.77,-37.68,1496366086
Dollar Online,DOLLAR,663,0.0152123,0.00000638,113.169,1344.0,88379.0,10088379.0,-0.59,-2.34,43.51,1496366083
23 Skidoo,CHAO,664,3600.45,1.51002,148.057,909.0,0.0,0.0,-0.59,3.26,-62.78,1496366064
Impeachcoin,IMPCH,665,0.00293277,0.00000123,22.6583,904.0,308179.0,2501512.0,-0.59,5.76,-57.8,1496366085
Zcashshare,ZHS,666,0.000214593,0.00000009,2.13835,606.0,2826000.0,2826000.0,-0.59,3.18,,1496366081
Digital Credits,DGCS,667,0.0000953747,0.00000004,214.813,556.0,5826388.0,201284316.0,-20.47,-17.59,-43.05,1496366067
SwapToken,TOKEN,668,0.0000121872,0.000000005,69.6665,428.0,35110531.0,35110531.0,-10.92,-41.36,887.66,1496366074
CRTCoin,CRT,669,0.00476874,0.00000200,0.0000000238,378.0,79270.0,10079270.0,-0.59,3.09,-0.16,1496366052
PizzaCoin,PIZZA,670,0.000214593,0.00000009,23.9841,296.0,1377917.0,10127917.0,27.81,32.55,28.36,1496366078
Xenixcoin,XEN,671,0.0154984,0.00000650,78.6841,157.0,10100.0,10010100.0,-0.59,-43.73,-41.9,1496366082
CaliphCoin,CALC,672,0.000846418,0.00000035,52.5972,74.0,87140.0,148587140.0,-0.59,-29.15,-31.35,1496366079
MikeTheMug,MUG,673,0.0000051456,0.000000002,,5.0,999279.0,1000000.0,,,,1496047185
BTCGold,XBG,674,0.135029,0.00005656,156.535,,,99000001.0,12.43,-33.41,-45.19,1496365790
Project-X,NANOX,675,592066.0,248.0,3753.74,,,1.0,-0.49,-17.27,,1496365792
Internet of Things,XOT,676,1196.21,0.501058,1605.73,,,21000000.0,7.38,20.94,42.2,1496365788
AMIS,AMIS,677,281.101,0.117745,0.44797,,,,1.95,46.99,-38.87,1496365789
Bitcoin Unlimited (Futures),BTU,678,120.964,0.0507322,515.394,,,,-9.3,-4.49,-33.21,1496366088
Malcoin,MALC,679,31.1165,0.0130339,42018.6,,,1000000000.0,28.24,3.41,-0.05,1496365790
GoldUnionCoin,GUC,680,19.3376,0.0081,20882.9,,,210000000.0,-0.49,-8.72,-10.12,1496365790
ZenCash,ZEN,681,11.282,0.00472571,3188.88,,,1386638.0,-0.49,,,1496365793
Qtum (Pre-Launch),QTUM,682,8.38315,0.00351147,32020800.0,,,100000000.0,5.86,73.78,75.03,1496365791
Fargocoin,FRGC,683,6.79494,0.00284979,472534.0,,,443743546.0,-0.13,-4.76,-2.61,1496366084
EcoCoin,ECO,684,3.8946,0.00163134,127648.0,,,1093895.0,-5.97,19.22,-17.12,1496365791
Internet of People,IOP,685,3.64382,0.00152821,3048.74,,,2139402.0,-0.84,0.74,41.86,1496366082
DECENT (Pre-Launch),DCT,686,2.82349,0.00118417,3459.7,,,73290000.0,-0.58,29.19,-34.32,1496366084
PRIZM,PZM,687,1.03639,0.00043411,31772.1,,,,-0.49,-1.33,-0.14,1496365792
Bitcore,BTX,688,1.03382,0.00043304,26133.2,,,16359766.0,-0.37,-1.67,-54.55,1496365790
OBITS.WARRANT,WARRANT,689,1.00256,0.00045776,,,,,,,,1496189094
DynamicCoin,DMC,690,0.997935,0.00041853,278006.0,,,10541442931.0,-0.01,-0.06,-0.11,1496366081
Databits,DTB,691,0.803555,0.00033701,139012.0,,,,-0.94,3.34,7.97,1496366089
Bitgem,BTG,692,0.787437,0.00033025,22.1373,,,,-0.59,-2.73,-16.42,1496366042
Aeternity (Pre-Launch),AE,693,0.692335,0.00029,1250.48,,,,-0.49,,,1496365792
TechShares,THS,694,0.59373,0.00024901,54.1314,,,646359158.0,0.07,-2.05,-11.21,1496366078
XDE II,XDE2,695,0.569682,0.00023862,12.1805,,,42249.0,-0.39,1.05,13.42,1496365787
TeslaCoilCoin,TESLA,696,0.548142,0.00022989,152.96,,,100000000.0,-0.59,3.18,43.2,1496366073
GAY Money,GAY,697,0.476762,0.00019995,39.7571,,,5603038016.0,-2.44,-28.17,5.13,1496366079
LEOcoin,LEO,698,0.47511,0.00019926,224022.0,,,92896888.0,1.64,7.16,17.66,1496366065
WA Space,WA,699,0.393564,0.00016506,34273.2,,,,-0.59,6.19,30.12,1496366082
ClubCoin,CLUB,700,0.283948,0.00011909,36657.5,,,90899180.0,-0.57,3.02,-9.2,1496366067
Yogold,YOG,701,0.262467,0.00010994,10.3218,,,100000000.0,-0.49,3.34,-57.37,1496365787
ZenGold,ZENGOLD,702,0.251127,0.00010519,1713.0,,,,-14.71,-10.24,,1496365793
TROPTIONS,TROPTIONS,703,0.248173,0.00010598,,,,1000000001.0,,46.58,47.66,1496287780
InvisibleCoin,IVZ,704,0.238437,0.0001,58.3109,,,,62.63,-30.82,,1496366066
Zilbercoin,ZBC,705,0.238377,0.00009998,754179.0,,,9008833.0,1.32,23.12,-31.71,1496366086
Quartz,QRZ,706,0.190989,0.00008000,2794.11,,,21000000.0,59.21,-63.34,,1496365792
Pabyosi Coin (Special),PCS,707,0.1586,0.00006652,5513.1,,,30993751760.0,-0.59,-20.62,32.31,1496366083
Golos Gold,GBG,708,0.156438,0.00006561,9678.55,,,,-4.78,14.44,-11.68,1496366086
AlpaCoin,APC,709,0.149285,0.00006261,361.048,,,,2.03,12.44,15.61,1496366068
Tattoocoin (Limited Edition),TLE,710,0.128918,0.00005400,0.238736,,,975531.0,-0.49,58.94,43.87,1496365790
EquiTrader,EQT,711,0.12653,0.00005300,85145.5,,,7661080.0,-0.49,7.47,5.8,1496365792
Wowecoin,WEC,712,0.104,0.00004362,12085.9,,,8901692.0,,-0.0,0.89,1496366076
LandCoin,LDCN,713,0.0947776,0.00003975,26763.4,,,19003881978.0,6.21,65.67,153.82,1496366084
InsaneCoin,INSN,714,0.0853904,0.00003577,2239.72,,,18528248.0,-0.01,52.83,20.19,1496365792
DeusCoin,DEUS,715,0.084059,0.00003521,5352.01,,,,-0.49,0.47,-29.12,1496365789
Omicron,OMC,716,0.071531,0.00003000,0.391012,,,10134085.0,-0.59,,65.35,1496366079
Elacoin,ELC,717,0.0420728,0.00001727,,,,,,5.39,38.6,1496326751
WavesGo,WGO,718,0.040907,0.00001713,44.0654,,,10000000.0,0.68,-16.23,-47.22,1496365789
Topaz Coin,TOPAZ,719,0.0394323,0.00001652,96.4184,,,37932.0,-58.66,-68.61,-76.59,1496365790
Fazzcoin,FAZZ,720,0.0392992,0.00001646,122.831,,,1022574799.0,-0.49,0.28,-56.39,1496365789
International Diamond,XID,721,0.0378638,0.00001588,2389.72,,,,-0.59,1.68,,1496366075
CryptoBuck,BUK,722,0.0320817,0.00001346,0.456137,,,,1.59,40.53,45.83,1496366058
DeltaCredits,DCRE,723,0.0290178,0.00001217,2.0321,,,,-0.59,-3.12,,1496366066
President Johnson,GARY,724,0.0281772,0.00001182,115.03,,,57968072167.0,-0.64,2.48,13.01,1496366076
EDRCoin,EDRC,725,0.025503,0.00001070,14287.2,,,3407292.0,9.21,-17.84,-11.11,1496366071
IvugeoCoin,IEC,726,0.0237245,0.00000995,0.787838,,,,,3.61,-5.62,1496366063
RHFCoin,RHFC,727,0.0233488,0.00000978,17337.5,,,200156890.0,-22.02,-24.69,-19.13,1496365789
ShellPay,SHELL,728,0.0210133,0.00000881,11917.4,,,,0.0,-0.61,-17.05,1496366063
Lepaoquan,HLB,729,0.0191324,0.00000802,579933.0,,,935498483.0,-0.55,4.5,-35.39,1496366083
Avoncoin,ACN,730,0.0190511,0.00000799,2495.27,,,,-0.59,0.22,1.5,1496366085
Gycoin,GYC,731,0.0161574,0.00000678,12629.2,,,22213403.0,-0.51,-9.1,-18.97,1496366077
KolschCoin,TP1,732,0.0147961,0.00000620,,,,,,3.27,38.6,1496357661
Digitalfund,DTF,733,0.0145477,0.00000610,14302.2,,,54000053.0,1.54,17.96,-27.59,1496366077
PiCoin,PI,734,0.0143242,0.00000600,31.0357,,,1378369.0,-0.49,205.15,99.62,1496365791
Mind Gene,MG,735,0.013114,0.00000550,10236.1,,,,-0.59,7.66,6.77,1496366079
9COIN,9COIN,736,0.00947782,0.00000397,588.829,,,350050250.0,-0.49,61.63,90.27,1496365791
Sharkcoin,SAK,737,0.00905903,0.00000380,1975.85,,,,-8.61,5.84,6.19,1496366061
First Bitcoin,BIT,738,0.00778067,0.00000326,694.719,,,20706893039.0,-0.59,62.35,60.36,1496366075
Tyrocoin,TYC,739,0.00747244,0.00000313,52.5219,,,50131700.0,-0.49,,,1496365790
Opal,OPAL,740,0.00729611,0.00000306,2751.05,,,,0.72,15.41,14.1,1496366057
Slimcoin,SLM,741,0.00643779,0.00000270,11.9218,,,13925626.0,-0.59,,42.06,1496366060
Psilocybin,PSY,742,0.00634604,0.00000265,,,,,,3.62,8.46,1496352269
Helleniccoin,HNC,743,0.00629473,0.00000264,9097.93,,,,-0.59,-20.57,61.7,1496366064
Goldpay Coin,GP,744,0.0062026,0.00000260,17227.2,,,,-3.14,-1.26,-25.39,1496365791
Xaucoin,XAU,745,0.00574633,0.00000241,0.919412,,,,-0.59,3.52,14.57,1496366063
EggCoin,EGG,746,0.00562322,0.00000237,,,,,,2.59,,1496295864
GBCGoldCoin,GBC,747,0.005,0.00000210,40.3805,,,,0.0,-23.75,-36.47,1496366067
Axiom,AXIOM,748,0.00476874,0.00000200,23.2892,,,,-0.59,3.69,-2.42,1496366065
GoldReserve,XGR,749,0.00429186,0.00000180,1694.01,,,17161374.0,-1.28,3.14,-2.09,1496366055
BagCoin,BGC,750,0.0042732,0.00000179,70138.3,,,497214120.0,1.93,-7.58,-9.53,1496366075
netBit,NBIT,751,0.00419649,0.00000176,0.340488,,,,-0.59,7.45,27.33,1496366081
Bitcoin Scrypt,BTCS,752,0.00402958,0.00000169,5.39629,,,,-0.59,13.1,-1.91,1496366050
Dashs,DASHS,753,0.00398689,0.00000167,88.6793,,,,-0.52,-42.43,11.13,1496365789
AvatarCoin,AV,754,0.00352518,0.00000159,,,,,,,20.0,1496159368
Quotient,XQN,755,0.0026228,0.00000110,59.5644,,,,-0.59,,-23.2,1496366059
ZSEcoin,ZSE,756,0.00258902,0.00000108,119.583,,,6379160.0,-1.08,-22.55,-67.25,1496365788
Clinton,CLINT,757,0.00257512,0.00000108,3.86268,,,,-0.59,3.18,14.71,1496366072
RoyalCoin 2,RYCN,758,0.00245848,0.00000103,,,,2500124.0,,3.28,-8.16,1496333388
Neptune Classic,NTCC,759,0.00243205,0.00000102,1190.62,,,,-0.59,11.52,89.35,1496366086
BitcoinFast,BCF,760,0.00238074,0.00000100,302.612,,,,-0.6,-31.22,-33.16,1496366059
GameLeagueCoin,GML,761,0.00237139,0.00000103,,,,,,,12.83,1496142551
President Trump,PRES,762,0.00230939,0.00000097,16.434,,,57968072167.0,0.64,-16.37,-36.34,1496366076
OCOW,OCOW,763,0.00227517,0.00000099,,,,,,,2.96,1496142268
TrickyCoin,TRICK,764,0.00216977,0.00000091,13.6707,,,,-0.59,-1.25,-23.65,1496366062
VGINA,VGINA,765,0.0021059,0.00000095,,,,11603228.0,,,,1496238289
RichCoin,RICHX,766,0.00210122,0.00000093,,,,5925522.0,,,,1496167172
Mavro,MAVRO,767,0.00168043,0.00000070,,,,15005722.0,,3.88,5.02,1496349588
Condensate,RAIN,768,0.00159816,0.00000067,961.337,,,42978104.0,-2.93,1.53,-23.64,1496365791
Motocoin,MOTO,769,0.00151037,0.00000063,1.32368,,,,-0.59,103.47,191.21,1496366053
Digital Bullion Gold,DBG,770,0.00143062,0.00000060,15.76,,,24523275.0,32.54,51.38,16.18,1496366074
Advanced Internet Blocks,AIB,771,0.00138005,0.00000058,42.3216,,,31411916422.0,-0.59,-17.72,-28.19,1496366064
MMXVI,MMXVI,772,0.00133525,0.00000056,77.5714,,,,3.09,-16.06,-62.31,1496366069
UR,UR,773,0.0013114,0.00000055,190.289,,,,-0.59,3.24,1.76,1496366087
RoyalCoin,ROYAL,774,0.00118993,0.00000050,108.409,,,2500124.0,-0.59,28.73,13.88,1496366080
Alphabet Coin Fund,FUN,775,0.00115181,0.00000048,,,,20742012.0,-0.04,3.84,,1496362472
TodayCoin,TODAY,776,0.00109681,0.00000046,53.7422,,,,-0.59,-23.45,-13.0,1496366076
BestChain,BEST,777,0.00104936,0.00000044,97.2659,,,20042911.0,-2.49,-20.36,24.27,1496366089
True Investment Coin,TIC,778,0.00102528,0.00000043,18.6429,,,,-0.59,3.18,5.65,1496366087
Skeincoin,SKC,779,0.00102528,0.00000043,0.05155,,,,-0.59,,,1496366050
RubleBit,RUBIT,780,0.000977591,0.00000041,18.3637,,,,-0.59,11.32,41.15,1496366067
Bitcedi,BXC,781,0.000971853,0.00000041,32.6587,,,,-0.53,-2.2,,1496366073
The Aladin,ADT,782,0.000892522,0.00000032,,,,,,,,1495722585
SportsCoin,SPORT,783,0.000863571,0.00000036,,,,19800001.0,,3.8,24.68,1496353177
Braincoin,BRAIN,784,0.000834529,0.00000035,8.06105,,,,-0.59,3.18,24.8,1496366073
Dubstep,DUB,785,0.000810685,0.00000034,7.48508,,,,-0.59,,,1496366063
IrishCoin,IRL,786,0.000786841,0.00000033,443.101,,,,1.72,,,1496366064
Donationcoin,DON,787,0.000786841,0.00000033,19105.8,,,,0.94,,,1496366053
WeAreSatoshi,WSX,788,0.000762998,0.00000032,149.644,,,,-0.59,,-8.02,1496366056
FrankyWillCoin,FRWC,789,0.000739154,0.00000031,0.262257,,,,-0.59,3.18,10.53,1496366076
Lazaruscoin,LAZ,790,0.000739154,0.00000031,14.3291,,,,-0.59,10.29,,1496366079
KashhCoin,KASHH,791,0.000718603,0.00000030,11198.6,,,,-1.53,56.42,114.08,1496366087
Opescoin,OPES,792,0.000667623,0.00000028,0.529306,,,,-0.59,3.18,-2.0,1496366068
Quebecoin,QBC,793,0.000619936,0.00000026,19.6769,,,,0.37,3.09,-9.53,1496366052
Vsync,XVS,794,0.000517117,0.00000022,231.44,,,103334172.0,-0.45,2.19,-29.61,1496365788
CBD Crystals,CBD,795,0.000504433,0.00000021,72.0063,,,,-0.59,-73.79,17.34,1496366081
Cubits,QBT,796,0.000500705,0.00000021,15.0223,,,,-0.59,15.14,-14.48,1496366080
BlazerCoin,BLAZR,797,0.000453599,0.00000019,15.297,,,,11.21,78.5,58.16,1496365790
T-coin,TCOIN,798,0.00045303,0.00000019,5874.28,,,,-0.59,12.03,4.87,1496366083
MarxCoin,MARX,799,0.000432526,0.00000018,330.094,,,29128280.0,-0.59,26.2,-13.0,1496366087
BitAlphaCoin,BAC,800,0.000418728,0.00000018,33.9829,,,,-2.3,-36.74,-45.28,1496366068
DarkLisk,DISK,801,0.000381499,0.00000016,3.26658,,,17888425.0,-0.59,,14.1,1496366072
UGAIN,GAIN,802,0.000357655,0.00000015,0.262257,,,,-0.59,3.09,,1496366077
PrismChain,PRM,803,0.000333811,0.00000014,82.2388,,,,-0.59,6.17,-80.85,1496366074
Sakuracoin,SKR,804,0.000333762,0.00000014,106.253,,,,3.09,7.54,13.4,1496366080
GoldMaxCoin,GMX,805,0.000332413,0.00000014,,,,84078950.0,,2.74,-33.22,1496346877
Gambleo,GMB,806,0.000327765,0.00000014,,,,,,1.31,,1496283589
The Vegan Initiative,XVE,807,0.000286483,0.00000012,1031.05,,,,8.56,42.92,71.11,1496365788
Operand,OP,808,0.000286124,0.00000012,10.544,,,36309296.0,-0.59,-17.52,,1496366072
Cycling Coin,CYC,809,0.000286124,0.00000012,0.262257,,,,-0.59,12.47,0.45,1496366064
Happy Creator Coin,HCC,810,0.000262943,0.00000011,174.219,,,,-0.57,33.81,-27.71,1496366074
Grumfork,GMF,811,0.000238736,0.00000010,2.38736,,,,-0.49,3.34,-28.65,1496365791
President Sanders,BURN,812,0.000238437,0.00000010,133.261,,,57968072167.0,-0.59,28.97,-41.27,1496366084
TeraCoin,TERA,813,0.000214593,0.00000009,3628.25,,,,-0.59,-0.98,3.7,1496366086
MobileCash,MBL,814,0.000214593,0.00000009,3.58082,,,1068669648.0,-0.59,32.65,28.36,1496366080
Moneta,MONETA,815,0.000190749,0.00000008,0.500956,,,,-0.59,17.92,-20.13,1496366067
AsicCoin,ASC,816,0.000190727,0.00000008,,,,,,6.76,0.52,1496332743
LAthaan,LTH,817,0.000166906,0.00000007,136.988,,,,-0.59,-19.75,,1496366080
TheCreed,TCR,818,0.0000953747,0.00000004,16.9258,,,,-20.47,3.18,33.11,1496366071
TeamUp,TEAM,819,0.0000953747,0.00000004,3.88344,,,301004896.0,-0.59,,99.67,1496366081
Wowcoin,WOW,820,0.0000953747,0.00000004,146.686,,,,-0.59,3.18,99.67,1496366082
LinkedCoin,LKC,821,0.0000953747,0.00000004,32.3392,,,,-0.59,3.18,-0.16,1496366075
Halloween Coin,HALLO,822,0.0000831643,0.00000003,108.804,,,264606109.0,-1.38,-6.75,-17.64,1496365791
LePen,LEPEN,823,0.0000550820,0.00000002,175.491,,,,-0.66,61.9,67.85,1496366085
PinkDog,PDG,824,0.0000476874,0.00000002,21.6887,,,,-0.59,-48.41,99.67,1496366086
PokeCoin,POKE,825,0.0000476874,0.00000002,132.258,,,,-0.59,,-0.16,1496366075
CyberCoin,CC,826,0.0000476874,0.00000002,1.90749,,,549267534.0,-0.59,3.09,-0.16,1496366062
Global Business Revolution,GBRC,827,0.0000476874,0.00000002,14.4493,,,900096049.0,-0.59,3.18,-0.16,1496366081
PayPeer,PAYP,828,0.0000476874,0.00000002,16.1342,,,,-0.59,-31.22,,1496366071
ChoofCoin,CHOOF,829,0.0000476874,0.00000002,139.522,,,,-0.59,106.35,10.2,1496366081
MoneyCoin,MONEY,830,0.0000476874,0.00000002,44.9269,,,,-0.59,-31.22,-26.99,1496366083
Cashme,CME,831,0.0000476874,0.00000002,0.71531,,,,-0.59,106.19,,1496366068
Tellurion,TELL,832,0.0000476874,0.00000002,0.71531,,,,-0.59,3.18,,1496366078
InflationCoin,IFLT,833,0.0000412561,0.00000002,2025.44,,,3242567043.0,-26.9,-11.08,-31.42,1496366084
UNCoin,UNC,834,0.0000280928,0.00000001,862.991,,,,-41.44,5.7,-21.28,1496366061
VegasCoin,VGC,835,0.0000272107,0.00000001,0.028027,,,,-0.23,-60.78,-77.21,1496366051
SuperTurboStake,STRB,836,0.0000238437,0.00000001,12.3987,,,,-0.59,3.18,-0.16,1496366070
Aces,ACES,837,0.0000238437,0.00000001,248.628,,,,-0.59,2.63,-13.98,1496366076
FireFlyCoin,FFC,838,0.0000238437,0.00000001,55.785,,,,-0.59,-48.45,-50.08,1496366059
Safe Trade Coin,XSTC,839,0.0000238437,0.00000001,0.476874,,,604880000.0,-0.59,3.18,-0.0,1496366084
X2,X2,840,0.0000238437,0.00000001,4.18256,,,,-0.59,,-0.16,1496366068
Rcoin,RCN,841,0.0000238437,0.00000001,178.686,,,,-33.75,3.18,-0.16,1496366080
SoulCoin,SOUL,842,0.0000238437,0.00000001,14.0415,,,,-0.59,3.18,-0.16,1496366073
Yescoin,YES,843,0.0000237712,0.000000010,581.395,,,,-0.59,2.88,-0.45,1496366085
President Clinton,HILL,844,0.0000236509,0.00000001,,,,57968072167.0,,2.34,-50.49,1496341776
Victoriouscoin,VTY,845,0.0000234942,0.000000010,121.419,,,10263290326.0,-0.62,1.66,3.09,1496366080
FedoraShare,FEDS,846,0.0000233351,0.000000010,8522.88,,,499001346114,-4.34,-2.39,32.47,1496366078
Virtacoin,VTA,847,0.0000074626,0.000000003,154.007,,,12423206610.0,-58.41,-56.71,-53.0,1496366055
XP,XP,848,0.0000015981,0.0000000007,184.258,,,133635560466,-17.94,177.3,451.16,1496366078
BatCoin,BAT,849,0.0000007453,0.0000000003,749.088,,,,-0.39,,,1496366048
RabbitCoin,RBBT,850,0.0000005172,0.0000000002,65.642,,,,-0.87,26.52,-10.5,1496366056
BitCentavo,NBE,851,0.0000005066,0.0000000002,2.75656,,,,-2.69,,-55.49,1496366057
Dimecoin,DIME,852,0.0000004060,0.0000000002,448.408,,,527097484176,-1.81,-6.85,-94.71,1496366045
StrongHands,SHND,853,0.0000001252,0.00000000005,186.54,,,,14.65,-39.39,,1496366070
Paccoin,PAC,854,0.0000000735,0.00000000003,507.87,,,,1.96,13.69,37.45,1496366067
Bond,BOND,855,,,,,1349.0,1349.0,,,,
bitRUBLE,BITRUBLE,856,,,,,,,,,,
