Name,Symbol,Rank,Price(BTC),Price(USD),24HVolume,MarketCap,%Change_1h,%Change_24h,%Change_7d,LastUpdated
Bitcoin,BTC,1,2405.8,1.0,1582190000.0,39373864105.0,16366225.0,16366225.0,0.78,2.85,1.19,1496369652
Ethereum,ETH,2,226.833,0.0945685,792272000.0,20898366299.0,92131067.0,92131067.0,-0.9,-1.34,26.36,1496369665
Ripple,XRP,3,0.320291,0.00013353,551130000.0,12370180971.0,38621693933.0,99994661895.0,0.32,16.74,16.43,1496369644
NEM,XEM,4,0.228669,0.00009533,16377100.0,2058021000.0,8999999999.0,8999999999.0,0.65,5.65,4.47,1496369662
Ethereum Classic,ETC,5,17.2887,0.00720779,131264000.0,1594011657.0,92199625.0,92199625.0,-0.08,-1.9,3.06,1496369675
Litecoin,LTC,6,28.8028,0.0120081,393248000.0,1479651893.0,51371807.0,51371807.0,1.49,10.37,-4.1,1496369643
Dash,DASH,7,139.528,0.0581706,37408600.0,1023034751.0,7332111.0,7332111.0,1.13,-2.65,10.26,1496369647
Monero,XMR,8,43.9777,0.0183347,12751700.0,640295845.0,14559557.0,14559557.0,0.85,2.9,5.98,1496369652
Stratis,STRAT,9,6.32662,0.00263762,18660600.0,622589992.0,98407995.0,98407995.0,1.77,19.42,120.02,1496369675
Bytecoin,BCN,10,0.00270254,0.00000113,5858590.0,494477080.0,182967534299,182967534299,1.87,16.93,4.7,1496369653
Stellar Lumens,XLM,11,0.0410355,0.00001711,40266500.0,396600387.0,9664811867.0,102940435314,-0.56,9.03,-10.43,1496369656
Golem,GNT,12,0.46911,0.00019558,12173600.0,386955704.0,824872000.0,1000000000.0,0.44,6.26,10.19,1496369680
Zcash,ZEC,13,252.14,0.105119,23142600.0,361160608.0,1432381.0,1432381.0,1.2,4.76,5.96,1496369680
Waves,WAVES,14,3.51953,0.00146732,3257200.0,351953000.0,100000000.0,100000000.0,-0.56,12.65,43.17,1496369673
Dogecoin,DOGE,15,0.00291253,0.00000121,24022900.0,319270136.0,109619518442,109619518442,1.57,5.77,-5.48,1496369646
Gnosis,GNO,16,250.858,0.104854,2756790.0,277095238.0,1104590.0,10000000.0,0.67,-3.11,9.17,1496369392
Augur,REP,17,24.0009,0.0100062,4478570.0,264009900.0,11000000.0,11000000.0,2.27,6.54,-4.98,1496369669
Steem,STEEM,18,1.04755,0.00043673,2473640.0,245473094.0,234330671.0,251304765.0,2.21,3.77,-10.02,1496369671
Siacoin,SC,19,0.00871963,0.00000364,20942800.0,231048592.0,26497522472.0,26497522472.0,2.22,16.35,-4.11,1496369668
BitShares,BTS,20,0.0830859,0.00003464,17671600.0,216204467.0,2602180000.0,2602180000.0,-1.24,21.93,2.56,1496369655
MaidSafeCoin,MAID,21,0.400946,0.00016716,1642660.0,181449079.0,452552412.0,452552412.0,0.93,-1.47,-2.64,1496369651
DigiByte,DGB,22,0.0222638,0.00000928,30398800.0,180493337.0,8107031908.0,8107031908.0,2.1,24.65,36.92,1496369646
Basic Attention Token,BAT,23,0.17031,0.00007119,3986750.0,170310000.0,1000000000.0,1500000000.0,-0.26,,,1496369394
DigixDAO,DGD,24,84.0793,0.0350533,1203130.0,168158600.0,2000000.0,2000000.0,4.14,6.0,-2.05,1496369671
GameCredits,GAME,25,2.60055,0.00108419,1883600.0,163898748.0,63024648.0,63024648.0,-0.38,1.93,-8.14,1496369657
Lisk,LSK,26,1.36141,0.00056758,2241250.0,146705188.0,107759740.0,107759740.0,1.78,12.08,9.67,1496369670
BitConnect,BCC,27,22.2223,0.00926467,2243780.0,143054023.0,6437409.0,6437409.0,-0.73,5.07,44.14,1496369684
Ardor,ARDR,28,0.133326,0.00005558,2542800.0,133192607.0,998999495.0,998999495.0,3.06,22.97,1.59,1496369675
Decred,DCR,29,24.8963,0.0103795,2945470.0,124981316.0,5020076.0,5440076.0,-0.53,10.96,9.52,1496369668
Factom,FCT,30,13.1299,0.00547395,1312090.0,114928890.0,8753219.0,8753219.0,0.89,3.79,-1.12,1496369666
SingularDTV,SNGLS,31,0.190157,0.00007928,293271.0,114094200.0,600000000.0,1000000000.0,-0.51,6.38,14.44,1496369678
Tether,USDT,32,1.03448,0.00043129,98696400.0,108613872.0,104993690.0,124951468.0,0.28,-0.27,0.62,1496369661
Iconomi,ICN,33,1.2129,0.00050567,867040.0,105522300.0,87000000.0,100000000.0,1.16,0.51,6.02,1496369678
Byteball,GBYTE,34,515.491,0.214912,533495.0,97574131.0,189284.0,1000000.0,0.72,7.18,67.91,1496369682
Round,ROUND,35,0.107303,0.00004474,374535.0,91207550.0,850000000.0,1000000000.0,1.18,5.98,-21.06,1496369681
PIVX,PIVX,36,1.69236,0.00070556,939517.0,90601086.0,53535351.0,53535351.0,-0.09,10.14,30.15,1496369668
FirstBlood,1ST,37,0.854991,0.00035645,4257360.0,73151637.0,85558371.0,93468691.0,4.45,17.95,3.2,1496369678
Aragon,ANT,38,2.07439,0.00086706,607955.0,69710222.0,33605167.0,39609523.0,0.66,-1.9,-3.62,1496369393
AntShares,ANS,39,1.32289,0.00055152,9128350.0,66144500.0,50000000.0,100000000.0,6.93,29.0,19.92,1496369677
Nxt,NXT,40,0.0624295,0.00002603,2903390.0,62367069.0,998999983.0,998999983.0,4.84,8.06,-10.16,1496369644
SysCoin,SYS,41,0.109858,0.00004580,1493400.0,57693072.0,525160410.0,525160410.0,1.94,1.98,-15.77,1496369656
Komodo,KMD,42,0.548104,0.00022851,226078.0,55328638.0,100945510.0,100945510.0,2.05,5.04,11.81,1496369684
iExec RLC,RLC,43,0.609942,0.00025429,622943.0,47618656.0,78070793.0,86999785.0,-3.67,6.56,1.56,1496369690
Wings,WINGS,44,0.439728,0.00018333,1414450.0,39447266.0,89708333.0,100000000.0,0.49,39.49,58.63,1496369683
Peercoin,PPC,45,1.60561,0.00066939,1494310.0,38730341.0,24121886.0,24121886.0,0.21,6.28,-6.2,1496369642
Ubiq,UBQ,46,0.99572,0.00041512,1625620.0,36934932.0,37093693.0,37093693.0,-4.46,10.82,126.38,1496369656
Emercoin,EMC,47,0.913314,0.00038077,770485.0,36676217.0,40157292.0,40157292.0,0.32,7.3,-9.01,1496369657
Lykke,LKK,48,0.259415,0.00010815,539816.0,35715195.0,137675904.0,1285690000.0,0.29,5.67,14.5,1496369681
ReddCoin,RDD,49,0.00117481,0.00000049,1252160.0,33511448.0,28524993475.0,28524993475.0,-0.39,11.37,-27.64,1496369646
Melon,MLN,50,54.8856,0.0228822,474363.0,32898429.0,599400.0,749400.0,1.08,-2.62,-2.61,1496369686
Storjcoin X,SJCX,51,0.635645,0.00026501,544965.0,32527953.0,51173144.0,500000000.0,0.72,3.55,5.08,1496369656
BitcoinDark,BTCD,52,24.5397,0.0102308,62181.6,31628291.0,1288862.0,1288862.0,2.34,5.06,9.82,1496369654
Ark,ARK,53,0.311833,0.00013001,376512.0,29718417.0,95302348.0,126552348.0,0.73,14.65,22.69,1496369688
Counterparty,XCP,54,11.1362,0.00464278,1290320.0,29163009.0,2618758.0,2618758.0,0.38,-6.85,-7.86,1496369648
Omni,OMNI,55,51.8871,0.0216322,11322000.0,29003851.0,558980.0,615296.0,-5.16,-15.41,162.22,1496369645
Xaurum,XAUR,56,0.242371,0.00010105,151364.0,27558635.0,113704341.0,113704341.0,0.88,-7.83,24.71,1496369662
Blocknet,BLOCK,57,6.71596,0.00279994,166589.0,26262871.0,3910516.0,3910516.0,13.1,57.85,106.73,1496369659
Namecoin,NMC,58,1.75394,0.00073123,1066820.0,25846761.0,14736400.0,14736400.0,0.67,7.74,-2.6,1496369642
Gulden,NLG,59,0.0738225,0.00003078,87146.9,25581530.0,346527545.0,448547700.0,2.2,9.2,3.62,1496369651
Nexus,NXS,60,0.504617,0.00021038,110092.0,25153585.0,49846883.0,49846883.0,-3.09,13.5,5.44,1496369660
Synereo,AMP,61,0.279906,0.0001167,590977.0,23024039.0,82256324.0,949291063.0,1.9,4.52,6.02,1496369667
EarthCoin,EAC,62,0.00243079,0.00000101,6102760.0,22719302.0,9346468332.0,9346468332.0,2.26,7.77,-9.08,1496369645
YbCoin,YBC,63,7.26407,0.00302845,2166340.0,21939394.0,3020262.0,3020262.0,1.08,10.2,-6.2,1496369645
WeTrust,TRST,64,0.230039,0.00009615,401437.0,21197519.0,92147500.0,100000000.0,-1.24,-6.27,-12.1,1496369391
Burst,BURST,65,0.0118505,0.00000494,5164490.0,21092957.0,1779921282.0,1779921282.0,5.18,32.52,11.65,1496369656
TokenCard,TKN,66,0.872721,0.00036478,316457.0,20634664.0,23644056.0,39406760.0,0.48,4.11,-12.9,1496369393
Matchpool,GUP,67,0.270828,0.00011291,229659.0,20312100.0,75000000.0,98855150.0,2.55,13.0,0.53,1496369689
E-Dinar Coin,EDR,68,0.0299566,0.00001249,348846.0,19782654.0,660377156.0,785377156.0,0.06,14.65,12.86,1496369676
Edgeless,EDG,69,0.248262,0.0001035,360708.0,19720056.0,79432438.0,132046997.0,3.78,1.16,-4.14,1496369688
BlackCoin,BLK,70,0.252737,0.00010537,1123650.0,19250475.0,76168013.0,76168013.0,0.1,13.05,13.97,1496369648
PotCoin,POT,71,0.0839663,0.00003501,801009.0,18215523.0,216938493.0,216938493.0,-0.08,12.18,-15.47,1496369647
NAV Coin,NAV,72,0.296728,0.00012371,620008.0,18197963.0,61328769.0,61328769.0,1.34,4.67,-5.96,1496369653
Nexium,NXC,73,0.270704,0.00011286,5398100.0,18007659.0,66521586.0,66521586.0,-1.4,-20.39,37.8,1496369682
BitBay,BAY,74,0.0178335,0.00000743,62984.0,17967654.0,1007522580.0,1007522580.0,-0.42,4.91,-5.18,1496369659
Expanse,EXP,75,2.39532,0.00099863,707842.0,17338212.0,7238370.0,16238370.0,0.74,-2.56,4.72,1496369665
BCAP,BCAP,76,1.71591,0.00071722,132069.0,17159100.0,10000000.0,10000000.0,0.42,9.41,-7.81,1496369392
ZCoin,XZC,77,7.52327,0.00313651,1392040.0,16784264.0,2230980.0,2230980.0,-0.28,-4.54,19.7,1496369678
Infinitecoin,IFC,78,0.000185235,0.00000008,4160940.0,16781601.0,90596274910.0,90596274910.0,-0.22,7.26,-9.27,1496369643
Unity Ingot,UNY,79,0.081878,0.00003422,161715.0,16539356.0,202000000.0,10000000000.0,0.06,3.49,65.29,1496369392
Swarm City,SWT,80,2.39842,0.00099992,47781.9,15923963.0,6639355.0,6639355.0,0.78,16.06,-9.21,1496369687
Pepe Cash,PEPECASH,81,0.0226791,0.00000946,21036.4,15918098.0,701884009.0,701884009.0,0.67,-3.99,-5.46,1496369679
OBITS,OBITS,82,1.04899,0.00043733,233543.0,15472982.0,14750362.0,16801100.0,0.06,41.0,23.37,1496369667
Agoras Tokens,AGRS,83,0.364876,0.00015212,17754.1,15324792.0,42000000.0,42000000.0,-0.65,-7.07,2.67,1496369665
XtraBYtes,XBY,84,0.0231795,0.00000969,479688.0,15066675.0,650000000.0,650000000.0,0.39,37.73,263.81,1496369392
Humaniq,HMQ,85,0.12066,0.00005043,517628.0,14908950.0,123561662.0,184190414.0,-0.11,5.13,-36.37,1496369392
Verge,XVG,86,0.00110473,0.00000046,1127480.0,14813846.0,13409472280.0,13409472280.0,-3.9,30.65,-11.22,1496369658
LBRY Credits,LBC,87,0.211644,0.00008824,547012.0,14502804.0,68524524.0,466424524.0,1.42,2.19,-3.02,1496369673
TaaS,TAAS,88,1.74701,0.00072834,145978.0,14231145.0,8146001.0,8146001.0,1.05,7.86,19.27,1496369688
GridCoin,GRC,89,0.0363693,0.00001516,178745.0,14195402.0,390312753.0,390312753.0,0.45,1.83,8.76,1496369660
Waves Community Token,WCT,90,2.83107,0.00118029,12117.5,14155350.0,5000000.0,10000000.0,0.15,26.01,42.97,1496369684
Bankcoin,B@,91,3.30965,0.00137982,5753.79,14115922.0,4265080.0,25000000.0,-1.23,2.19,-13.06,1496369689
Chronobank,TIME,92,19.6494,0.00819199,479702.0,13953291.0,710113.0,710113.0,0.37,9.8,18.0,1496369686
MonaCoin,MONA,93,0.270839,0.00011291,28879.3,13683260.0,50521750.0,50521750.0,0.47,1.86,-7.99,1496369649
I/O Coin,IOC,94,0.832577,0.00034711,19849.9,13601120.0,16336171.0,16336171.0,0.72,4.24,5.39,1496369655
Etheroll,DICE,95,1.8572,0.00077628,6176.65,13003414.0,7001623.0,7001623.0,-0.26,4.09,-16.45,1496369393
Radium,RADS,96,3.99684,0.00166632,895136.0,12974560.0,3246205.0,3246205.0,-1.67,-8.2,6.81,1496369668
E-coin,ECN,97,4.53883,0.00189228,103939.0,12625891.0,2781750.0,211070642.0,0.57,6.57,2.37,1496369689
Vertcoin,VTC,98,0.358316,0.00014939,676290.0,11982367.0,33440781.0,33440781.0,-0.77,4.48,-3.43,1496369646
Bitland,CADASTRAL,99,0.384093,0.00016013,13033.6,11522790.0,30000000.0,30000000.0,-7.78,-3.47,137.69,1496369674
Shift,SHIFT,100,1.05032,0.00043789,353364.0,11374218.0,10829288.0,10829288.0,-2.61,13.44,93.21,1496369665
Golos,GOLOS,101,0.0921242,0.00003841,29066.9,11336657.0,123058403.0,123058403.0,0.89,19.07,49.8,1496369682
Pluton,PLU,102,13.2753,0.00553458,161667.0,11283998.0,850000.0,20000000.0,0.69,10.03,66.78,1496369678
DigitalNote,XDN,103,0.00161624,0.00000067,1680970.0,11122159.0,6881502119.0,6881502119.0,2.63,-4.45,-11.17,1496369654
MergeCoin,MGC,104,0.10844,0.00004533,1705320.0,10717600.0,98834380.0,103834380.0,0.73,5.0,-27.59,1496369391
Clams,CLAM,105,4.6527,0.00193975,1583450.0,10707761.0,2301408.0,16206921.0,2.17,11.45,-13.91,1496369654
LuckChain,BASH,106,0.0136216,0.00000568,578373.0,9863386.0,724098940.0,724098940.0,0.54,47.19,31.72,1496369680
Mooncoin,MOON,107,0.0000441083,0.00000002,23485.7,9789583.0,221944247707,221944247707,-3.54,5.32,-22.05,1496369646
FlorinCoin,FLO,108,0.0719117,0.00002998,335320.0,9636065.0,133998566.0,133998566.0,3.28,2.48,-6.24,1496369645
SaluS,SLS,109,9.4738,0.00394971,120004.0,9506423.0,1003444.0,1003444.0,2.73,94.36,51.36,1496369668
Bitcrystals,BCY,110,0.401035,0.0001672,180722.0,9340675.0,23291422.0,23291422.0,0.91,1.29,-7.64,1496369669
Viacoin,VIA,111,0.402094,0.00016764,465908.0,9105567.0,22645369.0,22645369.0,2.83,7.78,-2.3,1496369654
Skycoin,SKY,112,1.66716,0.00069505,75877.0,9079022.0,5445801.0,100000000.0,0.67,-6.07,-12.34,1496369689
FedoraCoin,TIPS,113,0.0000203882,0.000000009,78187.2,9035402.0,443168182458,443168182458,0.09,-1.68,-15.99,1496369645
HEAT,HEAT,114,0.34268,0.00014287,10302.5,9028675.0,26347248.0,26347248.0,0.77,-8.05,-14.87,1496369675
vSlice,VSL,115,0.269459,0.00011234,185740.0,8997370.0,33390496.0,33390496.0,0.89,-8.14,-13.01,1496369682
Energycoin,ENRG,116,0.0723181,0.00003015,4090.6,8746193.0,120940578.0,120940578.0,0.7,-3.23,24.05,1496369652
Rubycoin,RBY,117,0.356743,0.00014873,30892.3,8701646.0,24391918.0,24391918.0,0.7,1.94,10.78,1496369650
VeriCoin,VRC,118,0.285325,0.00011895,128931.0,8620016.0,30211218.0,30211218.0,2.49,10.42,-24.8,1496369652
DNotes,NOTE,119,0.06699,0.00002793,221925.0,8296768.0,123850851.0,123850851.0,0.85,2.63,4.4,1496369649
Scotcoin,SCOT,120,0.00827562,0.00000345,6770.7,8275620.0,1000000000.0,1000000000.0,-0.76,38.32,754.8,1496369653
NeosCoin,NEOS,121,2.41885,0.00100844,3536340.0,8094367.0,3346370.0,3346370.0,1.05,13.89,17.11,1496369657
Crown,CRW,122,0.579918,0.00024177,26321.8,8033819.0,13853370.0,13853370.0,-0.78,0.89,-4.21,1496369659
Primecoin,XPM,123,0.407066,0.00016971,550671.0,7864913.0,19320977.0,19320977.0,0.41,4.97,-13.17,1496369644
VPNCoin,VASH,124,0.0194076,0.00000809,1694930.0,7769634.0,400339746.0,400339746.0,1.96,12.68,-12.23,1496369659
Pascal Coin,PASC,125,0.772983,0.00032226,183763.0,7715453.0,9981400.0,9981400.0,0.78,4.04,-5.49,1496369682
SolarCoin,SLR,126,0.217427,0.00009065,83519.5,7645479.0,35163430.0,98034180161.0,-0.73,-7.51,17.75,1496369651
BelaCoin,BELA,127,0.204105,0.00008509,248162.0,7136113.0,34962950.0,34962950.0,-0.37,4.66,-3.86,1496369649
Creditbit,CRB,128,0.598012,0.00024932,235087.0,7100999.0,11874342.0,11874342.0,-4.11,-14.4,-12.67,1496369668
Bitcoin Plus,XBC,129,70.8286,0.029529,116048.0,6864109.0,96912.0,96912.0,0.63,5.71,-5.55,1496369651
Aeon,AEON,130,0.478623,0.00019954,3623.89,6810088.0,14228501.0,14228501.0,0.99,4.92,3.47,1496369665
Global Currency Reserve,GCR,131,0.0661378,0.00002757,22353.6,6791639.0,102689222.0,102689222.0,0.7,4.2,4.46,1496369665
Asch,XAS,132,0.0893433,0.00003725,170711.0,6700748.0,75000000.0,100000000.0,0.83,11.26,-12.78,1496369688
Incent,INCNT,133,0.290399,0.00012107,161923.0,6681591.0,23008312.0,46016625.0,0.16,8.16,27.76,1496369681
Einsteinium,EMC2,134,0.0316154,0.00001318,131946.0,6664845.0,210810073.0,210810073.0,1.5,3.21,-7.92,1496369649
Novacoin,NVC,135,3.74126,0.00155976,107955.0,6493063.0,1735528.0,1735528.0,0.68,1.54,-13.45,1496369642
Lunyr,LUN,136,2.77746,0.00116093,150604.0,6382195.0,2297853.0,2703356.0,0.67,10.23,-5.96,1496369392
Feathercoin,FTC,137,0.0385655,0.00001608,151095.0,6316173.0,163777800.0,163777800.0,-0.16,11.81,11.82,1496369642
ZClassic,ZCL,138,4.19328,0.00174821,858073.0,6179479.0,1473663.0,1473663.0,1.06,-16.09,29.4,1496369680
SIBCoin,SIB,139,0.394755,0.00016458,16193.3,5781649.0,14646172.0,14646172.0,0.2,4.95,36.92,1496369666
WorldCoin,WDC,140,0.0482822,0.00002013,153748.0,5532904.0,114595101.0,114595101.0,1.48,8.04,-16.95,1496369643
Safe Exchange Coin,SAFEX,141,0.00256626,0.00000107,20330.8,5511001.0,2147483647.0,2147483647.0,-4.59,-4.39,-9.71,1496369668
FirstCoin,FRST,142,1.75413,0.00073131,60167.8,5453198.0,3108777.0,110000000.0,0.38,-5.2,10.17,1496369685
OKCash,OK,143,0.0718871,0.00002997,422936.0,5145344.0,71575342.0,71575342.0,-3.26,6.8,150.62,1496369660
MonetaryUnit,MUE,144,0.0422924,0.00001763,34075.9,5138203.0,121492360.0,121492360.0,-1.14,-0.94,-11.02,1496369659
Gambit,GAM,145,4.32594,0.00180352,11311.9,5121699.0,1183951.0,1183951.0,0.12,1.15,9.65,1496369662
Auroracoin,AUR,146,0.585475,0.00024409,16720.4,5069124.0,8658139.0,8658139.0,0.62,3.63,-1.44,1496369647
Blitzcash,BLITZ,147,1.24197,0.00051779,176932.0,5046660.0,4063432.0,4063432.0,0.35,35.69,309.55,1496369659
ION,ION,148,0.366972,0.00015299,21279.7,5044068.0,13745103.0,19645103.0,0.69,-3.01,-22.92,1496369673
FoldingCoin,FLDC,149,0.0101901,0.00000425,397181.0,4990520.0,489741985.0,1000000000.0,1.57,3.5,-6.94,1496369658
PinkCoin,PINK,150,0.0152312,0.00000635,346425.0,4888256.0,320937000.0,370937000.0,-0.11,6.38,-11.97,1496369651
RouletteToken,RLT,151,0.454845,0.00019012,26980.4,4590391.0,10092210.0,10092933.0,0.37,5.04,4.45,1496369393
Vcash,XVC,152,0.300791,0.0001254,167116.0,4587411.0,15251158.0,15251158.0,0.7,3.81,5.0,1496369661
Darcrus,DAR,153,0.334606,0.0001395,22051.9,4558593.0,13623762.0,13623762.0,0.7,14.04,7.06,1496369684
Janus,JNS,154,0.2131,0.00008884,6304.15,4460837.0,20933069.0,25201489.0,-7.72,-8.83,-3.99,1496369685
FairCoin,FAIR,155,0.0814328,0.00003395,3540.13,4324479.0,53104877.0,53104877.0,0.7,14.95,16.74,1496369650
Sphere,SPHR,156,1.38258,0.00057641,15134.6,4262412.0,3082940.0,3082940.0,5.53,18.84,62.11,1496369663
CloakCoin,CLOAK,157,0.837022,0.00034896,22704.0,4187901.0,5003334.0,5003334.0,0.57,-3.15,15.46,1496369653
NautilusCoin,NAUT,158,0.25217,0.00010513,484531.0,4080111.0,16180000.0,16180000.0,1.24,6.38,22.45,1496369652
bitCNY,BITCNY,159,0.137943,0.00005751,486434.0,4019618.0,29139700.0,29139700.0,2.98,1.77,-1.95,1496369657
SpreadCoin,SPR,160,0.477924,0.00019925,38488.7,3886351.0,8131735.0,8131735.0,6.17,25.75,28.37,1496369658
Bitmark,BTM,161,0.990602,0.00041299,207317.0,3864517.0,3901180.0,3901180.0,-1.31,6.07,18.63,1496369656
Unobtanium,UNO,162,19.503,0.00813094,71020.0,3856222.0,197725.0,197725.0,0.86,9.15,-8.88,1496369646
LoMoCoin,LMC,163,0.0184186,0.00000768,124008.0,3839515.0,208458588.0,293458588.0,1.82,5.85,-0.29,1496369677
DubaiCoin,DBIX,164,4.41397,0.00184022,19272.4,3836414.0,869153.0,869153.0,0.49,3.24,48.23,1496369689
APX,APX,165,4.25844,0.00177995,67042.8,3832596.0,900000.0,1000000.0,0.61,2.76,29.36,1496369393
ArtByte,ABY,166,0.00484583,0.00000202,82586.4,3744354.0,772696050.0,772696050.0,14.99,46.9,-0.53,1496369653
ICO OpenLedger,ICOO,167,7.8445,0.00327044,4774.43,3700995.0,471795.0,471795.0,2.7,21.83,-3.46,1496369673
Quark,QRK,168,0.0143482,0.00000598,39093.6,3588500.0,250101047.0,250101047.0,15.01,21.37,-22.51,1496369643
Riecoin,RIC,169,0.0995056,0.00004148,671147.0,3401487.0,34183875.0,34183875.0,1.69,6.05,5.46,1496369649
Minereum,MNE,170,8.22793,0.00343912,273927.0,3257929.0,395960.0,395960.0,36.29,175.45,205.67,1496369393
MUSE,MUSE,171,0.00232304,0.00000097,5654.96,3193809.0,1374840478.0,1524840478.0,-43.11,24.66,-31.92,1496369662
Circuits of Value,COVAL,172,0.00791541,0.00000330,79828.9,3166164.0,400000000.0,1200000000.0,5.58,14.77,0.11,1496369660
Zennies,ZENI,173,0.00309421,0.00000129,6617.57,3096313.0,1000679767.0,1000679767.0,1.49,2.03,1.72,1496369689
PoSW Coin,POSW,174,0.075186,0.00003135,98728.1,3082626.0,41000000.0,70000000.0,1.82,66.66,20.11,1496369683
Diamond,DMD,175,1.44533,0.00060257,18858.5,3069487.0,2123728.0,2123728.0,0.7,0.75,1.78,1496369647
Musicoin,MUSIC,176,0.0172198,0.00000718,61740.9,2945635.0,171060920.0,171060920.0,3.82,10.05,10.33,1496369687
Wild Beast Block,WBB,177,1.26527,0.0005275,35481.7,2941337.0,2324671.0,2324671.0,0.7,2.52,-19.09,1496369661
BitSend,BSD,178,0.192292,0.00008017,17470.7,2932318.0,15249300.0,15249300.0,-0.61,1.72,26.67,1496369653
Zetacoin,ZET,179,0.0170001,0.00000709,310128.0,2824654.0,166155135.0,166155135.0,-0.64,7.43,-4.11,1496369645
Curecoin,CURE,180,0.115563,0.00004818,17580.2,2739761.0,23707945.0,23707945.0,2.33,2.89,-11.2,1496369653
Megacoin,MEC,181,0.0830199,0.00003461,274473.0,2730230.0,32886450.0,32886450.0,1.78,5.56,-27.83,1496369643
Rise,RISE,182,0.0246987,0.00001030,99063.4,2652325.0,107387215.0,107387215.0,4.76,28.45,13.76,1496369674
BitBean,BITB,183,0.001336,0.00000056,95807.3,2615896.0,1958006000.0,1958006000.0,5.51,3.05,-23.1,1496369660
RaiBlocks,XRB,184,0.0331081,0.00001380,24563.4,2474250.0,74732457.0,340282367.0,-0.05,4.22,5.99,1496369686
Atmos,ATMS,185,0.0243459,0.00001015,177627.0,2436360.0,100072687.0,110072687.0,2.73,3.35,8.01,1496369689
Zeitcoin,ZEIT,186,0.0000668472,0.00000003,4522.59,2428203.0,36324682698.0,36324682698.0,0.22,7.2,46.38,1496369650
Spectrecoin,XSPEC,187,0.117287,0.00004890,239049.0,2392034.0,20394710.0,20394710.0,1.71,-0.43,10.26,1496369683
Veros,VRS,188,0.0276323,0.00001152,24366.5,2362201.0,85486938.0,10000000000.0,-3.15,-21.09,-2.87,1496369681
Myriad,XMY,189,0.00157402,0.00000066,42332.2,2338970.0,1485985000.0,1485985000.0,1.98,11.28,-21.93,1496369649
Mintcoin,MINT,190,0.0000949845,0.00000004,3599.59,2312521.0,24346300978.0,24346300978.0,0.59,34.47,-12.93,1496369649
Cryptonite,XCN,191,0.00689893,0.00000288,245531.0,2260452.0,327652576.0,327652576.0,3.21,20.82,-22.17,1496369656
Steem Dollars,SBD,192,1.6012,0.00066755,730332.0,2259834.0,1411338.0,1411338.0,1.51,11.46,-7.06,1496369674
ZcCoin,ZCC,193,0.0364386,0.00001519,417950.0,2246696.0,61657044.0,61657044.0,3.88,6.36,-25.37,1496369655
Digitalcoin,DGC,194,0.0644047,0.00002685,109799.0,2214864.0,34389793.0,34389793.0,0.76,5.27,-12.57,1496369642
bitUSD,BITUSD,195,0.984396,0.0004104,207119.0,2155985.0,2190160.0,2190160.0,0.3,0.55,0.84,1496369659
BlockPay,BLOCKPAY,196,0.396729,0.0001654,869.154,2153564.0,5428300.0,98928316.0,1.9,15.47,20.01,1496369677
BoostCoin,BOST,197,0.180742,0.00007535,114139.0,2142784.0,11855487.0,11855487.0,0.41,4.56,-7.42,1496369652
Espers,ESP,198,0.000105644,0.00000004,10009.5,2126258.0,20126636465.0,20126636465.0,17.07,6.26,-18.63,1496369671
HunterCoin,HUC,199,0.117403,0.00004895,69261.9,2070664.0,17637230.0,17637230.0,0.46,-3.25,-6.47,1496369647
Adzcoin,ADZ,200,0.0371531,0.00001549,6521.23,2037601.0,54843360.0,54843360.0,-0.17,11.24,-5.82,1496369667
iCash,ICASH,201,0.00918235,0.00000383,7703.21,2028416.0,220903745.0,220903745.0,5.22,43.86,3.58,1496369661
GoldCoin,GLD,202,0.0492448,0.00002053,6241.55,1982286.0,40253716.0,40253716.0,0.36,16.0,3.34,1496369643
Breakout Stake,BRX,203,0.311867,0.00013002,7781.91,1954808.0,6268082.0,6268082.0,3.91,18.58,38.43,1496369674
Groestlcoin,GRS,204,0.0288075,0.00001201,1545.98,1947835.0,67615549.0,67615549.0,0.7,2.93,1.81,1496369650
MaxCoin,MAX,205,0.0348833,0.00001454,76331.8,1899140.0,54442678.0,54442678.0,0.59,3.44,0.87,1496369648
FUNCoin,FUNC,206,0.354399,0.00014813,69546.6,1898636.0,5357341.0,100000000.0,0.09,2.21,18.84,1496369392
Bata,BTA,207,0.382293,0.00015938,19920.5,1892769.0,4951094.0,4951094.0,0.03,-5.86,25.76,1496369662
Tickets,TIX,208,0.0000282193,0.00000001,43422.4,1887202.0,66876281414.0,66876281414.0,-2.09,-3.54,-22.15,1496369644
Ethereum Movie Venture,EMV,209,0.275336,0.00011479,595.734,1835573.0,6666666.0,6666666.0,-0.49,144.42,-23.12,1496369689
TransferCoin,TX,210,0.3055,0.00012736,17777.2,1824862.0,5973363.0,5973363.0,3.0,13.92,-17.11,1496369664
DeepWebCash,DWC,211,1.26313,0.00052661,13123.0,1681905.0,1331538.0,1331538.0,0.16,10.86,-35.57,1496369682
vTorrent,VTR,212,0.151424,0.00006313,9192.73,1637797.0,10815966.0,10815966.0,2.69,3.46,19.29,1496369661
CryptoCarbon,CCRB,213,0.436378,0.00018193,5404.22,1554427.0,3562111.0,10000150.0,0.72,-21.52,32.65,1496369683
Startcoin,START,214,0.0332668,0.00001387,45971.7,1499660.0,45079785.0,70782220.0,2.09,5.0,-19.74,1496369654
Sequence,SEQ,215,0.0307742,0.00001283,2690.6,1375590.0,44699460.0,44699460.0,-3.37,8.0,22.15,1496369678
Ixcoin,IXC,216,0.064436,0.00002686,10090.6,1353097.0,20999088.0,20999088.0,31.0,-76.43,40.51,1496369647
2GIVE,2GIVE,217,0.00258851,0.00000108,17560.5,1327897.0,512996531.0,512996531.0,-0.06,4.3,-22.97,1496369673
EuropeCoin,ERC,218,0.134706,0.00005616,2448.35,1327020.0,9851234.0,9851234.0,0.7,16.21,27.35,1496369663
Boolberry,XBB,219,0.136026,0.00005671,4502.89,1296665.0,9532480.0,9532480.0,1.66,-0.29,-10.66,1496369654
Visio,VISIO,220,0.0253698,0.00001058,1650.9,1283612.0,50596076.0,62596076.0,0.87,-2.9,5.95,1496369687
Breakout,BRK,221,0.0713826,0.00002976,1848.66,1278727.0,17913707.0,17913707.0,1.18,0.43,-7.71,1496369674
EB3 Coin,EB3,222,0.275864,0.00011501,23481.8,1266234.0,4590065.0,786000000.0,0.7,-1.68,2.28,1496369689
ChainCoin,CHC,223,0.0857023,0.00003573,17972.4,1258007.0,14678803.0,14678803.0,-0.09,-0.87,-9.68,1496369665
Yocoin,YOC,224,0.0116394,0.00000485,62785.0,1229340.0,105618830.0,200000000.0,9.34,43.51,40.44,1496369668
Stealthcoin,XST,225,0.0455496,0.00001899,2549.22,1192186.0,26173367.0,26173367.0,0.7,6.27,0.14,1496369655
Bitswift,SWIFT,226,0.291407,0.00012149,6751.91,1183367.0,4060875.0,4060875.0,0.7,-2.9,57.14,1496369658
Renos,RNS,227,0.0347067,0.00001447,452888.0,1157542.0,33352110.0,33352110.0,8.94,49.38,114.55,1496369686
Inpay,INPAY,228,0.114558,0.00004776,87260.9,1145580.0,10000000.0,10000000.0,0.9,-2.48,-13.61,1496369690
TagCoin,TAG,229,0.198377,0.00008271,111262.0,1089410.0,5491617.0,5491617.0,0.0,5.32,-15.78,1496369645
Dynamic,DYN,230,0.653933,0.00027263,1572.09,1056649.0,1615836.0,4369740.0,0.7,-3.79,-3.33,1496369687
LiteDoge,LDOGE,231,0.0000706699,0.00000003,4282.12,1044085.0,14774108659.0,14774108659.0,5.92,-9.65,2.43,1496369661
WhiteCoin,XWC,232,0.00412561,0.00000172,24595.9,1023375.0,248054261.0,248054261.0,1.89,2.49,57.68,1496369650
SecureCoin,SRC,233,0.1299,0.00005416,110931.0,1011383.0,7785856.0,7785856.0,2.43,4.72,-30.6,1496369644
Triggers,TRIG,234,0.0311579,0.00001299,29496.4,1000343.0,32105593.0,100000000.0,0.82,-1.26,-11.91,1496369680
Syndicate,SYNX,235,0.088364,0.00003684,11921.2,995762.0,11268860.0,11268860.0,-5.29,-55.28,66.83,1496369674
AudioCoin,ADC,236,0.00125433,0.00000052,5069.78,994933.0,793198644.0,793198644.0,2.59,6.36,-14.8,1496369664
Qwark,QWARK,237,0.0561275,0.00002340,17572.1,977540.0,17416409.0,250377576.0,0.14,6.69,29.75,1496369671
Voxels,VOX,238,0.0309463,0.00001290,106598.0,974808.0,31500000.0,210000000.0,1.32,5.73,-20.83,1496369670
Mercury,MER,239,0.00963546,0.00000402,1123.81,963546.0,100000000.0,100000000.0,0.61,-15.47,-18.69,1496369688
CannabisCoin,CANN,240,0.0124231,0.00000518,55788.9,959451.0,77231176.0,91859176.0,0.7,2.62,30.44,1496369655
BlueCoin,BLU,241,0.00165614,0.00000069,2912.16,951757.0,574683675.0,574683675.0,0.55,17.41,224.19,1496369650
PepeCoin,PEPE,242,0.0688996,0.00002872,16179.0,948256.0,13762867.0,13762867.0,9.63,-6.88,48.05,1496369669
HiCoin,XHI,243,0.00496442,0.00000207,68291.1,941899.0,189729990.0,10189729990.0,0.12,5.88,-4.51,1496369672
Anoncoin,ANC,244,0.446113,0.00018599,3072.68,941440.0,2110317.0,2110317.0,-1.11,11.19,-30.9,1496369644
GlobalCoin,GLC,245,0.0143917,0.00000600,1243.64,937922.0,65171010.0,65171010.0,0.7,2.19,-40.95,1496369644
Creativecoin,CREA,246,0.0882516,0.00003689,2347.54,931661.0,10556872.0,12268600.0,1.08,-15.42,-38.38,1496369394
Centurion,CNT,247,0.0351879,0.00001467,39140.0,909601.0,25849829.0,63388628.0,9.79,6.41,9.04,1496369685
VeriumReserve,VRM,248,0.808781,0.00033719,14118.3,899720.0,1112440.0,1112440.0,5.05,20.65,-14.08,1496369678
HTMLCOIN,HTML5,249,0.0000220145,0.000000009,6865.09,895088.0,40659020000.0,40659020000.0,0.49,11.23,1.96,1496369657
ArcticCoin,ARC,250,0.0380195,0.00001585,26217.3,887830.0,23351959.0,23351959.0,-14.78,17.59,-28.43,1496369680
PutinCoin,PUT,251,0.0043539,0.00000182,32900.8,872598.0,200417616.0,200417616.0,0.5,16.23,11.16,1496369674
Hacker Gold,HKG,252,0.0540985,0.00002255,3161.65,871575.0,16110893.0,16110893.0,0.7,-5.41,-17.62,1496369681
DIBCOIN,DIBC,253,0.173265,0.00007224,2153.53,866325.0,5000000.0,5000000000.0,10.06,-12.11,-1.93,1496369689
EverGreenCoin,EGC,254,0.0646037,0.00002693,5093.5,860605.0,13321301.0,13321301.0,2.55,5.63,5.83,1496369668
DopeCoin,DOPE,255,0.00769954,0.00000321,18416.2,855308.0,111085648.0,111085648.0,2.13,7.4,-21.02,1496369649
Hush,HUSH,256,0.719594,0.0003,248967.0,792192.0,1100888.0,1222363.0,1.57,32.32,52.31,1496369681
Fantomcoin,FCN,257,0.131923,0.00005500,2651.85,772959.0,5859169.0,5859169.0,10.77,13.43,8.98,1496369652
MediterraneanCoin,MED,258,0.0153511,0.00000640,13339.2,763051.0,49706598.0,49706598.0,13.07,19.3,-19.29,1496369658
Pesetacoin,PTC,259,0.00582813,0.00000243,5811.83,760796.0,130538681.0,130538681.0,-2.21,8.75,-8.99,1496369648
Version,V,260,0.00172256,0.00000072,1839.36,753265.0,437293835.0,437293835.0,-1.0,,,1496369394
e-Gulden,EFL,261,0.0486287,0.00002027,1790.69,746194.0,15344729.0,20384069.0,-0.42,3.23,-13.81,1496369650
Unitus,UIS,262,0.0159298,0.00000664,20703.5,744701.0,46748893.0,46748893.0,-0.44,-10.02,3.37,1496369660
FujiCoin,FJC,263,0.000736875,0.00000031,5969.25,709083.0,962283578.0,962283578.0,-0.84,66.68,56.38,1496369664
Ripto Bux,RBX,264,0.00199592,0.00000083,5897.47,682804.0,342100100.0,1000000000.0,4.25,-3.8,18.61,1496369689
Tokes,TKS,265,1.03135,0.00042998,8868.71,667927.0,647624.0,50000000.0,5.95,20.38,9.06,1496369688
Altcoin,ALT,266,5.40469,0.00225906,2714.36,660319.0,122175.0,134063.0,0.14,11.68,21.32,1496369391
ExclusiveCoin,EXCL,267,0.158399,0.00006604,4712.12,647497.0,4087759.0,4087759.0,-3.58,-0.39,-21.5,1496369659
Synergy,SNRG,268,0.230705,0.00009618,1874.25,640025.0,2774215.0,2774215.0,7.62,12.88,1.3,1496369663
GeoCoin,GEO,269,0.260343,0.00010854,4643.93,639163.0,2455079.0,2455079.0,0.61,2.59,12.79,1496369661
HempCoin,THC,270,0.0029988,0.00000125,11866.8,635215.0,211823061.0,211823061.0,-1.42,2.01,-23.79,1496369654
ProCurrency,PROC,271,0.220933,0.00009235,1736.24,621972.0,2815205.0,15000053805.0,0.39,-10.62,10.92,1496369392
UniBURST,UNIBURST,272,0.585779,0.00024422,2828.73,585778.0,999999.0,1000000.0,3.96,47.59,190.03,1496369686
Ethbits,ETB,273,0.434093,0.00018144,2176.28,584717.0,1346986.0,1634691.0,-0.26,,,1496369394
NuShares,NSR,274,0.000216156,0.00000009,15652.7,584112.0,2702268334.0,3317605383.0,-1.3,3.23,-54.35,1496369658
TrustPlus,TRUST,275,0.0179416,0.00000748,959.058,575685.0,32086595.0,32086595.0,3.18,9.38,12.18,1496369654
Deutsche eMark,DEM,276,0.0206394,0.00000860,1269.92,573639.0,27793416.0,27793416.0,0.7,1.07,-8.9,1496369644
Moin,MOIN,277,0.0820956,0.00003423,2843.13,570448.0,6948588.0,6948588.0,18.96,38.17,29.49,1496369667
Magi,XMG,278,0.0793889,0.00003310,3272.82,560051.0,7054522.0,7054522.0,0.7,9.93,-13.74,1496369657
IncaKoin,NKA,279,0.0000734160,0.00000003,10938.9,553336.0,7536992624.0,7536992624.0,15.36,37.23,209.26,1496369660
TileCoin,XTC,280,0.00549552,0.00000229,11537.9,549552.0,100000000.0,100000000.0,0.0,2.77,-17.33,1496369658
BTSR,BTSR,281,0.158362,0.00006602,505.383,524308.0,3310819.0,3310819.0,3.19,19.9,-14.84,1496369670
DT Token,DRACO,282,0.00587351,0.00000245,28691.1,522090.0,88888888.0,88888888.0,5.88,31.77,38.08,1496369675
Canada eCoin,CDN,283,0.00511653,0.00000213,817.461,498430.0,97415544.0,97415544.0,1.07,0.8,-8.76,1496369651
1337,1337,284,0.0000217987,0.000000009,3312.41,496584.0,22780448923.0,22780448923.0,15.46,56.97,60.57,1496369667
NobleCoin,NOBL,285,0.000215487,0.00000009,11256.8,493812.0,2291609146.0,2291609146.0,0.7,15.33,-9.51,1496369647
YashCoin,YASH,286,0.0478592,0.00001995,920.027,478598.0,10000116.0,10000116.0,0.7,7.48,36.9,1496369683
Capricoin,CPC,287,0.456868,0.00019047,13881.6,449699.0,984308.0,200984308.0,0.7,9.51,22.24,1496369664
Elcoin,EL,288,0.0375584,0.00001566,3696.65,420991.0,11208967.0,20935289.0,-9.82,-32.39,-26.77,1496369672
Happycoin,HPC,289,0.036511,0.00001522,549.863,414980.0,11365901.0,11365901.0,-2.31,-9.02,220.09,1496369690
I0Coin,I0C,290,0.0192848,0.00000804,1926.75,404487.0,20974399.0,20974399.0,0.95,6.94,3.41,1496369644
iTicoin,ITI,291,12.2139,0.0051052,43918.0,390845.0,32000.0,9999992.0,5.35,-18.25,42.74,1496369392
PostCoin,POST,292,0.0240044,0.00001001,3649.39,378677.0,15775332.0,15775332.0,0.72,1.07,1.07,1496369670
TrumpCoin,TRUMP,293,0.056199,0.00002343,7384.4,367515.0,6539521.0,6539521.0,0.42,-15.96,-5.31,1496369669
Mineum,MNM,294,0.0387679,0.00001616,673.706,365828.0,9436367.0,9586367.0,0.7,-18.94,-16.04,1496369673
Virtacoinplus,XVP,295,0.0402962,0.00001680,995.547,355305.0,8817335.0,10351928.0,0.44,2.25,-48.1,1496369687
Master Swiscoin,MSCN,296,0.0342803,0.00001429,9196.15,350859.0,10235010.0,1002561021.0,0.44,-6.55,-19.68,1496369686
Jewels,JWL,297,0.0170306,0.00000710,2231.78,343606.0,20175818.0,20175818.0,4.07,1.11,5.61,1496369677
MazaCoin,MZC,298,0.00031019,0.00000013,999.786,338919.0,1092618137.0,1092618137.0,1.18,21.17,30.62,1496369649
Wyvern,WYV,299,0.302249,0.00012601,1259.29,329597.0,1090481.0,1090481.0,0.7,26.23,-4.1,1496369689
Terracoin,TRC,300,0.0157203,0.00000655,5742.04,315846.0,20091620.0,20091620.0,0.57,7.75,-7.91,1496369642
Dotcoin,DOT,301,0.00139353,0.00000058,76328.9,313199.0,224752250.0,489752250.0,2.71,4.98,17.85,1496369660
GCoin,GCN,302,0.0000021814,0.0000000009,650.191,303178.0,138985235000,138985235000,0.44,5.95,28.88,1496369659
Asiadigicoin,ADCN,303,0.0115872,0.00000483,896.74,288881.0,24931054.0,210000000.0,0.7,1.66,-27.41,1496369669
Newbium,NEWB,304,0.011993,0.00000500,81839.8,287832.0,24000000.0,51000000.0,9.46,34.89,193.01,1496369673
MTMGaming,MTM,305,0.0949152,0.00003957,2254.33,284746.0,3000000.0,5000000.0,32.68,79.9,128.77,1496369687
Quatloo,QTL,306,0.0372978,0.00001555,25717.4,277343.0,7435909.0,7435909.0,4.31,-16.63,-17.84,1496369654
Karbowanec,KRB,307,0.0775259,0.00003232,5478.15,274006.0,3534382.0,3534382.0,3.53,-0.19,-3.41,1496369675
ParkByte,PKB,308,0.0566072,0.00002360,805.104,269678.0,4764026.0,4764026.0,0.7,7.24,7.59,1496369663
TeslaCoin,TES,309,0.0037453,0.00000156,1975.8,268807.0,71771889.0,71771889.0,0.71,-23.28,-13.93,1496369646
Zoin,ZOI,310,0.0246073,0.00001026,1858.11,264232.0,10737950.0,10737950.0,0.7,13.04,-14.09,1496369680
Influxcoin,INFX,311,0.156964,0.00006544,3935.96,262661.0,1673383.0,1673383.0,1.85,-2.07,-47.33,1496369665
LiteBar,LTB,312,0.406249,0.00016937,1164.24,261907.0,644697.0,644697.0,0.69,38.13,29.59,1496369648
CacheCoin,CACH,313,0.0719583,0.00003000,8865.16,259277.0,3603159.0,3603159.0,20.84,-42.91,,1496369647
Bytecent,BYC,314,0.159771,0.00006661,14524.9,258954.0,1620780.0,1620780.0,0.7,-2.58,-10.7,1496369660
Neutron,NTRN,315,0.0199419,0.00000831,2923.92,251621.0,12617684.0,12617684.0,0.7,15.06,134.7,1496369662
Sexcoin,SXC,316,0.00199176,0.00000083,3896.32,244049.0,122529176.0,122529176.0,-5.69,-24.96,1.47,1496369658
Atomic Coin,ATOM,317,0.0242672,0.00001012,866.352,243847.0,10048406.0,10048406.0,-2.32,1.6,-17.4,1496369679
UltraCoin,UTC,318,0.00546883,0.00000228,4566.74,235686.0,43096289.0,43096289.0,4.02,6.8,40.22,1496369646
8Bit,8BIT,319,0.201521,0.00008402,3541.11,234654.0,1164415.0,1164415.0,0.7,-2.84,-28.05,1496369662
Rubies,RBIES,320,0.0221152,0.00000922,2356.82,229412.0,10373505.0,10373505.0,2.93,2.93,-15.67,1496369669
PRCoin,PRC,321,0.0228221,0.00000951,31616.9,215308.0,9434200.0,789434200.0,2.29,6.01,-3.48,1496369686
KibiCoin,KIC,322,0.0145575,0.00000608,546.469,213204.0,14645650.0,14645650.0,-11.26,,,1496369395
Torcoin,TOR,323,0.757801,0.00031593,5285.0,198518.0,261967.0,1261967.0,-0.38,-4.49,-30.72,1496369689
NuBits,USNBT,324,1.00703,0.00041984,41098.1,198155.0,196772.0,838087.0,1.24,0.35,0.72,1496369657
GoldBlocks,GB,325,0.0131919,0.00000550,2584.22,196114.0,14866250.0,14866250.0,0.05,24.25,10.12,1496369673
42-coin,42,326,4326.85,1.8039,684.399,181728.0,42.0,42.0,0.7,1.7,31.44,1496369645
Kobocoin,KOBO,327,0.00730082,0.00000304,528.429,180332.0,24700248.0,24700248.0,0.7,-35.72,-49.39,1496369661
Tattoocoin (Standard Edition),TSE,328,0.00153279,0.00000064,961.201,175306.0,114370522.0,604370522.0,0.7,19.95,7.52,1496369685
Fastcoin,FST,329,0.00132392,0.00000055,1905.13,167826.0,126764507.0,126764507.0,0.15,27.53,25.39,1496369643
UnbreakableCoin,UNB,330,0.0736424,0.00003070,5756.01,167768.0,2278150.0,2278150.0,1.42,-1.57,7.98,1496369652
Netko,NETKO,331,0.0657267,0.00002740,1231.85,159712.0,2429938.0,2429938.0,0.7,-10.31,-21.44,1496369687
Bottlecaps,CAP,332,0.00112147,0.00000047,2071.78,155461.0,138622861.0,138622861.0,-63.44,35.48,67.98,1496369657
TheGCCcoin,GCC,333,0.0216115,0.00000901,1172.92,152048.0,7035523.0,867035523.0,0.7,1.3,-20.15,1496369685
bitBTC,BITBTC,334,2338.7,0.975022,43362.2,149864.0,64.0,64.0,-2.17,-1.65,-6.01,1496369657
PipCoin,PIP,335,0.0213331,0.00000889,2217.17,140226.0,6573177.0,6999979.0,0.7,-9.96,-9.57,1496369679
BERNcash,BERN,336,0.00185793,0.00000077,638.473,132348.0,71234301.0,71234301.0,0.35,33.75,49.14,1496369670
Piggycoin,PIGGY,337,0.000273222,0.00000011,1891.13,132187.0,483809461.0,483809461.0,-4.49,-12.9,-42.12,1496369653
bitSilver,BITSILVER,338,20.9094,0.00871731,11477.0,127894.0,6117.0,6117.0,3.15,10.75,6.8,1496369660
DigitalPrice,DP,339,0.00531187,0.00000221,1444.16,120330.0,22652963.0,22652963.0,0.32,-17.8,25.21,1496369659
HoboNickels,HBN,340,0.00247098,0.00000103,710.822,119951.0,48543819.0,48543819.0,0.7,-6.73,92.68,1496369644
Sumokoin,SUMO,341,0.263098,0.00010997,8128.47,118434.0,450151.0,9339040.0,0.37,23.67,,1496369394
Machinecoin,MAC,342,0.00597254,0.00000249,2795.73,116792.0,19554750.0,19554750.0,-0.1,6.42,-9.38,1496369660
Pascal Lite,PASL,343,0.0579984,0.00002418,2650.12,114379.0,1972100.0,1972100.0,-0.28,-17.98,-43.82,1496369688
MojoCoin,MOJO,344,0.00940153,0.00000392,2015.26,113344.0,12055898.0,12055898.0,4.43,4.65,-34.42,1496369670
bitEUR,BITEUR,345,1.11521,0.00046494,13520.3,113305.0,101600.0,101600.0,0.19,0.13,0.06,1496369664
Rimbit,RBT,346,0.000943884,0.00000039,879.547,109018.0,115499623.0,393459356.0,0.72,6.27,9.76,1496369658
CHNCoin,CNC,347,0.00430839,0.00000180,11457.9,108831.0,25260247.0,170109984.0,1.75,2.73,-26.52,1496369657
Flycoin,FLY,348,0.503828,0.00021005,1768.23,106210.0,210806.0,210806.0,-39.79,-49.56,23.82,1496369665
Spots,SPT,349,0.00454542,0.00000190,593.727,101845.0,22406021.0,22406021.0,1.23,44.05,65.75,1496369649
QuazarCoin,QCN,350,0.0167903,0.00000700,866.154,95862.0,5709392.0,5709392.0,0.7,8.3,-3.9,1496369653
Phoenixcoin,PXC,351,0.00163014,0.00000068,988.861,94334.0,57868575.0,57868575.0,-4.22,6.81,38.85,1496369643
Eryllium,ERY,352,0.0215109,0.00000897,2358.94,93628.0,4352569.0,14352569.0,-0.84,3.3,-41.57,1496369684
Digital Rupees,DRS,353,0.000167903,0.00000007,3774.3,85765.0,510802961.0,510802961.0,0.7,-48.65,17.88,1496369684
bitGold,BITGOLD,354,1527.69,0.636906,9741.1,83297.0,55.0,55.0,-3.53,7.53,12.52,1496369659
Kurrent,KURT,355,0.00782614,0.00000326,931.36,77631.0,9919485.0,21319485.0,0.7,9.26,31.16,1496369681
Emerald Crypto,EMD,356,0.00402987,0.00000168,3898.57,77040.0,19117129.0,19117129.0,-3.73,33.02,40.19,1496369645
Freicoin,FRC,357,0.00263847,0.00000110,17625.0,73623.0,27903735.0,100000000.0,0.7,2.69,5.85,1496369643
Greencoin,GREV2,358,0.0000239861,0.00000001,2614.3,73338.0,3057524641.0,3057524641.0,0.7,-65.77,1.04,1496369654
Gapcoin,GAP,359,0.00664412,0.00000277,13294.3,72287.0,10879866.0,10879866.0,3.69,4.97,26.25,1496369659
MCAP,MCAP,360,6.4561,0.00269853,235057.0,64593.0,10005.0,100000000.0,0.19,6.4,,1496369394
Wexcoin,WEX,361,0.359404,0.00014984,4952.91,60143.0,167340.0,10000167340.0,0.23,2.7,15.73,1496369678
Chronos,CRX,362,0.000806643,0.00000034,557.012,59474.0,73729962.0,73729962.0,0.08,29.0,34.38,1496369674
CrevaCoin,CREVA,363,0.00160707,0.00000067,11291.0,58482.0,36390750.0,6240390800.0,0.02,-7.36,-20.45,1496369664
Argentum,ARG,364,0.00738772,0.00000308,2104.26,55427.0,7502626.0,7502626.0,8.64,-22.87,-0.01,1496369648
Acoin,ACOIN,365,0.0429048,0.00001789,8889.31,52348.0,1220085.0,1220085.0,1.44,15.67,-29.14,1496369656
NevaCoin,NEVA,366,0.0272913,0.00001138,663.785,49437.0,1811455.0,1811455.0,1.13,7.72,19.26,1496369670
Philosopher Stones,PHS,367,0.0193808,0.00000808,3721.15,47080.0,2429219.0,2429219.0,0.92,4.12,6.89,1496369645
Prime-XI,PXI,368,0.0027945,0.00000117,1119.85,41321.0,14786530.0,14786530.0,1.63,-5.87,61.03,1496369658
Allion,ALL,369,0.00623287,0.00000260,2329.79,38640.0,6199359.0,7323359.0,0.7,-1.69,-27.97,1496369687
Independent Money System,IMS,370,0.00686777,0.00000286,1028.74,36873.0,5368934.0,5368934.0,0.65,-9.19,-6.25,1496369669
Marijuanacoin,MAR,371,0.0673529,0.00002808,4235.58,35205.0,522690.0,522690.0,-2.11,34.5,51.84,1496369686
Rawcoin,XRC,372,0.0479962,0.00002001,3346.79,33832.0,704882.0,704882.0,0.7,17.43,254.49,1496369682
Hexx,HXX,373,0.0235204,0.00000981,670.186,31808.0,1352352.0,1352352.0,13.53,-17.95,-42.58,1496369663
MACRON,MCRN,374,0.0000733745,0.00000003,1508.71,29454.0,401421401.0,401421401.0,0.37,-23.46,53.82,1496369391
BeaverCoin,BVC,375,0.00861101,0.00000359,621.012,26826.0,3115258.0,3115258.0,0.22,-4.1,-12.74,1496369658
LevoPlus,LVPS,376,0.0455755,0.00001900,3764.9,18683.0,409927.0,91409927.0,0.69,-55.65,-40.41,1496369687
Eurocoin,EUC,377,0.00146389,0.00000061,1118.46,17172.0,11730325.0,11730325.0,0.7,-12.17,-17.21,1496369665
Honey,HONEY,378,0.24718,0.00010305,1090.26,16884.0,68306.0,68306.0,6.84,-39.9,-71.36,1496369687
AllSafe,ASAFE,379,0.0000193335,0.000000008,3527.51,13727.0,710000000.0,710000000.0,0.84,1769.17,436.93,1496369679
Kittehcoin,MEOW,380,0.0000005547,0.0000000002,954.698,13260.0,23905669976.0,23905669976.0,1.18,-15.21,-3.03,1496369646
Bitvolt,VOLT,381,0.00074166,0.00000031,541.676,11208.0,15112554.0,60132654.0,6.38,-9.72,-10.78,1496369392
Ebittree Coin,EBT,382,0.011723,0.00000490,913.916,10198.0,869880.0,810869880.0,0.37,1.27,9.74,1496369392
Beatcoin,XBTS,383,0.00626808,0.00000261,1703.78,9557.0,1524686.0,2524686.0,-1.82,12.73,-8.04,1496369678
BenjiRolls,BENJI,384,0.00043175,0.00000018,4975.16,8179.0,18943686.0,18943686.0,0.7,-7.58,-24.22,1496369684
Digital Money Bits,DMB,385,0.0160737,0.00000672,17103.5,4849.0,301700.0,10301700.0,10.45,8.94,53.06,1496369394
Environ,ENV,386,0.0000239191,0.000000010,2196.78,3136.0,131129509.0,931129509.0,0.38,2.49,-95.42,1496369392
Powercoin,PWR,387,0.0000239861,0.00000001,1314.03,1199.0,49983870.0,49983870.0,0.7,2.69,1.04,1496369673
Gold Pressed Latinum,GPL,388,0.192497,0.00008046,8324.1,,,203882.0,0.02,-0.39,16.38,1496369392
SnakeEyes,SNAKE,389,0.145377,0.00006076,598.08,,,10000000.0,2.94,30.41,29.53,1496369392
Soarcoin,SOAR,390,0.0180164,0.00000751,569.172,,,5000000000.0,1.63,10.3,4.6,1496369688
SuperNET,UNITY,391,13.3366,0.00556013,107.87,10883479.0,816061.0,816061.0,4.7,-7.07,85.51,1496369657
Arcade Token,ARC,392,3.74133,0.00167261,,10785924.0,2882912.0,2882912.0,,,88.45,1496180681
Jinn,JINN,393,48.5079,0.0202233,485.079,2847559.0,58703.0,1000000.0,4.7,7.62,16.23,1496369657
XCurrency,XC,394,0.43175,0.00018,354.994,2507078.0,5806783.0,5806783.0,0.7,0.81,-6.24,1496369653
SmileyCoin,SMLY,395,0.0000942324,0.00000004,63.9082,2446297.0,25960250000.0,25960250000.0,345.56,372.77,24.08,1496369661
InstantDEX,DEX,396,2.38818,0.00099565,346.286,2388180.0,1000000.0,1000000.0,4.7,7.62,1.32,1496369658
AsiaCoin,AC,397,0.00276481,0.00000115,169.091,2319385.0,838895033.0,838895033.0,0.71,16.66,-27.04,1496369652
Project Decorum,PDC,398,0.0375622,0.00001566,384.759,1878110.0,50000000.0,50000000.0,0.7,2.56,-7.93,1496369672
NewYorkCoin,NYC,399,0.0000239860,0.000000010,246.579,1432442.0,59719935819.0,59719935819.0,0.71,2.73,50.38,1496369651
InsaneCoin,INSANE,400,0.071376,0.00002976,266.481,1309105.0,18340970.0,18340970.0,0.92,-15.37,31.99,1496369680
Bitpark Coin,BPC,401,0.0147754,0.00000616,205.732,1108155.0,75000000.0,100000000.0,-6.3,-9.11,-27.88,1496369683
Pangea Poker,PANGEA,402,0.930458,0.00038792,11.1655,929855.0,999352.0,1000000.0,4.7,7.62,,1496369660
Joincoin,J,403,0.358283,0.00014937,438.033,877221.0,2448402.0,2448402.0,-9.97,-73.05,270.67,1496369656
DubaiCoin,DBIC,404,0.164532,0.00006859,309.07,843887.0,5129014.0,6146942.0,1.31,-1.74,9.63,1496369670
ShadowCash,SDC,405,0.123221,0.00005137,409.662,821509.0,6666960.0,6666960.0,0.7,3.37,-20.58,1496369655
Woodcoin,LOG,406,0.101749,0.00004242,393.712,817573.0,8035193.0,8035193.0,0.7,-8.73,-1.26,1496369661
Pandacoin,PND,407,0.0000239861,0.00000001,328.211,779906.0,32514916898.0,32514916898.0,0.7,2.69,1.04,1496369648
Ultimate Secure Cash,USC,408,0.0719583,0.00003000,119.93,744273.0,10343113.0,38602656.0,-8.31,25.08,-14.92,1496369689
Carboncoin,CARBON,409,0.0000479722,0.00000002,7.63957,738385.0,15391933158.0,15391933158.0,0.7,2.69,1.04,1496369655
Cryptofund,FUND,410,0.5588,0.0002553,,558800.0,1000000.0,1000000.0,,,83.91,1495948164
Tao,XTO,411,0.0179866,0.00000750,213.593,545285.0,30316201.0,32316201.0,1.67,5.31,-12.89,1496369678
E-Currency Coin ,ECC,412,0.0000239861,0.00000001,1.18081,529148.0,22060603799.0,22060603799.0,0.7,2.69,1.04,1496369649
HitCoin,HTC,413,0.0000479722,0.00000002,249.022,527518.0,10996318099.0,20996318099.0,0.7,60.28,102.08,1496369671
ReeCoin,REE,414,0.041271,0.00001721,182.96,510428.0,12367704.0,6662367704.0,-1.78,1.62,3.68,1496369674
Shorty,SHORTY,415,0.00501117,0.00000210,,501117.0,100000000.0,100000000.0,,2.16,111.09,1496365479
CageCoin,CAGE,416,0.0000047464,0.000000002,396.885,480182.0,101168328395,101168328395,0.69,22.88,-17.8,1496369648
Casino,CASINO,417,0.468717,0.00019541,27.6543,468717.0,1000000.0,1000000.0,3.96,31.52,-11.66,1496369687
KoreCoin,KORE,418,0.254612,0.00010615,435.722,466182.0,1830949.0,1830949.0,0.7,5.73,7.94,1496369654
CasinoCoin,CSC,419,0.01182,0.00000493,266.116,456266.0,38601187.0,38601187.0,0.87,17.33,-9.4,1496369658
Colossuscoin V2,CV2,420,0.0000188193,0.000000008,306.209,417557.0,22187700273.0,22187700273.0,27.04,-9.57,-58.44,1496369661
Dashcoin,DSH,421,0.023862,0.00000995,329.477,412612.0,17291579.0,17291579.0,1.25,-7.09,-0.08,1496369658
BitBar,BTB,422,11.6023,0.00483709,434.512,377957.0,32576.0,32576.0,0.75,-0.35,-1.0,1496369643
LTBcoin,LTBC,423,0.000742106,0.00000032,,366499.0,493863915.0,493863915.0,,3.36,,1496287754
Orbitcoin,ORB,424,0.123874,0.00005164,27.6405,366075.0,2955218.0,2955218.0,0.65,-0.28,3.84,1496369645
FuelCoin,FC2,425,0.00357393,0.00000149,25.6215,362441.0,101412348.0,101412348.0,0.7,7.55,,1496369654
RussiaCoin,RC,426,0.0424074,0.00001768,0.28776,348438.0,8216446.0,8216446.0,0.7,2.81,5.01,1496369668
Trollcoin,TROLL,427,0.000626264,0.00000026,225.141,346766.0,553705430.0,553705430.0,2.75,4.03,-3.55,1496369659
SuperCoin,SUPER,428,0.00839513,0.00000350,83.9432,345507.0,41155630.0,41155630.0,0.7,,,1496369652
Crypto Bullion,CBX,429,0.327252,0.00013643,73.88,325885.0,995824.0,995824.0,0.84,33.34,-18.51,1496369644
Rare Pepe Party,RAREPEPEPRTY,430,16.1275,0.0067095,,290295.0,18000.0,100000.0,,-10.15,,1496315982
HOdlcoin,HODL,431,0.00311819,0.00000130,22.9137,288424.0,92497360.0,250000000.0,0.7,-12.01,24.48,1496369669
SmartCoin,SMC,432,0.0119567,0.00000498,202.393,273708.0,22891566.0,22891566.0,2.48,50.18,-14.06,1496369648
Veltor,VLT,433,0.455136,0.00018975,224.703,252534.0,554855.0,554855.0,20.45,-6.56,47.22,1496369677
SwagBucks,BUCKS,434,1.16373,0.00048517,4.3003,239098.0,205458.0,205458.0,2.15,9.91,-6.46,1496369668
BTCtalkcoin,TALK,435,0.00357833,0.00000161,,233631.0,65290635.0,65290635.0,,,-29.17,1496191750
Bitstar,BITS,436,0.0100649,0.00000420,194.332,232295.0,23079737.0,23079737.0,-9.41,16.9,65.51,1496369652
AgrolifeCoin,AGLC,437,0.0472658,0.00001990,,216048.0,4570907.0,204570907.0,,1.69,107.62,1496301878
VirtualCoin,VC,438,0.0212996,0.00000888,222.024,214365.0,10064287.0,10064287.0,0.7,13.99,30.04,1496369655
BitcoinTX,BTX,439,0.00261448,0.00000109,1.12735,211928.0,81059270.0,81059270.0,0.7,11.93,-42.02,1496369663
The Cypherfunks,FUNK,440,0.0000047667,0.000000002,67.98,210465.0,44153220000.0,44153220000.0,4.29,-1.64,-18.77,1496369663
BritCoin,BRIT,441,0.00957045,0.00000399,164.605,203545.0,21268092.0,21268092.0,0.7,86.25,49.32,1496369654
Pesobit,PSB,442,0.00604449,0.00000252,383.803,197460.0,32667851.0,32667851.0,-0.09,-2.93,-10.66,1496369678
Crave,CRAVE,443,0.157347,0.00006668,,196636.0,1249695.0,1249695.0,,1.03,174.01,1496344460
BillaryCoin,BLRY,444,0.0201003,0.00000838,314.436,180564.0,8983158.0,8983158.0,-1.99,5.78,-18.08,1496369672
Devcoin,DVC,445,0.0000128748,0.000000005,233.128,180262.0,14001127500.0,14001127500.0,1.03,-31.59,-73.05,1496369642
Bitz,BITZ,446,0.0892373,0.00003720,,177662.0,1990891.0,1990891.0,,2.7,1.63,1496351362
Tristar Coin,TSTR,447,0.0343849,0.00001500,,172882.0,5027857.0,255027857.0,,,44.56,1496271895
Zero,ZER,448,0.227868,0.00009500,174.718,168900.0,741220.0,741220.0,0.7,-4.67,17.77,1496369687
NetCoin,NET,449,0.00021412,0.00000009,226.134,168540.0,787126712.0,787126712.0,-4.35,0.31,-9.81,1496369645
Vault Coin,VLTC,450,0.00503281,0.00000210,104.295,149589.0,29722660.0,529722660.0,0.7,9.6,9.55,1496369682
Titcoin,TIT,451,0.00293995,0.00000123,107.342,146698.0,49898202.0,49898202.0,0.9,-1.4,-20.86,1496369655
LottoCoin,LOT,452,0.0000099482,0.000000004,17.5884,144160.0,14491014421.0,14491014421.0,-0.04,20.98,9.51,1496369648
TEKcoin,TEK,453,0.0000959444,0.00000004,376.789,135671.0,1414054562.0,1414054562.0,5.51,-1.81,125.08,1496369652
Truckcoin,TRK,454,0.00110321,0.00000046,26.3262,135656.0,122964656.0,122964656.0,-9.17,21.39,92.77,1496369655
Stress,STS,455,0.000239861,0.00000010,1.01701,135554.0,565134332.0,565134332.0,0.7,,-14.28,1496369669
Cannacoin,CCN,456,0.0287114,0.00001197,113.622,134877.0,4697671.0,4697671.0,0.7,35.08,32.59,1496369651
PureVidz,VIDZ,457,0.00101445,0.00000042,296.466,126993.0,125183813.0,125183813.0,0.7,-21.54,7.58,1496369684
Bitcurrency,BTCR,458,0.000707292,0.00000029,107.08,118924.0,168139374.0,168139374.0,0.7,1.12,38.98,1496369681
MetalCoin,METAL,459,0.00153511,0.00000064,5.80936,118089.0,76925527.0,76925527.0,0.7,-16.81,-12.38,1496369660
GAIA,GAIA,460,0.00466575,0.00000198,,112451.0,24101381.0,24101381.0,,0.89,-9.43,1496340859
C-Bit,XCT,461,0.000839513,0.00000035,64.619,110632.0,131780750.0,131780750.0,0.7,15.94,5.96,1496369669
LanaCoin,LANA,462,0.000143873,0.00000006,495.953,107657.0,748278894.0,748278894.0,0.7,-10.11,16.32,1496369672
HyperStake,HYP,463,0.000267602,0.00000011,345.885,103240.0,385796097.0,385796097.0,1.06,-7.05,27.71,1496369657
Xiaomicoin,MI,464,0.000250575,0.00000010,59.7379,101769.0,406141855.0,406141855.0,0.16,-19.72,-11.52,1496369665
Coin2.1,C2,465,0.00099292,0.00000041,241.776,99268.0,99976323.0,99976323.0,0.73,14.53,-12.08,1496369654
BigUp,BIGUP,466,0.0000479722,0.00000002,6.78862,98538.0,2054064171.0,2054064171.0,0.7,105.38,10.37,1496369670
Swing,SWING,467,0.0431313,0.00001798,9.58632,98198.0,2276717.0,2276717.0,0.47,-25.44,-5.11,1496369666
Dollarcoin,DLC,468,0.0106498,0.00000444,10.1966,96985.0,9106714.0,9106714.0,0.7,12.58,,1496369678
Sterlingcoin,SLG,469,0.0247613,0.00001032,24.6666,96102.0,3881156.0,3881156.0,0.48,2.79,0.56,1496369657
Pakcoin,PAK,470,0.00260241,0.00000108,266.736,95273.0,36609700.0,36609700.0,0.5,-4.61,-26.02,1496369666
GlobalBoost-Y,BSTY,471,0.00833194,0.00000347,75.0077,94971.0,11398430.0,11398430.0,1.96,1.43,29.51,1496369657
Cryptojacks,CJ,472,0.000233589,0.00000010,300.407,94970.0,406568581.0,406568581.0,-2.71,-0.4,-17.98,1496369674
Coin(O),CNO,473,0.000911443,0.00000038,10.174,93976.0,103106326.0,103106326.0,-5.92,-16.97,5.18,1496369650
TittieCoin,TTC,474,0.0000709103,0.00000003,110.352,89334.0,1259816434.0,1259816434.0,0.7,-2.33,-0.48,1496369660
BunnyCoin,BUN,475,0.0000008739,0.0000000004,149.614,88619.0,101407989890,101407989890,6.57,18.18,18.36,1496369657
WayGuide,WAY,476,0.000873793,0.00000036,,87415.0,100040708.0,100040708.0,,3.92,16.72,1496318076
FlutterCoin,FLT,477,0.00026796,0.00000011,10.3596,86341.0,322214524.0,322214524.0,0.57,5.18,1.33,1496369651
PayCoin,XPY,478,0.00734061,0.00000306,3.0604,85903.0,11702466.0,11752466.0,0.7,-21.43,-67.1,1496369660
Elementrem,ELE,479,0.00321414,0.00000134,137.97,80403.0,25015518.0,25015518.0,0.7,14.72,-32.84,1496369675
KiloCoin,KLC,480,0.000407764,0.00000017,116.338,80043.0,196297971.0,10025186872.0,0.7,16.38,22.44,1496369670
CorgiCoin,CORG,481,0.0000630997,0.00000003,9.71576,78992.0,1251855418.0,1251855418.0,0.86,-26.2,-63.46,1496369649
Darsek,KED,482,0.0076748,0.00000320,26.1056,75628.0,9854041.0,9854041.0,0.7,1.11,-22.76,1496369689
UFO Coin,UFO,483,0.0000229521,0.00000001,,75423.0,3286106262.0,3286106262.0,,,-4.39,1496273048
GameUnits,UNITS,484,0.0217252,0.00000906,132.332,75298.0,3465920.0,3465920.0,0.7,-11.73,13.98,1496369683
Triangles,TRI,485,0.995855,0.00041518,10.3062,72589.0,72891.0,72891.0,0.7,-12.78,-4.35,1496369655
Artex Coin,ATX,486,0.00374409,0.00000156,72.7632,69996.0,18695075.0,268695075.0,0.7,3.31,38.63,1496369677
Blakecoin,BLC,487,0.00582862,0.00000243,24.3703,69423.0,11910789.0,11910789.0,1.12,3.12,-3.74,1496369647
Valorbit,VAL,488,0.0000239861,0.00000001,12.4728,68893.0,2872224779.0,922340072224779,0.7,2.69,1.04,1496369671
SproutsExtreme,SPEX,489,0.0000239861,0.00000001,12.4728,68759.0,2866607586.0,2866607586.0,0.7,2.69,,1496369669
NoLimitCoin,NLC2,490,0.000335805,0.00000014,31.3433,67315.0,200458530.0,200458530.0,0.7,-10.14,-38.28,1496369677
Guncoin,GUN,491,0.000359732,0.00000015,42.3343,65491.0,182053678.0,182053678.0,0.7,2.68,54.1,1496369652
AmberCoin,AMBER,492,0.0014952,0.00000063,,65255.0,43643263.0,43643263.0,,1.61,-13.72,1496347159
CCMiner,CCM100,493,0.0269512,0.00001124,27.6789,65124.0,2416354.0,6000000.0,3.96,26.78,1.59,1496369686
HempCoin,HMP,494,0.0000479722,0.00000002,75.2206,65080.0,1356619742.0,2856619742.0,0.7,2.69,102.08,1496369669
Yacoin,YAC,495,0.00055168,0.00000023,3.94739,64049.0,116097728.0,116097728.0,0.7,2.63,-4.53,1496369643
MarteXcoin,MXT,496,0.0233933,0.00000975,0.210027,63821.0,2728161.0,2728161.0,1.81,120.18,-18.58,1496369673
Ratecoin,XRA,497,0.000574001,0.00000024,357.5,60883.0,106068278.0,106068278.0,0.7,-17.35,-21.96,1496369663
ChessCoin,CHESS,498,0.00111698,0.00000047,22.0486,60278.0,53964907.0,53964907.0,0.82,-2.7,35.67,1496369674
Bitcloud,BTD,499,0.00532491,0.00000222,46.7084,59303.0,11136957.0,11136957.0,0.7,-35.6,71.23,1496369677
Jin Coin,JIN,500,0.00599652,0.00000250,0.299826,59057.0,9848485.0,9848485.0,-35.26,-1.95,,1496369677
Nyancoin,NYAN,501,0.000189057,0.00000008,13.4368,56318.0,297891209.0,297891209.0,0.73,-70.58,23.14,1496369646
Francs,FRN,502,0.0325143,0.00001356,200.534,55733.0,1714100.0,1714100.0,0.7,16.98,47.27,1496369668
PetroDollar,XPD,503,0.000865936,0.00000036,33.9351,55414.0,63993275.0,63993275.0,0.7,34.62,-39.43,1496369650
MiloCoin,MILO,504,0.00526246,0.00000219,163.99,54137.0,10287366.0,10287366.0,0.7,29.85,64.85,1496369688
AquariusCoin,ARCO,505,0.0441165,0.00001839,158.725,53884.0,1221396.0,1221396.0,1.36,25.08,38.35,1496369672
KushCoin,KUSH,506,0.00978633,0.00000408,30.4257,52781.0,5393362.0,5393362.0,0.7,-6.48,-15.75,1496369685
Aricoin,ARI,507,0.000364367,0.00000015,4.5619,51107.0,140262505.0,140262505.0,0.74,25.56,11.93,1496369647
Zayedcoin,ZYD,508,0.00803534,0.00000335,23.9132,50171.0,6243840.0,6243840.0,0.66,2.69,-14.64,1496369677
Eternity,ENT,509,0.0162392,0.00000677,158.885,49665.0,3058335.0,3058335.0,0.74,-4.26,-31.25,1496369682
SatoshiMadness,MAD,510,0.0000239861,0.00000001,122.874,47989.0,2000683485.0,2000683485.0,0.7,2.69,1.04,1496369666
AurumCoin,AU,511,0.160851,0.00006706,247.544,47647.0,296216.0,296216.0,1.17,-15.76,0.4,1496369658
PonziCoin,PONZI,512,0.055168,0.00002300,42.2589,47505.0,861099.0,861099.0,0.7,16.81,1.09,1496369672
RevolverCoin,XRE,513,0.00215875,0.00000090,138.727,47044.0,21792074.0,21792074.0,0.7,10.03,-4.36,1496369674
Tigercoin,TGC,514,0.00107937,0.00000045,157.255,46992.0,43536800.0,43536800.0,0.7,31.96,51.56,1496369646
Lex4All,LEX,515,0.0468717,0.00001954,216.688,46874.0,1000043.0,5000000.0,3.96,8.89,10.56,1496369687
DigiCube,CUBE,516,0.0000192050,0.000000008,0.00358779,46651.0,2429126009.0,2429126009.0,-0.06,,-19.07,1496369666
Sativacoin,STV,517,0.00657363,0.00000274,,46520.0,7076824.0,7076824.0,,57.16,13.49,1496351959
RedCoin,RED,518,0.000623638,0.00000026,16.0658,46217.0,74107896.0,74107896.0,0.7,0.23,-28.97,1496369646
Joulecoin,XJO,519,0.00141803,0.00000059,37.6906,45731.0,32249872.0,32249872.0,-2.63,12.88,29.44,1496369650
Debitcoin,DBTC,520,0.00249455,0.00000104,42.507,44882.0,17991951.0,25991951.0,0.7,-14.9,-19.87,1496369673
808Coin,808,521,0.0002164,0.00000009,137.816,44500.0,205638536.0,205638536.0,0.69,18.66,19.45,1496369675
BurstOcean,OCEAN,522,0.209751,0.00008745,10.0408,44431.0,211827.0,1000000.0,3.96,38.21,52.05,1496369688
AmsterdamCoin,AMS,523,0.00449743,0.00000188,172.814,43192.0,9603707.0,16803707.0,0.7,-6.8,8.72,1496369664
ICOBID,ICOB,524,0.000408892,0.00000017,397.142,42469.0,103862796.0,103862796.0,0.34,-6.87,7.25,1496369684
PX,PX,525,0.00055168,0.00000023,63.6781,42345.0,76755659.0,76755659.0,0.7,18.1,,1496369676
Evotion,EVO,526,0.0171258,0.00000714,175.482,42287.0,2469220.0,2469220.0,0.81,-14.93,-65.24,1496369667
UniCoin,UNIC,527,0.0140109,0.00000584,166.569,40786.0,2910992.0,2910992.0,0.87,3.02,17.24,1496369663
UCoin,U,528,0.0148714,0.00000620,10.0716,40001.0,2689812.0,2689812.0,0.7,2.14,-0.25,1496369660
CoExistCoin,COXST,529,0.00140926,0.00000059,30.7485,38246.0,27138905.0,27138905.0,1.78,-5.26,-5.15,1496369671
BTCDragon,DRAGON,530,0.0937434,0.00003908,103.118,37886.0,404146.0,1000000.0,3.96,-43.27,-26.99,1496369686
OctoCoin,888,531,0.000782738,0.00000033,133.066,37850.0,48355428.0,48355428.0,3.34,-31.67,37.39,1496369651
SixEleven,611,532,0.0869499,0.00003650,,35825.0,412023.0,412023.0,,1.99,-63.18,1496356171
Franko,FRK,533,0.0560315,0.00002336,0.417406,35689.0,636950.0,636950.0,0.7,,-48.66,1496369642
WMCoin,WMC,534,0.00307022,0.00000128,0.47526,35392.0,11527489.0,911527489.0,0.7,8.63,,1496369673
SpaceCoin,SPACE,535,0.00198351,0.00000083,9.85456,35285.0,17789403.0,17789403.0,-5.34,-7.31,-0.8,1496369665
Universe,UNI,536,0.0118971,0.00000496,84.7266,35214.0,2959889.0,14159889.0,0.7,6.99,32.77,1496369689
Cypher,CYP,537,0.00542086,0.00000226,5.42086,34505.0,6365285.0,6365285.0,0.7,13.21,,1496369662
Universal Currency,UNIT,538,0.00263357,0.00000110,109.826,34359.0,13046431.0,13046431.0,0.7,69.12,-36.81,1496369663
Photon,PHO,539,0.0000019081,0.0000000008,38.5122,34024.0,17831152271.0,17831152271.0,0.84,24.69,46.66,1496369650
PopularCoin,POP,540,0.0000101702,0.000000004,33.5003,33995.0,3342609261.0,3342609261.0,-0.91,7.99,13.79,1496369650
Dobbscoin,BOB,541,0.00657219,0.00000274,0.998171,33258.0,5060382.0,5060382.0,1.58,-5.0,5.83,1496369656
Bolivarcoin,BOLI,542,0.00502899,0.00000210,299.246,32572.0,6476800.0,6476800.0,-5.43,2.3,23.26,1496369666
Uro,URO,543,0.0263607,0.00001099,11.6701,31826.0,1207310.0,1207310.0,0.7,1.49,-4.51,1496369653
CryptoWorldX Token,CWXT,544,0.000575666,0.00000024,7.4266,31471.0,54669120.0,54669120.0,0.7,12.03,10.73,1496369686
FlavorCoin,FLVR,545,0.00150409,0.00000063,8.83428,31433.0,20898106.0,20898106.0,1.77,12.38,78.37,1496369668
Evil Coin,EVIL,546,0.00147809,0.00000062,5.25448,31070.0,21020383.0,21020383.0,0.73,-2.09,-0.9,1496369668
PayCon,CON,547,0.00133083,0.00000055,37.7834,30666.0,23042604.0,23042604.0,0.69,13.41,-2.1,1496369660
RonPaulCoin,RPC,548,0.038749,0.00001615,17.4264,30564.0,788768.0,788768.0,0.61,-17.36,-2.95,1496369648
NeuCoin,NEU,549,0.0000150924,0.000000006,1.5916,30045.0,1990764588.0,2014638413.0,1.81,66.2,-68.35,1496369666
Solarflarecoin,SFC,550,0.00215875,0.00000090,291.064,29607.0,13715000.0,13715000.0,0.7,8.06,-18.21,1496369684
PIECoin,PIE,551,0.000407764,0.00000017,230.546,29385.0,72062527.0,72062527.0,14.13,32.67,2.25,1496369686
Dreamcoin,DRM,552,0.0120275,0.00000503,,29311.0,2436996.0,2436996.0,,2.37,,1496330352
Hommalicoin,HMC,553,11.7946,0.00496011,,28528.0,2419.0,1000000000.0,,-1.43,,1496299177
Zurcoin,ZUR,554,0.000359791,0.00000015,98.9762,28410.0,78962142.0,78962142.0,2.41,-26.65,16.59,1496369672
GoldPieces,GP,555,0.0231943,0.00000967,415.944,28301.0,1220161.0,1220161.0,2.31,9.77,-10.19,1496369659
Bitzeny,ZNY,556,0.000359791,0.00000015,6.84546,27205.0,75614500.0,75614500.0,0.7,-3.73,18.44,1496369663
SoonCoin,SOON,557,0.00215875,0.00000090,51.0765,26904.0,12462620.0,12462620.0,0.7,2.78,-8.28,1496369660
X-Coin,XCO,558,0.00215875,0.00000090,10.7937,26736.0,12384976.0,12384976.0,0.7,15.53,4.53,1496369661
Unrealcoin,URC,559,0.0037898,0.00000158,0.348662,26621.0,7024402.0,7024402.0,0.7,,20.94,1496369662
BumbaCoin,BUMBA,560,0.0011993,0.00000050,28.5704,26317.0,21944016.0,21944016.0,0.7,-46.82,-19.91,1496369671
Theresa May Coin,MAY,561,0.00167472,0.00000070,218.301,25569.0,15267850.0,15267850.0,0.37,-4.63,,1496369394
HealthyWormCoin,WORM,562,0.00167903,0.00000070,40.0922,24898.0,14828591.0,14828591.0,0.7,2.69,-53.14,1496369688
Grantcoin,GRT,563,0.000599652,0.00000025,53.2236,24780.0,41323551.0,10041323551.0,0.7,,1.74,1496369664
Destiny,DES,564,0.0153511,0.00000640,0.240101,24562.0,1600000.0,1600000.0,0.7,3.5,33.22,1496369669
AntiBitcoin,ANTI,565,0.00139119,0.00000058,1.39119,24297.0,17465159.0,17465159.0,0.7,,,1496369667
CryptoEscudo,CESC,566,0.000167903,0.00000007,28.3922,24196.0,144105100.0,594105100.0,0.67,2.69,-9.28,1496369650
ARbit,ARB,567,0.00357811,0.00000149,,23140.0,6467215.0,6467215.0,,2.81,15.94,1496362165
PlatinumBAR,XPTX,568,0.1324,0.00005562,,23051.0,174101.0,174101.0,,1.91,-4.29,1496364572
B3Coin,B3,569,0.0716944,0.00002989,1.88457,22018.0,307113.0,307113.0,0.7,51.64,37.91,1496369677
Ride My Car,RIDE,570,0.000213906,0.00000009,53.1085,21625.0,101096515.0,101096515.0,2.85,0.57,-14.12,1496369686
BiosCrypto,BIOS,571,0.00104148,0.00000043,0.272018,21597.0,20737003.0,20737003.0,-11.36,-8.93,30.51,1496369664
ParallelCoin,DUO,572,0.0749601,0.00003125,360.904,21550.0,287489.0,287489.0,1.63,6.42,-30.69,1496369666
Litecred,LTCR,573,0.000677395,0.00000028,136.747,20476.0,30227750.0,30227750.0,1.04,-23.79,162.72,1496369668
Flaxscript,FLAX,574,0.00369358,0.00000154,1.89236,20300.0,5495888.0,5495888.0,1.69,-4.4,9.36,1496369664
MindCoin,MND,575,0.00160707,0.00000067,0.240077,20163.0,12546625.0,12546625.0,0.7,2.69,-1.89,1496369668
VIP Tokens,VIP,576,0.000239861,0.00000010,0.239861,20016.0,83450403.0,83450403.0,0.7,2.69,5.84,1496369669
SongCoin,SONG,577,0.000610782,0.00000025,184.751,19890.0,32565300.0,32565300.0,0.76,16.01,-12.13,1496369661
Prototanium,PR,578,0.1001,0.00004173,288.047,19466.0,194462.0,194462.0,0.29,2.7,5.42,1496369666
DAPPSTER,DLISK,579,0.000191889,0.00000008,0.239861,19189.0,100000000.0,100000000.0,0.7,2.69,-8.95,1496369675
PLNcoin,PLNC,580,0.00110336,0.00000046,1.17069,18856.0,17089600.0,19089600.0,0.7,4.97,17.58,1496369651
Magnum,MGM,581,0.00516496,0.00000225,,18734.0,3627090.0,253627090.0,,,37.85,1496272491
LeaCoin,LEA,582,0.0000672364,0.00000003,41.3661,18570.0,276193289.0,276193289.0,1.18,43.76,0.49,1496369662
Impact,IMX,583,0.000167903,0.00000007,52.7694,18354.0,109314611.0,109314611.0,0.7,-15.1,-31.17,1496369688
IslaCoin,ISL,584,0.0119849,0.00000509,,18142.0,1513704.0,1513704.0,,0.75,-15.57,1496344164
Alexium,AUM,585,0.000887485,0.00000037,1.22876,18014.0,20297336.0,20297336.0,0.7,-0.01,9.96,1496369664
Luna Coin,LUNA,586,0.0146439,0.00000611,84.9281,17974.0,1227386.0,1227386.0,0.85,0.17,-17.04,1496369682
SecretCoin,SCRT,587,0.00424554,0.00000177,0.424554,17953.0,4228672.0,4228672.0,0.7,4.46,31.5,1496369667
BipCoin,BIP,588,0.0126647,0.00000528,42.7559,17020.0,1343889.0,1343889.0,0.7,-4.37,-39.1,1496369680
Halcyon,HAL,589,0.0036219,0.00000151,14.8263,16834.0,4647743.0,4647743.0,0.7,1.4,-20.43,1496369656
GameBet Coin,GBT,590,0.000791541,0.00000033,0.659594,16830.0,21262780.0,22262780.0,-5.05,,1.04,1496369671
Vector,VEC2,591,0.00105539,0.00000044,112.899,16718.0,15840509.0,15840509.0,0.7,-47.84,-46.88,1496369665
Steps,STEPS,592,0.000887485,0.00000037,0.443743,16529.0,18625017.0,18625017.0,0.66,2.71,3.85,1496369665
Sling,SLING,593,0.0150393,0.00000627,14.1935,16154.0,1074095.0,1074095.0,0.7,2.37,14.56,1496369662
Orlycoin,ORLY,594,0.00043175,0.00000018,0.983933,15822.0,36646779.0,36646779.0,0.7,2.69,7.07,1496369672
Metal Music Coin,MTLMC3,595,0.000190268,0.00000008,23.8797,15168.0,79719140.0,79719140.0,0.7,34.62,53.74,1496369663
Blackstar,BSTAR,596,0.0000239861,0.00000001,104.274,15130.0,630795971.0,630795971.0,0.7,2.69,1.04,1496369682
AnarchistsPrime,ACP,597,0.00340907,0.00000142,286.816,14982.0,4394874.0,4394874.0,0.7,4.14,6.82,1496369664
Creatio,XCRE,598,0.000730099,0.00000030,84.3364,14982.0,20520514.0,20520514.0,0.7,-41.02,-43.09,1496369682
BowsCoin,BSC,599,0.00268644,0.00000112,1.80174,14910.0,5550102.0,5550102.0,0.7,,64.01,1496369664
Sprouts,SPRTS,600,0.0000000830,0.00000000003,34.9574,14457.0,174165719915,174165719915,1.81,66.52,-73.89,1496369664
MustangCoin,MST,601,0.0229932,0.00000959,41.9982,14456.0,628704.0,628704.0,0.7,-1.0,-45.86,1496369678
Scorecoin,SCORE,602,0.000858482,0.00000036,26.109,14295.0,16651760.0,16651760.0,0.7,-18.5,-15.6,1496369689
FuzzBalls,FUZZ,603,0.00294993,0.00000123,309.009,14248.0,4829945.0,4829945.0,2.12,-3.59,-3.94,1496369671
Firecoin,FIRE,604,0.144108,0.00006008,2.61204,14182.0,98412.0,98412.0,0.7,2.76,-51.71,1496369655
GuccioneCoin,GCC,605,0.000695597,0.00000029,2.4456,14111.0,20285537.0,23775537.0,0.7,-6.94,-9.08,1496369665
GPU Coin,GPU,606,0.000340545,0.00000014,195.773,13784.0,40477042.0,51530001.0,26.61,12.44,34.38,1496369673
BitQuark,BTQ,607,0.0018949,0.00000079,34.7885,13559.0,7155671.0,7155671.0,0.7,5.36,-44.18,1496369653
BlazeCoin,BLZ,608,0.0000219877,0.000000009,3.28187,13381.0,608557394.0,608557394.0,0.86,4.27,0.77,1496369654
OsmiumCoin,OS76,609,0.0147994,0.00000617,9.58496,13231.0,894026.0,894026.0,0.7,2.69,7.86,1496369666
BitTokens,BXT,610,0.0251854,0.00001050,6.01444,13070.0,518970.0,518970.0,0.7,-21.16,155.65,1496369676
Speedcash,SCS,611,0.0492845,0.00002060,11.7279,12864.0,261021.0,476108.0,0.37,2.61,19.73,1496369393
Cannation,CNNC,612,0.00523128,0.00000219,129.423,12836.0,2453745.0,2453745.0,0.37,-51.27,-55.75,1496369394
JobsCoin,JOBS,613,0.00011993,0.00000005,126.407,12715.0,106019270.0,200019300.0,0.7,28.37,68.4,1496369679
LetItRide,LIR,614,0.000359791,0.00000015,128.913,12688.0,35264112.0,35264112.0,0.7,40.03,26.3,1496369675
VapersCoin,VPRC,615,0.0000161996,0.000000007,14.0253,12638.0,780124964.0,1635124964.0,0.66,184.46,-31.76,1496369675
Solaris,XLR,616,0.0722995,0.00003014,299.612,12147.0,168012.0,268012.0,0.88,-3.92,-39.2,1496369688
TAGRcoin,TAGR,617,0.000311819,0.00000013,2.97965,12058.0,38669634.0,38669634.0,0.7,-16.56,-22.73,1496369664
TajCoin,TAJ,618,0.00206738,0.00000086,17.556,11923.0,5767194.0,5767194.0,-1.94,20.87,40.09,1496369676
WARP,WARP,619,0.0106258,0.00000443,2.6755,11638.0,1095224.0,1095224.0,0.7,6.04,6.83,1496369668
Cabbage,CAB,620,0.00110336,0.00000046,76.364,11585.0,10499996.0,10499996.0,0.7,6.2,-5.15,1496369671
Bitcoin 21,XBTC21,621,0.0145198,0.00000655,,11516.0,793108.0,7093108.0,,,-30.57,1496220571
Abncoin,ABN,622,0.164799,0.00006871,314.006,11157.0,67700.0,4734367.0,0.7,-12.89,-12.89,1496369684
Iconic,ICON,623,0.0182906,0.00000750,,10844.0,592894.0,592894.0,,4.41,-9.96,1496321984
Comet,CMT,624,0.0124055,0.00000517,2.1257,10828.0,872830.0,872830.0,0.7,0.98,,1496369673
EGO,EGO,625,0.000167903,0.00000007,0.515677,10074.0,60000001.0,60000001.0,0.7,19.81,1.04,1496369678
Money,$$$,626,0.000214402,0.00000009,34.9652,9838.0,45887218.0,45887218.0,-8.39,-7.85,-24.82,1496369666
Zonecoin,ZNE,627,0.00366987,0.00000153,3.02642,9475.0,2581970.0,2581970.0,0.7,134.51,22.08,1496369676
G3N,G3N,628,0.00124728,0.00000052,2.09895,9432.0,7561891.0,7561891.0,0.7,0.75,-2.7,1496369663
Shilling,SH,629,0.00290232,0.00000121,81.5527,9336.0,3216600.0,3216600.0,0.7,42.2,125.0,1496369677
Xonecoin,XOC,630,0.0220912,0.00000921,0.503684,9278.0,420000.0,420000.0,0.7,24.45,3.44,1496369676
High Voltage,HVCO,631,0.00611441,0.00000256,,9136.0,1494171.0,1694171.0,,2.26,78.77,1496333672
1CRedit,1CR,632,0.101845,0.00004246,2.39861,8984.0,88213.0,88213.0,0.7,2.74,-24.9,1496369670
Cashcoin,CASH,633,0.000244984,0.00000011,,8778.0,35831128.0,35831128.0,,,,1496155747
iBank,IBANK,634,0.00188531,0.00000079,,8534.0,4526324.0,4526324.0,,2.17,5.89,1496357683
DPAY,DPAY,635,0.0000959444,0.00000004,5.67775,7632.0,79541001.0,79541001.0,0.7,2.69,,1496369679
Hirocoin,HIRO,636,0.0000239861,0.00000001,2.39861,7470.0,311436408.0,311436408.0,0.7,2.69,-9.97,1496369650
ImpulseCoin,IMPS,637,0.000359791,0.00000015,39.1567,7284.0,20245510.0,20245510.0,0.7,2.69,37.78,1496369680
Future Digital Currency,FDC,638,0.0027584,0.00000115,11.993,7097.0,2572901.0,1002572901.0,0.7,4.51,-3.97,1496369683
JIO Token,JIO,639,0.00364589,0.00000152,358.303,6957.0,1908128.0,8888888.0,0.7,8.4,50.2,1496369683
PosEx,PEX,640,0.00280637,0.00000117,6.62086,6885.0,2453240.0,2453240.0,0.7,1.82,-6.18,1496369671
Dix Asset,DIX,641,0.0000000682,0.00000000003,31.3875,6823.0,100000000000,100000000000,4.7,7.62,-32.28,1496369683
Crypto,CTO,642,0.000671611,0.00000028,147.566,6661.0,9917377.0,9917377.0,0.7,-53.57,-65.06,1496369662
SydPak,SDP,643,0.0402247,0.00001677,213.681,6377.0,158532.0,158532.0,0.67,25.07,22.92,1496369664
Argus,ARGUS,644,0.00515908,0.00000215,194.317,5924.0,1148324.0,5194373.0,0.69,-65.87,-9.39,1496369686
Coinonat,CXT,645,0.0027912,0.00000116,195.24,5908.0,2116502.0,8116502.0,-2.15,-1.87,-5.06,1496369689
Printerium,PRX,646,0.000647624,0.00000027,13.9449,5877.0,9074428.0,9074428.0,0.7,-6.15,-23.85,1496369685
Elysium,ELS,647,0.00139073,0.00000058,9.61536,5570.0,4005012.0,4005012.0,0.7,19.08,-11.57,1496369685
Antilitecoin,ALTC,648,0.000167903,0.00000007,9.53382,5291.0,31512613.0,31512613.0,0.7,19.81,-11.59,1496369670
Concoin,CONX,649,0.00762046,0.00000318,131.42,5242.0,687849.0,1538849.0,0.69,9.93,24.95,1496369689
Qibuck Asset,QBK,650,0.00349184,0.00000146,34.9184,5085.0,1456187.0,2000000.0,3.04,18.6,-34.17,1496369393
GanjaCoin,420G,651,0.00719583,0.00000300,79.1541,4843.0,672975.0,1741116.0,0.7,-66.0,-78.06,1496369659
Save and Gain,SANDG,652,0.00141989,0.00000064,,4352.0,3064800.0,3064800.0,,,17.28,1496226272
GeertCoin,GEERT,653,0.00081551,0.00000034,113.282,4149.0,5087639.0,5087639.0,0.69,-5.94,-2.19,1496369687
BioBar,BIOB,654,0.0044854,0.00000187,52.5137,3973.0,885756.0,985756.0,-19.34,-23.77,4.93,1496369687
NodeCoin,NODC,655,0.00221639,0.00000097,,3720.0,1678439.0,5878439.0,,,41.46,1496270080
Revenu,REV,656,0.00272794,0.00000116,,3261.0,1195525.0,1195525.0,,0.68,-67.78,1496336068
Pulse,PULSE,657,0.000222489,0.00000009,53.2474,3181.0,14298972.0,14298972.0,1.4,-38.42,-75.66,1496369670
Selfiecoin,SLFI,658,0.0000239861,0.00000001,0.719583,2586.0,107829281.0,107829281.0,0.7,2.69,1.04,1496369661
P7Coin,P7C,659,0.0000719583,0.00000003,0.897056,2534.0,35220238.0,35220238.0,0.7,,,1496369662
Californium,CF,660,0.0204841,0.00000854,174.182,2276.0,111110.0,111110.0,0.82,8.27,7.55,1496369662
Enigma,XNG,661,0.131492,0.00005482,180.693,2186.0,16627.0,66627.0,0.7,70.34,,1496369671
Doubloon,BOAT,662,0.000525115,0.00000022,293.316,1863.0,3547845.0,18547845.0,0.71,-10.19,-36.79,1496369686
Dollar Online,DOLLAR,663,0.0153031,0.00000638,113.845,1352.0,88379.0,10088379.0,0.7,-2.79,47.91,1496369682
Impeachcoin,IMPCH,664,0.00412561,0.00000172,35.3243,1271.0,308179.0,2501512.0,40.82,47.19,-40.26,1496369685
23 Skidoo,CHAO,665,3621.96,1.51003,151.013,915.0,0.0,0.0,0.7,2.69,-62.33,1496369665
Zcashshare,ZHS,666,0.000215875,0.00000009,2.15112,610.0,2826000.0,2826000.0,0.7,2.69,,1496369681
Digital Credits,DGCS,667,0.0000959444,0.00000004,216.096,559.0,5826388.0,201284316.0,0.7,-17.85,-42.31,1496369667
SwapToken,TOKEN,668,0.0000123717,0.000000005,68.8415,434.0,35110531.0,35110531.0,1.6,-40.71,909.66,1496369674
CRTCoin,CRT,669,0.00479722,0.00000200,0.0000000240,380.0,79270.0,10079270.0,0.7,2.69,1.04,1496369651
PizzaCoin,PIZZA,670,0.000215875,0.00000009,26.6805,297.0,1377917.0,10127917.0,0.7,32.03,29.91,1496369676
Xenixcoin,XEN,671,0.015591,0.00000650,79.1541,157.0,10100.0,10010100.0,0.7,,-60.04,1496369682
CaliphCoin,CALC,672,0.000851474,0.00000035,52.9114,74.0,87140.0,148587140.0,0.7,-12.53,-30.56,1496369679
MikeTheMug,MUG,673,0.0000051456,0.000000002,,5.0,999279.0,1000000.0,,,,1496047185
BTCGold,XBG,674,0.135317,0.00005656,156.869,,,99000001.0,0.37,-33.99,-44.66,1496369393
Project-X,NANOX,675,593328.0,248.0,3761.74,,,1.0,0.27,-17.97,,1496369393
Internet of Things,XOT,676,1197.52,0.499257,1609.18,,,21000000.0,0.16,19.81,42.65,1496369690
AMIS,AMIS,677,280.818,0.117377,0.447518,,,,-0.26,46.36,-38.63,1496369392
Bitcoin Unlimited (Futures),BTU,678,121.056,0.0504691,515.287,,,,0.08,-4.74,-32.88,1496369687
Malcoin,MALC,679,31.1828,0.0130339,42108.1,,,1000000000.0,0.37,2.53,0.91,1496369391
GoldUnionCoin,GUC,680,19.3789,0.0081,20927.5,,,210000000.0,0.37,-9.43,-8.44,1496369391
ZenCash,ZEN,681,10.6547,0.00445346,3285.97,,,1386900.0,-5.41,,,1496369394
Qtum (Pre-Launch),QTUM,682,9.08894,0.00379901,37940200.0,,,100000000.0,9.79,85.26,89.77,1496369393
Fargocoin,FRGC,683,6.80367,0.0028365,472534.0,,,443750307.0,0.15,-4.66,-2.4,1496369683
EcoCoin,ECO,684,3.79616,0.00158672,128734.0,,,1093895.0,-2.48,14.65,-19.13,1496369393
Internet of People,IOP,685,3.6655,0.00152818,3065.0,,,2139403.0,0.7,1.09,48.26,1496369680
DECENT (Pre-Launch),DCT,686,2.84037,0.00118417,3502.21,,,73290000.0,0.7,33.59,-33.53,1496369682
PRIZM,PZM,687,1.03859,0.00043411,31839.7,,,,0.27,-2.19,0.87,1496369393
Bitcore,BTX,688,1.03409,0.00043223,27555.7,,,16359878.0,0.32,-11.75,-54.76,1496369392
OBITS.WARRANT,WARRANT,689,1.00256,0.00045776,,,,,,,,1496189094
DynamicCoin,DMC,690,0.997944,0.00041605,278003.0,,,10541442931.0,-0.0,-0.06,-0.1,1496369680
Databits,DTB,691,0.808331,0.000337,145247.0,,,,0.7,1.08,7.57,1496369688
Bitgem,BTG,692,0.792141,0.00033025,22.2696,,,,0.7,-3.17,-15.41,1496369644
Aeternity (Pre-Launch),AE,693,0.693811,0.00029,1350.16,,,,0.37,,,1496369394
TechShares,THS,694,0.595415,0.00024823,54.2547,,,646359158.0,0.4,-2.74,-10.42,1496369677
GAY Money,GAY,695,0.581116,0.00024227,47.4749,,,5603040054.0,22.02,-13.6,28.92,1496369678
XDE II,XDE2,696,0.572739,0.00023878,12.2648,,,42249.0,0.72,0.41,14.94,1496369688
TeslaCoilCoin,TESLA,697,0.551416,0.00022989,153.873,,,100000000.0,0.7,2.69,44.99,1496369672
LEOcoin,LEO,698,0.467936,0.00019509,223440.0,,,92898701.0,-1.45,4.84,15.1,1496369664
WA Space,WA,699,0.39589,0.00016505,35846.5,,,,0.69,5.73,31.57,1496369681
ClubCoin,CLUB,700,0.285724,0.00011912,36790.9,,,90899180.0,0.72,2.37,-7.98,1496369667
Yogold,YOG,701,0.263703,0.00010994,10.3704,,,100000000.0,0.7,2.69,-56.87,1496369688
ZenGold,ZENGOLD,702,0.253893,0.00010612,1720.88,,,,-5.0,-8.3,,1496369394
TROPTIONS,TROPTIONS,703,0.248173,0.00010598,,,,1000000001.0,,44.17,49.39,1496287780
InvisibleCoin,IVZ,704,0.239861,0.0001,57.9494,,,,0.7,19.87,,1496369666
Zilbercoin,ZBC,705,0.235369,0.00009813,744525.0,,,9008855.0,-1.16,20.34,-33.18,1496369685
Quartz,QRZ,706,0.191396,0.00008000,2407.03,,,21000000.0,0.37,-59.54,,1496369394
Golos Gold,GBG,707,0.164784,0.00006870,9747.41,,,,2.37,24.63,-7.44,1496369685
Pabyosi Coin (Special),PCS,708,0.159795,0.00006662,5189.36,,,30993751760.0,0.78,-19.73,34.16,1496369682
AlpaCoin,APC,709,0.150825,0.00006288,380.928,,,,1.14,3.02,15.74,1496369669
Tattoocoin (Limited Edition),TLE,710,0.129192,0.00005400,0.239245,,,975531.0,0.37,57.59,45.34,1496369391
EquiTrader,EQT,711,0.1268,0.00005300,90605.6,,,7661280.0,0.37,6.55,6.83,1496369393
Wowecoin,WEC,712,0.104,0.00004336,12085.9,,,8901692.0,-0.0,-0.0,1.51,1496369675
LandCoin,LDCN,713,0.0964253,0.00004020,28252.8,,,19003881978.0,1.83,44.58,172.43,1496369684
DeusCoin,DEUS,714,0.0880183,0.00003679,5960.06,,,,4.77,4.55,-24.7,1496369390
InsaneCoin,INSN,715,0.0877068,0.00003666,2282.52,,,18528250.0,2.61,55.45,24.36,1496369393
Omicron,OMC,716,0.0719583,0.00003000,0.393348,,,10134092.0,0.7,,49.23,1496369678
WavesGo,WGO,717,0.0670074,0.00002801,638.603,,,10000000.0,43.09,-10.91,-12.97,1496369391
Elacoin,ELC,718,0.0420728,0.00001727,,,,,,4.3,39.48,1496326751
Topaz Coin,TOPAZ,719,0.0395523,0.00001653,97.1407,,,37939.0,0.36,-68.93,-75.29,1496369392
Fazzcoin,FAZZ,720,0.0390351,0.00001632,179.746,,,1022574800.0,-0.51,-1.41,-56.33,1496369391
International Diamond,XID,721,0.0380899,0.00001588,2404.0,,,,0.7,2.13,,1496369676
CryptoBuck,BUK,722,0.0332033,0.00001384,0.472085,,,,1.81,46.26,49.49,1496369659
DeltaCredits,DCRE,723,0.0291911,0.00001217,2.04424,,,,0.7,-3.49,,1496369665
President Johnson,GARY,724,0.0283443,0.00001182,115.706,,,57968072167.0,0.7,2.06,14.37,1496369676
IvugeoCoin,IEC,725,0.0238662,0.00000995,0.792544,,,,0.7,3.21,,1496369662
RHFCoin,RHFC,726,0.0234703,0.00000981,17376.5,,,200156890.0,0.68,-22.74,-18.25,1496369390
EDRCoin,EDRC,727,0.0226234,0.00000943,12766.8,,,3407292.0,-6.12,-28.35,-23.88,1496369671
ShellPay,SHELL,728,0.0202786,0.00000845,12256.0,,,,-3.5,-3.74,-19.17,1496369663
Lepaoquan,HLB,729,0.0193234,0.00000806,581253.0,,,935498493.0,1.43,3.17,-34.2,1496369683
Avoncoin,ACN,730,0.0191649,0.00000799,2493.09,,,,0.7,-0.76,-0.94,1496369685
Gycoin,GYC,731,0.0181884,0.00000758,15134.9,,,22213403.0,13.02,1.35,-10.02,1496369674
KolschCoin,TP1,732,0.0147961,0.00000620,,,,,,2.17,39.44,1496357661
PiCoin,PI,733,0.0143547,0.00000600,31.1019,,,1378369.0,0.37,201.51,101.56,1496369393
Mind Gene,MG,734,0.0129525,0.00000540,10963.6,,,,-1.13,3.68,5.24,1496369678
Digitalfund,DTF,735,0.0124904,0.00000521,12477.3,,,54000053.0,-14.14,1.28,-37.9,1496369676
Sharkcoin,SAK,736,0.00997312,0.00000416,2312.64,,,,7.12,16.79,17.61,1496369661
9COIN,9COIN,737,0.00949803,0.00000397,590.084,,,350050250.0,0.37,60.26,92.97,1496369392
First Bitcoin,BIT,738,0.00782715,0.00000326,698.868,,,20706894371.0,0.7,60.04,55.65,1496369676
Opal,OPAL,739,0.00757953,0.00000316,2969.23,,,,3.14,18.87,15.69,1496369657
Tyrocoin,TYC,740,0.00748837,0.00000313,52.6339,,,50131700.0,0.37,,,1496369391
Slimcoin,SLM,741,0.00647624,0.00000270,11.993,,,13925626.0,0.7,,45.11,1496369660
Goldpay Coin,GP,742,0.00637747,0.00000267,17318.0,,,,2.82,2.05,-20.58,1496369393
Psilocybin,PSY,743,0.00634604,0.00000265,,,,,,2.53,9.26,1496352269
Helleniccoin,HNC,744,0.00633233,0.00000264,8879.81,,,,0.7,-21.0,63.65,1496369664
Xaucoin,XAU,745,0.00578065,0.00000241,0.924904,,,,0.7,3.12,15.96,1496369662
EggCoin,EGG,746,0.00562322,0.00000237,,,,,,1.58,,1496295864
GBCGoldCoin,GBC,747,0.005,0.00000208,40.3805,,,,0.0,-23.75,-32.21,1496369667
Axiom,AXIOM,748,0.00479722,0.00000200,23.4283,,,,0.7,3.21,-1.39,1496369664
GoldReserve,XGR,749,0.00426952,0.00000178,1749.65,,,17161410.0,-0.97,2.05,-2.59,1496369654
netBit,NBIT,750,0.00422155,0.00000176,0.342521,,,,0.7,6.95,28.86,1496369681
BagCoin,BGC,751,0.00409539,0.00000171,67168.0,,,497214120.0,-2.71,-11.77,-11.06,1496369675
Bitcoin Scrypt,BTCS,752,0.00405365,0.00000169,5.42852,,,,0.7,12.39,-0.72,1496369650
Dashs,DASHS,753,0.00399539,0.00000167,88.8684,,,,0.37,-37.73,3.2,1496369391
AvatarCoin,AV,754,0.00352518,0.00000159,,,,,,,20.73,1496159368
ZSEcoin,ZSE,755,0.00311305,0.00000130,144.024,,,6379280.0,9.74,-6.94,-60.33,1496369688
President Trump,PRES,756,0.00273796,0.00000114,241.161,,,57968072167.0,8.97,-1.81,-23.09,1496369675
Quotient,XQN,757,0.00263847,0.00000110,59.9202,,,,0.7,,-22.28,1496369659
Clinton,CLINT,758,0.0025905,0.00000108,3.88575,,,,0.7,2.69,16.09,1496369671
RoyalCoin 2,RYCN,759,0.00245848,0.00000103,,,,2500124.0,,2.19,-10.51,1496333388
Neptune Classic,NTCC,760,0.00244658,0.00000102,1170.74,,,,0.7,1.66,90.36,1496369686
BitcoinFast,BCF,761,0.00239493,0.00000100,304.414,,,,0.7,-27.42,-32.35,1496369659
GameLeagueCoin,GML,762,0.00237139,0.00000103,,,,,,,13.52,1496142551
OCOW,OCOW,763,0.00227517,0.00000099,,,,,,,-0.08,1496142268
TrickyCoin,TRICK,764,0.00218273,0.00000091,13.7524,,,,0.7,-1.63,-22.73,1496369663
VGINA,VGINA,765,0.0021059,0.00000095,,,,11603228.0,,,,1496238289
RichCoin,RICHX,766,0.00210122,0.00000093,,,,5925522.0,,,,1496167172
Mavro,MAVRO,767,0.00168043,0.00000070,,,,15005722.0,,2.78,5.69,1496349588
Condensate,RAIN,768,0.00162024,0.00000068,743.847,,,42978104.0,1.22,1.12,-21.89,1496369393
Motocoin,MOTO,769,0.0015194,0.00000063,1.33159,,,,0.7,102.58,191.62,1496369652
Digital Bullion Gold,DBG,770,0.00143917,0.00000060,15.8541,,,24523275.0,0.7,36.92,24.22,1496369673
Advanced Internet Blocks,AIB,771,0.00138829,0.00000058,42.5744,,,31411916488.0,0.7,-18.04,-34.29,1496369663
MMXVI,MMXVI,772,0.00134322,0.00000056,77.3791,,,,0.7,-15.72,-61.62,1496369670
UR,UR,773,0.00131924,0.00000055,177.622,,,,0.7,-1.84,2.8,1496369687
RoyalCoin,ROYAL,774,0.00119704,0.00000050,109.057,,,2500124.0,0.7,28.12,13.78,1496369679
Alphabet Coin Fund,FUN,775,0.00115181,0.00000048,,,,20742012.0,,2.73,12.88,1496362472
TodayCoin,TODAY,776,0.00110336,0.00000046,54.0632,,,,0.7,-22.91,-12.42,1496369676
BestChain,BEST,777,0.00105404,0.00000044,94.6209,,,20042911.0,0.55,-19.93,25.64,1496369688
True Investment Coin,TIC,778,0.0010314,0.00000043,18.7543,,,,0.7,2.69,3.23,1496369686
Skeincoin,SKC,779,0.0010314,0.00000043,0.0518579,,,,0.7,,,1496369650
RubleBit,RUBIT,780,0.00098343,0.00000041,18.4733,,,,0.7,10.8,42.85,1496369667
Bitcedi,BXC,781,0.00097638,0.00000041,32.8189,,,,0.58,-2.79,,1496369672
The Aladin,ADT,782,0.000892522,0.00000032,,,,,,,,1495722585
SportsCoin,SPORT,783,0.000863571,0.00000036,,,,19800001.0,,2.7,25.44,1496353177
Braincoin,BRAIN,784,0.000839513,0.00000035,8.10919,,,,0.7,2.69,26.3,1496369671
Dubstep,DUB,785,0.000815527,0.00000034,7.52979,,,,0.7,,,1496369663
Donationcoin,DON,786,0.000815527,0.00000034,20536.6,,,,2.2,,,1496369653
WeAreSatoshi,WSX,787,0.000767555,0.00000032,150.537,,,,0.7,,-6.45,1496369656
IrishCoin,IRL,788,0.000767555,0.00000032,446.348,,,,-4.52,,,1496369663
FrankyWillCoin,FRWC,789,0.000743569,0.00000031,0.263823,,,,0.7,2.69,11.87,1496369675
Lazaruscoin,LAZ,790,0.000743569,0.00000031,14.4147,,,,0.7,9.77,,1496369678
KashhCoin,KASHH,791,0.000732151,0.00000031,11325.3,,,,1.99,43.96,123.12,1496369685
Opescoin,OPES,792,0.000671611,0.00000028,0.532467,,,,0.7,2.69,,1496369668
Quebecoin,QBC,793,0.000623638,0.00000026,19.7945,,,,0.7,1.75,0.04,1496369651
Vsync,XVS,794,0.000522868,0.00000022,229.419,,,103334172.0,1.24,18.44,-28.11,1496369689
CBD Crystals,CBD,795,0.000514498,0.00000021,72.6231,,,,2.1,-76.93,20.41,1496369681
Cubits,QBT,796,0.000503695,0.00000021,15.1121,,,,0.7,14.46,-7.21,1496369679
BlazerCoin,BLAZR,797,0.000479722,0.00000020,20.1663,,,,6.0,86.71,68.47,1496369689
T-coin,TCOIN,798,0.000455736,0.00000019,5901.21,,,,0.7,14.77,6.13,1496369682
MarxCoin,MARX,799,0.000451507,0.00000019,333.802,,,29128280.0,4.5,30.29,-11.09,1496369686
BitAlphaCoin,BAC,800,0.000415255,0.00000017,33.7534,,,,-0.73,-34.48,-45.38,1496369668
DarkLisk,DISK,801,0.000383777,0.00000016,3.28609,,,17888425.0,0.7,,15.48,1496369672
UGAIN,GAIN,802,0.000359791,0.00000015,0.263823,,,,0.7,2.69,,1496369676
Gambleo,GMB,803,0.000335805,0.00000014,1.19882,,,,,3.15,,1496369687
PrismChain,PRM,804,0.000335805,0.00000014,70.4251,,,,0.7,23.21,-80.63,1496369672
Sakuracoin,SKR,805,0.000335755,0.00000014,107.771,,,,2.53,7.34,14.75,1496369680
GoldMaxCoin,GMX,806,0.000332413,0.00000014,,,,84078950.0,,1.65,-31.54,1496346877
The Vegan Initiative,XVE,807,0.000311064,0.00000013,1164.77,,,,6.61,55.32,87.26,1496369689
Cycling Coin,CYC,808,0.000287833,0.00000012,0.263823,,,,0.7,12.03,1.04,1496369664
Operand,OP,809,0.000287833,0.00000012,10.607,,,36309296.0,0.7,-17.85,,1496369671
Happy Creator Coin,HCC,810,0.000264513,0.00000011,175.26,,,,0.7,25.83,-26.47,1496369674
President Sanders,BURN,811,0.000239861,0.00000010,134.057,,,57968072167.0,0.7,28.37,-40.07,1496369683
Grumfork,GMF,812,0.000239245,0.00000010,2.39245,,,,0.37,2.51,-28.02,1496369391
TeraCoin,TERA,813,0.000215875,0.00000009,3874.19,,,,0.7,-6.47,-0.8,1496369686
MobileCash,MBL,814,0.000215875,0.00000009,3.60221,,,1068669648.0,0.7,32.03,29.96,1496369678
Moneta,MONETA,815,0.000191889,0.00000008,0.503948,,,,0.7,17.36,-19.17,1496369666
AsicCoin,ASC,816,0.000190727,0.00000008,,,,,,5.41,0.93,1496332743
LAthaan,LTH,817,0.000167903,0.00000007,137.807,,,,0.7,-20.13,,1496369679
TheCreed,TCR,818,0.0000959444,0.00000004,17.0269,,,,-5.24,2.69,34.72,1496369671
TeamUp,TEAM,819,0.0000959444,0.00000004,3.90664,,,301004896.0,0.7,,102.08,1496369679
Wowcoin,WOW,820,0.0000959444,0.00000004,147.562,,,,0.7,2.69,102.08,1496369681
LinkedCoin,LKC,821,0.0000959444,0.00000004,32.5324,,,,0.7,2.69,1.04,1496369675
Halloween Coin,HALLO,822,0.0000858439,0.00000004,114.526,,,264606109.0,3.37,-4.11,-17.99,1496369394
LePen,LEPEN,823,0.0000552974,0.00000002,178.593,,,,0.7,39.68,55.69,1496369684
PinkDog,PDG,824,0.0000479722,0.00000002,21.8183,,,,0.7,-48.65,102.16,1496369685
PokeCoin,POKE,825,0.0000479722,0.00000002,133.048,,,,0.7,,1.04,1496369675
CyberCoin,CC,826,0.0000479722,0.00000002,1.91889,,,549267534.0,0.7,2.69,1.04,1496369662
Global Business Revolution,GBRC,827,0.0000479722,0.00000002,14.5356,,,900096049.0,0.7,2.69,8.71,1496369680
PayPeer,PAYP,828,0.0000479722,0.00000002,16.2305,,,,0.7,-31.54,,1496369670
MoneyCoin,MONEY,829,0.0000479722,0.00000002,45.1953,,,,0.66,-31.54,-21.41,1496369681
Tellurion,TELL,830,0.0000479722,0.00000002,0.719583,,,,0.7,2.69,,1496369678
Cashme,CME,831,0.0000479722,0.00000002,0.719583,,,,0.7,105.38,,1496369667
InflationCoin,IFLT,832,0.0000400990,0.00000002,1645.68,,,3244837508.0,-2.85,-11.29,-38.81,1496369683
UNCoin,UNC,833,0.0000282553,0.00000001,869.225,,,,0.68,3.4,-22.72,1496369661
VegasCoin,VGC,834,0.0000271574,0.00000001,0.0279721,,,,-0.06,-61.24,-77.31,1496369652
SuperTurboStake,STRB,835,0.0000239861,0.00000001,12.4728,,,,0.7,2.69,1.04,1496369669
Aces,ACES,836,0.0000239861,0.00000001,250.113,,,,0.7,2.15,-15.22,1496369676
FireFlyCoin,FFC,837,0.0000239861,0.00000001,53.7196,,,,0.7,-48.65,-49.48,1496369660
Safe Trade Coin,XSTC,838,0.0000239861,0.00000001,0.479722,,,604880000.0,0.7,2.69,1.71,1496369684
X2,X2,839,0.0000239861,0.00000001,4.20754,,,,0.7,,1.04,1496369668
Rcoin,RCN,840,0.0000239861,0.00000001,179.753,,,,0.7,2.69,1.04,1496369678
ChoofCoin,CHOOF,841,0.0000239861,0.00000001,140.596,,,,-49.65,2.69,-49.12,1496369680
SoulCoin,SOUL,842,0.0000239861,0.00000001,14.1254,,,,0.7,2.69,1.08,1496369672
Yescoin,YES,843,0.0000239777,0.000000010,584.88,,,,0.97,2.68,1.01,1496369684
President Clinton,HILL,844,0.0000236509,0.00000001,,,,57968072167.0,,1.26,-50.19,1496341776
Victoriouscoin,VTY,845,0.0000236256,0.000000010,122.202,,,10263290326.0,0.69,1.15,4.8,1496369678
FedoraShare,FEDS,846,0.0000233351,0.000000010,8287.77,,,499001346354,-0.0,-3.01,33.41,1496369677
Virtacoin,VTA,847,0.0000076229,0.000000003,116.417,,,12423206610.0,1.17,-56.56,-52.35,1496369656
XP,XP,848,0.0000026334,0.000000001,105.121,,,133635560466,64.95,315.64,837.71,1496369676
BatCoin,BAT,849,0.0000007556,0.0000000003,799.263,,,,1.54,,,1496369650
RabbitCoin,RBBT,850,0.0000005479,0.0000000002,71.3549,,,,6.15,32.82,5.78,1496369656
BitCentavo,NBE,851,0.0000004979,0.0000000002,2.74149,,,,-1.59,,-56.12,1496369657
Dimecoin,DIME,852,0.0000004088,0.0000000002,482.026,,,527097484176,0.58,-6.02,-94.36,1496369647
StrongHands,SHND,853,0.0000001250,0.00000000005,106.179,,,,-0.05,-34.67,,1496369666
Paccoin,PAC,854,0.0000000733,0.00000000003,494.024,,,,-0.52,8.76,43.08,1496369667
Bond,BOND,855,,,,,1349.0,1349.0,,,,
bitRUBLE,BITRUBLE,856,,,,,,,,,,
