Name,Symbol,Rank,Price(BTC),Price(USD),24HVolume,MarketCap,%Change_1h,%Change_24h,%Change_7d,LastUpdated
Bitcoin,BTC,1,2407.54,1.0,1562360000.0,39402461714.0,16366275.0,16366275.0,0.13,2.6,0.36,1496373252
Ethereum,ETH,2,228.567,0.0948834,764518000.0,21058359850.0,92132109.0,92132109.0,0.67,-1.87,26.15,1496373268
Ripple,XRP,3,0.33414,0.00013871,605208000.0,12905052811.0,38621693933.0,99994661895.0,2.4,21.6,17.21,1496373243
NEM,XEM,4,0.229241,0.00009516,15981300.0,2063169000.0,8999999999.0,8999999999.0,-0.04,5.8,2.56,1496373264
Ethereum Classic,ETC,5,17.4337,0.00723499,129355000.0,1607403510.0,92200939.0,92200939.0,0.71,-1.77,3.04,1496372974
Litecoin,LTC,6,29.1141,0.0120859,395476000.0,1495665045.0,51372532.0,51372532.0,1.1,11.02,-3.65,1496373248
Dash,DASH,7,138.705,0.0575793,36183300.0,1017014916.0,7332215.0,7332215.0,-0.39,-2.82,7.45,1496373248
Stratis,STRAT,8,6.6506,0.00276001,19627700.0,654472540.0,98408044.0,98408044.0,5.34,21.31,127.28,1496372974
Monero,XMR,9,44.3404,0.0184067,12803600.0,645582514.0,14559691.0,14559691.0,0.76,2.54,5.51,1496373254
Bytecoin,BCN,10,0.00286725,0.00000119,6476010.0,524613876.0,182967608679,182967608679,6.5,22.09,7.82,1496373257
Stellar Lumens,XLM,11,0.041635,0.00001728,39414100.0,402394442.0,9664811867.0,102940435314,1.19,9.29,-12.38,1496373259
Golem,GNT,12,0.470469,0.00019525,12137100.0,388076705.0,824872000.0,1000000000.0,0.86,5.53,8.64,1496372980
Zcash,ZEC,13,256.503,0.106449,23230400.0,367490245.0,1432694.0,1432694.0,1.84,4.67,6.49,1496372979
Waves,WAVES,14,3.59489,0.00149188,3119900.0,359489000.0,100000000.0,100000000.0,1.99,13.86,43.97,1496372973
Dogecoin,DOGE,15,0.00291313,0.00000121,23237200.0,319335908.0,109619518442,109619518442,0.33,5.1,-6.73,1496373246
Gnosis,GNO,16,251.883,0.104532,2734630.0,278227443.0,1104590.0,10000000.0,0.55,-3.17,8.61,1496372990
Augur,REP,17,24.159,0.0100289,4288690.0,265749000.0,11000000.0,11000000.0,0.64,3.35,-6.34,1496373270
Steem,STEEM,18,1.05095,0.00043614,2389900.0,246271278.0,234332059.0,251306153.0,0.64,2.76,-11.59,1496372971
Siacoin,SC,19,0.00875616,0.00000363,20707500.0,232026653.0,26498676659.0,26498676659.0,0.55,16.8,-3.83,1496373267
BitShares,BTS,20,0.0833758,0.00003461,17766100.0,216959673.0,2602190000.0,2602190000.0,0.35,21.12,1.05,1496373257
MaidSafeCoin,MAID,21,0.401855,0.00016682,1686470.0,181860450.0,452552412.0,452552412.0,0.22,-2.52,-3.81,1496373254
DigiByte,DGB,22,0.0223869,0.00000929,30879300.0,181491313.0,8107031908.0,8107031908.0,0.43,24.04,37.67,1496373247
Basic Attention Token,BAT,23,0.171164,0.00007103,3906860.0,171164000.0,1000000000.0,1500000000.0,0.79,,,1496372991
DigixDAO,DGD,24,85.4519,0.035473,1266230.0,170903800.0,2000000.0,2000000.0,1.65,7.49,-2.08,1496373274
GameCredits,GAME,25,2.59046,0.00107536,1875330.0,163264011.0,63025104.0,63025104.0,-0.41,0.66,-9.65,1496373260
Lisk,LSK,26,1.39572,0.0005794,2220200.0,150404902.0,107761515.0,107761515.0,2.68,12.7,9.64,1496373274
BitConnect,BCC,27,22.7243,0.00943059,2227250.0,146285691.0,6437412.0,6437412.0,1.6,5.14,44.76,1496372983
Ardor,ARDR,28,0.130064,0.00005398,2583600.0,129933870.0,998999495.0,998999495.0,-1.8,18.15,-2.88,1496372975
Decred,DCR,29,25.1603,0.0104446,2842290.0,126312922.0,5020327.0,5440327.0,0.86,9.46,9.26,1496373271
Factom,FCT,30,13.1162,0.00544484,1312170.0,114808971.0,8753219.0,8753219.0,0.08,2.94,-3.15,1496373269
Tether,USDT,31,1.03259,0.00042865,95430300.0,108415434.0,104993690.0,124951468.0,-0.16,-0.4,0.72,1496373263
SingularDTV,SNGLS,32,0.17904,0.00007430,275714.0,107424000.0,600000000.0,1000000000.0,-5.66,-0.19,6.73,1496372978
Iconomi,ICN,33,1.21668,0.00050492,853302.0,105851160.0,87000000.0,100000000.0,0.61,-0.15,4.03,1496372978
Byteball,GBYTE,34,523.977,0.217451,510595.0,99180394.0,189284.0,1000000.0,1.74,9.91,69.64,1496372982
Round,ROUND,35,0.108264,0.00004493,378875.0,92024400.0,850000000.0,1000000000.0,1.23,5.98,-21.31,1496372980
PIVX,PIVX,36,1.70386,0.00070731,928972.0,91217149.0,53535589.0,53535589.0,0.63,9.08,32.99,1496373272
FirstBlood,1ST,37,0.834581,0.00034635,4159050.0,71405390.0,85558371.0,93468691.0,-1.86,14.65,-0.2,1496372977
Aragon,ANT,38,2.05362,0.00085226,595180.0,69012243.0,33605167.0,39609523.0,-1.31,-3.96,-5.81,1496372991
AntShares,ANS,39,1.33521,0.00055411,9684380.0,66760500.0,50000000.0,100000000.0,2.02,29.14,19.44,1496372976
Nxt,NXT,40,0.0632475,0.00002626,2955520.0,63184251.0,998999983.0,998999983.0,1.34,9.0,-10.34,1496373245
SysCoin,SYS,41,0.11149,0.00004628,1485920.0,58550240.0,525161360.0,525161360.0,1.1,2.38,-15.08,1496373259
Komodo,KMD,42,0.538121,0.00022332,231649.0,54320899.0,100945510.0,100945510.0,-1.57,0.7,7.46,1496372983
iExec RLC,RLC,43,0.679344,0.00028193,623444.0,53036925.0,78070793.0,86999785.0,11.66,16.93,11.92,1496372989
Ubiq,UBQ,44,1.12526,0.00046712,1631390.0,41740347.0,37093957.0,37093957.0,12.67,24.36,152.48,1496373259
Wings,WINGS,45,0.441532,0.00018324,1444420.0,39609100.0,89708333.0,100000000.0,0.98,39.49,56.83,1496372983
Peercoin,PPC,46,1.61277,0.0006695,1473390.0,38903485.0,24122153.0,24122153.0,0.44,5.86,-6.96,1496373246
Emercoin,EMC,47,0.903015,0.00037486,790757.0,36262656.0,40157313.0,40157313.0,-0.51,5.08,-11.17,1496373258
Lykke,LKK,48,0.259531,0.00010771,522168.0,35731165.0,137675904.0,1285690000.0,0.13,5.44,13.9,1496372979
ReddCoin,RDD,49,0.00115786,0.00000048,1240570.0,33027965.0,28525007320.0,28525007320.0,-1.5,8.88,-28.85,1496373249
Melon,MLN,50,54.973,0.0228138,470063.0,32950816.0,599400.0,749400.0,0.38,-2.89,-3.97,1496372984
Storjcoin X,SJCX,51,0.643896,0.0002673,542113.0,32950183.0,51173144.0,500000000.0,0.88,3.68,4.28,1496373258
BitcoinDark,BTCD,52,25.0324,0.0103915,54162.7,32263314.0,1288862.0,1288862.0,2.4,6.6,10.49,1496373257
Ark,ARK,53,0.307735,0.00012771,376503.0,29327868.0,95302348.0,126552348.0,-0.99,11.76,20.32,1496372986
Counterparty,XCP,54,11.0347,0.00458076,1181550.0,28897205.0,2618758.0,2618758.0,-0.63,-8.72,-9.75,1496373253
Omni,OMNI,55,50.4171,0.0209292,11463100.0,28182173.0,558980.0,615296.0,-3.96,-18.11,151.21,1496373253
Xaurum,XAUR,56,0.246537,0.00010234,155883.0,28032327.0,113704341.0,113704341.0,1.41,-6.54,25.49,1496373264
Namecoin,NMC,57,1.75228,0.00072741,1076660.0,25822299.0,14736400.0,14736400.0,0.24,7.23,-4.15,1496373251
Nexus,NXS,58,0.506624,0.00021031,110897.0,25254198.0,49848009.0,49848009.0,-2.03,10.87,4.6,1496373262
Gulden,NLG,59,0.0720176,0.00002990,89717.1,24956284.0,346530345.0,448550500.0,-1.89,6.0,0.19,1496373252
Blocknet,BLOCK,60,6.23891,0.00258991,174064.0,24397359.0,3910516.0,3910516.0,-7.14,46.06,93.74,1496373261
Synereo,AMP,61,0.282022,0.00011707,549192.0,23198093.0,82256324.0,949291063.0,0.78,5.98,4.98,1496373270
EarthCoin,EAC,62,0.00239631,0.00000099,5784060.0,22397036.0,9346468332.0,9346468332.0,-0.97,7.48,-12.96,1496373248
YbCoin,YBC,63,7.24648,0.00300817,2149560.0,21886267.0,3020262.0,3020262.0,-0.18,9.65,-7.45,1496373247
WeTrust,TRST,64,0.2314,0.00009603,432623.0,21322932.0,92147500.0,100000000.0,-0.44,-3.85,-13.31,1496372989
Burst,BURST,65,0.0117749,0.00000489,5279250.0,20958742.0,1779950722.0,1779950722.0,-0.44,29.97,9.27,1496373259
E-Dinar Coin,EDR,66,0.0311421,0.00001292,344907.0,20565531.0,660377156.0,785377156.0,4.52,26.09,17.62,1496372976
Matchpool,GUP,67,0.270407,0.00011222,229640.0,20280525.0,75000000.0,98855150.0,0.02,11.01,-0.74,1496372987
TokenCard,TKN,68,0.834311,0.00034624,319884.0,19726496.0,23644056.0,39406760.0,-4.41,0.65,-17.58,1496372990
BlackCoin,BLK,69,0.257165,0.00010676,1148390.0,19587768.0,76168096.0,76168096.0,0.5,14.53,14.72,1496373252
Edgeless,EDG,70,0.241253,0.00010012,362989.0,19163314.0,79432438.0,132046997.0,-2.33,-2.24,-8.75,1496372987
PotCoin,POT,71,0.0844788,0.00003507,824845.0,18326706.0,216938522.0,216938522.0,-0.04,11.55,-16.17,1496373248
Nexium,NXC,72,0.27287,0.00011324,5030950.0,18151745.0,66521586.0,66521586.0,0.4,-17.96,37.58,1496372981
NAV Coin,NAV,73,0.295684,0.00012275,594101.0,18133986.0,61328939.0,61328939.0,-0.13,2.4,-7.64,1496373255
BitBay,BAY,74,0.0178739,0.00000742,63489.1,18008359.0,1007522653.0,1007522653.0,0.17,5.73,-5.01,1496373261
BCAP,BCAP,75,1.76347,0.00073184,137336.0,17634700.0,10000000.0,10000000.0,2.81,11.57,-6.38,1496372991
Expanse,EXP,76,2.41598,0.00100293,699379.0,17488413.0,7238642.0,16238642.0,0.58,-3.78,3.8,1496373268
Infinitecoin,IFC,77,0.000185091,0.00000008,4118880.0,16768555.0,90596274910.0,90596274910.0,-0.32,6.61,-9.53,1496373259
ZCoin,XZC,78,7.50497,0.00311457,1253970.0,16744188.0,2231080.0,2231080.0,0.69,-3.19,18.55,1496372978
Unity Ingot,UNY,79,0.0823407,0.00003417,138397.0,16632821.0,202000000.0,10000000000.0,0.53,3.62,65.07,1496372990
Agoras Tokens,AGRS,80,0.373047,0.00015486,17622.2,15667974.0,42000000.0,42000000.0,1.28,-5.34,1.77,1496373268
Pepe Cash,PEPECASH,81,0.022276,0.00000924,19870.9,15635168.0,701884009.0,701884009.0,-1.57,-9.83,-7.75,1496372978
OBITS,OBITS,82,1.05125,0.0004364,233359.0,15506318.0,14750362.0,16801100.0,-1.48,38.77,22.88,1496373270
Swarm City,SWT,83,2.30415,0.00095623,48235.5,15301640.0,6640904.0,6640904.0,-3.72,11.47,-16.68,1496372986
XtraBYtes,XBY,84,0.0235271,0.00000976,471901.0,15292615.0,650000000.0,650000000.0,1.68,36.97,261.45,1496372989
Verge,XVG,85,0.00113251,0.00000047,1166990.0,15186361.0,13409472280.0,13409472280.0,1.92,32.73,-10.53,1496373261
Humaniq,HMQ,86,0.120077,0.00004983,513212.0,14836914.0,123561662.0,184190414.0,-0.02,1.24,-37.1,1496372990
LBRY Credits,LBC,87,0.212829,0.00008832,550423.0,14584006.0,68524524.0,466424524.0,0.52,1.61,-3.88,1496372973
GridCoin,GRC,88,0.0373143,0.00001549,179171.0,14564247.0,390312753.0,390312753.0,2.23,3.34,10.98,1496373263
TaaS,TAAS,89,1.78307,0.00073998,153544.0,14524890.0,8146001.0,8146001.0,2.11,8.64,21.17,1496372986
Bankcoin,B@,90,3.40156,0.00141165,5593.06,14507926.0,4265080.0,25000000.0,3.06,3.75,-11.96,1496372986
MonaCoin,MONA,91,0.278644,0.00011567,28972.2,14078154.0,50523800.0,50523800.0,2.54,4.27,-5.89,1496373252
Chronobank,TIME,92,19.3034,0.00801093,474562.0,13707592.0,710113.0,710113.0,-1.62,7.71,15.31,1496372984
I/O Coin,IOC,93,0.836159,0.00034711,19938.6,13659642.0,16336177.0,16336177.0,0.38,7.38,4.77,1496373257
Radium,RADS,94,4.10392,0.00170363,814441.0,13322343.0,3246248.0,3246248.0,1.84,-10.72,8.17,1496373271
Waves Community Token,WCT,95,2.66226,0.00110484,11735.3,13311300.0,5000000.0,10000000.0,-5.6,16.21,32.95,1496372984
Etheroll,DICE,96,1.86794,0.0007752,6020.15,13078611.0,7001623.0,7001623.0,0.76,1.91,-17.37,1496372991
E-coin,ECN,97,4.55482,0.00189025,104330.0,12672184.0,2782148.0,211071040.0,0.63,7.86,3.15,1496372988
Vertcoin,VTC,98,0.365048,0.00015154,676549.0,12207508.0,33440831.0,33440831.0,1.33,4.06,-2.93,1496373248
Golos,GOLOS,99,0.0961193,0.00003989,26092.3,11828483.0,123060438.0,123060438.0,3.38,19.0,54.44,1496372980
Shift,SHIFT,100,1.07497,0.00044624,355742.0,11641302.0,10829420.0,10829420.0,3.56,15.48,96.11,1496373271
Bitland,CADASTRAL,101,0.386987,0.0001606,13113.0,11609610.0,30000000.0,30000000.0,-2.46,-6.38,133.63,1496372974
Pluton,PLU,102,13.108,0.00543984,163712.0,11141793.0,850000.0,20000000.0,-0.74,6.95,63.28,1496372976
MergeCoin,MGC,103,0.109175,0.00004531,1670070.0,10790473.0,98836480.0,103836480.0,0.41,6.85,-28.82,1496372990
DigitalNote,XDN,104,0.00156365,0.00000065,1885990.0,10760261.0,6881502419.0,6881502419.0,-3.25,-8.01,-14.95,1496373257
Clams,CLAM,105,4.67308,0.0019399,1592800.0,10754926.0,2301464.0,16206977.0,0.4,8.79,-14.17,1496373256
Mooncoin,MOON,106,0.0000447604,0.00000002,24223.3,9934321.0,221944408861,221944408861,1.51,1.66,-19.96,1496373248
LuckChain,BASH,107,0.013248,0.00000550,574509.0,9592803.0,724094426.0,724094426.0,-3.25,43.13,28.12,1496372980
FlorinCoin,FLO,108,0.07153,0.00002969,331301.0,9584991.0,133999591.0,133999591.0,0.35,0.72,-6.03,1496373244
Viacoin,VIA,109,0.410457,0.00017039,447744.0,9294990.0,22645466.0,22645466.0,2.42,6.73,-2.4,1496373257
Bitcrystals,BCY,110,0.397532,0.00016502,173752.0,9259085.0,23291422.0,23291422.0,-0.92,0.46,-9.89,1496373268
FedoraCoin,TIPS,111,0.0000203958,0.000000008,73294.8,9038770.0,443168182458,443168182458,-0.43,-3.6,-19.13,1496373247
HEAT,HEAT,112,0.342775,0.00014225,10169.0,9031515.0,26348232.0,26348232.0,0.29,-8.62,-15.75,1496372974
vSlice,VSL,113,0.268112,0.00011127,188496.0,8952393.0,33390496.0,33390496.0,-0.11,-9.05,-13.4,1496372980
SaluS,SLS,114,8.86248,0.00367901,123562.0,8893001.0,1003444.0,1003444.0,-6.5,58.22,40.19,1496373273
Energycoin,ENRG,115,0.0726292,0.00003015,4097.07,8783826.0,120940698.0,120940698.0,0.38,-3.51,25.7,1496373254
Rubycoin,RBY,116,0.358279,0.00014873,33510.1,8739171.0,24392082.0,24392082.0,0.38,1.78,10.57,1496373251
VeriCoin,VRC,117,0.288058,0.00011958,128351.0,8702590.0,30211243.0,30211243.0,1.03,10.27,-19.59,1496373255
DNotes,NOTE,118,0.0671578,0.00002788,233029.0,8317627.0,123851987.0,123851987.0,0.3,2.69,3.41,1496373252
Scotcoin,SCOT,119,0.00825559,0.00000343,6754.32,8255590.0,1000000000.0,1000000000.0,-0.73,36.66,743.94,1496373255
Crown,CRW,120,0.577475,0.00023972,26242.2,8000297.0,13853928.0,13853928.0,-0.54,2.5,-4.99,1496373261
NeosCoin,NEOS,121,2.38824,0.00099141,3555280.0,7992090.0,3346435.0,3346435.0,-0.53,10.85,13.62,1496373258
Primecoin,XPM,122,0.404518,0.00016793,534005.0,7815881.0,19321466.0,19321466.0,-0.57,3.95,-15.22,1496373242
Pascal Coin,PASC,123,0.772061,0.00032041,184839.0,7706250.0,9981400.0,9981400.0,0.5,3.72,-6.89,1496372980
SolarCoin,SLR,124,0.216154,0.00008973,84350.6,7600725.0,35163473.0,98034180204.0,0.32,-8.45,16.31,1496373253
VPNCoin,VASH,125,0.018832,0.00000782,1658770.0,7539198.0,400339746.0,400339746.0,-2.97,10.57,-15.89,1496373262
Skycoin,SKY,126,1.36859,0.00056797,64175.2,7453069.0,5445801.0,100000000.0,-14.64,-25.75,-28.63,1496372988
BelaCoin,BELA,127,0.206686,0.00008580,252779.0,7226352.0,34962950.0,34962950.0,0.87,5.21,-4.03,1496373252
Creditbit,CRB,128,0.590169,0.00024499,245788.0,7007868.0,11874342.0,11874342.0,-1.37,-15.38,-14.27,1496373271
Bitcoin Plus,XBC,129,71.8521,0.0298274,115501.0,6963355.0,96912.0,96912.0,1.4,6.49,-5.86,1496373254
Global Currency Reserve,GCR,130,0.0663259,0.00002753,22728.4,6810966.0,102689391.0,102689391.0,0.24,3.68,4.78,1496373268
Asch,XAS,131,0.0894903,0.00003714,171048.0,6711773.0,75000000.0,100000000.0,-0.13,6.58,-13.69,1496372988
Einsteinium,EMC2,132,0.0315013,0.00001308,128332.0,6640791.0,210810073.0,210810073.0,-0.29,2.32,-10.54,1496373251
Incent,INCNT,133,0.2883,0.00011964,160913.0,6633296.0,23008312.0,46016625.0,-0.57,6.02,25.97,1496372980
Aeon,AEON,134,0.461767,0.00019169,3648.16,6570252.0,14228501.0,14228501.0,-3.5,0.85,1.33,1496373267
Novacoin,NVC,135,3.73302,0.00154966,106573.0,6478876.0,1735559.0,1735559.0,-0.2,1.93,-13.99,1496373240
ZClassic,ZCL,136,4.31094,0.00178904,826746.0,6354972.0,1474150.0,1474150.0,2.31,-17.72,33.48,1496372979
Lunyr,LUN,137,2.76467,0.00114734,153044.0,6352805.0,2297853.0,2703356.0,-0.24,9.49,-7.53,1496372990
Feathercoin,FTC,138,0.0386622,0.00001605,151623.0,6332165.0,163781800.0,163781800.0,0.43,9.42,12.17,1496373242
SIBCoin,SIB,139,0.406097,0.00016858,16769.6,5947835.0,14646340.0,14646340.0,3.34,6.51,39.26,1496373268
Safe Exchange Coin,SAFEX,140,0.00264883,0.00000110,20513.3,5688319.0,2147483647.0,2147483647.0,2.69,-2.0,-6.34,1496373271
WorldCoin,WDC,141,0.0483299,0.00002006,154728.0,5538389.0,114595505.0,114595505.0,0.81,7.53,-17.22,1496373241
FirstCoin,FRST,142,1.74019,0.00072218,59651.7,5410259.0,3109005.0,110000000.0,-0.77,-6.5,8.5,1496372983
MonetaryUnit,MUE,143,0.0424079,0.00001760,34007.7,5152389.0,121495960.0,121495960.0,0.06,-1.45,-12.29,1496373262
Gambit,GAM,144,4.31008,0.00178921,11957.9,5102927.0,1183952.0,1183952.0,-0.56,-1.1,8.59,1496373265
FoldingCoin,FLDC,145,0.0104052,0.00000432,414484.0,5095863.0,489741985.0,1000000000.0,1.83,4.16,-6.11,1496373259
Blitzcash,BLITZ,146,1.25261,0.00051999,181773.0,5089939.0,4063467.0,4063467.0,0.81,37.49,306.76,1496373261
Auroracoin,AUR,147,0.585928,0.00024323,16133.5,5073046.0,8658139.0,8658139.0,0.05,2.65,-2.69,1496373251
OKCash,OK,148,0.0702854,0.00002918,421747.0,5030716.0,71575552.0,71575552.0,-2.2,6.18,142.8,1496373261
Janus,JNS,149,0.240002,0.00009960,6982.4,5023978.0,20933069.0,25201489.0,13.11,2.12,7.66,1496372983
PinkCoin,PINK,150,0.0152584,0.00000633,347097.0,4897036.0,320940350.0,370940350.0,0.21,5.75,-13.18,1496373254
ION,ION,151,0.342464,0.00014212,24733.7,4707500.0,13745970.0,19645970.0,-6.48,-10.35,-28.86,1496372973
RouletteToken,RLT,152,0.458093,0.00019011,27173.1,4623171.0,10092210.0,10092933.0,0.67,5.07,4.77,1496372991
Vcash,XVC,153,0.302483,0.00012557,152222.0,4613229.0,15251200.0,15251200.0,0.42,3.34,3.4,1496373263
Darcrus,DAR,154,0.334553,0.00013884,22151.8,4557870.0,13623762.0,13623762.0,0.31,14.88,6.82,1496372982
FairCoin,FAIR,155,0.0818554,0.00003398,3716.25,4346921.0,53104877.0,53104877.0,0.47,14.86,16.16,1496373253
Sphere,SPHR,156,1.38853,0.00057641,15156.1,4280755.0,3082940.0,3082940.0,0.38,18.27,62.23,1496373266
CloakCoin,CLOAK,157,0.852767,0.000354,21011.5,4266703.0,5003363.0,5003363.0,1.28,-1.66,17.33,1496373255
NautilusCoin,NAUT,158,0.254945,0.00010583,452066.0,4125010.0,16180000.0,16180000.0,1.11,2.53,21.75,1496373253
bitCNY,BITCNY,159,0.137304,0.00005700,443744.0,4021593.0,29289700.0,29289700.0,-0.09,0.34,-2.38,1496373259
SpreadCoin,SPR,160,0.494051,0.00020509,38777.9,4017612.0,8131979.0,8131979.0,3.32,27.22,28.94,1496373261
DubaiCoin,DBIX,161,4.46987,0.001855,19295.4,3885028.0,869159.0,869159.0,1.06,5.34,48.75,1496372987
Unobtanium,UNO,162,19.5539,0.00811725,70922.8,3866287.0,197725.0,197725.0,0.21,9.16,-9.01,1496373245
LoMoCoin,LMC,163,0.0185349,0.00000769,112097.0,3864193.0,208482002.0,293482002.0,0.68,6.76,-1.61,1496372977
Bitmark,BTM,164,0.98795,0.00041012,211470.0,3854171.0,3901180.0,3901180.0,-0.24,5.52,17.9,1496373258
APX,APX,165,4.15739,0.00172532,67682.7,3741651.0,900000.0,1000000.0,-1.0,2.25,24.65,1496372991
ArtByte,ABY,166,0.00481442,0.00000200,88485.8,3720214.0,772723250.0,772723250.0,-0.01,48.78,-2.76,1496373256
ICO OpenLedger,ICOO,167,7.85437,0.00325957,4750.22,3705652.0,471795.0,471795.0,1.55,16.02,-3.37,1496372972
Riecoin,RIC,168,0.101693,0.00004222,617974.0,3476403.0,34185275.0,34185275.0,1.66,6.74,7.03,1496373249
Quark,QRK,169,0.0132274,0.00000549,36800.2,3308187.0,250101047.0,250101047.0,-6.3,10.82,-31.39,1496373244
Circuits of Value,COVAL,170,0.00790129,0.00000328,81349.7,3160516.0,400000000.0,1200000000.0,-0.23,13.65,-1.31,1496373262
Zennies,ZENI,171,0.00315662,0.00000131,6737.03,3158766.0,1000679798.0,1000679798.0,2.4,3.35,2.96,1496372988
MUSE,MUSE,172,0.00227684,0.00000095,5079.01,3130292.0,1374840478.0,1524840478.0,-1.82,37.77,-27.51,1496373265
Diamond,DMD,173,1.45157,0.00060258,18843.7,3082793.0,2123765.0,2123765.0,0.38,1.29,1.45,1496373246
BitSend,BSD,174,0.19551,0.00008116,17541.6,2981479.0,15249750.0,15249750.0,1.62,3.11,26.25,1496373256
Wild Beast Block,WBB,175,1.27072,0.00052751,35632.1,2954045.0,2324702.0,2324702.0,0.38,2.35,-19.25,1496373263
Minereum,MNE,176,7.42611,0.00308184,255886.0,2942419.0,396226.0,396226.0,-9.09,144.37,169.86,1496372990
PoSW Coin,POSW,177,0.0709217,0.00002943,92709.0,2907790.0,41000000.0,70000000.0,-5.15,55.31,12.44,1496372981
Musicoin,MUSIC,178,0.0167536,0.00000695,63557.4,2866854.0,171118696.0,171118696.0,-2.3,5.68,5.06,1496372986
Zetacoin,ZET,179,0.0171489,0.00000712,320592.0,2849383.0,166155419.0,166155419.0,0.87,8.59,-3.78,1496373244
Megacoin,MEC,180,0.0841958,0.00003495,312641.0,2768901.0,32886450.0,32886450.0,1.21,7.92,-27.65,1496373243
Curecoin,CURE,181,0.114668,0.00004760,17294.2,2718548.0,23707987.0,23707987.0,0.11,2.63,-12.69,1496373254
Rise,RISE,182,0.0250543,0.00001040,104410.0,2690512.0,107387215.0,107387215.0,3.25,34.06,15.71,1496372973
BitBean,BITB,183,0.00130419,0.00000054,97990.6,2553693.0,1958068000.0,1958068000.0,-2.05,0.87,-25.55,1496373264
RaiBlocks,XRB,184,0.0332826,0.00001381,29380.8,2487290.0,74732457.0,340282367.0,0.33,0.46,6.45,1496372985
Zeitcoin,ZEIT,185,0.0000673251,0.00000003,4723.27,2445565.0,36324712261.0,36324712261.0,0.7,9.65,44.43,1496373252
Atmos,ATMS,186,0.0242168,0.00001005,184963.0,2423442.0,100072742.0,110072742.0,-0.1,2.8,6.55,1496372989
Veros,VRS,187,0.0281325,0.00001167,24133.1,2404961.0,85486938.0,10000000000.0,2.05,-19.96,-4.78,1496372979
Spectrecoin,XSPEC,188,0.117892,0.00004893,247035.0,2404388.0,20394833.0,20394833.0,0.79,0.18,9.0,1496372982
Cryptonite,XCN,189,0.00718587,0.00000298,278250.0,2354512.0,327658573.0,327658573.0,3.23,24.57,-21.13,1496373257
Steem Dollars,SBD,190,1.64567,0.00068296,747737.0,2323904.0,1412132.0,1412132.0,3.24,13.18,-5.66,1496372974
Mintcoin,MINT,191,0.0000954029,0.00000004,3645.82,2322715.0,24346382062.0,24346382062.0,0.39,34.62,-11.6,1496373251
Digitalcoin,DGC,192,0.0669184,0.00002778,123762.0,2301310.0,34389793.0,34389793.0,3.31,9.33,-10.42,1496373258
ZcCoin,ZCC,193,0.0369915,0.00001536,437381.0,2280787.0,61657044.0,61657044.0,1.02,8.97,-25.65,1496373257
Myriad,XMY,194,0.00152035,0.00000063,43055.0,2259235.0,1485996750.0,1485996750.0,-2.56,8.55,-27.55,1496373250
bitUSD,BITUSD,195,0.994177,0.0004127,206334.0,2178053.0,2190810.0,2190810.0,1.02,1.26,1.39,1496373259
BoostCoin,BOST,196,0.180742,0.00007503,95875.2,2142784.0,11855487.0,11855487.0,-1.01,2.57,-9.44,1496373256
Adzcoin,ADZ,197,0.0386761,0.00001606,6709.84,2121132.0,54843480.0,54843480.0,3.95,15.59,-3.54,1496373271
Espers,ESP,198,0.000104027,0.00000004,9750.23,2093718.0,20126679961.0,20126679961.0,-1.71,0.3,-19.87,1496373274
HunterCoin,HUC,199,0.118568,0.00004922,53984.2,2091288.0,17637880.0,17637880.0,0.75,-1.81,-6.82,1496373253
Breakout Stake,BRX,200,0.327349,0.00013585,8120.44,2051851.0,6268082.0,6268082.0,8.73,25.44,44.27,1496372973
GoldCoin,GLD,201,0.0490403,0.00002036,6177.88,1974058.0,40253796.0,40253796.0,0.18,14.68,1.94,1496373242
Groestlcoin,GRS,202,0.0289703,0.00001203,1539.38,1958853.0,67615910.0,67615910.0,0.45,1.53,1.48,1496373253
MaxCoin,MAX,203,0.0355613,0.00001476,83676.7,1936052.0,54442678.0,54442678.0,1.66,5.63,1.74,1496373250
iCash,ICASH,204,0.00862294,0.00000358,7927.52,1904840.0,220903745.0,220903745.0,-6.14,25.83,-4.12,1496373264
Bata,BTA,205,0.384535,0.00015963,19606.4,1903876.0,4951111.0,4951111.0,0.83,-4.48,24.91,1496373265
TransferCoin,TX,206,0.315086,0.0001308,18175.8,1882141.0,5973419.0,5973419.0,2.75,17.61,-15.51,1496373267
FUNCoin,FUNC,207,0.350775,0.00014557,67445.3,1879221.0,5357341.0,100000000.0,-0.98,0.84,16.78,1496372990
Tickets,TIX,208,0.0000279262,0.00000001,44183.9,1867600.0,66876281414.0,66876281414.0,-1.89,-3.44,-23.86,1496373244
Ethereum Movie Venture,EMV,209,0.277198,0.00011504,599.765,1847986.0,6666666.0,6666666.0,0.76,142.9,-23.73,1496372988
BlockPay,BLOCKPAY,210,0.334617,0.00013887,1894.23,1816401.0,5428300.0,98928316.0,-14.81,-4.33,-0.88,1496372977
DeepWebCash,DWC,211,1.29195,0.00053616,13691.5,1720684.0,1331850.0,1331850.0,2.15,12.67,-34.1,1496372980
vTorrent,VTR,212,0.152076,0.00006313,8274.7,1644849.0,10815966.0,10815966.0,2.54,3.26,18.39,1496373263
CryptoCarbon,CCRB,213,0.448442,0.0001861,5558.57,1597400.0,3562111.0,10000150.0,1.74,-20.31,35.87,1496372982
Startcoin,START,214,0.0321706,0.00001335,46175.8,1450244.0,45079785.0,70782220.0,-3.34,3.92,-23.78,1496373256
Sequence,SEQ,215,0.0322168,0.00001337,2714.89,1440077.0,44699576.0,44699576.0,5.03,12.4,26.76,1496372977
Ixcoin,IXC,216,0.0649135,0.00002695,10138.7,1363124.0,20999088.0,20999088.0,0.85,-81.78,39.84,1496373241
EuropeCoin,ERC,217,0.135189,0.00005612,2474.09,1331781.0,9851250.0,9851250.0,0.31,16.07,27.08,1496373266
Boolberry,XBB,218,0.138935,0.00005768,4497.99,1324395.0,9532480.0,9532480.0,1.83,1.59,-10.18,1496373256
2GIVE,2GIVE,219,0.00256661,0.00000107,16600.3,1316662.0,512996536.0,512996536.0,-0.61,4.54,-22.96,1496372972
Visio,VISIO,220,0.0255024,0.00001058,1644.29,1290328.0,50596331.0,62596331.0,0.71,-2.78,5.54,1496372985
Breakout,BRK,221,0.0717107,0.00002976,1855.58,1284609.0,17913767.0,17913767.0,0.44,0.79,-7.59,1496372973
EB3 Coin,EB3,222,0.277132,0.00011501,23589.7,1272054.0,4590065.0,786000000.0,0.68,-1.77,2.11,1496372987
ChainCoin,CHC,223,0.086336,0.00003584,19022.0,1267346.0,14679235.0,14679235.0,0.18,2.59,-9.63,1496373268
Stealthcoin,XST,224,0.0454324,0.00001886,2584.9,1189127.0,26173549.0,26173549.0,-0.19,4.83,-1.15,1496373258
Bitswift,SWIFT,225,0.291866,0.00012116,6618.9,1185232.0,4060877.0,4060877.0,0.11,-2.38,55.31,1496373260
LiteDoge,LDOGE,226,0.0000794677,0.00000003,4284.87,1174067.0,14774136159.0,14774136159.0,8.96,2.71,11.43,1496373263
Renos,RNS,227,0.0350578,0.00001455,470089.0,1169252.0,33352118.0,33352118.0,2.2,53.55,113.8,1496372985
Inpay,INPAY,228,0.113229,0.00004699,84833.1,1132290.0,10000000.0,10000000.0,-0.79,-2.76,-17.72,1496372988
TagCoin,TAG,229,0.201316,0.00008357,109198.0,1105550.0,5491617.0,5491617.0,1.48,8.43,-16.25,1496373245
Dynamic,DYN,230,0.656938,0.00027263,1478.37,1061544.0,1615896.0,4369800.0,0.68,-1.33,-4.46,1496372986
SecureCoin,SRC,231,0.132399,0.00005496,119958.0,1030840.0,7785856.0,7785856.0,1.69,5.39,-31.2,1496373245
WhiteCoin,XWC,232,0.00414336,0.00000172,23819.7,1027779.0,248054375.0,248054375.0,0.38,3.68,57.53,1496373252
AudioCoin,ADC,233,0.00125963,0.00000052,5097.02,999137.0,793198644.0,793198644.0,0.37,6.32,-14.55,1496373267
Qwark,QWARK,234,0.0572843,0.00002378,20341.6,997687.0,17416409.0,250377576.0,2.01,7.02,29.43,1496373275
Voxels,VOX,235,0.0313175,0.00001300,109358.0,986501.0,31500000.0,210000000.0,2.61,8.18,-21.12,1496373273
Syndicate,SYNX,236,0.0873615,0.00003626,11422.1,984465.0,11268860.0,11268860.0,-1.62,-57.34,60.77,1496372974
Triggers,TRIG,237,0.0304096,0.00001262,29841.3,976318.0,32105593.0,100000000.0,-1.9,-4.19,-15.02,1496372978
ArcticCoin,ARC,238,0.0417712,0.00001734,28830.3,975462.0,23352508.0,23352508.0,2.33,28.64,-20.68,1496372979
Mercury,MER,239,0.00968029,0.00000402,1129.03,968029.0,100000000.0,100000000.0,0.68,-8.67,-19.17,1496372986
CannabisCoin,CANN,240,0.0124795,0.00000518,55766.6,963806.0,77231176.0,91859176.0,0.4,2.75,29.52,1496373258
HiCoin,XHI,241,0.00503726,0.00000209,71422.7,955719.0,189729990.0,10189729990.0,1.37,6.63,-4.12,1496373275
BlueCoin,BLU,242,0.00166141,0.00000069,2854.53,954785.0,574683675.0,574683675.0,0.27,17.83,215.28,1496373253
Anoncoin,ANC,243,0.451851,0.00018757,3858.58,953549.0,2110317.0,2110317.0,1.32,12.28,-32.35,1496373243
Yocoin,YOC,244,0.00901718,0.00000374,51441.3,952384.0,105618830.0,200000000.0,-12.26,9.1,7.21,1496373271
GlobalCoin,GLC,245,0.0144536,0.00000600,1249.0,941956.0,65171010.0,65171010.0,0.38,2.03,-44.32,1496373250
Creativecoin,CREA,246,0.0884403,0.00003670,2239.02,933657.0,10556923.0,12268651.0,0.17,-8.57,-41.2,1496372991
Devcoin,DVC,247,0.0000664743,0.00000003,1209.45,930728.0,14001327500.0,14001327500.0,416.34,647.36,43.08,1496373242
PepeCoin,PEPE,248,0.0665053,0.00002761,16737.8,915362.0,13763749.0,13763749.0,-3.6,-10.78,38.66,1496373274
HTMLCOIN,HTML5,249,0.0000220407,0.000000009,6813.11,896153.0,40659020000.0,40659020000.0,0.12,3.4,-0.03,1496373259
Hacker Gold,HKG,250,0.0555231,0.00002304,1261.58,894527.0,16110893.0,16110893.0,2.86,-5.15,-16.07,1496372980
VeriumReserve,VRM,251,0.802151,0.00033289,14521.4,892418.0,1112531.0,1112531.0,3.27,18.5,-15.25,1496372976
EverGreenCoin,EGC,252,0.0646886,0.00002685,5086.37,861736.0,13321301.0,13321301.0,0.71,5.62,4.56,1496373272
Centurion,CNT,253,0.0328694,0.00001364,39353.6,849668.0,25849829.0,63388628.0,-4.07,-0.18,0.61,1496372984
Unitus,UIS,254,0.0181109,0.00000752,22425.0,846689.0,46750238.0,46750238.0,13.68,1.84,13.21,1496373262
DopeCoin,DOPE,255,0.00761222,0.00000316,16552.6,845608.0,111085648.0,111085648.0,-1.18,10.48,-22.97,1496373249
PutinCoin,PUT,256,0.00417624,0.00000173,31639.1,836992.0,200417616.0,200417616.0,-3.87,10.81,5.95,1496372973
Hush,HUSH,257,0.723709,0.00030034,252128.0,796722.0,1100888.0,1222363.0,0.79,23.65,51.5,1496372980
MediterraneanCoin,MED,258,0.0158989,0.00000660,14871.6,790280.0,49706598.0,49706598.0,3.92,20.84,-19.01,1496373261
DIBCOIN,DIBC,259,0.152997,0.00006349,2032.76,764985.0,5000000.0,5000000000.0,-11.17,-23.57,-12.87,1496372987
Version,V,260,0.00173494,0.00000072,1853.44,758690.0,437300279.0,437300279.0,0.68,,,1496372992
Pesetacoin,PTC,261,0.00579121,0.00000240,5763.1,755983.0,130539801.0,130539801.0,-0.68,7.74,-10.55,1496373251
e-Gulden,EFL,262,0.04881,0.00002026,1799.74,748983.0,15344868.0,20384208.0,0.33,3.0,-14.33,1496373253
Ripto Bux,RBX,263,0.00214083,0.00000089,6307.46,732378.0,342100100.0,1000000000.0,7.5,-0.63,22.52,1496372987
FujiCoin,FJC,264,0.000752236,0.00000031,5989.3,723907.0,962339810.0,962339810.0,1.44,69.12,60.82,1496373266
Fantomcoin,FCN,265,0.122855,0.00005100,2549.81,719828.0,5859169.0,5859169.0,-10.96,7.53,1.02,1496373255
ProCurrency,PROC,266,0.253184,0.00010507,2019.27,712765.0,2815205.0,15000053805.0,14.68,0.41,25.99,1496372989
Tokes,TKS,267,1.03609,0.00042998,7606.34,670997.0,647624.0,50000000.0,1.68,13.08,9.1,1496372987
HempCoin,THC,268,0.00312944,0.00000130,11895.8,662888.0,211823061.0,211823061.0,3.1,2.88,-22.02,1496373256
Altcoin,ALT,269,5.38874,0.00223633,2767.95,658371.0,122175.0,134063.0,-0.32,10.8,20.3,1496372989
ExclusiveCoin,EXCL,270,0.15908,0.00006604,4732.39,650289.0,4087810.0,4087810.0,0.38,-0.18,-20.94,1496373260
Synergy,SNRG,271,0.231698,0.00009618,1882.31,642801.0,2774305.0,2774305.0,0.38,12.7,0.35,1496373267
GeoCoin,GEO,272,0.261463,0.00010854,4661.58,641912.0,2455079.0,2455079.0,0.38,2.54,12.04,1496373264
UniBURST,UNIBURST,273,0.594923,0.00024689,2584.94,594922.0,999999.0,1000000.0,2.74,46.36,187.6,1496372985
Ethbits,ETB,274,0.436602,0.00018119,2188.86,588097.0,1346986.0,1634691.0,0.77,,,1496372991
Magi,XMG,275,0.083281,0.00003457,3279.22,587511.0,7054556.0,7054556.0,4.79,13.44,-10.49,1496373260
NuShares,NSR,276,0.000217107,0.00000009,15414.5,586681.0,2702268334.0,3317605383.0,0.39,5.94,-53.44,1496373261
Moin,MOIN,277,0.0843904,0.00003503,3154.72,586400.0,6948663.0,6948663.0,2.59,40.85,31.0,1496373270
Deutsche eMark,DEM,278,0.0207265,0.00000860,1249.91,576060.0,27793416.0,27793416.0,0.37,2.85,-11.3,1496373245
IncaKoin,NKA,279,0.0000738943,0.00000003,11037.9,556941.0,7536992999.0,7536992999.0,0.59,37.69,208.04,1496373263
TrustPlus,TRUST,280,0.0168866,0.00000701,1096.26,541833.0,32086595.0,32086595.0,-4.91,3.91,5.57,1496373256
TileCoin,XTC,281,0.00537804,0.00000223,12239.4,537804.0,100000000.0,100000000.0,-2.79,1.92,-20.83,1496373262
DT Token,DRACO,282,0.00590099,0.00000245,29348.4,524532.0,88888888.0,88888888.0,1.09,31.17,35.62,1496372974
Canada eCoin,CDN,283,0.00513923,0.00000213,816.349,500641.0,97415544.0,97415544.0,0.39,-0.46,-5.87,1496373253
1337,1337,284,0.0000218799,0.000000009,3302.36,498465.0,22781886113.0,22781886113.0,0.28,55.21,57.17,1496373270
NobleCoin,NOBL,285,0.000216528,0.00000009,11293.4,496198.0,2291612816.0,2291612816.0,0.42,14.62,-10.83,1496373248
YashCoin,YASH,286,0.0480797,0.00001995,924.259,480803.0,10000116.0,10000116.0,0.79,-13.0,35.04,1496372981
Capricoin,CPC,287,0.457303,0.00018984,17519.2,450138.0,984332.0,200984332.0,0.14,8.56,22.23,1496373267
Elcoin,EL,288,0.0388986,0.00001615,3831.21,436013.0,11208967.0,20935289.0,0.91,-30.73,-25.13,1496373275
Happycoin,HPC,289,0.0366343,0.00001520,602.544,416382.0,11365901.0,11365901.0,-0.1,-13.78,229.82,1496372988
I0Coin,I0C,290,0.0193196,0.00000802,1973.11,405217.0,20974403.0,20974403.0,0.13,6.82,2.48,1496373245
iTicoin,ITI,291,12.339,0.00512069,46959.7,394848.0,32000.0,9999992.0,1.27,-17.71,43.53,1496372991
MazaCoin,MZC,292,0.000356607,0.00000015,1287.87,389635.0,1092618137.0,1092618137.0,14.91,35.96,47.24,1496373251
PostCoin,POST,293,0.0241133,0.00001001,3586.66,380395.0,15775332.0,15775332.0,0.4,0.98,0.61,1496373274
MTMGaming,MTM,294,0.12663,0.00005255,1740.79,379890.0,3000000.0,5000000.0,44.19,141.04,200.85,1496372985
TrumpCoin,TRUMP,295,0.0577962,0.00002399,7362.25,377960.0,6539522.0,6539522.0,2.44,-12.05,-2.13,1496373273
Master Swiscoin,MSCN,296,0.0362699,0.00001505,10283.6,371267.0,10236220.0,1002562259.0,6.9,0.37,-14.43,1496372984
Mineum,MNM,297,0.0385168,0.00001598,666.131,363459.0,9436367.0,9586367.0,-0.43,-19.27,-16.43,1496372973
Virtacoinplus,XVP,298,0.0404708,0.00001680,999.442,356851.0,8817491.0,10352084.0,0.5,1.24,-48.3,1496372985
Jewels,JWL,299,0.0171089,0.00000710,2249.66,345187.0,20175845.0,20175845.0,0.71,-0.79,4.13,1496372976
Wyvern,WYV,300,0.303638,0.00012601,1265.08,331112.0,1090481.0,1090481.0,0.79,22.71,-6.49,1496372988
Terracoin,TRC,301,0.0158342,0.00000657,6014.3,318145.0,20092260.0,20092260.0,0.75,7.37,-7.96,1496373240
Dotcoin,DOT,302,0.00139072,0.00000058,76708.3,312586.0,224765500.0,489765500.0,0.01,9.83,16.55,1496373262
GCoin,GCN,303,0.0000021872,0.0000000009,583.814,303994.0,138985235000,138985235000,0.26,4.92,30.99,1496373263
Asiadigicoin,ADCN,304,0.011637,0.00000483,900.596,290123.0,24931054.0,210000000.0,0.38,-0.93,-28.26,1496373273
Newbium,NEWB,305,0.0120482,0.00000500,82216.0,289157.0,24000000.0,51000000.0,0.68,27.64,188.05,1496372973
Karbowanec,KRB,306,0.0795941,0.00003303,5581.95,281347.0,3534777.0,3534777.0,1.99,2.72,-1.29,1496372974
Quatloo,QTL,307,0.0374344,0.00001554,26344.1,278363.0,7436019.0,7436019.0,-0.0,-16.8,-18.2,1496373258
ParkByte,PKB,308,0.0568507,0.00002360,808.568,270838.0,4764026.0,4764026.0,0.38,7.06,7.01,1496373265
TeslaCoin,TES,309,0.00376208,0.00000156,1984.45,270012.0,71771889.0,71771889.0,0.4,-23.39,-15.1,1496373252
Zoin,ZOI,310,0.0247203,0.00001026,1865.81,265471.0,10739000.0,10739000.0,0.79,12.95,-14.21,1496372979
Influxcoin,INFX,311,0.157399,0.00006534,3287.23,263389.0,1673383.0,1673383.0,0.81,-1.64,-49.09,1496373269
Atomic Coin,ATOM,312,0.0261666,0.00001086,927.37,262934.0,10048475.0,10048475.0,8.89,8.14,-9.93,1496372978
CacheCoin,CACH,313,0.0722679,0.00003000,8903.3,260400.0,3603261.0,3603261.0,0.38,-40.86,,1496373248
Bytecent,BYC,314,0.160459,0.00006661,14524.7,260078.0,1620837.0,1620837.0,0.38,-2.97,-11.89,1496373262
Sexcoin,SXC,315,0.00208758,0.00000087,4125.14,255791.0,122530014.0,122530014.0,4.82,-18.46,5.47,1496373244
Neutron,NTRN,316,0.0200276,0.00000831,2936.48,252702.0,12617684.0,12617684.0,0.38,14.82,136.14,1496373265
8Bit,8BIT,317,0.202387,0.00008402,3530.96,235662.0,1164415.0,1164415.0,0.38,0.88,-29.86,1496373265
Rubies,RBIES,318,0.0219213,0.00000910,2340.91,227401.0,10373505.0,10373505.0,-0.98,-0.36,-16.89,1496373272
UltraCoin,UTC,319,0.00515511,0.00000214,4399.56,222168.0,43096642.0,43096642.0,-5.47,-2.4,30.57,1496373248
PRCoin,PRC,320,0.0229264,0.00000951,31761.5,216324.0,9435600.0,789435600.0,0.79,3.73,-4.17,1496372984
KibiCoin,KIC,321,0.0146601,0.00000608,550.394,214709.0,14645800.0,14645800.0,0.66,,,1496372992
LiteBar,LTB,322,0.325116,0.00013496,887.594,209601.0,644697.0,644697.0,-20.01,14.59,6.0,1496373250
Torcoin,TOR,323,0.760458,0.00031559,5234.2,199257.0,262023.0,1262023.0,0.25,-14.47,-30.55,1496372988
NuBits,USNBT,324,1.00395,0.00041676,40672.0,197549.0,196772.0,838087.0,-0.35,-0.23,-0.31,1496373259
GoldBlocks,GB,325,0.0132502,0.00000550,2602.15,196982.0,14866328.0,14866328.0,0.66,22.94,9.63,1496372972
42-coin,42,326,4345.47,1.8039,683.035,182510.0,42.0,42.0,0.38,2.14,29.32,1496373246
Kobocoin,KOBO,327,0.00733223,0.00000304,530.651,181108.0,24700248.0,24700248.0,0.38,-37.44,-49.81,1496373263
Tattoocoin (Standard Edition),TSE,328,0.00153984,0.00000064,965.609,176112.0,114370567.0,604370567.0,0.68,19.41,7.14,1496372983
Fastcoin,FST,329,0.00132949,0.00000055,1912.17,168532.0,126764507.0,126764507.0,0.48,26.49,24.56,1496373242
UnbreakableCoin,UNB,330,0.0739585,0.00003070,5539.61,168489.0,2278150.0,2278150.0,0.38,2.47,6.62,1496373255
Netko,NETKO,331,0.0660282,0.00002740,1234.46,160547.0,2431492.0,2431492.0,0.68,-10.08,-21.98,1496372987
Bottlecaps,CAP,332,0.00112714,0.00000047,2112.54,156276.0,138648644.0,138648644.0,0.51,33.56,66.11,1496373243
bitBTC,BITBTC,333,2419.07,1.00421,43359.7,155014.0,64.0,64.0,1.96,3.38,-2.7,1496373260
TheGCCcoin,GCC,334,0.0217108,0.00000901,1130.12,152754.0,7035856.0,867035856.0,0.68,1.49,-20.23,1496372984
PipCoin,PIP,335,0.0214312,0.00000889,2227.37,140871.0,6573177.0,6999979.0,0.68,29.79,-9.96,1496372978
BERNcash,BERN,336,0.00184632,0.00000077,532.473,131521.0,71234301.0,71234301.0,0.23,19.58,47.19,1496373274
Piggycoin,PIGGY,337,0.000269287,0.00000011,1879.87,130284.0,483809624.0,483809624.0,-1.49,-5.87,-43.86,1496373257
HoboNickels,HBN,338,0.00267405,0.00000111,770.391,129814.0,48545857.0,48545857.0,8.17,1.72,106.43,1496373252
bitSilver,BITSILVER,339,20.6793,0.00858444,11350.9,126486.0,6117.0,6117.0,-0.42,8.09,5.2,1496373263
Sumokoin,SUMO,340,0.278361,0.00011552,8643.22,125705.0,451591.0,9340480.0,5.76,23.0,,1496372992
Machinecoin,MAC,341,0.00635957,0.00000264,3011.95,124362.0,19555050.0,19555050.0,6.43,14.38,-4.19,1496373262
DigitalPrice,DP,342,0.00528719,0.00000219,1458.17,119772.0,22653318.0,22653318.0,-0.74,-17.4,23.53,1496373260
Pascal Lite,PASL,343,0.0583131,0.00002420,2663.76,115020.0,1972450.0,1972450.0,-0.35,-18.18,-44.02,1496372985
bitEUR,BITEUR,344,1.12937,0.00046883,13235.7,114744.0,101600.0,101600.0,0.58,1.04,1.15,1496373266
MojoCoin,MOJO,345,0.00944193,0.00000392,1931.89,113831.0,12055916.0,12055916.0,1.28,4.59,-34.81,1496373273
QuazarCoin,QCN,346,0.0192714,0.00000800,993.717,110028.0,5709392.0,5709392.0,14.72,26.2,8.46,1496373255
Rimbit,RBT,347,0.000947955,0.00000039,883.342,109488.0,115499623.0,393459356.0,0.38,4.74,10.89,1496373261
Flycoin,FLY,348,0.506044,0.00021007,1468.05,106677.0,210806.0,210806.0,-20.4,-46.79,23.07,1496373271
CHNCoin,CNC,349,0.00410808,0.00000171,12024.4,103771.0,25260247.0,170109984.0,-4.34,-2.77,-29.82,1496373252
Spots,SPT,350,0.00460015,0.00000191,608.294,103071.0,22406021.0,22406021.0,1.21,45.48,64.75,1496373243
Phoenixcoin,PXC,351,0.00170939,0.00000071,1037.2,98922.0,57869500.0,57869500.0,4.99,45.26,41.48,1496373242
Eryllium,ERY,352,0.0218004,0.00000905,2375.56,94888.0,4352569.0,14352569.0,1.66,4.73,-41.98,1496372983
Digital Rupees,DRS,353,0.000168674,0.00000007,3791.65,86159.0,510802961.0,510802961.0,0.79,-48.72,17.37,1496372982
bitGold,BITGOLD,354,1511.43,0.627429,9696.96,82411.0,55.0,55.0,-0.4,4.57,10.18,1496373263
Kurrent,KURT,355,0.00786197,0.00000326,939.803,77987.0,9919485.0,21319485.0,0.68,9.28,30.75,1496372981
Emerald Crypto,EMD,356,0.00404722,0.00000168,3915.35,77371.0,19117129.0,19117129.0,0.49,28.85,38.89,1496373243
Freicoin,FRC,357,0.00264982,0.00000110,17700.8,73940.0,27903872.0,100000000.0,0.38,2.51,5.2,1496373257
Greencoin,GREV2,358,0.0000240893,0.00000001,2625.55,73656.0,3057624641.0,3057624641.0,0.38,-63.27,-7.59,1496373256
Gapcoin,GAP,359,0.00672089,0.00000279,13913.8,73124.0,10880153.0,10880153.0,1.66,5.48,26.43,1496373261
MCAP,MCAP,360,6.1779,0.00256383,236534.0,61810.0,10005.0,100000000.0,-4.28,2.62,,1496372991
CrevaCoin,CREVA,361,0.00165862,0.00000069,12163.7,60358.0,36390750.0,6240390800.0,-0.27,-5.11,-18.79,1496373266
Wexcoin,WEX,362,0.359963,0.00014939,4964.4,60245.0,167364.0,10000167364.0,0.27,5.24,15.11,1496372977
Chronos,CRX,363,0.000816834,0.00000034,559.692,60225.0,73729962.0,73729962.0,1.48,28.84,34.38,1496372974
Argentum,ARG,364,0.00722679,0.00000300,1999.12,54222.0,7502872.0,7502872.0,-2.31,-26.78,-1.6,1496373258
Acoin,ACOIN,365,0.0430898,0.00001789,9561.66,52573.0,1220085.0,1220085.0,0.65,14.1,-29.55,1496373259
NevaCoin,NEVA,366,0.0274084,0.00001138,664.087,49654.0,1811645.0,1811645.0,0.38,7.15,18.03,1496373273
Philosopher Stones,PHS,367,0.0194642,0.00000808,3837.33,47283.0,2429219.0,2429219.0,0.41,3.95,5.88,1496373245
Prime-XI,PXI,368,0.00282147,0.00000117,1130.95,41722.0,14787215.0,14787215.0,0.92,-2.36,58.59,1496373261
Allion,ALL,369,0.0063604,0.00000264,2403.02,39430.0,6199359.0,7323359.0,2.27,-0.27,-27.13,1496372985
Independent Money System,IMS,370,0.00699567,0.00000290,1089.16,37559.0,5368934.0,5368934.0,1.99,-3.89,-6.75,1496373273
Marijuanacoin,MAR,371,0.0688432,0.00002857,4684.72,35984.0,522690.0,522690.0,2.07,35.9,52.94,1496372984
Rawcoin,XRC,372,0.0469878,0.00001950,3284.89,33121.0,704882.0,704882.0,-1.89,13.6,240.01,1496372981
MACRON,MCRN,373,0.0000739272,0.00000003,1495.7,29676.0,401421401.0,401421401.0,0.71,-18.85,53.59,1496372989
BeaverCoin,BVC,374,0.00864806,0.00000359,652.647,26941.0,3115258.0,3115258.0,-0.66,-2.39,-13.91,1496373260
Eurocoin,EUC,375,0.00149388,0.00000062,1191.51,17524.0,11730325.0,11730325.0,2.42,-11.25,-16.4,1496373268
Honey,HONEY,376,0.247343,0.00010265,1099.0,16895.0,68306.0,68306.0,0.34,-40.82,-71.71,1496372987
LevoPlus,LVPS,377,0.0409686,0.00001700,3966.75,16800.0,410077.0,91410077.0,-9.91,-55.66,-46.96,1496372986
Kittehcoin,MEOW,378,0.0000005604,0.0000000002,964.721,13397.0,23905669976.0,23905669976.0,0.96,-14.38,0.03,1496373247
AllSafe,ASAFE,379,0.0000186933,0.000000008,3747.75,13272.0,710000000.0,710000000.0,-3.02,1612.66,408.47,1496372979
Bitvolt,VOLT,380,0.00072289,0.00000030,522.539,10925.0,15112554.0,60132654.0,-2.46,-12.71,-12.63,1496372989
Ebittree Coin,EBT,381,0.0118072,0.00000490,920.48,10273.0,870020.0,810870020.0,0.68,1.32,9.55,1496372989
Beatcoin,XBTS,382,0.00638865,0.00000265,1774.83,9741.0,1524686.0,2524686.0,0.57,16.18,-5.44,1496372977
BenjiRolls,BENJI,383,0.00045783,0.00000019,5477.74,8673.0,18943736.0,18943736.0,3.52,-1.74,-20.35,1496372982
Digital Money Bits,DMB,384,0.0162858,0.00000676,16962.9,4925.0,302400.0,10302400.0,1.28,9.28,60.01,1496372991
Environ,ENV,385,0.0000240909,0.000000010,2205.33,3159.0,131129509.0,931129509.0,0.68,2.54,-95.43,1496372990
Powercoin,PWR,386,0.0000240963,0.00000001,1321.27,1204.0,49983870.0,49983870.0,0.68,2.56,0.61,1496372972
Gold Pressed Latinum,GPL,387,0.193734,0.00008040,8584.89,,,203891.0,0.63,-1.03,18.25,1496372990
SnakeEyes,SNAKE,388,0.149209,0.00006192,613.845,,,10000000.0,3.13,32.25,30.16,1496372990
SuperNET,UNITY,389,13.5065,0.00560686,109.245,11022128.0,816061.0,816061.0,1.3,-6.53,84.95,1496373260
Arcade Token,ARC,390,3.74133,0.00167261,,10780128.0,2881363.0,2881363.0,,,87.36,1496180681
Jinn,JINN,391,49.1261,0.0203933,491.261,2883849.0,58703.0,1000000.0,1.3,8.25,15.88,1496373260
XCurrency,XC,392,0.433607,0.00018,356.522,2517863.0,5806786.0,5806786.0,0.38,1.96,-5.87,1496373255
SmileyCoin,SMLY,393,0.0000952799,0.00000004,62.929,2473490.0,25960250000.0,25960250000.0,1.02,372.83,56.82,1496373263
InstantDEX,DEX,394,2.41861,0.00100402,350.699,2418610.0,1000000.0,1000000.0,1.3,8.25,1.02,1496373260
AsiaCoin,AC,395,0.00280136,0.00000116,153.438,2350139.0,838927760.0,838927760.0,1.28,10.23,-26.76,1496373253
Project Decorum,PDC,396,0.0377349,0.00001566,386.527,1886745.0,50000000.0,50000000.0,0.68,2.43,-8.3,1496372972
NewYorkCoin,NYC,397,0.0000240892,0.000000010,247.64,1438605.0,59719935819.0,59719935819.0,0.38,2.53,39.3,1496373254
InsaneCoin,INSANE,398,0.0706192,0.00002931,267.708,1295225.0,18340972.0,18340972.0,-0.87,-10.06,30.95,1496372979
Bitpark Coin,BPC,399,0.0148433,0.00000616,206.678,1113248.0,75000000.0,100000000.0,0.79,-9.23,-28.19,1496372981
Pangea Poker,PANGEA,400,0.942316,0.00039118,11.3078,941706.0,999352.0,1000000.0,1.3,8.25,,1496373262
Joincoin,J,401,0.358432,0.00014879,442.327,877585.0,2448402.0,2448402.0,-0.01,-73.24,239.69,1496373258
DubaiCoin,DBIC,402,0.166,0.00006891,320.469,851416.0,5129014.0,6146942.0,0.78,-1.35,8.6,1496373272
Woodcoin,LOG,403,0.102187,0.00004242,395.406,821092.0,8035193.0,8035193.0,0.38,-9.67,-1.87,1496373264
ShadowCash,SDC,404,0.122465,0.00005084,411.858,816471.0,6666974.0,6666974.0,-0.66,2.11,-22.33,1496373257
Pandacoin,PND,405,0.0000240893,0.00000001,329.623,783262.0,32514916898.0,32514916898.0,0.38,2.52,0.42,1496373249
Ultimate Secure Cash,USC,406,0.072289,0.00003000,120.482,747693.0,10343113.0,38602656.0,-1.26,24.93,-15.43,1496372988
Carboncoin,CARBON,407,0.0000481786,0.00000002,7.67244,741562.0,15391933192.0,15391933192.0,0.38,2.52,0.42,1496373257
Cryptofund,FUND,408,0.5588,0.0002553,,558800.0,1000000.0,1000000.0,,,38.29,1495948164
Tao,XTO,409,0.0180693,0.00000750,214.575,547793.0,30316232.0,32316232.0,0.79,5.18,-13.27,1496372976
E-Currency Coin ,ECC,410,0.0000240893,0.00000001,1.18589,531425.0,22060603799.0,22060603799.0,0.38,2.52,0.42,1496373251
HitCoin,HTC,411,0.0000481786,0.00000002,253.466,529787.0,10996318099.0,20996318099.0,0.38,14.44,100.84,1496373273
BTSR,BTSR,412,0.15656,0.00006499,499.63,518342.0,3310819.0,3310819.0,-0.44,16.06,-15.87,1496373274
ReeCoin,REE,413,0.0414582,0.00001721,176.061,512743.0,12367704.0,6662367704.0,0.18,1.58,5.38,1496372974
Shorty,SHORTY,414,0.00501117,0.00000210,,501117.0,100000000.0,100000000.0,,1.57,109.22,1496365479
CageCoin,CAGE,415,0.0000047638,0.000000002,401.141,481946.0,101168328395,101168328395,0.32,21.29,-21.47,1496373249
Casino,CASINO,416,0.47785,0.00019831,28.1932,477850.0,1000000.0,1000000.0,3.13,32.59,-11.06,1496372985
KoreCoin,KORE,417,0.255708,0.00010615,404.233,468188.0,1830949.0,1830949.0,0.38,5.51,8.11,1496373256
CasinoCoin,CSC,418,0.0119188,0.00000495,281.361,460080.0,38601187.0,38601187.0,0.85,21.24,-9.13,1496373243
Colossuscoin V2,CV2,419,0.0000189832,0.000000008,309.134,421197.0,22187870273.0,22187870273.0,0.79,-9.21,-58.57,1496373263
Dashcoin,DSH,420,0.0239585,0.00000995,328.432,414280.0,17291579.0,17291579.0,0.36,-4.67,-0.11,1496373260
BitBar,BTB,421,11.6318,0.00482861,428.539,378918.0,32576.0,32576.0,0.2,-1.0,-2.9,1496373247
Orbitcoin,ORB,422,0.124536,0.00005170,27.6632,368035.0,2955251.0,2955251.0,0.58,1.1,3.41,1496373245
LTBcoin,LTBC,423,0.000742106,0.00000032,,366499.0,493863915.0,493863915.0,,2.23,,1496287754
FuelCoin,FC2,424,0.0035893,0.00000149,21.6166,363999.0,101412360.0,101412360.0,0.38,2.52,,1496373255
RussiaCoin,RC,425,0.0425899,0.00001768,0.288998,349938.0,8216446.0,8216446.0,0.38,2.64,4.37,1496373271
SuperCoin,SUPER,426,0.00843125,0.00000350,84.3043,346993.0,41155630.0,41155630.0,0.38,,,1496373254
Trollcoin,TROLL,427,0.000603705,0.00000025,224.98,334276.0,553706814.0,553706814.0,-3.44,-0.16,-8.24,1496373260
Crypto Bullion,CBX,428,0.32866,0.00013643,74.1978,327288.0,995826.0,995826.0,0.49,33.09,-16.81,1496373243
Rare Pepe Party,RAREPEPEPRTY,429,16.1275,0.0067095,,290295.0,18000.0,100000.0,,-10.68,,1496315982
HOdlcoin,HODL,430,0.00313161,0.00000130,22.7334,289709.0,92511275.0,250000000.0,0.38,-11.74,23.16,1496373273
Bitstar,BITS,431,0.0115524,0.00000480,130.006,266626.0,23079737.0,23079737.0,10.8,32.34,87.25,1496373254
Veltor,VLT,432,0.457228,0.00018975,225.736,253695.0,554855.0,554855.0,0.68,-10.7,46.58,1496372976
SmartCoin,SMC,433,0.0102943,0.00000427,174.199,235653.0,22891566.0,22891566.0,-13.94,3.86,-26.7,1496373247
BTCtalkcoin,TALK,434,0.00357833,0.00000161,,233631.0,65290635.0,65290635.0,,,-30.94,1496191750
SwagBucks,BUCKS,435,1.11944,0.0004647,4.108,230011.0,205470.0,205470.0,-4.06,4.46,-11.32,1496373270
AgrolifeCoin,AGLC,436,0.0472658,0.00001990,,216050.0,4570951.0,204570951.0,,1.1,105.78,1496301878
VirtualCoin,VC,437,0.0213913,0.00000888,222.979,215288.0,10064287.0,10064287.0,0.38,13.8,29.24,1496373257
The Cypherfunks,FUNK,438,0.0000048267,0.000000002,67.3176,213113.0,44153220000.0,44153220000.0,1.18,-7.94,-12.84,1496373265
BitcoinTX,BTX,439,0.00262573,0.00000109,1.1322,212840.0,81059417.0,81059417.0,0.38,11.75,-44.21,1496373265
BritCoin,BRIT,440,0.00961163,0.00000399,165.313,204421.0,21268092.0,21268092.0,0.38,85.94,48.4,1496373256
Pesobit,PSB,441,0.00607228,0.00000252,385.567,198370.0,32668068.0,32668068.0,0.68,-3.15,-10.54,1496372978
Crave,CRAVE,442,0.157347,0.00006668,,196636.0,1249695.0,1249695.0,,0.44,171.15,1496344460
BillaryCoin,BLRY,443,0.0201927,0.00000838,313.597,181394.0,8983158.0,8983158.0,0.68,-6.04,-19.38,1496372972
Bitz,BITZ,444,0.0892373,0.00003720,,177662.0,1990891.0,1990891.0,,2.09,0.57,1496351362
Tristar Coin,TSTR,445,0.0343849,0.00001500,,172882.0,5027857.0,255027857.0,,,43.27,1496271895
Zero,ZER,446,0.228915,0.00009500,175.363,169706.0,741350.0,741350.0,0.68,-9.88,10.28,1496372986
NetCoin,NET,447,0.000214905,0.00000009,226.54,169157.0,787126712.0,787126712.0,0.32,-0.36,-10.42,1496373246
Vault Coin,VLTC,448,0.00507533,0.00000211,106.044,150853.0,29722880.0,529722880.0,1.01,10.79,8.24,1496372981
Titcoin,TIT,449,0.00295362,0.00000123,106.946,147380.0,49898202.0,49898202.0,0.41,-1.64,-21.28,1496373258
LottoCoin,LOT,450,0.0000098752,0.000000004,17.479,143102.0,14491014421.0,14491014421.0,-0.68,19.72,8.41,1496373246
TEKcoin,TEK,451,0.0000963572,0.00000004,441.881,136254.0,1414054562.0,1414054562.0,0.38,-2.05,126.86,1496373254
Truckcoin,TRK,452,0.00110795,0.00000046,26.391,136246.0,122971522.0,122971522.0,0.38,22.78,91.75,1496373258
Stress,STS,453,0.000240893,0.00000010,1.02139,136137.0,565134332.0,565134332.0,0.38,,-14.4,1496373273
Cannacoin,CCN,454,0.0288349,0.00001197,114.111,135457.0,4697671.0,4697671.0,0.49,34.86,31.87,1496373254
PureVidz,VIDZ,455,0.00101779,0.00000042,295.714,127411.0,125183868.0,125183868.0,0.66,-22.34,7.11,1496372982
Bitcurrency,BTCR,456,0.000710543,0.00000029,107.572,119476.0,168148052.0,168148052.0,0.79,1.0,37.13,1496372979
MetalCoin,METAL,457,0.00154171,0.00000064,5.83435,118597.0,76925527.0,76925527.0,0.38,-16.94,-14.31,1496373262
GAIA,GAIA,458,0.00466575,0.00000198,,112451.0,24101381.0,24101381.0,,0.29,-10.37,1496340859
HyperStake,HYP,459,0.000289026,0.00000012,366.606,111505.0,385796097.0,385796097.0,7.96,5.18,37.02,1496373257
LanaCoin,LANA,460,0.000144515,0.00000006,496.967,108139.0,748286309.0,748286309.0,0.66,-10.23,15.89,1496372972
C-Bit,XCT,461,0.000794947,0.00000033,61.3873,104759.0,131781500.0,131781500.0,-5.35,9.12,-1.27,1496373272
Xiaomicoin,MI,462,0.000250831,0.00000010,59.7741,101873.0,406141855.0,406141855.0,0.09,-19.64,-8.92,1496373269
Sterlingcoin,SLG,463,0.0259325,0.00001077,21.6884,100648.0,3881156.0,3881156.0,4.72,5.94,4.31,1496373261
Coin2.1,C2,464,0.000997219,0.00000041,242.149,99698.0,99976323.0,99976323.0,0.38,26.35,-12.54,1496373256
BigUp,BIGUP,465,0.0000481786,0.00000002,6.81782,98963.0,2054082696.0,2054082696.0,0.38,105.05,20.91,1496373273
Swing,SWING,466,0.0433169,0.00001798,9.62756,98623.0,2276770.0,2276770.0,0.38,-25.6,-5.41,1496373269
Dollarcoin,DLC,467,0.0106988,0.00000444,10.2434,97431.0,9106714.0,9106714.0,0.68,12.44,,1496372977
GlobalBoost-Y,BSTY,468,0.00840415,0.00000349,73.984,95794.0,11398430.0,11398430.0,0.78,1.42,29.13,1496373261
Pakcoin,PAK,469,0.00261403,0.00000109,258.818,95699.0,36609700.0,36609700.0,0.4,-4.75,-26.19,1496373268
Cryptojacks,CJ,470,0.000234603,0.00000010,301.763,95382.0,406568581.0,406568581.0,0.65,-0.55,-18.39,1496372974
Coin(O),CNO,471,0.000915354,0.00000038,10.2177,94379.0,103106946.0,103106946.0,0.49,-17.11,5.54,1496373251
TittieCoin,TTC,472,0.0000712157,0.00000003,110.828,89719.0,1259816434.0,1259816434.0,0.38,-2.05,0.03,1496373262
BunnyCoin,BUN,473,0.0000008743,0.0000000004,148.023,88660.0,101408458692,101408458692,0.05,17.71,15.74,1496373259
Nyancoin,NYAN,474,0.000294325,0.00000012,113.424,87677.0,297891209.0,297891209.0,55.59,-54.07,90.44,1496373250
FlutterCoin,FLT,475,0.000271363,0.00000011,10.7486,87437.0,322214524.0,322214524.0,1.07,-6.63,0.93,1496373252
WayGuide,WAY,476,0.000873793,0.00000036,,87415.0,100040708.0,100040708.0,,3.31,14.62,1496318076
PayCoin,XPY,477,0.00737219,0.00000306,3.07356,86273.0,11702483.0,11752483.0,0.38,-21.56,-67.91,1496373262
Elementrem,ELE,478,0.00322891,0.00000134,138.604,80774.0,25015756.0,25015756.0,0.68,14.5,-33.5,1496372976
KiloCoin,KLC,479,0.000409518,0.00000017,116.839,80388.0,196297971.0,10025186872.0,0.38,16.18,20.22,1496373272
CorgiCoin,CORG,480,0.0000635477,0.00000003,9.77733,79553.0,1251855418.0,1251855418.0,0.75,-20.87,-64.26,1496373249
Darsek,KED,481,0.00771006,0.00000320,26.2254,75979.0,9854486.0,9854486.0,0.79,0.98,-23.79,1496372988
GameUnits,UNITS,482,0.021825,0.00000906,132.94,75644.0,3465939.0,3465939.0,0.68,-11.83,13.73,1496372983
UFO Coin,UFO,483,0.0000229521,0.00000001,,75424.0,3286160012.0,3286160012.0,,,-5.99,1496273048
Triangles,TRI,484,1.00014,0.00041518,10.3505,72902.0,72891.0,72891.0,0.38,-12.92,-4.93,1496373258
PetroDollar,XPD,485,0.00110899,0.00000046,61.5619,70968.0,63993275.0,63993275.0,28.01,71.84,-22.91,1496373253
Artex Coin,ATX,486,0.00376128,0.00000156,73.0953,70317.0,18695075.0,268695075.0,0.68,3.18,41.22,1496372976
Blakecoin,BLC,487,0.00582961,0.00000242,24.2292,69435.0,11910789.0,11910789.0,-0.03,2.52,-4.64,1496373248
Valorbit,VAL,488,0.0000240893,0.00000001,12.5264,69190.0,2872229387.0,922340072229387,0.38,2.52,0.42,1496373274
SproutsExtreme,SPEX,489,0.0000240893,0.00000001,12.5264,69055.0,2866607586.0,2866607586.0,0.38,2.52,,1496373273
NoLimitCoin,NLC2,490,0.000337349,0.00000014,31.4874,67624.0,200458548.0,200458548.0,0.68,-10.26,-39.69,1496372976
CCMiner,CCM100,491,0.0274764,0.00001140,28.2183,66393.0,2416354.0,6000000.0,3.13,27.81,2.29,1496372984
Guncoin,GUN,492,0.000361267,0.00000015,34.9289,65771.0,182057128.0,182057128.0,0.38,2.5,51.86,1496373254
HempCoin,HMP,493,0.0000481786,0.00000002,75.5442,65360.0,1356619850.0,2856619850.0,0.38,2.52,100.84,1496373272
AmberCoin,AMBER,494,0.0014952,0.00000063,,65255.0,43643263.0,43643263.0,,1.01,-14.62,1496347159
Yacoin,YAC,495,0.000554054,0.00000023,4.42275,64328.0,116103420.0,116103420.0,0.44,2.52,-4.48,1496373242
Ratecoin,XRA,496,0.000576481,0.00000024,358.861,61147.0,106069978.0,106069978.0,0.38,-10.81,-22.0,1496373266
ChessCoin,CHESS,497,0.00111515,0.00000046,21.7861,60179.0,53964956.0,53964956.0,0.03,-4.79,32.57,1496372974
MarteXcoin,MXT,498,0.0218682,0.00000908,0.188992,59660.0,2728161.0,2728161.0,-6.5,104.13,-24.41,1496372972
Bitcloud,BTD,499,0.00534939,0.00000222,46.9231,59576.0,11137048.0,11137048.0,0.68,-35.68,70.49,1496372976
Jin Coin,JIN,500,0.00602408,0.00000250,0.301204,59328.0,9848485.0,9848485.0,0.68,-4.62,,1496372977
MiloCoin,MILO,501,0.00528665,0.00000219,164.743,54387.0,10287669.0,10287669.0,0.68,29.69,58.01,1496372986
KushCoin,KUSH,502,0.0098313,0.00000408,30.5655,53024.0,5393384.0,5393384.0,0.79,-6.59,-16.11,1496372983
AquariusCoin,ARCO,503,0.0425053,0.00001764,154.625,51918.0,1221448.0,1221448.0,-3.56,19.71,31.42,1496372971
Aricoin,ARI,504,0.000366216,0.00000015,4.58432,51366.0,140262505.0,140262505.0,0.45,25.61,15.39,1496373250
Zayedcoin,ZYD,505,0.00807227,0.00000335,24.0231,50402.0,6243840.0,6243840.0,0.68,2.56,-15.33,1496372977
Eternity,ENT,506,0.0163209,0.00000677,157.758,49919.0,3058597.0,3058597.0,0.72,-4.3,-31.53,1496372980
SatoshiMadness,MAD,507,0.0000240893,0.00000001,120.99,48195.0,2000683485.0,2000683485.0,0.38,2.52,0.42,1496373268
AurumCoin,AU,508,0.161446,0.00006702,253.06,47823.0,296216.0,296216.0,0.41,-16.12,-2.63,1496373260
Lex4All,LEX,509,0.047785,0.00001983,220.91,47787.0,1000043.0,5000000.0,3.13,11.37,16.81,1496372986
PonziCoin,PONZI,510,0.0554216,0.00002300,42.4531,47723.0,861099.0,861099.0,0.79,14.82,0.69,1496372971
Francs,FRN,511,0.0276601,0.00001148,171.815,47412.0,1714100.0,1714100.0,-14.97,-1.04,23.95,1496373272
RevolverCoin,XRE,512,0.00216867,0.00000090,139.364,47260.0,21792188.0,21792188.0,0.59,9.89,-8.17,1496372974
Tigercoin,TGC,513,0.00108402,0.00000045,157.931,47195.0,43536800.0,43536800.0,0.38,31.82,50.63,1496373247
Sativacoin,STV,514,0.00657363,0.00000274,,46520.0,7076826.0,7076826.0,,56.22,12.31,1496351959
RedCoin,RED,515,0.000626322,0.00000026,16.135,46415.0,74107896.0,74107896.0,0.38,1.16,-29.43,1496373249
DigiCube,CUBE,516,0.0000190594,0.000000008,0.0035606,46298.0,2429126009.0,2429126009.0,-0.68,,-20.55,1496373270
Joulecoin,XJO,517,0.00142328,0.00000059,37.5815,45902.0,32250536.0,32250536.0,0.32,10.71,28.64,1496373245
BurstOcean,OCEAN,518,0.213838,0.00008874,17.7699,45297.0,211827.0,1000000.0,3.13,39.34,53.09,1496372985
Debitcoin,DBTC,519,0.00250602,0.00000104,42.7023,45088.0,17991957.0,25991957.0,0.68,-17.58,-20.21,1496372973
808Coin,808,520,0.00021726,0.00000009,162.372,44682.0,205661467.0,205661467.0,0.73,19.58,18.75,1496372974
PX,PX,521,0.000578312,0.00000024,98.9586,44391.0,76759938.0,76759938.0,5.17,23.08,,1496372975
AmsterdamCoin,AMS,522,0.00451678,0.00000188,173.557,43378.0,9603707.0,16803707.0,0.38,-4.55,8.17,1496373268
ICOBID,ICOB,523,0.000411176,0.00000017,406.136,42706.0,103862796.0,103862796.0,0.77,-6.76,6.21,1496372982
Evotion,EVO,524,0.0172085,0.00000714,177.164,42492.0,2469220.0,2469220.0,0.44,-15.38,-65.39,1496373271
UniCoin,UNIC,525,0.0140473,0.00000583,166.529,40892.0,2911009.0,2911009.0,0.25,2.8,15.91,1496373265
UCoin,U,526,0.0149354,0.00000620,10.115,40173.0,2689812.0,2689812.0,0.38,2.52,-0.86,1496373262
BTCDragon,DRAGON,527,0.0955701,0.00003966,105.127,38624.0,404146.0,1000000.0,3.13,-42.81,-26.49,1496372985
OctoCoin,888,528,0.000766019,0.00000032,126.81,37042.0,48356268.0,48356268.0,-2.21,-33.21,33.05,1496373252
CoExistCoin,COXST,529,0.00133244,0.00000055,28.3804,36161.0,27138905.0,27138905.0,-5.25,-10.54,-19.56,1496372970
Franko,FRK,530,0.0562726,0.00002336,0.419202,35843.0,636950.0,636950.0,0.49,,-48.92,1496373241
SixEleven,611,531,0.0869499,0.00003650,,35826.0,412027.0,412027.0,,1.4,-65.65,1496356171
WMCoin,WMC,532,0.00308433,0.00000128,0.477445,35555.0,11527489.0,911527489.0,0.79,8.5,,1496372972
SpaceCoin,SPACE,533,0.00199262,0.00000083,9.89872,35449.0,17790107.0,17790107.0,0.41,-4.68,0.06,1496373268
Universe,UNI,534,0.0119518,0.00000496,85.116,35391.0,2961152.0,14161152.0,0.68,10.74,34.77,1496372987
Cypher,CYP,535,0.00544418,0.00000226,5.44418,34654.0,6365285.0,6365285.0,0.38,13.03,,1496373265
Photon,PHO,536,0.0000019388,0.0000000008,37.9286,34572.0,17831905935.0,17831905935.0,1.61,24.87,42.2,1496373250
Universal Currency,UNIT,537,0.00264491,0.00000110,110.298,34507.0,13046431.0,13046431.0,0.38,68.84,-39.58,1496373265
PopularCoin,POP,538,0.0000102678,0.000000004,33.8543,34321.0,3342619161.0,3342619161.0,0.88,8.2,14.95,1496373253
Dobbscoin,BOB,539,0.00660047,0.00000274,1.00247,33401.0,5060382.0,5060382.0,0.38,-5.01,4.46,1496373258
Bolivarcoin,BOLI,540,0.00499679,0.00000207,297.855,32366.0,6477300.0,6477300.0,-1.0,1.46,20.87,1496373269
Hexx,HXX,541,0.023812,0.00000988,436.448,32204.0,1352408.0,1352408.0,0.99,-18.77,-39.88,1496373266
Uro,URO,542,0.0264741,0.00001099,11.7204,31962.0,1207310.0,1207310.0,0.38,1.32,-5.77,1496373255
Evil Coin,EVIL,543,0.00148445,0.00000062,5.27706,31204.0,21020383.0,21020383.0,0.38,-2.17,-1.6,1496373271
PayCon,CON,544,0.00133622,0.00000055,37.9335,30790.0,23042604.0,23042604.0,0.36,11.64,-2.97,1496373263
RonPaulCoin,RPC,545,0.0388896,0.00001614,17.9541,30676.0,788794.0,788794.0,0.31,-16.42,-3.64,1496373253
CryptoWorldX Token,CWXT,546,0.000554216,0.00000023,8.90015,30299.0,54669640.0,54669640.0,-3.52,7.23,1.57,1496372984
FlavorCoin,FLVR,547,0.00142613,0.00000059,7.98374,29803.0,20898106.0,20898106.0,-5.5,5.59,66.85,1496373271
Solarflarecoin,SFC,548,0.00216867,0.00000090,292.401,29743.0,13715000.0,13715000.0,0.68,7.92,-18.49,1496372984
PIECoin,PIE,549,0.000409638,0.00000017,231.605,29520.0,72062986.0,72062986.0,0.68,32.5,1.8,1496372986
Dreamcoin,DRM,550,0.0120275,0.00000503,,29311.0,2436996.0,2436996.0,,1.77,,1496330352
GoldPieces,GP,551,0.0235349,0.00000977,434.674,28716.0,1220161.0,1220161.0,1.45,9.78,-10.95,1496373262
Zurcoin,ZUR,552,0.000361445,0.00000015,99.4588,28541.0,78963486.0,78963486.0,0.79,-26.74,16.08,1496372971
Hommalicoin,HMC,553,11.7946,0.00496011,,28528.0,2419.0,1000000000.0,,-2.02,,1496299177
NeuCoin,NEU,554,0.0000142613,0.000000006,1.50395,28391.0,1990764588.0,2014638413.0,-5.83,54.5,-70.35,1496373269
Bitzeny,ZNY,555,0.000361339,0.00000015,6.87492,27322.0,75614500.0,75614500.0,0.38,-1.05,16.23,1496373267
SoonCoin,SOON,556,0.00216804,0.00000090,50.9163,27019.0,12462620.0,12462620.0,0.38,3.19,-8.23,1496373263
X-Coin,XCO,557,0.00216804,0.00000090,10.8402,26851.0,12384976.0,12384976.0,0.38,15.34,3.88,1496373263
Unrealcoin,URC,558,0.00380611,0.00000158,19.5253,26736.0,7024402.0,7024402.0,0.38,,20.2,1496373264
BumbaCoin,BUMBA,559,0.00120446,0.00000050,23.6857,26431.0,21944138.0,21944138.0,0.38,-46.65,-20.39,1496373274
Theresa May Coin,MAY,560,0.00168674,0.00000070,109.08,25755.0,15268900.0,15268900.0,0.68,-5.01,,1496372992
HealthyWormCoin,WORM,561,0.00168674,0.00000070,40.2765,25014.0,14829653.0,14829653.0,0.68,2.56,-53.36,1496372987
Grantcoin,GRT,562,0.000602232,0.00000025,152.805,24887.0,41324061.0,10041324061.0,0.38,,1.12,1496373267
Destiny,DES,563,0.0154171,0.00000640,0.241134,24667.0,1600000.0,1600000.0,0.38,3.33,32.36,1496373272
AntiBitcoin,ANTI,564,0.00139718,0.00000058,1.39718,24402.0,17465159.0,17465159.0,0.38,,,1496373271
CryptoEscudo,CESC,565,0.000168625,0.00000007,28.5144,24300.0,144105100.0,594105100.0,0.38,2.52,-7.2,1496373252
ARbit,ARB,566,0.00357811,0.00000149,,23142.0,6467540.0,6467540.0,,2.2,14.74,1496362165
PlatinumBAR,XPTX,567,0.1324,0.00005562,,23055.0,174129.0,174129.0,,1.32,1.75,1496364572
B3Coin,B3,568,0.0719099,0.00002989,,22086.0,307132.0,307132.0,0.52,30.85,35.56,1496372674
Ride My Car,RIDE,569,0.000214889,0.00000009,53.3526,21725.0,101096604.0,101096604.0,0.68,0.45,-11.53,1496372984
BiosCrypto,BIOS,570,0.00104308,0.00000043,0.272702,21630.0,20737003.0,20737003.0,0.09,-9.33,33.65,1496373267
ParallelCoin,DUO,571,0.0746416,0.00003099,366.865,21459.0,287489.0,287489.0,-0.29,4.47,-31.68,1496373269
Litecred,LTCR,572,0.000680309,0.00000028,137.336,20564.0,30227750.0,30227750.0,0.38,-23.57,149.64,1496373272
Flaxscript,FLAX,573,0.00370943,0.00000154,1.70099,20387.0,5495934.0,5495934.0,0.38,2.24,9.24,1496373267
MindCoin,MND,574,0.00161398,0.00000067,0.24111,20250.0,12546625.0,12546625.0,0.38,2.52,-2.49,1496373270
VIP Tokens,VIP,575,0.000240893,0.00000010,0.240893,20103.0,83450403.0,83450403.0,0.38,2.52,3.39,1496373273
SongCoin,SONG,576,0.00061341,0.00000025,185.546,19976.0,32565300.0,32565300.0,0.4,19.58,-11.78,1496373264
Prototanium,PR,577,0.100536,0.00004173,289.309,19550.0,194462.0,194462.0,0.39,2.53,4.68,1496373269
DAPPSTER,DLISK,578,0.000192771,0.00000008,0.240963,19277.0,100000000.0,100000000.0,0.59,2.56,-10.57,1496372975
PLNcoin,PLNC,579,0.00110811,0.00000046,1.17573,18937.0,17089600.0,19089600.0,0.38,4.8,18.32,1496373254
Magnum,MGM,580,0.00516496,0.00000225,,18734.0,3627115.0,253627115.0,,,42.17,1496272491
LeaCoin,LEA,581,0.0000676995,0.00000003,41.9318,18698.0,276197089.0,276197089.0,0.61,43.9,13.37,1496373265
Impact,IMX,582,0.000168674,0.00000007,53.0119,18439.0,109314611.0,109314611.0,0.79,-14.93,-33.21,1496372987
IslaCoin,ISL,583,0.0119849,0.00000509,,18142.0,1513704.0,1513704.0,,0.21,-16.45,1496344164
Alexium,AUM,584,0.000891304,0.00000037,1.23405,18091.0,20297336.0,20297336.0,0.38,-0.17,9.28,1496373267
Luna Coin,LUNA,585,0.0147112,0.00000611,85.3201,18056.0,1227386.0,1227386.0,0.69,0.22,-15.35,1496372981
SecretCoin,SCRT,586,0.00426381,0.00000177,0.426381,18030.0,4228672.0,4228672.0,0.38,4.29,30.69,1496373270
BipCoin,BIP,587,0.0127229,0.00000528,42.9524,17098.0,1343889.0,1343889.0,0.68,-4.49,-39.16,1496372979
GameBet Coin,GBT,588,0.000795179,0.00000033,0.662625,16908.0,21262780.0,22262780.0,0.68,,0.61,1496372971
Halcyon,HAL,589,0.00363748,0.00000151,14.5976,16907.0,4647919.0,4647919.0,0.38,1.57,-21.15,1496373259
Vector,VEC2,590,0.00105993,0.00000044,113.385,16790.0,15840677.0,15840677.0,0.38,-49.31,-45.61,1496373268
Steps,STEPS,591,0.000891304,0.00000037,0.445652,16601.0,18625017.0,18625017.0,0.38,2.52,3.21,1496373268
Sling,SLING,592,0.015104,0.00000627,14.2546,16223.0,1074095.0,1074095.0,0.38,2.2,13.86,1496373264
Orlycoin,ORLY,593,0.000433607,0.00000018,0.988167,15890.0,36646779.0,36646779.0,0.38,2.52,9.67,1496373274
Metal Music Coin,MTLMC3,594,0.000191087,0.00000008,23.9825,15233.0,79719140.0,79719140.0,0.38,33.8,49.12,1496373267
Blackstar,BSTAR,595,0.0000240963,0.00000001,103.549,15200.0,630795971.0,630795971.0,0.68,2.56,0.61,1496372982
Creatio,XCRE,596,0.000733455,0.00000030,84.724,15051.0,20520514.0,20520514.0,0.68,-43.58,-40.94,1496372980
AnarchistsPrime,ACP,597,0.00342374,0.00000142,288.05,15047.0,4394874.0,4394874.0,0.38,3.98,4.34,1496373266
BowsCoin,BSC,598,0.002698,0.00000112,2.07929,14974.0,5550102.0,5550102.0,0.38,,63.0,1496373266
MustangCoin,MST,599,0.0230989,0.00000959,42.1913,14522.0,628705.0,628705.0,0.68,-1.12,-49.88,1496372977
FuzzBalls,FUZZ,600,0.00298702,0.00000124,319.714,14427.0,4829945.0,4829945.0,1.48,-2.95,-3.78,1496372971
Scorecoin,SCORE,601,0.000862424,0.00000036,26.2292,14361.0,16651760.0,16651760.0,0.68,-17.91,-9.38,1496372987
Firecoin,FIRE,602,0.144728,0.00006008,2.62328,14243.0,98412.0,98412.0,0.38,2.59,-52.0,1496373257
GuccioneCoin,GCC,603,0.00069859,0.00000029,2.45612,14171.0,20285537.0,23775537.0,0.38,-7.09,-9.26,1496373269
Sprouts,SPRTS,604,0.0000000784,0.00000000003,31.5548,13675.0,174339895191,174339895191,-5.83,53.73,-75.51,1496373267
BitQuark,BTQ,605,0.00190305,0.00000079,34.9382,13618.0,7155671.0,7155671.0,0.38,5.19,-44.52,1496373255
BlazeCoin,BLZ,606,0.0000221917,0.000000009,3.30992,13505.0,608557394.0,608557394.0,0.85,4.32,3.96,1496373257
OsmiumCoin,OS76,607,0.0148631,0.00000617,9.6262,13288.0,894026.0,894026.0,0.38,2.52,7.19,1496373269
GPU Coin,GPU,608,0.000327347,0.00000014,190.322,13250.0,40477042.0,51530001.0,-1.01,7.46,28.02,1496372973
BitTokens,BXT,609,0.0253011,0.00001050,6.04208,13131.0,519003.0,519003.0,0.68,-21.26,154.54,1496372975
Speedcash,SCS,610,0.0496384,0.00002060,11.8121,12957.0,261021.0,476108.0,0.68,2.66,19.52,1496372989
Cannation,CNNC,611,0.00526885,0.00000219,130.352,12928.0,2453745.0,2453745.0,0.79,-51.25,-55.09,1496372990
JobsCoin,JOBS,612,0.000120482,0.00000005,126.988,12773.0,106019270.0,200019300.0,0.79,28.2,67.68,1496372978
LetItRide,LIR,613,0.000361445,0.00000015,129.506,12746.0,35264348.0,35264348.0,0.59,39.86,25.76,1496372975
VapersCoin,VPRC,614,0.0000162620,0.000000007,14.1311,12686.0,780124964.0,1635124964.0,0.61,182.72,-32.1,1496372975
Solaris,XLR,615,0.0726547,0.00003015,301.668,12215.0,168128.0,268128.0,0.71,-4.01,-38.81,1496372987
TAGRcoin,TAGR,616,0.000313161,0.00000013,2.99247,12110.0,38669634.0,38669634.0,0.38,-16.7,-23.21,1496373267
WARP,WARP,617,0.0106716,0.00000443,2.68702,11688.0,1095224.0,1095224.0,0.38,5.87,6.17,1496373271
Cabbage,CAB,618,0.00110811,0.00000046,76.6925,11635.0,10499996.0,10499996.0,0.38,5.97,-5.73,1496373273
Bitcoin 21,XBTC21,619,0.0145198,0.00000655,,11516.0,793108.0,7093108.0,,,-31.3,1496220571
Abncoin,ABN,620,0.165556,0.00006871,315.449,11208.0,67700.0,4734367.0,0.68,-10.09,-13.26,1496372983
TajCoin,TAJ,621,0.00189294,0.00000079,47.9299,10918.0,5767887.0,5767887.0,-8.24,10.69,25.96,1496372975
Comet,CMT,622,0.0124625,0.00000517,2.13547,10878.0,872830.0,872830.0,0.68,0.89,,1496372973
Iconic,ICON,623,0.0182906,0.00000750,,10844.0,592894.0,592894.0,,3.8,-10.41,1496321984
EGO,EGO,624,0.000168674,0.00000007,0.518047,10120.0,60000001.0,60000001.0,0.79,19.66,0.61,1496372977
Money,$$$,625,0.00021555,0.00000009,35.6511,9891.0,45887218.0,45887218.0,0.48,-7.88,-28.05,1496373269
Zonecoin,ZNE,626,0.00368674,0.00000153,3.04033,9519.0,2581970.0,2581970.0,0.68,122.44,22.7,1496372975
G3N,G3N,627,0.00125264,0.00000052,2.10798,9472.0,7561891.0,7561891.0,0.38,0.59,-3.3,1496373267
Shilling,SH,628,0.00291566,0.00000121,81.9275,9379.0,3216600.0,3216600.0,0.68,41.7,122.32,1496372977
Xonecoin,XOC,629,0.0221927,0.00000921,0.505999,9321.0,420000.0,420000.0,0.79,24.29,2.95,1496372975
High Voltage,HVCO,630,0.00611441,0.00000256,,9136.0,1494171.0,1694171.0,,1.66,77.78,1496333672
1CRedit,1CR,631,0.102283,0.00004246,2.40893,9023.0,88213.0,88213.0,0.38,2.55,-28.45,1496373273
Cashcoin,CASH,632,0.000244984,0.00000011,,8778.0,35831128.0,35831128.0,,,,1496155747
iBank,IBANK,633,0.00188531,0.00000079,,8534.0,4526324.0,4526324.0,,1.58,4.95,1496357683
DPAY,DPAY,634,0.0000963853,0.00000004,5.70384,7667.0,79541001.0,79541001.0,0.79,2.56,,1496372978
Hirocoin,HIRO,635,0.0000240893,0.00000001,2.40893,7502.0,311436408.0,311436408.0,0.38,2.52,0.42,1496373251
ImpulseCoin,IMPS,636,0.000361445,0.00000015,39.3366,7318.0,20245510.0,20245510.0,0.68,2.56,37.19,1496372979
Future Digital Currency,FDC,637,0.00277108,0.00000115,12.0482,7130.0,2572901.0,1002572901.0,0.79,4.38,-4.24,1496372981
JIO Token,JIO,638,0.00366264,0.00000152,359.949,6989.0,1908128.0,8888888.0,0.79,8.26,49.88,1496372981
PosEx,PEX,639,0.00281845,0.00000117,6.64934,6914.0,2453240.0,2453240.0,0.38,1.65,-6.75,1496373274
Dix Asset,DIX,640,0.0000000690,0.00000000003,31.7499,6902.0,100000000000,100000000000,2.17,8.07,-31.97,1496372981
Crypto,CTO,641,0.0006745,0.00000028,148.201,6690.0,9917907.0,9917907.0,0.38,-55.15,-65.29,1496373265
SydPak,SDP,642,0.0403977,0.00001677,214.6,6404.0,158532.0,158532.0,0.38,24.86,22.12,1496373271
Printerium,PRX,643,0.000650601,0.00000027,14.009,5904.0,9074428.0,9074428.0,0.68,-6.27,-22.8,1496372983
Coinonat,CXT,644,0.0027825,0.00000115,188.994,5893.0,2117902.0,8117902.0,-0.67,-3.88,-7.48,1496372988
Elysium,ELS,645,0.00139712,0.00000058,9.65955,5595.0,4005012.0,4005012.0,0.68,18.93,-9.88,1496372985
Argus,ARGUS,646,0.00480298,0.00000199,61.0533,5515.0,1148324.0,5194373.0,-6.6,-59.77,-16.37,1496372984
Antilitecoin,ALTC,647,0.000168625,0.00000007,9.57484,5314.0,31512613.0,31512613.0,0.38,19.61,-12.13,1496373273
Concoin,CONX,648,0.00765593,0.00000318,132.415,5266.0,687849.0,1538849.0,0.8,4.08,24.38,1496372989
Qibuck Asset,QBK,649,0.00358388,0.00000149,35.8388,5219.0,1456187.0,2000000.0,3.73,20.23,-33.29,1496372991
GanjaCoin,420G,650,0.00722679,0.00000300,79.4947,4863.0,672975.0,1741116.0,0.38,-66.05,-78.17,1496373261
Save and Gain,SANDG,651,0.00141989,0.00000064,,4352.0,3064800.0,3064800.0,,,16.06,1496226272
GeertCoin,GEERT,652,0.000819046,0.00000034,113.773,4167.0,5087639.0,5087639.0,0.65,-4.05,-2.37,1496372985
BioBar,BIOB,653,0.00450601,0.00000187,53.0363,3991.0,885756.0,985756.0,0.68,-23.28,3.96,1496372986
NodeCoin,NODC,654,0.00221639,0.00000097,,3720.0,1678439.0,5878439.0,,,40.21,1496270080
Revenu,REV,655,0.00272794,0.00000116,,3261.0,1195525.0,1195525.0,,0.09,-63.53,1496336068
Selfiecoin,SLFI,656,0.0000240893,0.00000001,0.722679,2598.0,107829281.0,107829281.0,0.38,2.52,0.42,1496373264
P7Coin,P7C,657,0.0000722679,0.00000003,0.900916,2545.0,35220238.0,35220238.0,0.38,,,1496373264
Pulse,PULSE,658,0.00016306,0.00000007,73.4534,2332.0,14298972.0,14298972.0,-26.89,-54.87,-82.37,1496373272
Californium,CF,659,0.0204759,0.00000850,186.881,2275.0,111110.0,111110.0,0.15,7.59,6.18,1496373265
Enigma,XNG,660,0.132096,0.00005482,181.524,2196.0,16627.0,66627.0,0.68,70.12,,1496372971
Doubloon,BOAT,661,0.000527418,0.00000022,282.616,1871.0,3547845.0,18547845.0,0.66,-10.21,-36.95,1496372983
Dollar Online,DOLLAR,662,0.0153735,0.00000638,114.368,1359.0,88379.0,10088379.0,0.68,-2.91,49.6,1496372981
Impeachcoin,IMPCH,663,0.00414457,0.00000172,35.4866,1277.0,308179.0,2501512.0,0.5,47.01,-40.54,1496372983
23 Skidoo,CHAO,664,3637.55,1.51003,157.425,919.0,0.0,0.0,0.38,2.52,-62.56,1496373267
Zcashshare,ZHS,665,0.000216867,0.00000009,2.16101,613.0,2826000.0,2826000.0,0.68,2.56,,1496372980
Digital Credits,DGCS,666,0.0000963572,0.00000004,217.025,561.0,5826388.0,201284316.0,0.38,-12.89,-43.83,1496373270
SwapToken,TOKEN,667,0.0000124277,0.000000005,69.1089,436.0,35110531.0,35110531.0,1.27,-40.58,904.37,1496372974
CRTCoin,CRT,668,0.00481786,0.00000200,0.0000000241,382.0,79270.0,10079270.0,0.38,2.52,0.42,1496373255
PizzaCoin,PIZZA,669,0.000216867,0.00000009,26.8031,299.0,1377917.0,10127917.0,0.79,31.87,29.35,1496372975
Xenixcoin,XEN,670,0.0156626,0.00000650,79.5179,158.0,10100.0,10010100.0,0.68,,-68.67,1496372980
CaliphCoin,CALC,671,0.000855387,0.00000035,53.1545,75.0,87140.0,148587140.0,0.68,7.05,-30.96,1496372978
MikeTheMug,MUG,672,0.0000051456,0.000000002,,5.0,999279.0,1000000.0,,,,1496047185
BTCGold,XBG,673,0.136289,0.00005656,157.995,,,99000001.0,0.79,-12.78,-44.76,1496372989
Soarcoin,SOAR,674,0.0195938,0.00000813,225.092,,,5000000000.0,8.96,28.62,14.83,1496372987
Project-X,NANOX,675,303614.0,126.0,3916.11,,,1.0,-48.85,-58.31,,1496372992
Internet of Things,XOT,676,1198.82,0.497513,1612.57,,,21000000.0,0.16,18.94,41.58,1496372988
AMIS,AMIS,677,282.441,0.117213,0.450105,,,,0.76,45.15,-38.67,1496372989
Bitcoin Unlimited (Futures),BTU,678,121.381,0.050373,526.004,,,,0.27,-4.43,-33.45,1496372986
Malcoin,MALC,679,31.4068,0.0130339,42410.6,,,1000000000.0,0.68,2.56,0.74,1496372989
GoldUnionCoin,GUC,680,19.518,0.0081,21077.8,,,210000000.0,0.79,-9.48,-8.23,1496372989
ZenCash,ZEN,681,9.75904,0.00405001,3496.22,,,1387188.0,-8.44,,,1496372992
Qtum (Pre-Launch),QTUM,682,8.91238,0.00369865,37001100.0,,,100000000.0,-1.97,61.46,83.23,1496372991
Fargocoin,FRGC,683,6.81042,0.00282633,472534.0,,,443759216.0,0.15,-4.58,-2.45,1496372982
EcoCoin,ECO,684,3.75623,0.00155884,129413.0,,,1093895.0,-1.09,13.21,-21.91,1496372991
Internet of People,IOP,685,3.6821,0.00152808,3073.79,,,2139403.0,0.78,1.2,50.55,1496372980
DECENT (Pre-Launch),DCT,686,2.85365,0.00118427,4232.22,,,73290000.0,0.8,30.19,-33.65,1496372980
PRIZM,PZM,687,1.04603,0.0004341,32067.8,,,,0.79,-2.15,0.74,1496372991
Bitcore,BTX,688,1.04258,0.00043267,28604.9,,,16359941.0,0.73,-15.59,-57.8,1496372989
OBITS.WARRANT,WARRANT,689,1.00256,0.00045776,,,,,,,,1496189094
DynamicCoin,DMC,690,0.998042,0.00041419,277975.0,,,10541442931.0,0.01,-0.05,-0.09,1496372979
Databits,DTB,691,0.811781,0.00033689,141165.0,,,,0.64,0.42,3.97,1496372987
Bitgem,BTG,692,0.795549,0.00033025,22.3654,,,,0.38,-3.27,-15.93,1496373248
Aeternity (Pre-Launch),AE,693,0.698794,0.00029,1359.86,,,,0.68,,,1496372992
TechShares,THS,694,0.598478,0.00024837,54.5394,,,646359158.0,0.7,-2.81,-10.76,1496372975
GAY Money,GAY,695,0.583593,0.00024219,47.7528,,,5603041708.0,0.65,-14.0,28.32,1496372977
XDE II,XDE2,696,0.574656,0.00023848,12.2651,,,42249.0,0.66,0.16,14.25,1496372986
TeslaCoilCoin,TESLA,697,0.553951,0.00022989,154.581,,,100000000.0,0.68,2.56,44.31,1496372972
LEOcoin,LEO,698,0.476822,0.00019794,226585.0,,,92900262.0,0.81,6.79,15.97,1496373267
WA Space,WA,699,0.39771,0.00016505,36011.2,,,,0.68,5.63,30.72,1496372980
ClubCoin,CLUB,700,0.285918,0.00011869,35141.0,,,90899180.0,0.02,2.7,-8.9,1496373270
Yogold,YOG,701,0.264915,0.00010994,10.4181,,,100000000.0,0.68,2.56,-57.07,1496372986
ZenGold,ZENGOLD,702,0.260967,0.0001083,1769.55,,,,1.67,-4.26,,1496372992
TROPTIONS,TROPTIONS,703,0.248173,0.00010598,,,,1000000001.0,,31.07,47.65,1496287780
InvisibleCoin,IVZ,704,0.240893,0.0001,58.1988,,,,0.38,67.79,,1496373269
Zilbercoin,ZBC,705,0.236089,0.00009798,747160.0,,,9008872.0,0.53,19.81,-34.39,1496372983
Quartz,QRZ,706,0.192771,0.00008000,2424.32,,,21000000.0,0.79,-58.89,,1496372991
Golos Gold,GBG,707,0.162192,0.00006731,10013.5,,,,-1.36,21.1,-10.54,1496372984
Pabyosi Coin (Special),PCS,708,0.157961,0.00006555,6009.07,,,30993751760.0,-0.93,-13.38,29.65,1496372981
AlpaCoin,APC,709,0.151473,0.00006288,382.567,,,,0.38,-7.34,13.16,1496373271
Tattoocoin (Limited Edition),TLE,710,0.13012,0.00005400,0.240963,,,975531.0,0.68,57.64,45.16,1496372989
EquiTrader,EQT,711,0.127711,0.00005300,91593.9,,,7661280.0,0.68,6.59,6.64,1496372991
Wowecoin,WEC,712,0.104,0.00004316,12085.9,,,8901692.0,,-0.0,2.06,1496372975
LandCoin,LDCN,713,0.0968521,0.00004019,28341.3,,,19003881978.0,0.66,24.2,171.3,1496372982
DeusCoin,DEUS,714,0.0886504,0.00003679,6002.86,,,,0.68,4.25,-24.17,1496372989
InsaneCoin,INSN,715,0.0843837,0.00003502,2179.48,,,18528252.0,-3.76,48.58,21.59,1496372990
Omicron,OMC,716,0.072289,0.00003000,0.395156,,,10134092.0,0.68,,35.89,1496372978
WavesGo,WGO,717,0.0674944,0.00002801,643.239,,,10000000.0,0.8,-19.34,-13.18,1496372989
Elacoin,ELC,718,0.0420728,0.00001727,,,,,,3.68,38.3,1496326751
Topaz Coin,TOPAZ,719,0.0398364,0.00001653,97.8383,,,37945.0,0.68,-69.99,-74.15,1496372990
Fazzcoin,FAZZ,720,0.0392939,0.00001631,190.942,,,1022574802.0,0.62,-12.23,-56.19,1496372989
International Diamond,XID,721,0.038265,0.00001588,2415.05,,,,0.68,2.56,,1496372975
CryptoBuck,BUK,722,0.0313748,0.00001302,0.446086,,,,-5.83,35.96,39.54,1496373260
DeltaCredits,DCRE,723,0.0293167,0.00001217,2.05303,,,,0.38,-3.65,,1496373267
President Johnson,GARY,724,0.0284737,0.00001182,116.23,,,57968072167.0,0.67,1.93,13.87,1496372976
IvugeoCoin,IEC,725,0.0239688,0.00000995,0.795954,,,,0.38,3.04,,1496373265
RHFCoin,RHFC,726,0.0236389,0.00000981,17501.3,,,200156890.0,0.68,-21.95,-18.28,1496372988
EDRCoin,EDRC,727,0.0224721,0.00000933,13658.7,,,3407292.0,-0.66,-29.84,-26.9,1496372970
ShellPay,SHELL,728,0.0207194,0.00000860,12983.1,,,,1.44,-1.71,-16.31,1496373266
Lepaoquan,HLB,729,0.0197643,0.00000820,640819.0,,,935498508.0,2.07,5.12,-33.57,1496372981
Avoncoin,ACN,730,0.019253,0.00000799,2452.07,,,,0.79,0.34,-3.97,1496372983
Gycoin,GYC,731,0.0181884,0.00000755,15134.9,,,22213403.0,-0.5,3.2,-10.05,1496372975
KolschCoin,TP1,732,0.0147961,0.00000620,,,,,,1.57,37.99,1496357661
PiCoin,PI,733,0.0144578,0.00000600,31.3252,,,1378369.0,0.79,201.66,101.21,1496372990
Digitalfund,DTF,734,0.0139599,0.00000579,14467.4,,,54000053.0,3.49,15.48,-30.67,1496372976
Mind Gene,MG,735,0.013012,0.00000540,9667.69,,,,-0.43,2.88,4.48,1496372978
Sharkcoin,SAK,736,0.00968037,0.00000402,2405.71,,,,-2.81,9.68,12.97,1496373264
9COIN,9COIN,737,0.00956624,0.00000397,594.322,,,350050250.0,0.68,60.31,94.0,1496372990
First Bitcoin,BIT,738,0.007558,0.00000314,687.096,,,20706894378.0,-3.23,53.64,40.29,1496372975
Tyrocoin,TYC,739,0.00754215,0.00000313,53.0119,,,50131800.0,0.68,,,1496372990
Opal,OPAL,740,0.0071545,0.00000297,2909.91,,,,-5.73,12.39,5.33,1496373259
Slimcoin,SLM,741,0.00650411,0.00000270,12.0446,,,13925626.0,0.38,,44.9,1496373264
Goldpay Coin,GP,742,0.00642155,0.00000266,18823.8,,,,1.01,2.57,-20.8,1496372991
Helleniccoin,HNC,743,0.00635957,0.00000264,8627.24,,,,0.38,-21.48,62.64,1496373268
Psilocybin,PSY,744,0.00634604,0.00000265,,,,,,1.92,8.78,1496352269
Xaucoin,XAU,745,0.00580552,0.00000241,0.928883,,,,0.38,2.95,15.24,1496373264
EggCoin,EGG,746,0.00562322,0.00000237,,,,,,0.98,,1496295864
GBCGoldCoin,GBC,747,0.005,0.00000208,40.3805,,,,0.0,-23.75,-26.81,1496373270
Axiom,AXIOM,748,0.00481786,0.00000200,23.5291,,,,0.38,3.04,-2.03,1496373268
BagCoin,BGC,749,0.00437753,0.00000182,70390.5,,,497214120.0,6.04,-5.24,-4.22,1496372974
GoldReserve,XGR,750,0.00431198,0.00000179,1838.98,,,17161447.0,1.09,1.79,-2.82,1496373255
netBit,NBIT,751,0.00424095,0.00000176,0.344096,,,,0.79,6.81,28.31,1496372979
Bitcoin Scrypt,BTCS,752,0.00407109,0.00000169,5.45188,,,,0.38,11.76,-1.33,1496373251
Dashs,DASHS,753,0.00402409,0.00000167,88.9982,,,,0.68,-26.57,-31.46,1496372989
AvatarCoin,AV,754,0.00352518,0.00000159,,,,,,,19.47,1496159368
ZSEcoin,ZSE,755,0.00312736,0.00000130,144.686,,,6379415.0,0.79,-7.16,-60.49,1496372986
President Trump,PRES,756,0.00275054,0.00000114,242.269,,,57968072167.0,0.68,-1.95,-23.37,1496372976
Quotient,XQN,757,0.00264982,0.00000110,60.178,,,,0.38,,-22.75,1496373263
Clinton,CLINT,758,0.0026024,0.00000108,3.90361,,,,0.59,2.56,15.59,1496372972
RoyalCoin 2,RYCN,759,0.00245848,0.00000103,,,,2500124.0,,1.6,-13.64,1496333388
Neptune Classic,NTCC,760,0.00245783,0.00000102,1176.12,,,,0.68,-0.09,89.72,1496372985
GameLeagueCoin,GML,761,0.00237139,0.00000103,,,,,,,12.33,1496142551
BitcoinFast,BCF,762,0.00230932,0.00000096,296.192,,,,-3.62,-31.26,-35.38,1496373262
OCOW,OCOW,763,0.00227517,0.00000099,,,,,,,-2.63,1496142268
TrickyCoin,TRICK,764,0.00219213,0.00000091,13.8115,,,,0.38,-1.79,-23.21,1496373264
VGINA,VGINA,765,0.0021059,0.00000095,,,,11603228.0,,,,1496238289
RichCoin,RICHX,766,0.00210122,0.00000093,,,,5925522.0,,,,1496167172
Mavro,MAVRO,767,0.00168043,0.00000070,,,,15005722.0,,2.18,4.72,1496349588
Condensate,RAIN,768,0.00165608,0.00000069,758.584,,,42978104.0,2.09,3.87,-21.03,1496372990
Motocoin,MOTO,769,0.00152593,0.00000063,1.33732,,,,0.38,101.62,187.0,1496373255
Digital Bullion Gold,DBG,770,0.00144578,0.00000060,15.927,,,24523275.0,0.79,36.75,30.01,1496372973
MMXVI,MMXVI,771,0.00142127,0.00000059,54.437,,,,5.76,-10.83,-59.83,1496373272
Advanced Internet Blocks,AIB,772,0.00139427,0.00000058,42.7576,,,31411916546.0,0.38,-18.18,-34.69,1496373266
UR,UR,773,0.0013253,0.00000055,128.737,,,,0.68,-6.83,2.27,1496372985
RoyalCoin,ROYAL,774,0.00120254,0.00000050,109.558,,,2500124.0,0.68,27.96,13.06,1496372978
Alphabet Coin Fund,FUN,775,0.00115181,0.00000048,,,,20742012.0,,2.14,11.49,1496362472
TodayCoin,TODAY,776,0.00110843,0.00000046,54.3117,,,,0.68,-12.22,-13.34,1496372975
True Investment Coin,TIC,777,0.00103614,0.00000043,18.8405,,,,0.68,2.56,-0.55,1496372985
Skeincoin,SKC,778,0.00103584,0.00000043,0.0520811,,,,0.38,,,1496373251
Bitcedi,BXC,779,0.00102025,0.00000042,34.9988,,,,4.72,0.99,,1496372972
BestChain,BEST,780,0.00101452,0.00000042,91.4482,,,20042911.0,-3.43,-23.15,18.49,1496372987
RubleBit,RUBIT,781,0.000987661,0.00000041,18.5528,,,,0.38,10.62,43.26,1496373271
The Aladin,ADT,782,0.000892522,0.00000032,,,,,,,,1495722585
Donationcoin,DON,783,0.000867215,0.00000036,22656.4,,,,5.51,,,1496373257
SportsCoin,SPORT,784,0.000863571,0.00000036,,,,19800001.0,,2.1,24.33,1496353177
Braincoin,BRAIN,785,0.000843372,0.00000035,8.14646,,,,0.68,2.56,25.76,1496372971
Dubstep,DUB,786,0.000819036,0.00000034,7.56218,,,,0.38,,,1496373266
IrishCoin,IRL,787,0.000819036,0.00000034,487.438,,,,6.66,,,1496373266
WeAreSatoshi,WSX,788,0.000770857,0.00000032,151.185,,,,0.38,,-6.58,1496373258
KashhCoin,KASHH,789,0.000750565,0.00000031,6531.36,,,,2.71,36.64,133.05,1496372986
FrankyWillCoin,FRWC,790,0.000746986,0.00000031,0.265036,,,,0.68,2.56,11.38,1496372975
Lazaruscoin,LAZ,791,0.000746986,0.00000031,14.481,,,,0.68,9.64,,1496372977
Opescoin,OPES,792,0.0006745,0.00000028,0.534758,,,,0.38,2.52,,1496373271
Quebecoin,QBC,793,0.000626322,0.00000026,19.515,,,,0.38,-0.35,7.03,1496373253
Vsync,XVS,794,0.000519566,0.00000022,140.45,,,103334172.0,-0.4,28.69,-29.37,1496372988
CBD Crystals,CBD,795,0.000516862,0.00000021,72.9569,,,,1.53,-79.85,19.89,1496372979
Cubits,QBT,796,0.00050601,0.00000021,15.1815,,,,0.79,13.85,-2.82,1496372978
BlazerCoin,BLAZR,797,0.000481927,0.00000020,19.1251,,,,0.68,86.48,67.68,1496372988
T-coin,TCOIN,798,0.00045783,0.00000019,5928.33,,,,0.68,13.24,5.28,1496372981
MarxCoin,MARX,799,0.000453582,0.00000019,335.336,,,29128280.0,0.68,11.29,-13.13,1496372985
BitAlphaCoin,BAC,800,0.000417042,0.00000017,33.8986,,,,0.38,-35.58,-45.7,1496373271
DarkLisk,DISK,801,0.000385541,0.00000016,3.3012,,,17888425.0,0.68,,14.98,1496372971
UGAIN,GAIN,802,0.000361445,0.00000015,0.265036,,,,0.68,2.56,,1496372976
Gambleo,GMB,803,0.000337349,0.00000014,1.20433,,,,0.68,2.58,-63.63,1496372986
PrismChain,PRM,804,0.000337349,0.00000014,70.7488,,,,0.68,41.82,-80.71,1496372972
GoldMaxCoin,GMX,805,0.000332413,0.00000014,,,,84078950.0,,1.05,,1496346877
Sakuracoin,SKR,806,0.000313206,0.00000013,100.251,,,,-3.77,2.9,6.9,1496372979
The Vegan Initiative,XVE,807,0.000312479,0.00000013,1149.1,,,,0.67,46.86,88.74,1496372988
Cycling Coin,CYC,808,0.000289072,0.00000012,0.264958,,,,0.38,11.84,0.42,1496373267
Operand,OP,809,0.000289072,0.00000012,10.6526,,,36309296.0,0.38,-17.98,,1496373274
Happy Creator Coin,HCC,810,0.000265729,0.00000011,176.066,,,,0.68,25.67,-26.5,1496372973
Grumfork,GMF,811,0.000240963,0.00000010,2.40963,,,,0.68,2.56,-27.82,1496372989
President Sanders,BURN,812,0.000240963,0.00000010,134.673,,,57968072167.0,0.68,28.2,-39.81,1496372983
TeraCoin,TERA,813,0.000216867,0.00000009,3891.99,,,,0.68,-7.69,-5.96,1496372984
MobileCash,MBL,814,0.000216867,0.00000009,3.61876,,,1068669648.0,0.68,31.87,29.35,1496372978
Moneta,MONETA,815,0.000192714,0.00000008,0.506116,,,,0.38,17.16,-19.66,1496373270
AsicCoin,ASC,816,0.000190727,0.00000008,,,,,,4.31,-0.22,1496332743
LAthaan,LTH,817,0.000168674,0.00000007,138.44,,,,0.68,-20.23,,1496372978
TheCreed,TCR,818,0.0000963853,0.00000004,17.1051,,,,0.68,2.56,34.14,1496372971
TeamUp,TEAM,819,0.0000963853,0.00000004,3.92459,,,301004896.0,0.68,36.53,101.21,1496372979
Wowcoin,WOW,820,0.0000963853,0.00000004,148.24,,,,0.79,2.56,101.21,1496372979
LinkedCoin,LKC,821,0.0000963853,0.00000004,32.6819,,,,0.79,2.56,0.61,1496372973
Halloween Coin,HALLO,822,0.0000897231,0.00000004,78.6969,,,264606110.0,4.45,0.14,-16.65,1496372990
MoneyCoin,MONEY,823,0.0000722890,0.00000003,527.33,,,,51.02,2.56,24.88,1496372981
LePen,LEPEN,824,0.0000559352,0.00000002,177.881,,,,1.36,20.1,44.45,1496372983
PokeCoin,POKE,825,0.0000481927,0.00000002,133.66,,,,0.79,,0.61,1496372974
PinkDog,PDG,826,0.0000481927,0.00000002,21.9185,,,,0.68,-48.72,101.21,1496372984
Global Business Revolution,GBRC,827,0.0000481927,0.00000002,14.6024,,,900096049.0,0.68,2.56,17.44,1496372979
Tellurion,TELL,828,0.0000481927,0.00000002,0.72289,,,,0.79,2.56,,1496372976
CyberCoin,CC,829,0.0000481786,0.00000002,1.92714,,,549267534.0,0.38,2.52,0.42,1496373264
PayPeer,PAYP,830,0.0000481786,0.00000002,16.3004,,,,0.38,-31.65,,1496373274
Cashme,CME,831,0.0000481786,0.00000002,0.722679,,,,0.38,105.05,,1496373270
UNCoin,UNC,832,0.0000283769,0.00000001,872.965,,,,0.38,3.23,-25.22,1496373265
InflationCoin,IFLT,833,0.0000275802,0.00000001,1671.37,,,3246806445.0,-34.53,-38.21,-56.43,1496372982
VegasCoin,VGC,834,0.0000269515,0.00000001,0.0277601,,,,-0.68,-61.77,-77.65,1496373253
FedoraShare,FEDS,835,0.0000242461,0.00000001,8464.1,,,499001346574,3.9,1.78,37.11,1496372976
Aces,ACES,836,0.0000240963,0.00000001,251.262,,,,0.68,2.02,-17.54,1496372976
Safe Trade Coin,XSTC,837,0.0000240963,0.00000001,0.481927,,,604880000.0,0.68,2.56,0.69,1496372982
Rcoin,RCN,838,0.0000240963,0.00000001,192.628,,,,0.68,-27.61,0.61,1496372978
ChoofCoin,CHOOF,839,0.0000240963,0.00000001,141.242,,,,-28.02,2.56,-48.97,1496372979
SoulCoin,SOUL,840,0.0000240963,0.00000001,14.1903,,,,0.68,2.56,0.61,1496372972
SuperTurboStake,STRB,841,0.0000240893,0.00000001,12.5264,,,,0.38,2.52,0.42,1496373272
FireFlyCoin,FFC,842,0.0000240893,0.00000001,53.9507,,,,0.38,-48.74,-49.79,1496373261
X2,X2,843,0.0000240893,0.00000001,4.22565,,,,0.38,,0.42,1496373271
Yescoin,YES,844,0.0000240837,0.000000010,430.172,,,,0.77,2.54,0.56,1496372982
Victoriouscoin,VTY,845,0.0000237565,0.000000010,122.621,,,10263290326.0,0.78,1.12,5.05,1496372978
President Clinton,HILL,846,0.0000236509,0.00000001,,,,57968072167.0,,0.67,-50.63,1496341776
Virtacoin,VTA,847,0.0000076243,0.000000003,116.515,,,12423206610.0,0.02,-57.2,-52.36,1496373258
XP,XP,848,0.0000056072,0.000000002,122.232,,,133635560466,115.24,738.47,1963.18,1496372976
BatCoin,BAT,849,0.0000008390,0.0000000003,472.066,,,,10.22,,,1496373250
RabbitCoin,RBBT,850,0.0000005194,0.0000000002,69.1206,,,,-5.26,45.61,8.26,1496373259
BitCentavo,NBE,851,0.0000004778,0.0000000002,2.69503,,,,-4.15,,-58.38,1496373260
Dimecoin,DIME,852,0.0000004110,0.0000000002,459.197,,,527097484176,0.54,-4.93,-93.84,1496373246
StrongHands,SHND,853,0.0000001240,0.00000000005,105.375,,,,-0.68,-34.57,,1496373269
Paccoin,PAC,854,0.0000000728,0.00000000003,486.82,,,,-0.68,11.98,42.31,1496373269
Bond,BOND,855,,,,,1349.0,1349.0,,,,
bitRUBLE,BITRUBLE,856,,,,,,,,,,
