Name,Symbol,Rank,Price(BTC),Price(USD),24HVolume,MarketCap,%Change_1h,%Change_24h,%Change_7d,LastUpdated
Bitcoin,BTC,1,2427.46,1.0,1570560000.0,39728689101.0,16366362.0,16366362.0,0.78,3.27,0.46,1496376551
Ethereum,ETH,2,229.287,0.0946637,751381000.0,21124964417.0,92133285.0,92133285.0,0.25,-1.63,25.76,1496376563
Ripple,XRP,3,0.329088,0.000136,600073000.0,12709936013.0,38621693933.0,99994661895.0,-0.67,17.17,11.47,1496376841
NEM,XEM,4,0.231656,0.00009564,15877600.0,2084904000.0,8999999999.0,8999999999.0,1.0,6.8,2.06,1496376561
Ethereum Classic,ETC,5,17.4619,0.00720934,129489000.0,1610023134.0,92202059.0,92202059.0,0.16,-1.75,2.92,1496376574
Litecoin,LTC,6,29.7726,0.0123044,420205000.0,1529513954.0,51373207.0,51373207.0,2.02,13.56,-1.88,1496376841
Dash,DASH,7,140.337,0.0579981,35787000.0,1028989687.0,7332277.0,7332277.0,1.22,-1.65,6.85,1496376845
Stratis,STRAT,8,6.62216,0.00273403,20044600.0,651674206.0,98408103.0,98408103.0,-0.29,16.12,122.95,1496376574
Monero,XMR,9,44.2554,0.0182898,12768400.0,644344940.0,14559691.0,14559691.0,-0.38,1.94,4.05,1496376851
Bytecoin,BCN,10,0.00310541,0.00000128,7890720.0,568189442.0,182967608679,182967608679,8.99,28.96,12.16,1496376850
Stellar Lumens,XLM,11,0.0414008,0.00001711,39033800.0,400130943.0,9664811867.0,102940435314,-0.44,6.17,-15.51,1496376853
Golem,GNT,12,0.472209,0.00019496,12236700.0,389511982.0,824872000.0,1000000000.0,0.24,4.12,7.35,1496376580
Zcash,ZEC,13,254.599,0.105114,22937000.0,364829228.0,1432956.0,1432956.0,-0.37,3.47,4.89,1496376578
Waves,WAVES,14,3.6252,0.0014967,3128570.0,362520000.0,100000000.0,100000000.0,0.76,15.28,42.2,1496376572
Dogecoin,DOGE,15,0.00294348,0.00000122,23669700.0,322703753.0,109633411214,109633411214,1.08,6.4,-6.85,1496376845
Gnosis,GNO,16,252.647,0.104308,2722500.0,279071350.0,1104590.0,10000000.0,0.24,-2.78,7.71,1496376590
Augur,REP,17,24.3043,0.0100343,4177070.0,267347300.0,11000000.0,11000000.0,0.72,1.72,-6.8,1496376565
Steem,STEEM,18,1.06421,0.00043937,2470000.0,249381152.0,234334531.0,251308625.0,1.29,4.76,-12.11,1496376569
Siacoin,SC,19,0.00888012,0.00000367,20900000.0,235323386.0,26500023165.0,26500023165.0,1.44,17.87,-2.55,1496376567
BitShares,BTS,20,0.0833562,0.00003445,17293900.0,216908670.0,2602190000.0,2602190000.0,0.01,20.4,-0.29,1496376852
DigiByte,DGB,21,0.0245004,0.00001013,34131900.0,198625525.0,8107031908.0,8107031908.0,9.55,34.94,50.71,1496376844
MaidSafeCoin,MAID,22,0.395004,0.00016325,1793880.0,178760013.0,452552412.0,452552412.0,-1.57,-4.56,-6.48,1496376850
Basic Attention Token,BAT,23,0.170762,0.00007050,3840700.0,170762000.0,1000000000.0,1500000000.0,-0.16,,,1496376593
DigixDAO,DGD,24,85.052,0.0351147,1289510.0,170104000.0,2000000.0,2000000.0,0.23,6.57,-3.65,1496376570
GameCredits,GAME,25,2.68553,0.00110875,1904290.0,169257129.0,63025596.0,63025596.0,3.56,4.3,-7.67,1496376556
Lisk,LSK,26,1.42805,0.00058959,2314370.0,153891366.0,107763290.0,107763290.0,3.1,14.11,10.6,1496376569
BitConnect,BCC,27,22.7577,0.00939576,2140460.0,146501036.0,6437427.0,6437427.0,0.32,6.3,42.2,1496376583
Ardor,ARDR,28,0.132515,0.00005471,2713250.0,132382418.0,998999495.0,998999495.0,1.72,20.04,-3.52,1496376573
Decred,DCR,29,25.0852,0.0103567,2840790.0,125945200.0,5020697.0,5440697.0,0.42,8.82,7.97,1496376568
Factom,FCT,30,13.431,0.00554513,1334880.0,117564484.0,8753219.0,8753219.0,2.46,5.07,-3.05,1496376564
SingularDTV,SNGLS,31,0.181121,0.00007478,278464.0,108672600.0,600000000.0,1000000000.0,1.01,0.89,6.94,1496376579
Tether,USDT,32,1.03037,0.0004254,94481400.0,108182348.0,104993690.0,124951468.0,-0.21,-0.22,0.42,1496376559
Iconomi,ICN,33,1.20799,0.00049873,839720.0,105095130.0,87000000.0,100000000.0,-0.49,-0.54,0.36,1496376577
Byteball,GBYTE,34,536.117,0.221342,522548.0,101478300.0,189284.0,1000000.0,2.38,10.22,72.07,1496376582
Round,ROUND,35,0.108736,0.00004489,374755.0,92425600.0,850000000.0,1000000000.0,0.31,7.35,-22.09,1496376580
PIVX,PIVX,36,1.7209,0.00071049,937067.0,92129844.0,53535850.0,53535850.0,0.69,6.75,35.72,1496376567
Aragon,ANT,37,2.12429,0.00087704,573853.0,71387120.0,33605167.0,39609523.0,3.26,-0.8,-3.91,1496376591
FirstBlood,1ST,38,0.828698,0.00034214,4007700.0,70902051.0,85558371.0,93468691.0,-0.6,12.46,-1.63,1496376577
AntShares,ANS,39,1.32566,0.00054732,9707830.0,66283000.0,50000000.0,100000000.0,-0.9,26.6,17.39,1496376575
Nxt,NXT,40,0.0623703,0.00002578,2967000.0,62307929.0,998999983.0,998999983.0,-1.08,7.77,-12.88,1496376843
SysCoin,SYS,41,0.11235,0.00004643,1427010.0,59001982.0,525162278.0,525162278.0,0.96,1.94,-15.1,1496376853
Komodo,KMD,42,0.566038,0.00023369,230426.0,57138995.0,100945510.0,100945510.0,4.85,4.6,10.75,1496376583
iExec RLC,RLC,43,0.651066,0.0002688,637091.0,50829239.0,78070793.0,86999785.0,-4.85,11.65,6.38,1496376589
Ubiq,UBQ,44,1.0975,0.00045357,1630310.0,40710855.0,37094173.0,37094173.0,-3.12,20.05,143.16,1496376853
Wings,WINGS,45,0.435215,0.00017968,1461520.0,39042412.0,89708333.0,100000000.0,-1.48,37.77,51.79,1496376582
Peercoin,PPC,46,1.61842,0.00066886,1476360.0,39040367.0,24122519.0,24122519.0,0.32,5.72,-7.99,1496376840
Emercoin,EMC,47,0.912478,0.00037673,802745.0,36642732.0,40157386.0,40157386.0,0.81,5.88,-11.18,1496376555
Lykke,LKK,48,0.259354,0.00010708,545431.0,35706697.0,137675521.0,1285690000.0,-0.04,4.49,13.34,1496376579
ReddCoin,RDD,49,0.0012102,0.00000050,1225670.0,34521012.0,28525047403.0,28525047403.0,2.9,12.37,-25.74,1496376845
Melon,MLN,50,55.1591,0.022773,470464.0,33062365.0,599400.0,749400.0,0.34,-3.04,-5.1,1496376584
Storjcoin X,SJCX,51,0.633346,0.00026175,554488.0,32410306.0,51173144.0,500000000.0,-0.43,1.34,0.28,1496376853
BitcoinDark,BTCD,52,24.9127,0.0102959,56499.8,32109037.0,1288862.0,1288862.0,0.11,6.01,8.76,1496376852
Ark,ARK,53,0.310721,0.00012828,372757.0,29612441.0,95302348.0,126552348.0,1.36,13.81,19.86,1496376587
Counterparty,XCP,54,11.1598,0.00461211,1131490.0,29224739.0,2618751.0,2618751.0,0.97,-8.38,-9.23,1496376845
Xaurum,XAUR,55,0.249894,0.00010317,157585.0,28414033.0,113704341.0,113704341.0,0.13,-5.61,27.2,1496376561
Omni,OMNI,56,50.2881,0.020783,11526400.0,28110081.0,558981.0,615297.0,0.71,-18.34,145.76,1496376847
Namecoin,NMC,57,1.72721,0.00071382,1035310.0,25452857.0,14736400.0,14736400.0,-1.83,5.31,-6.52,1496376842
Nexus,NXS,58,0.509528,0.00021036,103039.0,25399324.0,49848731.0,49848731.0,0.61,9.28,3.92,1496376559
Gulden,NLG,59,0.0727092,0.00003005,88960.4,25196133.0,346532945.0,448553100.0,-0.08,7.05,0.13,1496376848
Blocknet,BLOCK,60,6.2733,0.00259,178853.0,24531842.0,3910516.0,3910516.0,0.59,46.52,94.41,1496376558
WeTrust,TRST,61,0.254665,0.00010514,471515.0,23466743.0,92147500.0,100000000.0,8.77,6.73,-6.24,1496376589
Synereo,AMP,62,0.282887,0.00011679,539325.0,23269245.0,82256324.0,949291063.0,0.34,6.84,3.84,1496376566
EarthCoin,EAC,63,0.00243645,0.00000101,5770010.0,22772203.0,9346468332.0,9346468332.0,1.68,10.63,-12.9,1496376844
YbCoin,YBC,64,7.23711,0.00299094,2183170.0,21857968.0,3020262.0,3020262.0,-0.0,10.11,-8.07,1496376844
E-Dinar Coin,EDR,65,0.0317677,0.00001312,354893.0,20978663.0,660377156.0,785377156.0,2.8,27.78,21.17,1496376575
Matchpool,GUP,66,0.270762,0.00011179,245433.0,20307150.0,75000000.0,98855150.0,0.02,11.24,-1.82,1496376588
Burst,BURST,67,0.0113987,0.00000471,5463560.0,20289418.0,1779976482.0,1779976482.0,-3.27,24.04,4.73,1496376853
TokenCard,TKN,68,0.841047,0.00034724,305367.0,19885762.0,23644056.0,39406760.0,0.66,3.34,-17.8,1496376590
BlackCoin,BLK,69,0.256883,0.00010616,1170740.0,19566311.0,76168180.0,76168180.0,-0.13,14.14,12.99,1496376847
Edgeless,EDG,70,0.243765,0.00010064,358426.0,19362848.0,79432438.0,132046997.0,0.82,-0.78,-10.14,1496376587
PotCoin,POT,71,0.0855059,0.00003534,837408.0,18549524.0,216938526.0,216938526.0,0.43,12.46,-16.01,1496376845
NAV Coin,NAV,72,0.299266,0.00012368,593252.0,18353719.0,61329115.0,61329115.0,1.25,4.03,-8.53,1496376851
Nexium,NXC,73,0.271347,0.00011203,4682980.0,18050433.0,66521586.0,66521586.0,-0.52,-14.46,34.21,1496376582
BitBay,BAY,74,0.0178573,0.00000737,64648.0,17991636.0,1007522739.0,1007522739.0,-0.33,5.71,-5.03,1496376558
BCAP,BCAP,75,1.75708,0.00072543,139061.0,17570800.0,10000000.0,10000000.0,-0.42,10.81,-7.71,1496376591
Expanse,EXP,76,2.41346,0.00099642,680929.0,17471195.0,7239066.0,16239066.0,0.06,-4.36,2.39,1496376564
XtraBYtes,XBY,77,0.0262081,0.00001082,536382.0,17035265.0,650000000.0,650000000.0,10.92,51.58,297.62,1496376589
ZCoin,XZC,78,7.60942,0.00314163,1264970.0,16980650.0,2231530.0,2231530.0,1.64,-0.17,18.84,1496376577
Infinitecoin,IFC,79,0.000186134,0.00000008,4102590.0,16863047.0,90596274910.0,90596274910.0,0.51,7.48,-9.12,1496376841
Unity Ingot,UNY,80,0.082905,0.00003423,86006.6,16746810.0,202000000.0,10000000000.0,0.87,4.27,65.91,1496376591
OBITS,OBITS,81,1.1206,0.00046265,253560.0,16529255.0,14750362.0,16801100.0,5.97,44.14,27.6,1496376565
Pepe Cash,PEPECASH,82,0.0223534,0.00000923,19959.4,15689494.0,701884009.0,701884009.0,0.31,-11.61,-9.41,1496376577
Agoras Tokens,AGRS,83,0.368453,0.00015212,17870.0,15475026.0,42000000.0,42000000.0,-1.17,-7.68,-2.04,1496376563
Swarm City,SWT,84,2.30328,0.00095093,50356.3,15297763.0,6641730.0,6641730.0,0.13,10.43,-21.8,1496376585
Verge,XVG,85,0.00113898,0.00000047,1240850.0,15273121.0,13409472280.0,13409472280.0,0.05,32.7,-11.0,1496376557
LBRY Credits,LBC,86,0.217708,0.00008988,569828.0,14918337.0,68524524.0,466424524.0,2.43,3.07,-3.23,1496376572
Humaniq,HMQ,87,0.120569,0.00004978,450259.0,14897706.0,123561662.0,184190414.0,0.43,3.36,-37.81,1496376591
TaaS,TAAS,88,1.80288,0.00074434,160047.0,14686262.0,8146001.0,8146001.0,1.17,9.08,21.78,1496376587
Bankcoin,B@,89,3.43707,0.00141903,5642.96,14659379.0,4265080.0,25000000.0,1.13,5.23,-13.11,1496376587
GridCoin,GRC,90,0.0373499,0.00001542,181410.0,14578142.0,390312753.0,390312753.0,0.4,2.75,10.22,1496376559
Chronobank,TIME,91,19.4102,0.00801372,473219.0,13783432.0,710113.0,710113.0,1.45,6.06,15.87,1496376585
I/O Coin,IOC,92,0.839891,0.00034711,19714.6,13720616.0,16336186.0,16336186.0,0.48,9.27,3.81,1496376852
MonaCoin,MONA,93,0.271489,0.0001122,28892.0,13717212.0,50525850.0,50525850.0,-2.84,0.98,-8.9,1496376847
Radium,RADS,94,4.18069,0.00172605,754996.0,13571746.0,3246293.0,3246293.0,1.68,-8.77,9.27,1496376567
Etheroll,DICE,95,1.8517,0.00076449,6132.96,12964905.0,7001623.0,7001623.0,-0.91,1.23,-19.22,1496376591
E-coin,ECN,96,4.61901,0.00190701,135983.0,12852399.0,2782501.0,211071393.0,1.46,6.14,5.35,1496376588
Waves Community Token,WCT,97,2.51387,0.00103788,12344.2,12569350.0,5000000.0,10000000.0,-7.09,9.25,23.4,1496376583
Vertcoin,VTC,98,0.36324,0.00015012,658119.0,12147047.0,33440831.0,33440831.0,-0.24,3.01,-4.54,1496376844
Bitland,CADASTRAL,99,0.397629,0.00016416,18229.1,11928870.0,30000000.0,30000000.0,3.01,-4.95,133.82,1496376573
Golos,GOLOS,100,0.0958584,0.00003958,25323.5,11796579.0,123062550.0,123062550.0,0.56,13.76,51.08,1496376581
Shift,SHIFT,101,1.0825,0.00044692,360800.0,11722992.0,10829554.0,10829554.0,0.52,17.37,95.34,1496376565
MergeCoin,MGC,102,0.117985,0.00004871,2034160.0,11661838.0,98841700.0,103841700.0,8.0,18.13,-23.75,1496376590
Pluton,PLU,103,13.3097,0.00549507,164393.0,11313238.0,850000.0,20000000.0,1.31,7.54,63.67,1496376576
DigitalNote,XDN,104,0.00161466,0.00000067,2104160.0,11111287.0,6881502419.0,6881502419.0,1.69,-4.96,-13.13,1496376852
Clams,CLAM,105,4.68767,0.00193731,1406390.0,10788841.0,2301536.0,16207049.0,0.83,4.12,-14.23,1496376852
LuckChain,BASH,106,0.013959,0.00000576,599135.0,10107622.0,724093546.0,724093546.0,5.41,51.43,34.88,1496376579
FlorinCoin,FLO,107,0.0720965,0.00002980,299496.0,9660938.0,134000092.0,134000092.0,1.14,-1.58,-4.97,1496376842
Bitcrystals,BCY,108,0.404019,0.0001668,177376.0,9410177.0,23291422.0,23291422.0,0.71,4.14,-9.66,1496376567
Viacoin,VIA,109,0.411734,0.00016999,443606.0,9323947.0,22645561.0,22645561.0,0.55,7.09,-3.92,1496376553
HEAT,HEAT,110,0.344437,0.00014221,12558.2,9075606.0,26349104.0,26349104.0,0.36,-8.43,-16.2,1496376573
FedoraCoin,TIPS,111,0.0000203631,0.000000008,71603.2,9024278.0,443168182458,443168182458,-0.16,-4.36,-23.01,1496376844
vSlice,VSL,112,0.269806,0.00011139,187012.0,9008956.0,33390496.0,33390496.0,0.78,-8.13,-13.57,1496376581
Energycoin,ENRG,113,0.0729533,0.00003015,4280.03,8823031.0,120940803.0,120940803.0,0.48,-3.43,25.68,1496376849
VeriCoin,VRC,114,0.291625,0.00012052,125330.0,8810370.0,30211300.0,30211300.0,1.07,10.78,-14.41,1496376850
Rubycoin,RBY,115,0.359878,0.00014873,33659.7,8778223.0,24392218.0,24392218.0,0.46,1.91,10.44,1496376847
Scotcoin,SCOT,116,0.00837855,0.00000346,6854.92,8378550.0,1000000000.0,1000000000.0,1.1,37.49,751.21,1496376850
SaluS,SLS,117,8.30281,0.00342791,116029.0,8331415.0,1003445.0,1003445.0,-6.39,20.99,31.27,1496376567
Primecoin,XPM,118,0.419754,0.00017348,637720.0,8110412.0,19321821.0,19321821.0,3.97,8.01,-13.29,1496376841
DNotes,NOTE,119,0.0653484,0.00002701,235692.0,8093622.0,123853401.0,123853401.0,-2.26,-0.01,-0.23,1496376848
NeosCoin,NEOS,120,2.39836,0.00099019,3578740.0,8026088.0,3346490.0,3346490.0,-0.17,9.97,12.5,1496376555
Crown,CRW,121,0.578648,0.0002389,25150.1,8016839.0,13854432.0,13854432.0,0.24,5.46,-5.25,1496376558
SolarCoin,SLR,122,0.220117,0.00009097,84132.4,7740083.0,35163493.0,98034180224.0,1.47,-7.16,16.93,1496376848
VPNCoin,VASH,123,0.0192609,0.00000795,1710960.0,7710904.0,400339746.0,400339746.0,0.53,13.91,-14.86,1496376558
Pascal Coin,PASC,124,0.769407,0.00031766,182556.0,7679759.0,9981400.0,9981400.0,-0.45,0.79,-8.46,1496376581
Skycoin,SKY,125,1.37668,0.00056838,65639.8,7524659.0,5465801.0,100000000.0,0.62,-18.95,-28.81,1496376589
BelaCoin,BELA,126,0.207681,0.00008583,256496.0,7262168.0,34967900.0,34967900.0,0.35,5.43,-4.81,1496376849
Bitcoin Plus,XBC,127,72.6534,0.030026,114585.0,7041082.0,96913.0,96913.0,1.13,6.54,-6.04,1496376850
Creditbit,CRB,128,0.58423,0.00024121,247656.0,6937347.0,11874342.0,11874342.0,-1.17,-14.32,-15.12,1496376567
Asch,XAS,129,0.0908128,0.00003749,133113.0,6810960.0,75000000.0,100000000.0,1.69,3.0,-13.05,1496376588
Einsteinium,EMC2,130,0.0316647,0.00001309,131428.0,6675238.0,210810073.0,210810073.0,0.4,2.39,-11.99,1496376848
Global Currency Reserve,GCR,131,0.0646567,0.00002669,21482.3,6639565.0,102689505.0,102689505.0,-1.32,-0.1,1.97,1496376564
Incent,INCNT,132,0.287949,0.00011888,161882.0,6625220.0,23008312.0,46016625.0,0.14,6.0,24.67,1496376580
ZClassic,ZCL,133,4.48294,0.00185083,800736.0,6608862.0,1474225.0,1474225.0,4.5,-13.0,39.68,1496376579
Aeon,AEON,134,0.464299,0.00019169,3667.51,6606451.0,14228871.0,14228871.0,0.58,0.96,2.32,1496376563
Mooncoin,MOON,135,0.0000293547,0.00000001,26871.7,6515115.0,221944534203,221944534203,-34.39,-33.82,-48.05,1496376844
Novacoin,NVC,136,3.73679,0.00154433,104831.0,6485530.0,1735589.0,1735589.0,-0.07,2.5,-13.98,1496376840
Lunyr,LUN,137,2.77669,0.00114639,151873.0,6380426.0,2297853.0,2703356.0,-0.05,9.21,-8.27,1496376590
Feathercoin,FTC,138,0.0383593,0.00001585,149072.0,6282715.0,163785960.0,163785960.0,-0.82,7.7,11.02,1496376840
SIBCoin,SIB,139,0.403849,0.00016673,15676.0,5915050.0,14646686.0,14646686.0,0.19,5.23,37.36,1496376568
Safe Exchange Coin,SAFEX,140,0.00268938,0.00000111,20782.7,5775400.0,2147483647.0,2147483647.0,1.56,-1.07,-5.27,1496376568
Gambit,GAM,141,4.83972,0.00199813,12510.4,5730002.0,1183953.0,1183953.0,4.16,10.82,20.46,1496376561
WorldCoin,WDC,142,0.0491084,0.00002030,166055.0,5627619.0,114595844.0,114595844.0,1.15,9.53,-16.28,1496376841
FirstCoin,FRST,143,1.74772,0.00072156,59470.1,5433770.0,3109062.0,110000000.0,0.24,-6.42,7.83,1496376583
MonetaryUnit,MUE,144,0.0425534,0.00001757,34706.5,5170197.0,121499040.0,121499040.0,0.42,-2.15,-12.97,1496376557
Auroracoin,AUR,145,0.590622,0.00024409,16250.2,5113687.0,8658139.0,8658139.0,0.79,2.95,-3.2,1496376847
Blitzcash,BLITZ,146,1.25407,0.00051776,185451.0,5095928.0,4063512.0,4063512.0,0.26,36.67,301.69,1496376558
FoldingCoin,FLDC,147,0.0103426,0.00000427,416615.0,5065205.0,489741985.0,1000000000.0,-0.62,3.96,-8.03,1496376556
Janus,JNS,148,0.238989,0.00009867,6950.8,5002773.0,20933069.0,25201489.0,-0.46,1.84,6.31,1496376583
PinkCoin,PINK,149,0.0155821,0.00000644,353301.0,5000967.0,320943050.0,370943050.0,1.74,7.26,-12.02,1496376850
OKCash,OK,150,0.0676955,0.00002795,416308.0,4845369.0,71575933.0,71575933.0,0.44,8.84,130.75,1496376559
RouletteToken,RLT,151,0.460452,0.0001901,27313.3,4646978.0,10092210.0,10092933.0,0.6,5.34,4.38,1496376592
Vcash,XVC,152,0.304397,0.00012567,154628.0,4642431.0,15251236.0,15251236.0,0.7,2.89,2.37,1496376559
Darcrus,DAR,153,0.336675,0.000139,23660.0,4586780.0,13623762.0,13623762.0,0.68,14.95,6.91,1496376583
ION,ION,154,0.325688,0.00013446,25539.7,4477147.0,13746735.0,19646735.0,-4.99,-14.23,-32.89,1496376572
FairCoin,FAIR,155,0.0822207,0.00003398,3745.15,4366320.0,53104877.0,53104877.0,0.51,15.01,17.43,1496376847
CloakCoin,CLOAK,156,0.856843,0.00035411,20144.5,4287097.0,5003363.0,5003363.0,0.46,-1.37,17.5,1496376852
DubaiCoin,DBIX,157,4.83838,0.00199758,21860.5,4205414.0,869178.0,869178.0,8.78,16.07,59.64,1496376588
Sphere,SPHR,158,1.36123,0.000562,15115.5,4196591.0,3082940.0,3082940.0,-1.93,14.93,59.37,1496376561
NautilusCoin,NAUT,159,0.251907,0.00010411,443122.0,4075855.0,16180000.0,16180000.0,-1.12,1.34,18.31,1496376849
LoMoCoin,LMC,160,0.0194734,0.00000804,156150.0,4059857.0,208482195.0,293482195.0,4.54,12.72,1.97,1496376577
bitCNY,BITCNY,161,0.136883,0.00005651,417610.0,4005689.0,29263600.0,29263600.0,-0.69,-2.46,-3.09,1496376556
ArtByte,ABY,162,0.00517068,0.00000213,91288.7,3995592.0,772740050.0,772740050.0,7.22,59.64,1.66,1496376552
APX,APX,163,4.36464,0.00180199,67786.0,3928176.0,900000.0,1000000.0,4.26,10.01,29.26,1496376593
Bitmark,BTM,164,0.986094,0.00040712,208928.0,3846930.0,3901180.0,3901180.0,-0.9,4.21,17.35,1496376554
Unobtanium,UNO,165,19.2664,0.0079624,71644.1,3809442.0,197725.0,197725.0,-1.53,7.16,-10.79,1496376843
SpreadCoin,SPR,166,0.451926,0.00018658,39157.4,3675190.0,8132283.0,8132283.0,-8.12,15.56,15.3,1496376558
ICO OpenLedger,ICOO,167,7.78729,0.00321507,4710.98,3674004.0,471795.0,471795.0,-0.62,8.1,-3.37,1496376571
Riecoin,RIC,168,0.104517,0.00004319,595442.0,3573057.0,34186375.0,34186375.0,3.17,11.47,8.66,1496376846
Quark,QRK,169,0.0140174,0.00000579,41818.0,3505766.0,250101047.0,250101047.0,5.01,13.79,-29.36,1496376842
Minereum,MNE,170,8.53793,0.00352498,348594.0,3385551.0,396531.0,396531.0,7.32,172.79,204.3,1496376592
Circuits of Value,COVAL,171,0.00830788,0.00000343,85723.2,3323152.0,400000000.0,1200000000.0,4.87,18.66,2.92,1496376559
Zennies,ZENI,172,0.00317298,0.00000131,6680.36,3175137.0,1000679845.0,1000679845.0,0.59,3.65,2.48,1496376589
MUSE,MUSE,173,0.00227321,0.00000094,5063.28,3125301.0,1374840478.0,1524840478.0,-0.95,34.51,-21.96,1496376562
Diamond,DMD,174,1.43209,0.00059185,18494.8,3041455.0,2123788.0,2123788.0,-1.3,-0.82,-0.95,1496376843
Megacoin,MEC,175,0.0906604,0.00003747,353891.0,2981499.0,32886450.0,32886450.0,7.63,18.18,-22.78,1496376841
Wild Beast Block,WBB,176,1.27763,0.00052748,35851.2,2970132.0,2324720.0,2324720.0,0.58,2.65,-18.8,1496376559
PoSW Coin,POSW,177,0.0723467,0.00002987,92731.1,2966215.0,41000000.0,70000000.0,0.87,52.64,13.79,1496376582
Musicoin,MUSIC,178,0.0171692,0.00000709,64518.5,2938974.0,171177100.0,171177100.0,2.61,6.38,5.25,1496376586
Zetacoin,ZET,179,0.0174844,0.00000723,343136.0,2905130.0,166155546.0,166155546.0,1.58,10.47,-2.41,1496376843
BitSend,BSD,180,0.190419,0.00007870,17498.5,2903933.0,15250225.0,15250225.0,-3.34,-0.14,20.74,1496376850
Curecoin,CURE,181,0.116418,0.00004811,17876.0,2760043.0,23708041.0,23708041.0,0.3,3.4,-12.02,1496376851
Rise,RISE,182,0.0254281,0.00001050,112769.0,2730653.0,107387215.0,107387215.0,2.56,37.71,17.05,1496376573
RaiBlocks,XRB,183,0.034377,0.00001419,28186.3,2569078.0,74732457.0,340282367.0,2.71,0.29,10.1,1496376586
BitBean,BITB,184,0.00130959,0.00000054,97532.6,2564340.0,1958124000.0,1958124000.0,0.44,1.12,-26.11,1496376560
Espers,ESP,185,0.000122802,0.00000005,9637.54,2471606.0,20126755329.0,20126755329.0,18.51,16.48,-7.54,1496376570
Zeitcoin,ZEIT,186,0.0000677794,0.00000003,5072.58,2462069.0,36324735829.0,36324735829.0,0.66,12.41,40.65,1496376847
Atmos,ATMS,187,0.0244634,0.00001010,192219.0,2448121.0,100072796.0,110072796.0,0.81,4.56,6.03,1496376588
Veros,VRS,188,0.0283441,0.00001170,24254.9,2423050.0,85486938.0,10000000000.0,0.8,-19.46,-7.9,1496376580
Spectrecoin,XSPEC,189,0.118285,0.00004884,257826.0,2412416.0,20394941.0,20394941.0,0.04,0.7,7.93,1496376583
ZcCoin,ZCC,190,0.0385181,0.00001592,525876.0,2374912.0,61657044.0,61657044.0,4.96,15.03,-23.52,1496376853
Cryptonite,XCN,191,0.00721591,0.00000298,295660.0,2364399.0,327664771.0,327664771.0,0.43,26.21,-21.5,1496376852
Steem Dollars,SBD,192,1.65247,0.00068224,752423.0,2334463.0,1412711.0,1412711.0,0.47,12.42,-6.57,1496376574
Mintcoin,MINT,193,0.0000958331,0.00000004,3672.17,2333195.0,24346441626.0,24346441626.0,0.43,34.95,-9.78,1496376849
Digitalcoin,DGC,194,0.0676557,0.00002796,127104.0,2326666.0,34389793.0,34389793.0,1.91,11.93,-9.58,1496376841
Myriad,XMY,195,0.00155138,0.00000064,45471.0,2305360.0,1486005750.0,1486005750.0,2.22,10.13,-29.74,1496376847
BoostCoin,BOST,196,0.191028,0.00007895,119360.0,2264730.0,11855487.0,11855487.0,5.69,10.87,-6.22,1496376850
Groestlcoin,GRS,197,0.0322909,0.00001335,1987.96,2183390.0,67616253.0,67616253.0,7.8,11.09,12.48,1496376848
bitUSD,BITUSD,198,0.979644,0.00040446,173618.0,2156500.0,2201310.0,2201310.0,-1.48,-1.25,-0.67,1496376555
Bata,BTA,199,0.428369,0.00017686,26248.4,2120911.0,4951130.0,4951130.0,11.28,7.82,37.86,1496376562
Adzcoin,ADZ,200,0.0383758,0.00001584,7356.9,2104662.0,54843480.0,54843480.0,-0.32,14.2,-5.24,1496376566
HunterCoin,HUC,201,0.117838,0.00004870,54482.5,2078495.0,17638580.0,17638580.0,-1.09,-2.23,-8.31,1496376845
iCash,ICASH,202,0.00915196,0.00000378,7875.4,2021702.0,220903745.0,220903745.0,2.84,30.02,0.27,1496376560
Breakout Stake,BRX,203,0.314924,0.00013002,8809.99,1973970.0,6268082.0,6268082.0,-3.71,16.65,37.98,1496376573
GoldCoin,GLD,204,0.048466,0.00002003,6217.26,1950946.0,40253900.0,40253900.0,-1.17,12.97,0.23,1496376842
MaxCoin,MAX,205,0.0356624,0.00001474,80151.7,1941557.0,54442678.0,54442678.0,0.2,6.86,1.32,1496376845
FUNCoin,FUNC,206,0.358869,0.00014816,68027.3,1922583.0,5357341.0,100000000.0,0.92,3.74,18.41,1496376591
TransferCoin,TX,207,0.316022,0.00013047,18065.4,1887753.0,5973487.0,5973487.0,0.34,18.35,-16.05,1496376564
Tickets,TIX,208,0.0000277800,0.00000001,42323.3,1857823.0,66876281414.0,66876281414.0,-0.2,-1.99,-25.4,1496376842
Ethereum Movie Venture,EMV,209,0.27814,0.00011483,601.801,1854266.0,6666666.0,6666666.0,0.3,142.76,-29.69,1496376589
BlockPay,BLOCKPAY,210,0.3319,0.00013703,1833.69,1801653.0,5428300.0,98928316.0,-9.42,-5.18,-1.75,1496376575
DeepWebCash,DWC,211,1.2761,0.00052685,13482.3,1699941.0,1332138.0,1332138.0,-0.36,8.43,-34.85,1496376581
vTorrent,VTR,212,0.152909,0.00006313,8031.25,1653859.0,10815966.0,10815966.0,0.59,4.09,18.13,1496376558
CryptoCarbon,CCRB,213,0.420642,0.00017367,2752.34,1498373.0,3562111.0,10000150.0,-5.3,-21.82,26.41,1496376584
Startcoin,START,214,0.0323134,0.00001335,43628.8,1456681.0,45079785.0,70782220.0,0.43,3.91,-25.53,1496376851
Sequence,SEQ,215,0.0323838,0.00001337,2728.96,1447546.0,44699682.0,44699682.0,2.68,12.68,26.78,1496376576
Ixcoin,IXC,216,0.0651225,0.00002691,10185.4,1367513.0,20999088.0,20999088.0,0.36,-81.74,38.6,1496376845
2GIVE,2GIVE,217,0.00265911,0.00000110,17198.5,1364114.0,512996540.0,512996540.0,1.9,5.4,-20.24,1496376570
Boolberry,XBB,218,0.139452,0.00005763,4528.46,1329323.0,9532480.0,9532480.0,0.41,0.76,-10.63,1496376852
ChainCoin,CHC,219,0.0898365,0.00003709,19897.1,1318761.0,14679571.0,14679571.0,3.7,7.63,-6.42,1496376562
EuropeCoin,ERC,220,0.133193,0.00005499,2505.32,1312119.0,9851262.0,9851262.0,-1.44,13.64,24.74,1496376562
Visio,VISIO,221,0.0257121,0.00001062,1658.28,1300945.0,50596588.0,62596588.0,0.85,-1.97,5.35,1496376587
Breakout,BRK,222,0.0721066,0.00002977,1923.74,1291709.0,17913887.0,17913887.0,0.64,1.23,-8.68,1496376571
EB3 Coin,EB3,223,0.278568,0.00011501,22531.2,1278673.0,4590165.0,786000000.0,0.61,-0.64,2.27,1496376588
Renos,RNS,224,0.0370313,0.00001529,506863.0,1235073.0,33352130.0,33352130.0,5.3,61.41,122.95,1496376585
Bitswift,SWIFT,225,0.293464,0.00012116,6655.15,1191722.0,4060879.0,4060879.0,0.59,-1.85,54.48,1496376557
Creativecoin,CREA,226,0.112301,0.00004636,4560.55,1185559.0,10556977.0,12268705.0,27.25,18.92,-30.78,1496376591
Stealthcoin,XST,227,0.0449334,0.00001857,2646.92,1176076.0,26173749.0,26173749.0,-1.06,1.91,-2.6,1496376851
Inpay,INPAY,228,0.11602,0.00004790,83100.9,1160200.0,10000000.0,10000000.0,1.52,2.64,-17.21,1496376589
Yocoin,YOC,229,0.0108514,0.00000448,62639.2,1146112.0,105618830.0,200000000.0,7.1,26.73,28.08,1496376567
TagCoin,TAG,230,0.204255,0.00008441,108557.0,1121690.0,5491617.0,5491617.0,1.65,11.44,-16.39,1496376842
Voxels,VOX,231,0.0347628,0.00001435,139858.0,1095028.0,31500000.0,210000000.0,11.13,24.01,-14.02,1496376570
Dynamic,DYN,232,0.672163,0.00027751,1492.7,1086148.0,1615899.0,4369803.0,2.39,-0.64,-3.29,1496376587
Syndicate,SYNX,233,0.0962406,0.00003973,11752.3,1084522.0,11268860.0,11268860.0,10.27,-54.92,72.2,1496376572
SecureCoin,SRC,234,0.137983,0.00005703,118845.0,1074316.0,7785856.0,7785856.0,3.93,9.86,-29.7,1496376847
WhiteCoin,XWC,235,0.00413765,0.00000171,22698.9,1026363.0,248054485.0,248054485.0,-0.15,2.88,55.58,1496376849
Qwark,QWARK,236,0.0583005,0.00002407,17996.4,1015385.0,17416409.0,250377576.0,-0.71,9.52,29.81,1496376569
AudioCoin,ADC,237,0.00126652,0.00000052,5124.8,1004602.0,793198644.0,793198644.0,0.58,6.59,-14.17,1496376561
PepeCoin,PEPE,238,0.0728268,0.00003007,17178.1,1002431.0,13764592.0,13764592.0,14.42,-1.33,47.4,1496376568
LiteDoge,LDOGE,239,0.0000670325,0.00000003,4194.91,990349.0,14774162659.0,14774162659.0,-13.03,-14.51,-9.75,1496376560
Triggers,TRIG,240,0.0305672,0.00001262,30180.8,981378.0,32105593.0,100000000.0,0.58,-3.09,-15.37,1496376578
CannabisCoin,CANN,241,0.0125377,0.00000518,55844.8,968301.0,77231176.0,91859176.0,0.52,2.81,29.36,1496376852
Mercury,MER,242,0.00962316,0.00000397,737.678,962316.0,100000000.0,100000000.0,-0.52,6.17,-20.54,1496376587
Anoncoin,ANC,243,0.453645,0.00018748,3888.68,957335.0,2110317.0,2110317.0,0.45,11.54,-35.1,1496376842
Devcoin,DVC,244,0.0000669474,0.00000003,1218.06,937369.0,14001577500.0,14001577500.0,0.67,649.56,53.15,1496376840
ArcticCoin,ARC,245,0.0398564,0.00001646,30008.6,930771.0,23353111.0,23353111.0,-1.43,19.33,-24.08,1496376579
VeriumReserve,VRM,246,0.826687,0.00034131,13432.2,919781.0,1112611.0,1112611.0,2.25,20.97,-12.68,1496376576
MediterraneanCoin,MED,247,0.0181659,0.00000750,19208.6,902965.0,49706598.0,49706598.0,13.02,39.49,-9.38,1496376557
Hacker Gold,HKG,248,0.056037,0.00002314,1267.48,902806.0,16110893.0,16110893.0,0.99,-4.48,-16.09,1496376580
HiCoin,XHI,249,0.00472155,0.00000195,77162.4,895820.0,189729990.0,10189729990.0,-5.29,1.35,-10.8,1496376570
BlueCoin,BLU,250,0.00149836,0.00000062,2725.57,861083.0,574683675.0,574683675.0,-9.81,10.56,178.45,1496376849
HTMLCOIN,HTML5,251,0.0000211131,0.000000009,6852.97,858438.0,40659020000.0,40659020000.0,-4.25,-2.55,-6.48,1496376556
EverGreenCoin,EGC,252,0.0643798,0.00002658,7766.56,857623.0,13321301.0,13321301.0,-0.42,5.18,3.74,1496376566
DopeCoin,DOPE,253,0.00769458,0.00000318,16542.6,854757.0,111085648.0,111085648.0,1.07,9.97,-23.1,1496376847
PutinCoin,PUT,254,0.00419055,0.00000173,31704.7,839860.0,200417616.0,200417616.0,0.43,10.74,4.83,1496376572
Centurion,CNT,255,0.0320531,0.00001323,37298.9,828570.0,25849904.0,63388703.0,-1.62,-5.12,-3.51,1496376584
DIBCOIN,DIBC,256,0.161064,0.00006650,2098.03,805320.0,5000000.0,5000000000.0,-4.36,-19.99,-6.85,1496376588
Hush,HUSH,257,0.727804,0.00030048,236671.0,801230.0,1100888.0,1222363.0,0.58,12.5,49.37,1496376580
GlobalCoin,GLC,258,0.0122436,0.00000506,1255.2,797928.0,65171010.0,65171010.0,-15.26,-20.93,-55.55,1496376842
Unitus,UIS,259,0.016919,0.00000699,21817.1,790998.0,46752068.0,46752068.0,-9.23,-3.17,1.66,1496376558
Version,V,260,0.00174393,0.00000072,1791.57,762638.0,437309716.0,437309716.0,0.59,,,1496376593
Pesetacoin,PTC,261,0.00575507,0.00000238,5727.88,751270.0,130540517.0,130540517.0,-0.61,7.34,-12.13,1496376846
e-Gulden,EFL,262,0.0485569,0.00002007,1805.55,745103.0,15344955.0,20384295.0,-0.25,2.52,-15.41,1496376848
Fantomcoin,FCN,263,0.125823,0.00005200,2595.59,737264.0,5859535.0,5859535.0,2.4,12.83,3.05,1496376852
Ripto Bux,RBX,264,0.00214992,0.00000089,6085.75,735488.0,342100100.0,1000000000.0,0.51,-5.67,18.68,1496376588
FujiCoin,FJC,265,0.000761023,0.00000031,6058.56,732405.0,962395190.0,962395190.0,1.26,68.5,61.97,1496376562
GeoCoin,GEO,266,0.293947,0.00012136,7213.55,721663.0,2455079.0,2455079.0,12.47,14.99,24.95,1496376559
ProCurrency,PROC,267,0.254496,0.00010507,2028.47,716458.0,2815205.0,15000053805.0,0.59,-2.81,25.5,1496376590
ExclusiveCoin,EXCL,268,0.167072,0.00006898,5016.42,682968.0,4087867.0,4087867.0,4.01,6.54,-17.46,1496376556
Tokes,TKS,269,1.04146,0.00042998,7645.76,674474.0,647624.0,50000000.0,0.61,6.36,7.19,1496376586
HempCoin,THC,270,0.00314339,0.00000130,11884.4,665842.0,211823061.0,211823061.0,1.19,0.51,-23.02,1496376851
Altcoin,ALT,271,5.40309,0.00223073,2775.72,660124.0,122175.0,134063.0,0.3,10.76,22.38,1496376590
Synergy,SNRG,272,0.232967,0.00009618,1892.62,646342.0,2774395.0,2774395.0,0.61,12.72,-0.34,1496376561
Deutsche eMark,DEM,273,0.0213895,0.00000884,1305.32,594487.0,27793416.0,27793416.0,3.18,5.33,-10.64,1496376844
Magi,XMG,274,0.0837396,0.00003457,3087.15,590754.0,7054655.0,7054655.0,0.59,12.49,-10.56,1496376556
Ethbits,ETB,275,0.438084,0.00018087,2196.29,590093.0,1346986.0,1634691.0,0.28,,,1496376592
NuShares,NSR,276,0.000218286,0.00000009,15498.4,589867.0,2702268334.0,3317609543.0,0.58,2.63,-55.36,1496376557
Moin,MOIN,277,0.0829721,0.00003426,3203.58,576551.0,6948728.0,6948728.0,-3.43,37.93,27.62,1496376566
TrustPlus,TRUST,278,0.017954,0.00000742,1101.19,576083.0,32086595.0,32086595.0,6.3,10.39,10.74,1496376852
TileCoin,XTC,279,0.00570117,0.00000235,11722.8,570117.0,100000000.0,100000000.0,6.01,9.79,-18.37,1496376558
IncaKoin,NKA,280,0.0000744460,0.00000003,11100.8,561099.0,7536993300.0,7536993300.0,0.82,37.9,207.94,1496376558
UniBURST,UNIBURST,281,0.54738,0.00022599,2436.94,547379.0,999999.0,1000000.0,-4.24,25.08,166.24,1496376585
DT Token,DRACO,282,0.00602848,0.00000249,30953.9,535865.0,88888888.0,88888888.0,2.25,30.46,37.86,1496376572
Canada eCoin,CDN,283,0.00516119,0.00000213,819.344,502780.0,97415544.0,97415544.0,0.41,-0.5,-3.71,1496376851
NobleCoin,NOBL,284,0.000217454,0.00000009,9921.84,498321.0,2291616135.0,2291616135.0,0.41,8.49,-13.19,1496376848
Elcoin,EL,285,0.0436319,0.00001801,4325.62,489069.0,11208967.0,20935289.0,11.54,-22.52,-17.06,1496376570
1337,1337,286,0.0000213456,0.000000009,3000.34,486324.0,22783327180.0,22783327180.0,-2.46,48.61,49.96,1496376566
Capricoin,CPC,287,0.445347,0.00018387,19480.3,438379.0,984355.0,200984355.0,-2.62,5.81,20.06,1496376563
Happycoin,HPC,288,0.0379419,0.00001566,659.934,431244.0,11365901.0,11365901.0,3.65,-13.3,233.03,1496376589
I0Coin,I0C,289,0.01943,0.00000803,1976.94,407533.0,20974406.0,20974406.0,0.48,6.01,2.22,1496376843
TrumpCoin,TRUMP,290,0.0612832,0.00002530,6527.97,400763.0,6539523.0,6539523.0,6.05,-7.13,4.44,1496376567
PostCoin,POST,291,0.0242502,0.00001001,3541.75,382555.0,15775332.0,15775332.0,0.6,1.27,0.53,1496376570
iTicoin,ITI,292,11.8463,0.00489088,46907.3,379082.0,32000.0,9999992.0,-3.99,-16.72,36.56,1496376591
MazaCoin,MZC,293,0.000335617,0.00000014,1232.06,366701.0,1092618137.0,1092618137.0,-1.21,25.17,35.85,1496376848
Mineum,MNM,294,0.0387223,0.00001599,670.113,365398.0,9436367.0,9586367.0,0.6,-18.25,-16.46,1496376573
Virtacoinplus,XVP,295,0.0407278,0.00001681,996.782,359125.0,8817675.0,10352269.0,0.66,1.31,-48.31,1496376586
Jewels,JWL,296,0.0174397,0.00000720,2291.65,351861.0,20175876.0,20175876.0,2.0,-1.68,4.05,1496376577
Master Swiscoin,MSCN,297,0.0343559,0.00001418,9567.58,351708.0,10237180.0,1002563193.0,-2.88,-4.53,-18.12,1496376585
Wyvern,WYV,298,0.307634,0.00012701,689.977,335469.0,1090481.0,1090481.0,1.38,19.73,-8.59,1496376589
Terracoin,TRC,299,0.0158834,0.00000656,6097.13,319144.0,20092900.0,20092900.0,0.49,5.73,-8.44,1496376840
Dotcoin,DOT,300,0.00141071,0.00000058,76926.7,317093.0,224775250.0,489775250.0,1.36,12.65,17.49,1496376559
Asiadigicoin,ADCN,301,0.0125964,0.00000520,901.969,314042.0,24931054.0,210000000.0,8.31,4.69,-23.25,1496376567
GCoin,GCN,302,0.0000021984,0.0000000009,586.725,305545.0,138985235000,138985235000,0.44,3.5,30.96,1496376558
Karbowanec,KRB,303,0.0808483,0.00003338,5678.9,285813.0,3535172.0,3535172.0,2.56,4.47,-0.89,1496376574
Quatloo,QTL,304,0.0381315,0.00001576,26632.0,283550.0,7436121.0,7436121.0,1.87,-15.48,-16.6,1496376852
MTMGaming,MTM,305,0.0934285,0.00003857,896.166,280286.0,3000000.0,5000000.0,-24.24,76.31,118.97,1496376586
Atomic Coin,ATOM,306,0.0271785,0.00001122,941.045,273104.0,10048529.0,10048529.0,6.04,11.04,-4.68,1496376578
ParkByte,PKB,307,0.0571621,0.00002360,814.923,272322.0,4764026.0,4764026.0,0.59,9.12,6.83,1496376562
TeslaCoin,TES,308,0.00377913,0.00000156,1993.36,271235.0,71771889.0,71771889.0,0.43,-22.75,-15.92,1496376845
Zoin,ZOI,309,0.0248478,0.00001026,1850.75,266872.0,10740250.0,10740250.0,0.6,13.05,-13.58,1496376580
Influxcoin,INFX,310,0.157147,0.00006488,3129.21,262967.0,1673383.0,1673383.0,-0.1,-4.79,-51.44,1496376564
Bytecent,BYC,311,0.161725,0.00006677,14470.6,262137.0,1620883.0,1620883.0,0.83,-2.28,-12.08,1496376559
CacheCoin,CACH,312,0.0725904,0.00003000,8922.8,261569.0,3603360.0,3603360.0,0.48,-55.12,,1496376845
Sexcoin,SXC,313,0.00207986,0.00000086,3744.72,254847.0,122530989.0,122530989.0,-0.33,-12.69,4.58,1496376843
Neutron,NTRN,314,0.0201373,0.00000831,2952.56,254086.0,12617684.0,12617684.0,0.59,15.16,135.49,1496376561
UltraCoin,UTC,315,0.00568624,0.00000235,4932.51,245060.0,43096989.0,43096989.0,6.92,9.17,41.62,1496376845
Newbium,NEWB,316,0.0101971,0.00000421,76757.2,244730.0,24000000.0,51000000.0,-15.29,3.72,138.79,1496376571
8Bit,8BIT,317,0.203481,0.00008401,3311.8,236936.0,1164415.0,1164415.0,0.58,4.63,-31.58,1496376561
Rubies,RBIES,318,0.0224773,0.00000928,2268.55,233168.0,10373505.0,10373505.0,3.71,1.04,-15.62,1496376567
KibiCoin,KIC,319,0.0156085,0.00000644,555.731,228604.0,14646100.0,14646100.0,6.54,,,1496376593
LiteBar,LTB,320,0.326567,0.00013496,891.554,210744.0,645333.0,645333.0,0.48,14.74,9.52,1496376846
PRCoin,PRC,321,0.0222516,0.00000919,27657.9,209997.0,9437400.0,789437400.0,-2.88,-1.67,-6.54,1496376585
GoldBlocks,GB,322,0.013331,0.00000550,2617.93,198184.0,14866411.0,14866411.0,0.67,23.42,9.41,1496376572
Torcoin,TOR,323,0.755491,0.00031191,3434.29,197997.0,262078.0,1262078.0,-0.47,-20.49,-31.15,1496376589
NuBits,USNBT,324,1.00179,0.0004136,41247.7,197124.0,196772.0,838087.0,-0.18,-0.58,-0.57,1496376556
42-coin,42,325,4364.84,1.80389,684.139,183323.0,42.0,42.0,0.46,2.6,29.33,1496376844
Kobocoin,KOBO,326,0.00737255,0.00000304,524.179,182104.0,24700248.0,24700248.0,0.59,-37.2,-49.99,1496376560
Tattoocoin (Standard Edition),TSE,327,0.00154781,0.00000064,970.621,177024.0,114370693.0,604370693.0,0.59,21.14,7.32,1496376584
UnbreakableCoin,UNB,328,0.0771797,0.00003190,6138.55,175827.0,2278150.0,2278150.0,4.39,10.01,10.2,1496376849
Netko,NETKO,329,0.0663704,0.00002740,1240.86,161379.0,2431492.0,2431492.0,0.59,-9.64,-22.16,1496376587
Fastcoin,FST,330,0.00127031,0.00000052,1829.52,161030.0,126764507.0,126764507.0,-4.47,20.11,17.89,1496376844
Bottlecaps,CAP,331,0.00113371,0.00000047,2129.97,157250.0,138703767.0,138703767.0,5.29,32.22,63.9,1496376556
Flycoin,FLY,332,0.731336,0.00030194,1517.22,154170.0,210806.0,210806.0,44.58,-20.98,76.39,1496376565
TheGCCcoin,GCC,333,0.0218233,0.00000901,1135.98,153552.0,7036164.0,867036164.0,0.58,1.81,-20.29,1496376584
bitBTC,BITBTC,334,2332.5,0.962998,45872.1,149467.0,64.0,64.0,-3.13,1.32,-6.26,1496376557
PipCoin,PIP,335,0.0215374,0.00000889,1654.82,141569.0,6573177.0,6999979.0,0.58,47.59,-7.48,1496376577
BERNcash,BERN,336,0.00193211,0.00000080,555.358,137633.0,71234301.0,71234301.0,4.93,23.09,52.88,1496376569
HoboNickels,HBN,337,0.00273432,0.00000113,772.521,132747.0,48548544.0,48548544.0,2.27,2.55,109.29,1496376844
Sumokoin,SUMO,338,0.290655,0.00012,10039.6,131629.0,452871.0,9341760.0,7.06,40.16,,1496376593
Piggycoin,PIGGY,339,0.000272063,0.00000011,1870.0,131627.0,483809835.0,483809835.0,0.97,-2.45,-44.4,1496376851
bitSilver,BITSILVER,340,20.6783,0.00853728,11261.2,126480.0,6117.0,6117.0,-0.57,5.61,5.39,1496376559
DigitalPrice,DP,341,0.00531751,0.00000220,1463.78,120460.0,22653482.0,22653482.0,0.61,-16.81,23.55,1496376557
Machinecoin,MAC,342,0.00610375,0.00000252,2923.26,119361.0,19555300.0,19555300.0,-1.28,7.23,-8.6,1496376559
Pascal Lite,PASL,343,0.059778,0.00002468,2674.41,117942.0,1973000.0,1973000.0,1.77,-16.63,-43.06,1496376586
MojoCoin,MOJO,344,0.00959044,0.00000396,1826.63,115622.0,12055930.0,12055930.0,1.63,6.61,-34.23,1496376569
bitEUR,BITEUR,345,1.12152,0.00046303,11301.4,114507.0,102100.0,102100.0,-0.96,-1.7,-0.09,1496376561
QuazarCoin,QCN,346,0.0193574,0.00000800,998.113,110528.0,5709847.0,5709847.0,0.43,28.84,8.94,1496376851
Rimbit,RBT,347,0.000950209,0.00000039,824.495,109749.0,115499623.0,393459356.0,0.27,3.62,10.06,1496376558
LanaCoin,LANA,348,0.000145268,0.00000006,528.632,108704.0,748299947.0,748299947.0,0.61,-10.01,15.7,1496376570
CHNCoin,CNC,349,0.00421242,0.00000174,12290.1,106407.0,25260247.0,170109984.0,1.29,-0.2,-28.18,1496376556
Spots,SPT,350,0.00463716,0.00000192,619.673,103900.0,22406021.0,22406021.0,0.82,49.2,63.18,1496376845
Phoenixcoin,PXC,351,0.00178958,0.00000074,1086.14,103563.0,57869800.0,57869800.0,4.7,68.06,43.51,1496376842
Eryllium,ERY,352,0.0216751,0.00000895,2452.49,94355.0,4353169.0,14353169.0,-0.17,3.78,-43.29,1496376584
Digital Rupees,DRS,353,0.000169549,0.00000007,3811.3,86606.0,510802961.0,510802961.0,0.59,-48.59,16.83,1496376584
bitGold,BITGOLD,354,1511.12,0.623884,9626.77,82545.0,55.0,55.0,-0.57,4.12,8.88,1496376559
Kurrent,KURT,355,0.0080178,0.00000331,910.01,79532.0,9919485.0,21319485.0,2.05,11.49,32.08,1496376580
Emerald Crypto,EMD,356,0.00406508,0.00000168,3931.91,77713.0,19117129.0,19117129.0,0.48,21.77,37.95,1496376842
Freicoin,FRC,357,0.00266165,0.00000110,17779.8,74270.0,27903872.0,100000000.0,0.48,2.66,4.77,1496376841
Greencoin,GREV2,358,0.0000241968,0.00000001,2250.11,73988.0,3057740641.0,3057740641.0,0.48,-55.98,-19.5,1496376851
Gapcoin,GAP,359,0.00663659,0.00000274,13945.0,72209.0,10880388.0,10880388.0,-0.77,3.23,23.97,1496376557
CrevaCoin,CREVA,360,0.00173537,0.00000072,12731.8,63151.0,36390750.0,6240390800.0,4.69,-2.0,-15.35,1496376562
MCAP,MCAP,361,6.23489,0.00257414,232765.0,62380.0,10005.0,100000000.0,0.99,3.96,,1496376592
Chronos,CRX,362,0.000822833,0.00000034,559.988,60667.0,73729962.0,73729962.0,0.8,27.36,33.01,1496376574
Wexcoin,WEX,363,0.362294,0.00014958,4835.7,60643.0,167388.0,10000167388.0,0.68,6.32,14.98,1496376576
Acoin,ACOIN,364,0.0433019,0.00001788,10103.1,52832.0,1220085.0,1220085.0,0.46,12.21,-29.81,1496376556
Argentum,ARG,365,0.00687189,0.00000284,2382.6,51561.0,7503127.0,7503127.0,-7.4,-27.71,-5.86,1496376845
NevaCoin,NEVA,366,0.0277714,0.00001147,671.921,50316.0,1811795.0,1811795.0,1.38,6.52,18.3,1496376568
Philosopher Stones,PHS,367,0.019551,0.00000808,3862.59,47494.0,2429219.0,2429219.0,0.52,4.35,5.22,1496376843
Prime-XI,PXI,368,0.00282212,0.00000117,1132.18,41733.0,14787925.0,14787925.0,0.18,-5.24,56.07,1496376556
Allion,ALL,369,0.00645556,0.00000267,2483.87,40020.0,6199359.0,7323359.0,1.56,1.0,-26.75,1496376586
Bolivarcoin,BOLI,370,0.00605083,0.00000250,535.685,39198.0,6478200.0,6478200.0,20.93,22.33,46.52,1496376565
Independent Money System,IMS,371,0.00696229,0.00000287,1094.59,37380.0,5368934.0,5368934.0,0.01,-0.35,-8.66,1496376568
Rawcoin,XRC,372,0.0472314,0.00001950,3307.78,33293.0,704882.0,704882.0,0.59,12.99,234.67,1496376581
MACRON,MCRN,373,0.0000743129,0.00000003,1501.1,29831.0,401421401.0,401421401.0,0.59,-7.78,52.92,1496376590
BeaverCoin,BVC,374,0.00886497,0.00000366,689.56,27617.0,3115258.0,3115258.0,1.0,-0.28,-12.86,1496376557
Honey,HONEY,375,0.380856,0.00015724,1172.85,26015.0,68306.0,68306.0,54.13,-12.87,-57.05,1496376586
PIECoin,PIE,376,0.000314876,0.00000013,534.878,22691.0,72063290.0,72063290.0,-23.08,1.58,-22.83,1496376586
Marijuanacoin,MAR,377,0.0376398,0.00001554,3317.13,19674.0,522690.0,522690.0,-45.06,-26.04,-17.94,1496376584
Eurocoin,EUC,378,0.00150205,0.00000062,1212.82,17620.0,11730325.0,11730325.0,0.2,-10.6,-16.73,1496376563
LevoPlus,LVPS,379,0.0387595,0.00001600,4623.57,15903.0,410287.0,91410287.0,-5.33,-48.51,-50.36,1496376587
AllSafe,ASAFE,380,0.0000191349,0.000000008,3766.81,13586.0,710000000.0,710000000.0,2.56,1203.1,415.11,1496376579
Kittehcoin,MEOW,381,0.0000005618,0.0000000002,1224.94,13430.0,23905669976.0,23905669976.0,0.22,-14.21,0.58,1496376844
Bitvolt,VOLT,382,0.000726637,0.00000030,516.77,10981.0,15112554.0,60132654.0,0.59,-13.01,-14.22,1496376590
Ebittree Coin,EBT,383,0.0118684,0.00000490,925.251,10327.0,870130.0,810870130.0,0.59,1.58,9.04,1496376590
Beatcoin,XBTS,384,0.00665193,0.00000275,1900.6,10142.0,1524686.0,2524686.0,2.85,24.65,0.87,1496376576
BenjiRolls,BENJI,385,0.000460203,0.00000019,5523.79,8718.0,18943886.0,18943886.0,0.59,-0.45,-20.72,1496376583
Digital Money Bits,DMB,386,0.0161102,0.00000665,17134.1,4878.0,302800.0,10302800.0,-0.99,5.46,63.36,1496376592
Environ,ENV,387,0.0000242172,0.000000010,1959.83,3176.0,131129509.0,931129509.0,0.61,2.81,-95.45,1496376591
Powercoin,PWR,388,0.0000242212,0.00000001,1334.1,1211.0,49983870.0,49983870.0,0.61,2.82,0.19,1496376572
Gold Pressed Latinum,GPL,389,0.194763,0.00008041,8993.27,,,203903.0,0.34,-2.26,20.01,1496376590
SnakeEyes,SNAKE,390,0.137285,0.00005668,566.85,,,10000000.0,-6.83,20.1,19.29,1496376591
SuperNET,UNITY,391,13.329,0.00550303,107.809,10877277.0,816061.0,816061.0,-1.32,-7.48,79.91,1496376557
Arcade Token,ARC,392,3.74133,0.00167261,,10777041.0,2880537.0,2880537.0,,,76.48,1496180681
Jinn,JINN,393,48.4804,0.0200157,484.804,2845945.0,58703.0,1000000.0,-1.32,7.16,12.72,1496376557
XCurrency,XC,394,0.435542,0.00018,358.112,2529100.0,5806789.0,5806789.0,0.43,1.92,-5.35,1496376850
SmileyCoin,SMLY,395,0.0000959846,0.00000004,63.3945,2491784.0,25960250000.0,25960250000.0,0.82,374.67,102.97,1496376559
InstantDEX,DEX,396,2.38682,0.00098543,346.089,2386820.0,1000000.0,1000000.0,-1.32,7.16,-1.63,1496376555
AsiaCoin,AC,397,0.00281399,0.00000116,154.327,2360872.0,838976801.0,838976801.0,0.42,8.46,-26.76,1496376849
Project Decorum,PDC,398,0.0379304,0.00001566,388.531,1896520.0,50000000.0,50000000.0,0.61,2.69,-8.68,1496376571
Bitpark Coin,BPC,399,0.0205638,0.00000849,286.662,1542285.0,75000000.0,100000000.0,38.66,25.43,1.93,1496376581
NewYorkCoin,NYC,400,0.0000241967,0.000000010,248.745,1445025.0,59719935819.0,59719935819.0,0.43,2.67,33.76,1496376850
Joincoin,J,401,0.559045,0.00023104,444.3,1368767.0,2448402.0,2448402.0,55.98,-58.43,424.87,1496376853
InsaneCoin,INSANE,402,0.0716978,0.00002960,271.007,1315007.0,18340972.0,18340972.0,1.32,-2.09,32.47,1496376579
Pangea Poker,PANGEA,403,0.92993,0.00038393,11.1592,929328.0,999352.0,1000000.0,-1.32,7.16,,1496376558
DubaiCoin,DBIC,404,0.165747,0.00006843,324.633,850119.0,5129014.0,6146942.0,0.12,-1.91,6.89,1496376568
Woodcoin,LOG,405,0.102746,0.00004242,283.974,825584.0,8035193.0,8035193.0,0.59,-9.66,-2.15,1496376561
ShadowCash,SDC,406,0.123012,0.00005084,413.696,820120.0,6666988.0,6666988.0,0.46,2.24,-22.94,1496376853
Pandacoin,PND,407,0.0000241968,0.00000001,332.421,786757.0,32514916898.0,32514916898.0,0.45,2.66,0.01,1496376847
Ultimate Secure Cash,USC,408,0.0726637,0.00003000,121.106,751569.0,10343113.0,38602656.0,0.59,25.24,-15.8,1496376588
Carboncoin,CARBON,409,0.0000483936,0.00000002,7.70668,744871.0,15391933231.0,15391933231.0,0.46,2.66,0.04,1496376852
Cryptofund,FUND,410,0.5588,0.0002553,,558800.0,1000000.0,1000000.0,,,14.35,1495948164
Tao,XTO,411,0.018163,0.00000750,215.687,550634.0,30316266.0,32316266.0,0.61,5.48,-13.64,1496376576
E-Currency Coin ,ECC,412,0.0000241968,0.00000001,1.19118,533796.0,22060603799.0,22060603799.0,0.43,2.66,0.01,1496376848
HitCoin,HTC,413,0.0000484424,0.00000002,254.854,532688.0,10996318099.0,20996318099.0,0.61,2.82,100.38,1496376569
BTSR,BTSR,414,0.15656,0.00006464,496.223,518342.0,3310819.0,3310819.0,-0.76,13.42,-15.01,1496376569
Shorty,SHORTY,415,0.00501117,0.00000210,,501117.0,100000000.0,100000000.0,,1.3,107.17,1496365479
YashCoin,YASH,416,0.0484421,0.00002000,489.683,484427.0,10000116.0,10000116.0,0.82,-58.49,34.75,1496376582
CageCoin,CAGE,417,0.0000047527,0.000000002,404.681,480818.0,101168328395,101168328395,-0.28,13.99,-25.42,1496376846
ReeCoin,REE,418,0.0383717,0.00001584,214.714,474570.0,12367704.0,6662367704.0,-7.36,-6.26,-1.84,1496376573
KoreCoin,KORE,419,0.256849,0.00010615,404.788,470277.0,1830949.0,1830949.0,0.43,5.55,7.98,1496376853
CasinoCoin,CSC,420,0.0116842,0.00000483,285.402,451024.0,38601187.0,38601187.0,-1.73,13.37,-11.56,1496376846
Casino,CASINO,421,0.439664,0.00018152,25.9402,439664.0,1000000.0,1000000.0,-7.08,42.94,-19.11,1496376586
Colossuscoin V2,CV2,422,0.0000191108,0.000000008,311.285,424031.0,22188010273.0,22188010273.0,0.74,-3.06,-58.61,1496376560
Dashcoin,DSH,423,0.0240871,0.00000994,329.129,416504.0,17291579.0,17291579.0,0.57,-2.68,0.07,1496376557
BitBar,BTB,424,11.6907,0.0048315,416.35,380886.0,32580.0,32580.0,0.43,-1.16,-3.26,1496376843
Orbitcoin,ORB,425,0.12512,0.00005171,22.6494,369764.0,2955276.0,2955276.0,0.47,1.71,3.02,1496376843
LTBcoin,LTBC,426,0.000742106,0.00000032,,366499.0,493863915.0,493863915.0,,1.66,,1496287754
FuelCoin,FC2,427,0.00360532,0.00000149,21.713,365624.0,101412372.0,101412372.0,0.45,2.66,,1496376851
RussiaCoin,RC,428,0.0428231,0.00001768,0.290581,351854.0,8216446.0,8216446.0,0.61,2.94,4.14,1496376566
SuperCoin,SUPER,429,0.00846887,0.00000350,84.6805,348542.0,41155630.0,41155630.0,0.43,,,1496376851
Trollcoin,TROLL,430,0.000607511,0.00000025,226.753,336385.0,553710192.0,553710192.0,0.64,0.27,-8.68,1496376556
Crypto Bullion,CBX,431,0.330127,0.00013643,74.5289,328750.0,995828.0,995828.0,0.43,33.3,-14.73,1496376843
Bitstar,BITS,432,0.0133269,0.00000551,93.5052,307581.0,23079737.0,23079737.0,11.46,56.21,113.39,1496376848
HOdlcoin,HODL,433,0.00314876,0.00000130,22.8579,291340.0,92525190.0,250000000.0,0.61,-11.48,22.87,1496376568
Rare Pepe Party,RAREPEPEPRTY,434,16.1275,0.0067095,,290295.0,18000.0,100000.0,,-11.75,-7.38,1496315982
Veltor,VLT,435,0.459598,0.00018975,212.426,255010.0,554855.0,554855.0,0.61,-10.48,45.97,1496376575
SwagBucks,BUCKS,436,1.16369,0.00048044,4.40707,239116.0,205481.0,205481.0,3.98,6.12,-8.88,1496376567
SmartCoin,SMC,437,0.0104119,0.00000430,74.5087,238351.0,22892142.0,22892142.0,1.18,4.35,-26.38,1496376845
BTCtalkcoin,TALK,438,0.00357833,0.00000161,,233631.0,65290635.0,65290635.0,,,-31.0,1496191750
The Cypherfunks,FUNK,439,0.0000049100,0.000000002,65.6502,216791.0,44153220000.0,44153220000.0,1.79,-9.28,-6.59,1496376562
VirtualCoin,VC,440,0.0214867,0.00000888,223.974,216248.0,10064287.0,10064287.0,0.46,13.95,28.74,1496376853
AgrolifeCoin,AGLC,441,0.0472658,0.00001990,,216051.0,4570984.0,204570984.0,,0.83,103.87,1496301878
BitcoinTX,BTX,442,0.00264011,0.00000109,1.1384,214009.0,81060605.0,81060605.0,0.61,12.08,-44.35,1496376561
BritCoin,BRIT,443,0.00965452,0.00000399,166.051,205333.0,21268092.0,21268092.0,0.43,86.15,44.78,1496376853
Pesobit,PSB,444,0.00610375,0.00000252,382.939,199399.0,32668277.0,32668277.0,0.61,-3.03,-10.38,1496376577
Crave,CRAVE,445,0.157347,0.00006668,,196636.0,1249695.0,1249695.0,,0.18,169.05,1496344460
BillaryCoin,BLRY,446,0.0202974,0.00000838,315.223,182335.0,8983158.0,8983158.0,0.61,-4.76,-19.44,1496376571
Bitz,BITZ,447,0.0892373,0.00003720,,177662.0,1990891.0,1990891.0,,1.84,-0.21,1496351362
Tristar Coin,TSTR,448,0.0343849,0.00001500,,172882.0,5027857.0,255027857.0,,,42.03,1496271895
Zero,ZER,449,0.230102,0.00009500,175.393,170678.0,741750.0,741750.0,0.59,-8.71,1.94,1496376586
NetCoin,NET,450,0.000215851,0.00000009,227.524,169902.0,787126712.0,787126712.0,0.41,2.46,-10.8,1496376844
Vault Coin,VLTC,451,0.00511866,0.00000211,107.735,152143.0,29723130.0,529723130.0,0.92,12.17,6.73,1496376582
Titcoin,TIT,452,0.00296464,0.00000123,99.722,147930.0,49898202.0,49898202.0,0.6,-1.11,-21.5,1496376853
LottoCoin,LOT,453,0.0000099005,0.000000004,17.5227,143468.0,14491014421.0,14491014421.0,0.02,20.4,7.8,1496376843
Stress,STS,454,0.000242212,0.00000010,1.02698,136882.0,565134332.0,565134332.0,0.59,,,1496376569
Truckcoin,TRK,455,0.0011129,0.00000046,26.5083,136863.0,122978681.0,122978681.0,0.43,24.29,91.16,1496376852
TEKcoin,TEK,456,0.0000967871,0.00000004,443.852,136862.0,1414054562.0,1414054562.0,0.43,-1.93,128.37,1496376850
Cannacoin,CCN,457,0.0289636,0.00001197,114.62,136061.0,4697671.0,4697671.0,0.43,24.6,31.45,1496376849
PureVidz,VIDZ,458,0.00102306,0.00000042,297.247,128071.0,125183923.0,125183923.0,0.61,-24.45,6.68,1496376583
HyperStake,HYP,459,0.000314918,0.00000013,182.348,121494.0,385796097.0,385796097.0,6.81,18.68,47.34,1496376853
Bitcurrency,BTCR,460,0.000714226,0.00000029,108.129,120101.0,168156011.0,168156011.0,0.61,1.25,36.0,1496376580
MetalCoin,METAL,461,0.00155016,0.00000064,5.86631,119247.0,76925527.0,76925527.0,0.59,-16.7,-14.53,1496376559
GAIA,GAIA,462,0.00466575,0.00000198,,112451.0,24101381.0,24101381.0,,0.04,-11.11,1496340859
C-Bit,XCT,463,0.0007993,0.00000033,61.5657,105334.0,131782250.0,131782250.0,0.59,9.46,-4.25,1496376569
Xiaomicoin,MI,464,0.000251161,0.00000010,59.8204,102007.0,406141855.0,406141855.0,0.14,-19.48,-6.7,1496376564
BigUp,BIGUP,465,0.0000484424,0.00000002,6.85516,99506.0,2054099465.0,2054099465.0,0.59,105.65,24.62,1496376569
Swing,SWING,466,0.0435541,0.00001798,9.68029,99164.0,2276804.0,2276804.0,0.58,-25.38,-5.4,1496376565
Coin2.1,C2,467,0.000986359,0.00000041,252.6,98613.0,99976323.0,99976323.0,-1.08,24.34,-14.63,1496376850
Sterlingcoin,SLG,468,0.025386,0.00001048,23.9205,98527.0,3881156.0,3881156.0,-2.13,3.2,0.39,1496376555
Dollarcoin,DLC,469,0.0107542,0.00000444,10.2965,97935.0,9106714.0,9106714.0,0.59,12.73,,1496376578
Pakcoin,PAK,470,0.00262519,0.00000108,266.547,96115.0,36612650.0,36612650.0,0.49,-4.59,-26.25,1496376564
GlobalBoost-Y,BSTY,471,0.00842654,0.00000348,69.6264,96049.0,11398430.0,11398430.0,0.25,0.16,27.26,1496376556
Cryptojacks,CJ,472,0.000235969,0.00000010,301.347,95938.0,406568581.0,406568581.0,0.64,-0.24,-18.61,1496376573
Coin(O),CNO,473,0.000919418,0.00000038,10.267,94799.0,103107574.0,103107574.0,0.43,-17.01,5.6,1496376848
TittieCoin,TTC,474,0.0000716106,0.00000003,111.412,90216.0,1259816434.0,1259816434.0,0.59,-0.08,-0.22,1496376558
BunnyCoin,BUN,475,0.0000008782,0.0000000004,148.928,89061.0,101408726007,101408726007,0.35,18.06,14.72,1496376555
FlutterCoin,FLT,476,0.000273691,0.00000011,11.0825,88187.0,322214524.0,322214524.0,0.83,-10.55,0.43,1496376847
WayGuide,WAY,477,0.000873793,0.00000036,,87415.0,100040708.0,100040708.0,,3.04,12.42,1496318076
CorgiCoin,CORG,478,0.0000694363,0.00000003,8.3626,86924.0,1251855418.0,1251855418.0,9.25,1.47,-61.93,1496376846
PayCoin,XPY,479,0.00741517,0.00000306,2.79974,86776.0,11702500.0,11752500.0,0.62,-16.95,-68.61,1496376558
Elementrem,ELE,480,0.00324564,0.00000134,138.638,81193.0,25015981.0,25015981.0,0.61,14.34,-33.78,1496376573
KiloCoin,KLC,481,0.000411761,0.00000017,119.537,80828.0,196297971.0,10025186872.0,0.59,14.02,18.76,1496376568
Darsek,KED,482,0.00775002,0.00000320,26.3613,76376.0,9854925.0,9854925.0,0.59,1.23,-24.63,1496376588
GameUnits,UNITS,483,0.0219381,0.00000906,133.629,76037.0,3465969.0,3465969.0,0.59,-11.6,6.03,1496376583
UFO Coin,UFO,484,0.0000229521,0.00000001,,75426.0,3286221262.0,3286221262.0,,,-6.49,1496273048
Triangles,TRI,485,1.0046,0.00041518,10.3967,73227.0,72891.0,72891.0,0.43,-12.81,-5.3,1496376853
PetroDollar,XPD,486,0.00111395,0.00000046,61.8369,71285.0,63993275.0,63993275.0,0.45,72.23,-22.92,1496376849
Artex Coin,ATX,487,0.00378077,0.00000156,73.4742,70682.0,18695075.0,268695075.0,0.61,4.12,44.38,1496376575
Blakecoin,BLC,488,0.00585562,0.00000242,23.898,69745.0,11910789.0,11910789.0,0.46,2.66,-5.19,1496376845
Valorbit,VAL,489,0.0000242212,0.00000001,12.595,69569.0,2872237386.0,922340072237386,0.61,2.82,0.19,1496376569
SproutsExtreme,SPEX,490,0.0000242212,0.00000001,12.595,69433.0,2866607586.0,2866607586.0,0.58,2.82,,1496376568
NoLimitCoin,NLC2,491,0.000339097,0.00000014,31.6506,67975.0,200458569.0,200458569.0,0.58,-10.03,-39.36,1496376576
Guncoin,GUN,492,0.00036288,0.00000015,35.6515,66066.0,182060578.0,182060578.0,0.48,2.64,49.7,1496376849
HempCoin,HMP,493,0.0000484424,0.00000002,75.9579,65718.0,1356619910.0,2856619910.0,0.61,2.82,100.38,1496376567
AmberCoin,AMBER,494,0.0014952,0.00000063,,65255.0,43643263.0,43643263.0,,0.75,-15.3,1496347159
Yacoin,YAC,495,0.000556526,0.00000023,4.44248,64615.0,116104402.0,116104402.0,0.48,2.62,-4.26,1496376841
Debitcoin,DBTC,496,0.00356052,0.00000147,42.872,64061.0,17991964.0,25991964.0,42.2,14.54,12.31,1496376572
MarteXcoin,MXT,497,0.0232838,0.00000961,0.201225,63522.0,2728161.0,2728161.0,6.68,107.91,-20.15,1496376571
PonziCoin,PONZI,498,0.0726637,0.00003000,43.8992,62571.0,861099.0,861099.0,31.23,47.35,30.74,1496376571
ChessCoin,CHESS,499,0.00115209,0.00000048,28.9358,62173.0,53965018.0,53965018.0,3.41,-1.89,33.95,1496376572
CCMiner,CCM100,500,0.0252807,0.00001044,25.9632,61087.0,2416354.0,6000000.0,-7.22,16.06,-7.0,1496376584
Bitcloud,BTD,501,0.00537711,0.00000222,47.1663,59885.0,11137116.0,11137116.0,0.61,-35.52,69.78,1496376575
Jin Coin,JIN,502,0.00605531,0.00000250,0.302765,59636.0,9848485.0,9848485.0,0.58,-4.38,,1496376576
Ratecoin,XRA,503,0.000561058,0.00000023,153.888,59512.0,106071578.0,106071578.0,-2.64,-2.08,-23.96,1496376562
Nyancoin,NYAN,504,0.000195159,0.00000008,67.2862,58136.0,297891209.0,297891209.0,-33.83,-69.27,25.66,1496376846
MiloCoin,MILO,505,0.00531405,0.00000219,165.597,54671.0,10287989.0,10287989.0,0.59,30.02,60.27,1496376587
AquariusCoin,ARCO,506,0.0441687,0.00001824,159.386,53952.0,1221507.0,1221507.0,3.03,22.59,34.98,1496376571
KushCoin,KUSH,507,0.00988226,0.00000408,30.7239,53299.0,5393416.0,5393416.0,0.58,-6.36,-16.44,1496376584
Aricoin,ARI,508,0.000367962,0.00000015,4.60588,51611.0,140262505.0,140262505.0,0.52,25.76,15.14,1496376845
Zayedcoin,ZYD,509,0.00811411,0.00000335,24.1476,50663.0,6243840.0,6243840.0,0.61,2.82,-15.88,1496376576
Eternity,ENT,510,0.0164055,0.00000677,158.576,50190.0,3059334.0,3059334.0,0.59,-4.04,-31.84,1496376581
SatoshiMadness,MAD,511,0.0000242212,0.00000001,121.348,48459.0,2000683485.0,2000683485.0,0.61,2.82,0.19,1496376563
Francs,FRN,512,0.0278357,0.00001149,173.229,47713.0,1714100.0,1714100.0,0.67,-0.65,23.77,1496376567
AurumCoin,AU,513,0.160877,0.00006642,238.037,47654.0,296216.0,296216.0,-0.02,-16.55,-8.11,1496376556
RedCoin,RED,514,0.000629116,0.00000026,16.207,46622.0,74107896.0,74107896.0,0.46,1.28,-29.7,1496376844
Sativacoin,STV,515,0.00657363,0.00000274,,46520.0,7076828.0,7076828.0,,55.83,11.38,1496351959
DigiCube,CUBE,516,0.0000191065,0.000000008,0.00356939,46412.0,2429126009.0,2429126009.0,-0.04,,-20.97,1496376565
Tigercoin,TGC,517,0.00106466,0.00000044,155.334,46352.0,43536800.0,43536800.0,-1.75,29.05,46.72,1496376843
Joulecoin,XJO,518,0.00142157,0.00000059,35.3524,45847.0,32251136.0,32251136.0,-0.11,7.42,27.39,1496376843
RevolverCoin,XRE,519,0.0020588,0.00000085,132.386,44866.0,21792306.0,21792306.0,-4.98,4.05,-17.01,1496376572
PX,PX,520,0.000581309,0.00000024,99.9378,44624.0,76764577.0,76764577.0,1.66,23.39,,1496376574
Lex4All,LEX,521,0.0439664,0.00001815,203.256,43968.0,1000043.0,5000000.0,-7.08,1.14,9.34,1496376587
AmsterdamCoin,AMS,522,0.00454152,0.00000188,174.508,43615.0,9603707.0,16803707.0,0.61,-1.09,8.02,1496376563
ICOBID,ICOB,523,0.000413276,0.00000017,407.672,42924.0,103862796.0,103862796.0,0.61,-6.52,4.99,1496376584
Evotion,EVO,524,0.0171398,0.00000708,176.74,42322.0,2469220.0,2469220.0,-0.14,-16.65,-65.62,1496376566
BurstOcean,OCEAN,525,0.196749,0.00008123,16.3499,41677.0,211827.0,1000000.0,-7.08,26.53,39.19,1496376586
UniCoin,UNIC,526,0.0141233,0.00000583,167.516,41114.0,2911070.0,2911070.0,0.58,3.11,15.09,1496376563
UCoin,U,527,0.0150172,0.00000620,9.04648,40393.0,2689812.0,2689812.0,0.59,2.82,-1.11,1496376558
808Coin,808,528,0.000194843,0.00000008,160.889,40084.0,205725218.0,205725218.0,-10.24,4.85,7.93,1496376574
CoExistCoin,COXST,529,0.00141328,0.00000058,29.0198,38355.0,27138905.0,27138905.0,6.02,-4.63,-25.98,1496376570
OctoCoin,888,530,0.000769288,0.00000032,127.813,37201.0,48357828.0,48357828.0,0.47,-33.07,32.49,1496376848
Franko,FRK,531,0.0573948,0.00002372,1.36772,36558.0,636950.0,636950.0,2.01,,-48.38,1496376841
SpaceCoin,SPACE,532,0.00203524,0.00000084,3.56014,36208.0,17790707.0,17790707.0,2.2,-0.13,2.73,1496376564
SixEleven,611,533,0.0869499,0.00003650,,35826.0,412032.0,412032.0,,1.13,-66.77,1496356171
WMCoin,WMC,534,0.00310032,0.00000128,0.479919,35739.0,11527489.0,911527489.0,0.61,8.77,,1496376571
BTCDragon,DRAGON,535,0.0879327,0.00003630,96.726,35538.0,404146.0,1000000.0,-7.22,-48.06,-33.15,1496376584
Universe,UNI,536,0.0119895,0.00000495,88.1633,35520.0,2962623.0,14162623.0,0.48,16.44,27.83,1496376588
Cypher,CYP,537,0.005474,0.00000226,247.686,34844.0,6365285.0,6365285.0,0.59,13.36,,1496376560
Photon,PHO,538,0.0000019526,0.0000000008,38.1984,34820.0,17832397455.0,17832397455.0,0.79,25.33,37.74,1496376846
Universal Currency,UNIT,539,0.00265939,0.00000110,110.902,34696.0,13046431.0,13046431.0,0.59,69.34,-41.55,1496376561
PopularCoin,POP,540,0.0000103371,0.000000004,34.1576,34553.0,3342628962.0,3342628962.0,0.73,8.63,15.29,1496376848
Dobbscoin,BOB,541,0.00662992,0.00000274,1.00694,33550.0,5060382.0,5060382.0,0.43,-3.26,3.83,1496376854
Hexx,HXX,542,0.0239429,0.00000989,438.432,32382.0,1352480.0,1352480.0,0.59,-18.22,-37.65,1496376563
CryptoWorldX Token,CWXT,543,0.000581309,0.00000024,9.62571,31782.0,54672510.0,54672510.0,4.95,12.17,1.1,1496376584
FlavorCoin,FLVR,544,0.00151146,0.00000062,8.82872,31587.0,20898106.0,20898106.0,7.08,11.34,78.78,1496376567
Uro,URO,545,0.0260599,0.00001077,71.8131,31462.0,1207310.0,1207310.0,-1.09,-0.59,-8.61,1496376852
Evil Coin,EVIL,546,0.00149258,0.00000062,5.30596,31375.0,21020383.0,21020383.0,0.61,-1.85,-1.86,1496376568
PayCon,CON,547,0.00134346,0.00000055,38.1382,30957.0,23042604.0,23042604.0,0.57,8.68,-3.37,1496376559
RonPaulCoin,RPC,548,0.0390123,0.00001612,16.8396,30773.0,788814.0,788814.0,0.38,-9.91,-4.19,1496376843
NeuCoin,NEU,549,0.0000150218,0.000000006,1.58415,29905.0,1990764588.0,2014638413.0,5.36,56.94,-68.96,1496376565
Solarflarecoin,SFC,550,0.00217991,0.00000090,291.204,29897.0,13715000.0,13715000.0,0.59,5.13,-18.85,1496376584
Dreamcoin,DRM,551,0.0120275,0.00000503,,29311.0,2436996.0,2436996.0,,1.44,,1496330352
GoldPieces,GP,552,0.0236881,0.00000978,448.308,28903.0,1220161.0,1220161.0,2.15,7.45,-11.95,1496376558
Zurcoin,ZUR,553,0.000363318,0.00000015,99.9743,28690.0,78965397.0,78965397.0,0.61,-24.44,15.6,1496376571
Hommalicoin,HMC,554,11.7946,0.00496011,,28528.0,2419.0,1000000000.0,,-3.19,,1496299177
Bitzeny,ZNY,555,0.000363318,0.00000015,54.5752,27472.0,75614500.0,75614500.0,0.61,1.98,13.6,1496376562
SoonCoin,SOON,556,0.00217991,0.00000090,50.7809,27167.0,12462620.0,12462620.0,0.59,3.98,-7.92,1496376560
X-Coin,XCO,557,0.00217991,0.00000090,10.8995,26998.0,12384976.0,12384976.0,0.58,15.68,3.64,1496376559
Unrealcoin,URC,558,0.00382695,0.00000158,19.6323,26882.0,7024402.0,7024402.0,0.61,,19.9,1496376560
BumbaCoin,BUMBA,559,0.00121106,0.00000050,23.8154,26576.0,21944262.0,21944262.0,0.61,-36.48,-20.56,1496376568
Theresa May Coin,MAY,560,0.00169549,0.00000070,109.646,25890.0,15270100.0,15270100.0,0.59,-5.29,,1496376592
HealthyWormCoin,WORM,561,0.00169549,0.00000070,40.4853,25146.0,14831184.0,14831184.0,0.59,2.82,-53.56,1496376588
Grantcoin,GRT,562,0.000605531,0.00000025,153.641,25023.0,41324441.0,10041324441.0,0.61,,0.87,1496376563
Destiny,DES,563,0.0155016,0.00000640,0.242454,24803.0,1600000.0,1600000.0,0.59,3.63,31.95,1496376569
AntiBitcoin,ANTI,564,0.00140483,0.00000058,1.40483,24536.0,17465159.0,17465159.0,0.58,,37.92,1496376567
CryptoEscudo,CESC,565,0.000169377,0.00000007,27.9648,24408.0,144105100.0,594105100.0,0.46,2.66,-3.7,1496376848
ARbit,ARB,566,0.00357811,0.00000149,,23143.0,6467840.0,6467840.0,,1.94,13.85,1496362165
PlatinumBAR,XPTX,567,0.1324,0.00005562,,23059.0,174160.0,174160.0,,1.05,9.5,1496364572
B3Coin,B3,568,0.0719099,0.00002989,,22087.0,307148.0,307148.0,,12.46,32.57,1496372674
Ride My Car,RIDE,569,0.000216003,0.00000009,53.6292,21837.0,101096753.0,101096753.0,0.58,0.7,-8.3,1496376585
BiosCrypto,BIOS,570,0.00105096,0.00000043,0.274566,21794.0,20737003.0,20737003.0,0.77,-8.88,37.4,1496376563
ParallelCoin,DUO,571,0.0744303,0.00003073,367.685,21398.0,287489.0,287489.0,-0.16,3.0,-32.43,1496376564
Flaxscript,FLAX,572,0.00372974,0.00000154,1.7103,20498.0,5495944.0,5495944.0,0.61,2.81,9.29,1496376562
MindCoin,MND,573,0.00162282,0.00000067,0.24243,20361.0,12546625.0,12546625.0,0.61,2.82,-2.74,1496376566
VIP Tokens,VIP,574,0.000242212,0.00000010,0.242212,20213.0,83450403.0,83450403.0,0.61,2.82,1.52,1496376569
SongCoin,SONG,575,0.00061667,0.00000025,185.147,20082.0,32565300.0,32565300.0,0.57,20.28,-11.2,1496376560
Prototanium,PR,576,0.101048,0.00004172,290.704,19650.0,194462.0,194462.0,0.57,2.8,3.71,1496376564
DAPPSTER,DLISK,577,0.00019377,0.00000008,0.242212,19377.0,100000000.0,100000000.0,0.61,2.82,-10.94,1496376573
PLNcoin,PLNC,578,0.00111305,0.00000046,1.18097,19022.0,17089600.0,19089600.0,0.46,4.94,17.99,1496376848
LeaCoin,LEA,579,0.0000681607,0.00000003,42.1841,18826.0,276200489.0,276200489.0,0.79,44.48,13.13,1496376560
Magnum,MGM,580,0.00516496,0.00000225,,18734.0,3627130.0,253627130.0,,,47.08,1496272491
Impact,IMX,581,0.000169549,0.00000007,53.2867,18534.0,109314611.0,109314611.0,0.58,-14.05,-35.45,1496376588
Alexium,AUM,582,0.000896185,0.00000037,1.2408,18190.0,20297336.0,20297336.0,0.61,0.12,9.03,1496376563
Luna Coin,LUNA,583,0.0147937,0.00000611,84.6948,18158.0,1227386.0,1227386.0,0.62,0.54,-13.16,1496376582
IslaCoin,ISL,584,0.0119849,0.00000509,,18142.0,1513704.0,1513704.0,,-0.04,-17.1,1496344164
SecretCoin,SCRT,585,0.00428716,0.00000177,0.428716,18129.0,4228672.0,4228672.0,0.61,4.6,30.39,1496376565
BipCoin,BIP,586,0.0127888,0.00000528,43.175,17187.0,1343889.0,1343889.0,0.58,-4.25,-39.2,1496376579
GameBet Coin,GBT,587,0.0007993,0.00000033,0.666059,16995.0,21262780.0,22262780.0,0.61,,0.19,1496376570
Halcyon,HAL,588,0.00365371,0.00000151,14.6627,16983.0,4648045.0,4648045.0,0.46,1.98,-21.63,1496376853
Vector,VEC2,589,0.00106573,0.00000044,103.227,16882.0,15840848.0,15840848.0,0.61,-49.17,-45.01,1496376563
Steps,STEPS,590,0.000896185,0.00000037,0.448093,16691.0,18625017.0,18625017.0,0.61,2.82,2.97,1496376564
Litecred,LTCR,591,0.00054642,0.00000023,152.923,16517.0,30227750.0,30227750.0,-19.63,-38.67,93.41,1496376566
Sling,SLING,592,0.0151867,0.00000627,14.3326,16312.0,1074095.0,1074095.0,0.59,2.5,13.57,1496376561
Orlycoin,ORLY,593,0.000435982,0.00000018,0.993579,15977.0,36646779.0,36646779.0,0.61,2.82,12.25,1496376569
Blackstar,BSTAR,594,0.0000242212,0.00000001,104.085,15279.0,630795971.0,630795971.0,0.61,2.82,0.19,1496376581
AnarchistsPrime,ACP,595,0.00344522,0.00000142,153.478,15141.0,4394874.0,4394874.0,0.68,4.38,2.87,1496376562
Metal Music Coin,MTLMC3,596,0.000189685,0.00000008,22.9897,15122.0,79719140.0,79719140.0,-0.7,31.75,43.77,1496376563
BowsCoin,BSC,597,0.00271278,0.00000112,2.09068,15056.0,5550102.0,5550102.0,0.59,,62.34,1496376564
Creatio,XCRE,598,0.000717198,0.00000030,68.8252,14717.0,20520514.0,20520514.0,-1.33,-48.25,-39.73,1496376581
MustangCoin,MST,599,0.0232179,0.00000959,42.408,14597.0,628705.0,628705.0,0.58,-0.89,-49.56,1496376578
Sprouts,SPRTS,600,0.0000000826,0.00000000003,33.2376,14406.0,174364544686,174364544686,4.85,55.04,-72.62,1496376564
FuzzBalls,FUZZ,601,0.00296865,0.00000123,328.779,14338.0,4829945.0,4829945.0,-0.53,-3.8,-5.36,1496376570
Firecoin,FIRE,602,0.145521,0.00006008,2.63764,14321.0,98412.0,98412.0,0.59,2.89,-49.43,1496376554
GuccioneCoin,GCC,603,0.000702416,0.00000029,2.46957,14249.0,20285537.0,23775537.0,0.59,-6.82,-9.25,1496376564
BitQuark,BTQ,604,0.00198414,0.00000082,35.1565,14198.0,7155671.0,7155671.0,3.49,9.32,-42.64,1496376850
Scorecoin,SCORE,605,0.000845161,0.00000035,4.91766,14073.0,16651760.0,16651760.0,-1.91,-16.93,-11.21,1496376587
BlazeCoin,BLZ,606,0.0000228737,0.000000009,2.88242,13920.0,608557394.0,608557394.0,2.93,7.73,9.92,1496376853
GPU Coin,GPU,607,0.000340706,0.00000014,196.154,13791.0,40477042.0,51530001.0,3.15,11.52,32.09,1496376572
OsmiumCoin,OS76,608,0.0149445,0.00000617,9.67892,13361.0,894026.0,894026.0,0.59,4.06,6.89,1496376566
BitTokens,BXT,609,0.0254323,0.00001050,6.0734,13201.0,519048.0,519048.0,0.61,-21.06,153.49,1496376575
Speedcash,SCS,610,0.0498957,0.00002060,11.8733,13024.0,261021.0,476108.0,0.59,2.92,18.99,1496376591
Cannation,CNNC,611,0.00529616,0.00000219,131.028,12995.0,2453746.0,2453746.0,0.61,-50.11,-54.18,1496376591
JobsCoin,JOBS,612,0.000121106,0.00000005,127.646,12840.0,106019270.0,200019300.0,0.61,28.53,57.96,1496376578
LetItRide,LIR,613,0.000363318,0.00000015,130.177,12812.0,35264629.0,35264629.0,0.61,40.21,25.23,1496376573
VapersCoin,VPRC,614,0.0000163429,0.000000007,14.2163,12750.0,780124964.0,1635124964.0,0.58,182.87,-32.4,1496376574
Solaris,XLR,615,0.0728014,0.00003006,298.203,12246.0,168213.0,268213.0,0.27,-4.07,-38.75,1496376588
TAGRcoin,TAGR,616,0.000314876,0.00000013,3.00886,12176.0,38669634.0,38669634.0,0.61,-16.46,-23.39,1496376562
WARP,WARP,617,0.01073,0.00000443,2.70173,11752.0,1095224.0,1095224.0,0.58,6.18,5.93,1496376567
Cabbage,CAB,618,0.00111418,0.00000046,77.1126,11699.0,10499996.0,10499996.0,0.61,6.24,-5.95,1496376569
Bitcoin 21,XBTC21,619,0.0145198,0.00000655,,11516.0,793108.0,7093108.0,,,-31.83,1496220571
Abncoin,ABN,620,0.166432,0.00006871,316.817,11267.0,67700.0,4734367.0,0.62,4.09,-13.6,1496376582
TajCoin,TAJ,621,0.00190021,0.00000078,47.5561,10963.0,5769176.0,5769176.0,0.29,11.15,24.19,1496376575
Money,$$$,622,0.00023841,0.00000010,41.8775,10940.0,45887218.0,45887218.0,10.68,1.67,-21.7,1496376565
Comet,CMT,623,0.0125271,0.00000517,2.14654,10934.0,872830.0,872830.0,0.58,1.51,,1496376572
Iconic,ICON,624,0.0182906,0.00000750,,10844.0,592894.0,592894.0,,3.53,-11.02,1496321984
EGO,EGO,625,0.000169549,0.00000007,0.520732,10173.0,60000001.0,60000001.0,0.59,19.96,0.14,1496376578
Zonecoin,ZNE,626,0.00370585,0.00000153,1.79661,9568.0,2581970.0,2581970.0,0.61,39.04,23.43,1496376574
G3N,G3N,627,0.0012595,0.00000052,2.11953,9524.0,7561891.0,7561891.0,0.61,0.88,-3.52,1496376561
Shilling,SH,628,0.00293077,0.00000121,82.3522,9427.0,3216600.0,3216600.0,0.61,41.81,121.77,1496376576
Xonecoin,XOC,629,0.0223077,0.00000921,0.508622,9369.0,420000.0,420000.0,0.58,24.61,2.5,1496376576
High Voltage,HVCO,630,0.00611441,0.00000256,,9136.0,1494171.0,1694171.0,,1.39,76.74,1496333672
1CRedit,1CR,631,0.102374,0.00004246,,9031.0,88213.0,88213.0,0.15,2.36,-29.42,1496373868
Cashcoin,CASH,632,0.000244984,0.00000011,,8778.0,35831128.0,35831128.0,,,,1496155747
iBank,IBANK,633,0.00188531,0.00000079,,8534.0,4526324.0,4526324.0,,1.31,3.95,1496357683
DPAY,DPAY,634,0.0000968849,0.00000004,2.45925,7706.0,79541001.0,79541001.0,0.58,2.82,,1496376578
Hirocoin,HIRO,635,0.0000241968,0.00000001,2.41968,7536.0,311436408.0,311436408.0,0.43,2.66,0.04,1496376848
ImpulseCoin,IMPS,636,0.000363318,0.00000015,39.5405,7356.0,20245510.0,20245510.0,0.61,2.82,36.55,1496376579
Future Digital Currency,FDC,637,0.00278544,0.00000115,7.26637,7167.0,2572901.0,1002572901.0,0.59,-14.49,-4.47,1496376582
PosEx,PEX,638,0.00283388,0.00000117,6.68576,6952.0,2453240.0,2453240.0,0.61,1.95,-6.97,1496376569
Dix Asset,DIX,639,0.0000000682,0.00000000003,31.3696,6819.0,100000000000,100000000000,-1.23,7.16,-33.34,1496376582
Crypto,CTO,640,0.000678194,0.00000028,148.75,6727.0,9918437.0,9918437.0,0.61,-55.01,-65.37,1496376561
JIO Token,JIO,641,0.00341519,0.00000141,377.176,6517.0,1908128.0,8888888.0,-6.69,0.68,37.47,1496376582
SydPak,SDP,642,0.040619,0.00001677,215.775,6439.0,158532.0,158532.0,0.61,25.23,21.84,1496376563
Printerium,PRX,643,0.000653973,0.00000027,14.0816,5934.0,9074428.0,9074428.0,0.58,-6.03,-20.51,1496376583
Elysium,ELS,644,0.00147456,0.00000061,14.1285,5906.0,4005012.0,4005012.0,5.61,25.2,-0.19,1496376585
Argus,ARGUS,645,0.00493298,0.00000204,76.3076,5665.0,1148324.0,5194373.0,2.68,-54.97,-15.08,1496376585
Coinonat,CXT,646,0.00266916,0.00000110,187.473,5657.0,2119402.0,8119402.0,-3.94,-7.4,-13.99,1496376589
Antilitecoin,ALTC,647,0.000169549,0.00000007,9.62728,5343.0,31512613.0,31512613.0,0.61,19.96,-12.34,1496376568
Concoin,CONX,648,0.00769324,0.00000318,131.055,5292.0,687849.0,1538849.0,0.55,-10.73,28.05,1496376589
GanjaCoin,420G,649,0.00726637,0.00000300,79.93,4890.0,672975.0,1741116.0,0.59,-65.95,-78.24,1496376558
Qibuck Asset,QBK,650,0.00329748,0.00000136,32.9748,4802.0,1456187.0,2000000.0,-6.87,9.18,-39.33,1496376591
Save and Gain,SANDG,651,0.00141989,0.00000064,,4352.0,3064800.0,3064800.0,,,15.13,1496226272
GeertCoin,GEERT,652,0.000823246,0.00000034,114.356,4188.0,5087639.0,5087639.0,0.59,-3.81,-2.43,1496376585
BioBar,BIOB,653,0.00452937,0.00000187,53.2385,4012.0,885756.0,985756.0,0.61,-24.78,3.12,1496376586
NodeCoin,NODC,654,0.00221639,0.00000097,,3720.0,1678439.0,5878439.0,,,38.87,1496270080
Revenu,REV,655,0.00272794,0.00000116,,3261.0,1195525.0,1195525.0,,-0.17,-58.95,1496336068
Selfiecoin,SLFI,656,0.0000242212,0.00000001,0.726637,2612.0,107829281.0,107829281.0,0.59,2.82,0.19,1496376560
P7Coin,P7C,657,0.0000726637,0.00000003,0.90585,2559.0,35220238.0,35220238.0,0.61,,,1496376560
Pulse,PULSE,658,0.000168274,0.00000007,76.4018,2406.0,14298972.0,14298972.0,3.93,-52.91,-81.97,1496376568
Californium,CF,659,0.020588,0.00000850,187.465,2288.0,111110.0,111110.0,0.61,7.9,5.76,1496376560
Enigma,XNG,660,0.132781,0.00005482,182.465,2208.0,16627.0,66627.0,0.61,70.55,,1496376569
Doubloon,BOAT,661,0.000530227,0.00000022,278.874,1881.0,3547845.0,18547845.0,0.6,-9.79,-36.64,1496376585
Dollar Online,DOLLAR,662,0.012595,0.00000520,98.8179,1113.0,88379.0,10088379.0,-18.0,-20.67,21.29,1496376581
23 Skidoo,CHAO,663,3657.47,1.51003,161.081,924.0,0.0,0.0,0.59,2.82,-62.67,1496376564
Impeachcoin,IMPCH,664,0.00295499,0.00000122,27.4703,911.0,308179.0,2501512.0,-28.65,4.54,-58.01,1496376584
Zcashshare,ZHS,665,0.000217991,0.00000009,2.17221,616.0,2826000.0,2826000.0,0.59,2.82,,1496376580
Digital Credits,DGCS,666,0.0000968849,0.00000004,217.245,564.0,5826388.0,201284316.0,0.61,-4.14,-46.04,1496376565
SwapToken,TOKEN,667,0.0000135962,0.000000006,60.7362,477.0,35110531.0,35110531.0,9.71,-35.15,979.24,1496376574
CRTCoin,CRT,668,0.00483936,0.00000200,0.0000000242,384.0,79270.0,10079270.0,0.43,2.66,0.04,1496376849
PizzaCoin,PIZZA,669,0.000217991,0.00000009,29.2941,300.0,1377917.0,10127917.0,0.61,32.2,28.81,1496376574
Xenixcoin,XEN,670,0.0266433,0.00001100,116.262,269.0,10100.0,10010100.0,70.26,,-55.65,1496376580
CaliphCoin,CALC,671,0.000977131,0.00000040,4.98759,85.0,87140.0,148587140.0,14.3,21.96,-19.63,1496376578
MikeTheMug,MUG,672,0.0000051456,0.000000002,,5.0,999279.0,1000000.0,,,,1496047185
BTCGold,XBG,673,0.136995,0.00005656,27.7927,,,99000001.0,0.59,52.74,-45.0,1496376590
Soarcoin,SOAR,674,0.0196615,0.00000812,226.131,,,5000000000.0,0.39,51.9,16.28,1496376588
Project-X,NANOX,675,305187.0,126.0,3936.41,,,1.0,0.59,-58.09,,1496376592
Internet of Things,XOT,676,1200.31,0.495562,1616.41,,,21000000.0,0.14,18.96,40.46,1496376589
AMIS,AMIS,677,283.4,0.117005,0.451633,,,,0.3,45.07,-38.99,1496376590
Bitcoin Unlimited (Futures),BTU,678,120.396,0.0497067,537.646,,,,-0.88,-5.09,-35.27,1496376587
Malcoin,MALC,679,31.5696,0.0130339,42630.4,,,1000000000.0,0.59,2.82,0.29,1496376590
GoldUnionCoin,GUC,680,22.5403,0.009306,21270.3,,,210000000.0,15.59,4.06,3.23,1496376590
ZenCash,ZEN,681,9.80974,0.00405006,4072.02,,,1387400.0,0.61,,,1496376592
Qtum (Pre-Launch),QTUM,682,9.26093,0.00382348,35458100.0,,,100000000.0,3.5,51.79,87.61,1496376592
Fargocoin,FRGC,683,6.81807,0.00281492,472534.0,,,443767385.0,0.13,-4.46,-2.46,1496376582
EcoCoin,ECO,684,3.93059,0.00162279,129823.0,,,1093895.0,4.72,18.55,-20.51,1496376592
Internet of People,IOP,685,3.70118,0.00152808,3089.72,,,2139403.0,0.59,1.7,49.88,1496376581
DECENT (Pre-Launch),DCT,686,2.86843,0.00118426,4225.81,,,73290000.0,0.59,13.86,-33.27,1496376581
PRIZM,PZM,687,1.05143,0.0004341,32233.7,,,,0.6,-1.9,0.38,1496376592
Bitcore,BTX,688,1.04759,0.00043251,29231.9,,,16360041.0,0.53,-7.65,-51.14,1496376590
OBITS.WARRANT,WARRANT,689,1.00256,0.00045776,,,,,,,,1496189094
DynamicCoin,DMC,690,0.99815,0.0004121,277942.0,,,10541442931.0,0.01,-0.04,-0.07,1496376578
Databits,DTB,691,0.813736,0.00033596,141302.0,,,,0.38,3.4,0.83,1496376588
Bitgem,BTG,692,0.799099,0.00033025,22.4652,,,,0.46,-3.15,-16.26,1496376842
Aeternity (Pre-Launch),AE,693,0.699993,0.000289,497.067,,,,0.26,,,1496376592
TechShares,THS,694,0.601309,0.00024826,54.7928,,,646359158.0,0.52,-2.61,-11.17,1496376575
GAY Money,GAY,695,0.586582,0.00024218,48.0012,,,5603043910.0,0.59,-13.91,27.78,1496376576
XDE II,XDE2,696,0.578185,0.00023871,12.3734,,,42249.0,0.68,0.5,13.86,1496376587
TeslaCoilCoin,TESLA,697,0.556822,0.00022989,155.382,,,100000000.0,0.61,2.82,43.71,1496376571
LEOcoin,LEO,698,0.469551,0.00019386,227123.0,,,92902462.0,-0.92,5.02,13.64,1496376563
WA Space,WA,699,0.399771,0.00016505,38036.9,,,,0.61,7.53,29.89,1496376579
ClubCoin,CLUB,700,0.286093,0.00011812,35607.2,,,90899180.0,0.1,3.61,-9.56,1496376566
Yogold,YOG,701,0.266603,0.00011007,11.6831,,,100000000.0,0.7,2.95,-57.22,1496376588
ZenGold,ZENGOLD,702,0.263428,0.00010876,584.551,,,,1.31,-2.47,,1496376592
TROPTIONS,TROPTIONS,703,0.248173,0.00010598,,,,1000000001.0,,1.84,44.67,1496287780
InvisibleCoin,IVZ,704,0.242212,0.0001,58.5175,,,,0.61,68.23,,1496376568
Zilbercoin,ZBC,705,0.237336,0.00009799,751362.0,,,9008889.0,0.57,20.04,-35.91,1496376584
Quartz,QRZ,706,0.193794,0.00008001,2496.76,,,21000000.0,0.6,-58.26,,1496376592
AlpaCoin,APC,707,0.174151,0.00007190,726.782,,,,15.04,4.15,30.47,1496376566
Pabyosi Coin (Special),PCS,708,0.163103,0.00006734,4556.34,,,30993751760.0,3.41,0.81,31.06,1496376582
Golos Gold,GBG,709,0.163033,0.00006731,10043.6,,,,0.59,19.95,-11.0,1496376585
Tattoocoin (Limited Edition),TLE,710,0.130795,0.00005400,0.242212,,,975531.0,0.61,58.04,44.23,1496376590
EquiTrader,EQT,711,0.128372,0.00005300,92046.9,,,7661360.0,0.59,6.33,6.2,1496376592
Wowecoin,WEC,712,0.104,0.00004294,12085.9,,,8901692.0,,-0.0,2.7,1496376574
LandCoin,LDCN,713,0.0907118,0.00003745,16506.9,,,19003881978.0,-6.25,14.39,144.67,1496376582
InsaneCoin,INSN,714,0.0892583,0.00003685,2165.52,,,18528255.0,4.6,56.69,32.84,1496376592
DeusCoin,DEUS,715,0.0865909,0.00003575,5908.81,,,,-2.26,0.36,-26.36,1496376589
Omicron,OMC,716,0.0726637,0.00003000,0.397204,,,10134092.0,0.61,,23.57,1496376576
WavesGo,WGO,717,0.0678468,0.00002801,646.594,,,10000000.0,0.61,-18.31,-13.6,1496376589
Elacoin,ELC,718,0.0420728,0.00001727,,,,,,3.36,37.22,1496326751
Topaz Coin,TOPAZ,719,0.0400428,0.00001653,98.3454,,,37968.0,0.61,-72.57,-72.98,1496376590
Fazzcoin,FAZZ,720,0.0394976,0.00001631,191.918,,,1022574803.0,0.55,-25.89,-56.05,1496376589
International Diamond,XID,721,0.038234,0.00001588,,,,,0.01,2.21,,1496373575
CryptoBuck,BUK,722,0.0330479,0.00001364,0.469875,,,,5.36,38.11,46.14,1496376556
DeltaCredits,DCRE,723,0.0294772,0.00001217,2.06428,,,,0.59,-3.37,,1496376564
President Johnson,GARY,724,0.0286202,0.00001182,116.823,,,57968072167.0,0.58,2.19,13.34,1496376576
IvugeoCoin,IEC,725,0.0241001,0.00000995,0.800313,,,,0.59,3.34,,1496376562
EDRCoin,EDRC,726,0.0223232,0.00000922,14397.7,,,3407292.0,-8.98,-26.57,-29.77,1496376569
ShellPay,SHELL,727,0.0211603,0.00000874,13646.4,,,,2.13,0.93,-14.02,1496376562
RHFCoin,RHFC,728,0.0206611,0.00000853,17600.2,,,200156890.0,-12.52,-33.88,-28.51,1496376589
Lepaoquan,HLB,729,0.0200288,0.00000827,648317.0,,,935498526.0,1.47,8.38,-33.13,1496376581
Avoncoin,ACN,730,0.0199825,0.00000825,2603.33,,,,3.86,4.42,-4.74,1496376585
Gycoin,GYC,731,0.0183286,0.00000757,14992.5,,,22213403.0,0.77,5.58,-9.45,1496376574
KolschCoin,TP1,732,0.0147961,0.00000620,,,,,,1.31,36.92,1496357661
PiCoin,PI,733,0.0145327,0.00000600,31.4876,,,1378369.0,0.59,202.42,100.32,1496376591
Digitalfund,DTF,734,0.0139599,0.00000576,14296.5,,,54000053.0,-0.0,11.53,-30.71,1496376575
Mind Gene,MG,735,0.0130795,0.00000540,7416.3,,,,0.61,2.9,4.06,1496376577
Sharkcoin,SAK,736,0.0098096,0.00000405,2522.52,,,,2.45,4.71,13.42,1496376560
9COIN,9COIN,737,0.00961583,0.00000397,597.402,,,350050250.0,0.59,52.83,94.73,1496376591
Dashs,DASHS,738,0.00951894,0.00000393,89.7022,,,,136.75,96.03,33.09,1496376589
First Bitcoin,BIT,739,0.0076801,0.00000317,719.524,,,20706894378.0,1.68,55.3,34.87,1496376575
Tyrocoin,TYC,740,0.00758124,0.00000313,53.2867,,,50131800.0,0.61,0.11,,1496376590
Opal,OPAL,741,0.00735578,0.00000304,3066.68,,,,1.93,15.91,6.34,1496376854
Slimcoin,SLM,742,0.00653973,0.00000270,12.1106,,,13925626.0,0.59,,45.07,1496376559
Goldpay Coin,GP,743,0.00653029,0.00000270,19440.4,,,,2.01,3.29,-21.83,1496376591
Psilocybin,PSY,744,0.00634604,0.00000265,,,,,,1.66,8.43,1496352269
Helleniccoin,HNC,745,0.00632174,0.00000261,8577.93,,,,-0.54,-22.15,60.42,1496376562
Xaucoin,XAU,746,0.00583732,0.00000241,0.93397,,,,0.59,3.25,14.95,1496376560
EggCoin,EGG,747,0.00562322,0.00000237,,,,,,0.72,,1496295864
GBCGoldCoin,GBC,748,0.005,0.00000206,40.3805,,,,0.0,-23.75,-22.17,1496376565
Axiom,AXIOM,749,0.00484425,0.00000200,23.658,,,,0.59,3.34,-2.09,1496376563
GoldReserve,XGR,750,0.00447641,0.00000185,1960.04,,,17161485.0,3.85,3.8,-1.1,1496376851
netBit,NBIT,751,0.00426294,0.00000176,0.345879,,,,0.59,7.08,27.74,1496376580
BagCoin,BGC,752,0.0042585,0.00000176,69053.3,,,497214120.0,1.64,-8.17,-7.33,1496376574
Bitcoin Scrypt,BTCS,753,0.00421024,0.00000174,9.58459,,,,3.46,14.7,1.2,1496376847
AvatarCoin,AV,754,0.00352518,0.00000159,,,,,,,18.55,1496159368
ZSEcoin,ZSE,755,0.00314357,0.00000130,145.405,,,6379595.0,0.59,-5.63,-60.15,1496376587
President Trump,PRES,756,0.0027648,0.00000114,243.525,,,57968072167.0,0.59,-1.7,-22.48,1496376576
Quotient,XQN,757,0.00266433,0.00000110,60.5076,,,,0.59,,-22.95,1496376558
Clinton,CLINT,758,0.00261589,0.00000108,3.92384,,,,0.61,2.82,15.11,1496376570
RoyalCoin 2,RYCN,759,0.00245848,0.00000103,,,,2500124.0,,1.33,-15.26,1496333388
GameLeagueCoin,GML,760,0.00237139,0.00000103,,,,,,,11.41,1496142551
Neptune Classic,NTCC,761,0.00234946,0.00000097,1199.0,,,,-4.34,0.55,84.39,1496376585
BitcoinFast,BCF,762,0.00229788,0.00000095,297.261,,,,-0.44,-33.29,-36.18,1496376558
OCOW,OCOW,763,0.00227517,0.00000099,,,,,,,-4.58,1496142268
TrickyCoin,TRICK,764,0.00220413,0.00000091,13.8872,,,,0.59,-1.51,-23.39,1496376560
VGINA,VGINA,765,0.0021059,0.00000095,,,,11603228.0,,,,1496238289
RichCoin,RICHX,766,0.00210122,0.00000093,,,,5925522.0,,,,1496167172
Mavro,MAVRO,767,0.00168043,0.00000070,,,,15005722.0,,1.91,3.71,1496349588
Condensate,RAIN,768,0.00159223,0.00000066,718.392,,,42978104.0,-3.76,-4.27,-25.45,1496376590
Motocoin,MOTO,769,0.00153274,0.00000063,1.34328,,,,0.48,99.49,184.89,1496376850
Digital Bullion Gold,DBG,770,0.00145327,0.00000060,16.0095,,,24523275.0,0.61,37.1,36.62,1496376572
MMXVI,MMXVI,771,0.00142905,0.00000059,54.7351,,,,0.61,-10.79,-59.08,1496376567
Advanced Internet Blocks,AIB,772,0.0014019,0.00000058,42.9917,,,31411916604.0,0.59,-18.76,-34.86,1496376561
UR,UR,773,0.00133217,0.00000055,112.978,,,,0.61,-10.66,1.82,1496376585
RoyalCoin,ROYAL,774,0.00120877,0.00000050,110.126,,,2500124.0,0.59,28.29,12.71,1496376579
Alphabet Coin Fund,FUN,775,0.00115181,0.00000048,,,,20742012.0,,1.87,10.92,1496362472
TodayCoin,TODAY,776,0.00111418,0.00000046,46.0673,,,,0.59,5.7,-12.69,1496376576
BestChain,BEST,777,0.00106408,0.00000044,96.195,,,20042911.0,4.94,-19.6,19.0,1496376588
True Investment Coin,TIC,778,0.00104151,0.00000043,18.9381,,,,0.58,2.82,-4.17,1496376585
Skeincoin,SKC,779,0.00104046,0.00000043,0.0523135,,,,0.43,,,1496376847
Bitcedi,BXC,780,0.00102515,0.00000042,35.1684,,,,0.52,1.21,,1496376571
RubleBit,RUBIT,781,0.00099307,0.00000041,18.6544,,,,0.59,10.94,45.32,1496376566
The Aladin,ADT,782,0.000892522,0.00000032,,,,,,,,1495722585
SportsCoin,SPORT,783,0.000863571,0.00000036,,,,19800001.0,,1.83,23.17,1496353177
Braincoin,BRAIN,784,0.000847743,0.00000035,8.18869,,,,0.61,5.09,25.23,1496376570
Donationcoin,DON,785,0.000846887,0.00000035,22643.5,,,,0.48,,,1496376851
Dubstep,DUB,786,0.000823522,0.00000034,7.6036,,,,0.59,,,1496376562
WeAreSatoshi,WSX,787,0.000774297,0.00000032,151.86,,,,0.46,,-6.52,1496376854
KashhCoin,KASHH,788,0.000764275,0.00000032,6339.1,,,,2.24,36.3,141.34,1496376586
FrankyWillCoin,FRWC,789,0.000750858,0.00000031,0.266409,,,,0.59,2.82,10.89,1496376575
Lazaruscoin,LAZ,790,0.000750858,0.00000031,14.556,,,,0.61,9.92,,1496376577
IrishCoin,IRL,791,0.000726637,0.00000030,430.544,,,,-9.64,,,1496376562
Opescoin,OPES,792,0.000678194,0.00000028,0.537687,,,,0.58,2.82,,1496376567
Quebecoin,QBC,793,0.000629116,0.00000026,19.6021,,,,0.46,-1.15,5.95,1496376849
Vsync,XVS,794,0.000524358,0.00000022,142.247,,,103334172.0,0.88,39.02,-29.13,1496376589
CBD Crystals,CBD,795,0.000520951,0.00000022,73.3726,,,,0.86,-82.77,19.68,1496376580
Cubits,QBT,796,0.000508633,0.00000021,15.2602,,,,0.58,16.21,-2.08,1496376579
BlazerCoin,BLAZR,797,0.000484424,0.00000020,16.5567,,,,0.61,86.95,67.98,1496376588
T-coin,TCOIN,798,0.000460203,0.00000019,5813.05,,,,0.59,3.48,4.33,1496376582
MarxCoin,MARX,799,0.000436545,0.00000018,60.8369,,,29128280.0,-3.67,-25.4,-18.44,1496376585
BitAlphaCoin,BAC,800,0.000419326,0.00000017,34.0843,,,,0.59,-35.38,-45.85,1496376567
DarkLisk,DISK,801,0.00038754,0.00000016,3.31831,,,17888425.0,0.61,,14.5,1496376570
UGAIN,GAIN,802,0.000363318,0.00000015,0.266409,,,,0.58,2.82,,1496376576
Gambleo,GMB,803,0.000339097,0.00000014,1.21058,,,,0.59,,-64.34,1496376587
PrismChain,PRM,804,0.000339097,0.00000014,71.1155,,,,0.61,27.91,-80.82,1496376571
GoldMaxCoin,GMX,805,0.000332413,0.00000014,,,,84078950.0,,0.8,,1496346877
Sakuracoin,SKR,806,0.000314831,0.00000013,105.497,,,,0.61,3.14,6.6,1496376578
The Vegan Initiative,XVE,807,0.000314133,0.00000013,1208.54,,,,0.6,33.2,88.31,1496376589
Operand,OP,808,0.000290655,0.00000012,10.7109,,,36309296.0,0.61,-17.74,,1496376569
Cycling Coin,CYC,809,0.000290655,0.00000012,0.266409,,,,0.58,12.17,0.19,1496376562
Happy Creator Coin,HCC,810,0.000267106,0.00000011,176.978,,,,0.61,25.99,-26.45,1496376573
Grumfork,GMF,811,0.000242212,0.00000010,2.42212,,,,0.61,2.82,-27.69,1496376589
President Sanders,BURN,812,0.000242212,0.00000010,137.709,,,57968072167.0,0.58,28.53,-39.46,1496376582
MobileCash,MBL,813,0.000217991,0.00000009,3.63263,,,1068669648.0,0.61,32.2,28.81,1496376577
TeraCoin,TERA,814,0.00019377,0.00000008,4580.51,,,,-10.59,-19.09,-19.87,1496376585
Moneta,MONETA,815,0.00019377,0.00000008,0.508888,,,,0.61,17.51,-19.85,1496376565
AsicCoin,ASC,816,0.000190727,0.00000008,,,,,,3.87,-1.08,1496332743
LAthaan,LTH,817,0.000169549,0.00000007,139.157,,,,0.61,-20.03,,1496376578
TheCreed,TCR,818,0.0000968849,0.00000004,17.1938,,,,0.61,2.82,33.58,1496376570
TeamUp,TEAM,819,0.0000968849,0.00000004,0.665575,,,301004896.0,0.61,36.86,100.38,1496376578
Wowcoin,WOW,820,0.0000968849,0.00000004,114.962,,,,0.58,2.82,100.38,1496376579
LinkedCoin,LKC,821,0.0000968849,0.00000004,32.8513,,,,0.61,2.82,0.19,1496376573
Halloween Coin,HALLO,822,0.0000949437,0.00000004,85.2859,,,264606115.0,5.9,11.75,-17.54,1496376592
MoneyCoin,MONEY,823,0.0000726637,0.00000003,530.063,,,,0.58,2.82,33.63,1496376581
LePen,LEPEN,824,0.0000562415,0.00000002,178.807,,,,0.78,4.02,33.01,1496376583
PinkDog,PDG,825,0.0000484424,0.00000002,22.0321,,,,0.58,-48.57,100.38,1496376584
PokeCoin,POKE,826,0.0000484424,0.00000002,134.353,,,,0.58,,0.19,1496376574
UNCoin,UNC,827,0.0000484424,0.00000002,1600.18,,,,70.78,75.79,25.95,1496376560
CyberCoin,CC,828,0.0000484424,0.00000002,1.9377,,,549267534.0,0.59,2.82,0.19,1496376560
Global Business Revolution,GBRC,829,0.0000484424,0.00000002,14.6781,,,900096049.0,0.59,2.82,30.51,1496376580
PayPeer,PAYP,830,0.0000484424,0.00000002,16.3897,,,,0.61,-31.45,,1496376568
Cashme,CME,831,0.0000484424,0.00000002,0.726637,,,,0.59,105.65,,1496376566
Tellurion,TELL,832,0.0000484424,0.00000002,0.726637,,,,0.61,2.82,,1496376576
InflationCoin,IFLT,833,0.0000282757,0.00000001,1645.8,,,3248791331.0,2.54,-36.86,-54.52,1496376583
VegasCoin,VGC,834,0.0000270181,0.00000001,0.0278287,,,,-0.06,-61.71,-77.71,1496376849
FedoraShare,FEDS,835,0.0000242461,0.00000001,8493.49,,,499001346794,0.0,8.65,36.74,1496376578
SuperTurboStake,STRB,836,0.0000242212,0.00000001,12.595,,,,0.61,2.82,0.19,1496376567
Aces,ACES,837,0.0000242212,0.00000001,252.564,,,,0.61,2.28,-19.94,1496376575
FireFlyCoin,FFC,838,0.0000242212,0.00000001,54.2462,,,,0.59,-43.88,-49.18,1496376557
Safe Trade Coin,XSTC,839,0.0000242212,0.00000001,0.484425,,,604880000.0,0.61,2.82,-0.35,1496376582
Rcoin,RCN,840,0.0000242212,0.00000001,192.68,,,,0.61,-42.59,0.14,1496376578
X2,X2,841,0.0000242212,0.00000001,4.24879,,,,0.61,,0.17,1496376566
ChoofCoin,CHOOF,842,0.0000242212,0.00000001,141.974,,,,0.59,2.82,-49.19,1496376579
SoulCoin,SOUL,843,0.0000242212,0.00000001,14.2639,,,,0.61,2.82,0.19,1496376571
Yescoin,YES,844,0.0000242090,0.000000010,455.362,,,,0.59,2.79,0.09,1496376584
Victoriouscoin,VTY,845,0.0000238618,0.000000010,123.37,,,10263290326.0,0.51,1.3,5.15,1496376577
President Clinton,HILL,846,0.0000236509,0.00000001,,,,57968072167.0,,0.4,-51.09,1496341776
Virtacoin,VTA,847,0.0000083831,0.000000003,126.004,,,12423206610.0,7.87,-53.53,-47.39,1496376854
XP,XP,848,0.0000069781,0.000000003,95.9221,,,133635560466,24.61,940.92,2524.78,1496376577
BatCoin,BAT,849,0.0000008205,0.0000000003,468.438,,,,-2.33,,,1496376847
RabbitCoin,RBBT,850,0.0000005232,0.0000000002,69.8102,,,,0.8,69.64,11.43,1496376556
BitCentavo,NBE,851,0.0000004981,0.0000000002,2.76553,,,,4.3,,-56.98,1496376556
Dimecoin,DIME,852,0.0000004122,0.0000000002,459.99,,,527097484176,0.13,-2.47,-93.19,1496376847
StrongHands,SHND,853,0.0000001243,0.00000000005,105.635,,,,-0.04,-34.41,,1496376565
Paccoin,PAC,854,0.0000000729,0.00000000003,487.257,,,,0.0,24.58,42.12,1496376566
Bond,BOND,855,,,,,1349.0,1349.0,,,,
bitRUBLE,BITRUBLE,856,,,,,,,,,,
