Name,Symbol,Rank,Price(BTC),Price(USD),24HVolume,MarketCap,%Change_1h,%Change_24h,%Change_7d,LastUpdated
Bitcoin,BTC,1,2418.3,1.0,1546460000.0,39579015055.0,16366462.0,16366462.0,-0.41,2.29,-0.56,1496380450
Ethereum,ETH,2,228.52,0.0946944,738588000.0,21054568984.0,92134470.0,92134470.0,-0.34,-1.89,24.42,1496380164
Ripple,XRP,3,0.316861,0.00013137,515197000.0,12237708561.0,38621693933.0,99994661895.0,-3.79,11.04,4.6,1496380442
NEM,XEM,4,0.230587,0.00009560,15669200.0,2075283000.0,8999999999.0,8999999999.0,-0.23,4.31,0.35,1496380460
Ethereum Classic,ETC,5,17.3903,0.0072062,127315000.0,1603445587.0,92203446.0,92203446.0,-0.37,-2.08,1.95,1496380174
Litecoin,LTC,6,29.4317,0.0122023,422809000.0,1512014072.0,51373657.0,51373657.0,-0.93,11.79,-3.66,1496380441
Dash,DASH,7,141.042,0.0584757,33412400.0,1034170630.0,7332359.0,7332359.0,0.41,-1.95,5.64,1496380446
Stratis,STRAT,8,6.54859,0.00271361,19890500.0,644434675.0,98408157.0,98408157.0,-0.9,10.68,117.09,1496380174
Monero,XMR,9,43.9136,0.0182065,12323000.0,639390574.0,14560195.0,14560195.0,-0.67,1.29,2.04,1496380450
Bytecoin,BCN,10,0.00308914,0.00000128,8497540.0,565213955.0,182968060603,182968060603,-0.47,23.45,9.59,1496380452
Stellar Lumens,XLM,11,0.0401943,0.00001666,33732800.0,388470348.0,9664811867.0,102940435314,-2.94,-1.81,-19.82,1496380453
Golem,GNT,12,0.460378,0.00019077,12549600.0,379752922.0,824872000.0,1000000000.0,-2.22,0.55,3.23,1496380180
Waves,WAVES,13,3.72141,0.00154208,3108930.0,372141000.0,100000000.0,100000000.0,2.27,16.08,42.13,1496380172
Zcash,ZEC,14,253.191,0.104917,22607900.0,362887583.0,1433256.0,1433256.0,-0.7,3.65,4.94,1496380179
Dogecoin,DOGE,15,0.00295172,0.00000122,24749600.0,323607133.0,109633411214,109633411214,0.39,6.15,-7.47,1496380444
Gnosis,GNO,16,250.727,0.103896,2645910.0,276950537.0,1104590.0,10000000.0,-0.71,-3.96,5.56,1496380189
Augur,REP,17,24.4906,0.0101484,4066790.0,269396600.0,11000000.0,11000000.0,0.41,2.19,-6.59,1496380169
Steem,STEEM,18,1.05832,0.00043855,2485190.0,248002198.0,234335738.0,251309832.0,-0.97,4.79,-13.7,1496380170
Siacoin,SC,19,0.00918951,0.00000381,21698100.0,243532834.0,26501177274.0,26501177274.0,3.84,19.35,0.58,1496380164
BitShares,BTS,20,0.084406,0.00003499,17577400.0,219640449.0,2602190000.0,2602190000.0,1.26,20.02,0.09,1496380453
DigiByte,DGB,21,0.02429,0.00001007,39226800.0,196919805.0,8107031908.0,8107031908.0,1.29,32.88,49.87,1496380445
MaidSafeCoin,MAID,22,0.389997,0.00016169,2457890.0,176494083.0,452552412.0,452552412.0,-1.41,-5.2,-8.31,1496380451
Basic Attention Token,BAT,23,0.17019,0.00007052,3742840.0,170190000.0,1000000000.0,1500000000.0,-0.18,-1.0,,1496380191
DigixDAO,DGD,24,84.987,0.035217,1307740.0,169974000.0,2000000.0,2000000.0,0.54,5.77,-4.91,1496380170
GameCredits,GAME,25,2.59898,0.00107753,1876930.0,163803355.0,63026016.0,63026016.0,-2.99,-0.23,-12.23,1496380456
BitConnect,BCC,26,22.7662,0.00943387,1466300.0,146555791.0,6437429.0,6437429.0,-0.21,8.46,39.49,1496380183
Lisk,LSK,27,1.33793,0.00055441,2685820.0,144182093.0,107765050.0,107765050.0,-3.35,5.65,1.42,1496380169
Ardor,ARDR,28,0.134086,0.00005556,2733320.0,133951846.0,998999495.0,998999495.0,0.55,21.18,-4.22,1496380173
Decred,DCR,29,25.0912,0.0103973,2652060.0,125980984.0,5020923.0,5440923.0,-0.82,9.73,6.86,1496380168
Factom,FCT,30,13.5072,0.00560006,1350090.0,118231480.0,8753219.0,8753219.0,0.79,4.61,-4.69,1496380464
Tether,USDT,31,1.02967,0.0004269,88934500.0,108108853.0,104993690.0,124951468.0,-0.32,0.12,0.21,1496380459
SingularDTV,SNGLS,32,0.179857,0.00007453,276550.0,107914200.0,600000000.0,1000000000.0,-0.76,0.7,5.44,1496380177
Iconomi,ICN,33,1.20955,0.00050122,831233.0,105230850.0,87000000.0,100000000.0,0.09,0.18,-2.49,1496380177
Byteball,GBYTE,34,535.138,0.221751,510073.0,101292991.0,189284.0,1000000.0,2.41,8.53,70.01,1496380182
PIVX,PIVX,35,1.72112,0.0007132,876787.0,92142063.0,53536106.0,53536106.0,0.46,3.4,37.37,1496380168
Round,ROUND,36,0.107048,0.00004436,373596.0,90990800.0,850000000.0,1000000000.0,-1.03,6.05,-24.2,1496380179
FirstBlood,1ST,37,0.842198,0.00034899,4044950.0,72057089.0,85558371.0,93468691.0,1.52,12.8,-1.14,1496380176
Aragon,ANT,38,2.10765,0.00087337,559828.0,70827930.0,33605167.0,39609523.0,-0.53,-1.89,-6.11,1496380191
AntShares,ANS,39,1.40057,0.00058037,10325400.0,70028500.0,50000000.0,100000000.0,5.16,31.94,21.92,1496380175
Nxt,NXT,40,0.062416,0.00002588,2997950.0,62353583.0,998999983.0,998999983.0,-0.09,7.59,-13.62,1496380444
SysCoin,SYS,41,0.11286,0.00004679,1450860.0,59269929.0,525163294.0,525163294.0,0.39,3.4,-15.48,1496380454
Komodo,KMD,42,0.562131,0.00023294,225576.0,56744600.0,100945510.0,100945510.0,-0.68,3.29,8.28,1496380182
iExec RLC,RLC,43,0.632429,0.00026207,587819.0,49374234.0,78070793.0,86999785.0,-1.82,8.61,2.76,1496380188
Ubiq,UBQ,44,1.0866,0.0004505,1570080.0,40307050.0,37094653.0,37094653.0,-0.41,18.42,138.28,1496380454
Wings,WINGS,45,0.438256,0.0001816,1487020.0,39315215.0,89708333.0,100000000.0,-0.01,37.69,51.28,1496380181
Peercoin,PPC,46,1.60954,0.00066731,1446590.0,38826420.0,24122681.0,24122681.0,-0.65,5.19,-9.6,1496380440
Emercoin,EMC,47,0.914673,0.00037922,832005.0,36732042.0,40158660.0,40158660.0,0.33,5.73,-11.71,1496380454
Lykke,LKK,48,0.260928,0.00010812,551770.0,35923398.0,137675521.0,1285690000.0,0.62,4.7,13.68,1496380179
ReddCoin,RDD,49,0.0011823,0.00000049,1234170.0,33725203.0,28525080539.0,28525080539.0,-1.89,7.07,-27.27,1496380445
Melon,MLN,50,54.7919,0.0227047,487259.0,32842265.0,599400.0,749400.0,-0.86,-5.01,-6.99,1496380184
Storjcoin X,SJCX,51,0.630385,0.00026136,542453.0,32258782.0,51173144.0,500000000.0,-0.58,0.26,-2.42,1496380454
BitcoinDark,BTCD,52,24.9042,0.0103252,60246.3,32098082.0,1288862.0,1288862.0,0.24,4.81,7.74,1496380454
Ark,ARK,53,0.313704,0.00012999,369435.0,29896728.0,95302348.0,126552348.0,0.92,13.0,19.25,1496380186
Counterparty,XCP,54,11.109,0.00460577,1096930.0,29091696.0,2618750.0,2618750.0,-0.43,-8.05,-9.74,1496380446
Omni,OMNI,55,50.0258,0.0207406,11635400.0,27963479.0,558981.0,615297.0,-0.65,-18.57,139.81,1496380445
Xaurum,XAUR,56,0.243445,0.00010093,154600.0,27680753.0,113704339.0,113704339.0,-1.78,-7.24,24.65,1496380460
Nexus,NXS,57,0.515248,0.00021362,101755.0,25685137.0,49850048.0,49850048.0,0.13,10.85,3.53,1496380458
Namecoin,NMC,58,1.72666,0.00071587,1029700.0,25444752.0,14736400.0,14736400.0,-0.04,4.69,-7.31,1496380440
Gulden,NLG,59,0.0724905,0.00003005,88995.3,25120520.0,346535345.0,448555500.0,-0.98,6.65,-1.21,1496380448
Blocknet,BLOCK,60,6.27101,0.00259995,178609.0,24522887.0,3910516.0,3910516.0,-0.02,45.11,94.48,1496380457
Synereo,AMP,61,0.275608,0.00011421,519638.0,22670501.0,82256324.0,949291063.0,-2.32,4.12,-0.18,1496380166
EarthCoin,EAC,62,0.00241481,0.00000100,5728000.0,22569945.0,9346468332.0,9346468332.0,-0.74,8.85,-14.47,1496380444
YbCoin,YBC,63,7.277,0.00301703,2228800.0,21978446.0,3020262.0,3020262.0,0.4,10.8,-7.9,1496380446
WeTrust,TRST,64,0.231462,0.00009591,466997.0,21328645.0,92147500.0,100000000.0,-2.41,-3.1,-15.43,1496380188
E-Dinar Coin,EDR,65,0.0316306,0.00001311,366357.0,20888126.0,660377156.0,785377156.0,0.83,24.74,20.98,1496380174
Burst,BURST,66,0.0115464,0.00000479,5463690.0,20552618.0,1780002242.0,1780002242.0,2.19,23.33,5.63,1496380455
Matchpool,GUP,67,0.267087,0.00011068,245118.0,20031525.0,75000000.0,98855150.0,-1.36,10.27,-4.0,1496380188
TokenCard,TKN,68,0.843392,0.00034949,299939.0,19941208.0,23644056.0,39406760.0,0.1,4.26,-18.47,1496380189
XtraBYtes,XBY,69,0.0296458,0.00001228,558883.0,19269770.0,650000000.0,650000000.0,8.63,70.41,353.39,1496380188
Edgeless,EDG,70,0.241721,0.00010016,360158.0,19200488.0,79432438.0,132046997.0,-0.79,-1.7,-12.31,1496380187
BlackCoin,BLK,71,0.250596,0.0001039,1102910.0,19087460.0,76168255.0,76168255.0,-2.02,8.63,9.12,1496380449
PotCoin,POT,72,0.0854574,0.00003543,835245.0,18539012.0,216938637.0,216938637.0,0.11,12.12,-16.58,1496380446
NAV Coin,NAV,73,0.295949,0.0001227,620254.0,18150342.0,61329290.0,61329290.0,-1.23,3.86,-10.94,1496380451
BitBay,BAY,74,0.0179293,0.00000743,64001.2,18064179.0,1007522818.0,1007522818.0,0.13,4.21,-4.63,1496380458
BCAP,BCAP,75,1.75803,0.00072849,133146.0,17580300.0,10000000.0,10000000.0,0.5,10.65,-8.55,1496380190
Expanse,EXP,76,2.39261,0.00099145,652646.0,17320797.0,7239290.0,16239290.0,-0.83,-5.48,0.44,1496380165
Nexium,NXC,77,0.260312,0.00010787,4447060.0,17316367.0,66521586.0,66521586.0,-3.21,-17.15,27.74,1496380180
ZCoin,XZC,78,7.5606,0.00313297,1254510.0,16872841.0,2231680.0,2231680.0,-0.78,0.61,17.13,1496380177
OBITS,OBITS,79,1.13953,0.0004722,252941.0,16808480.0,14750362.0,16801100.0,3.32,44.2,25.52,1496380167
Infinitecoin,IFC,80,0.00018547,0.00000008,4087010.0,16802891.0,90596274910.0,90596274910.0,-0.21,7.51,-9.7,1496380441
Unity Ingot,UNY,81,0.0812699,0.00003368,84636.0,16416520.0,202000000.0,10000000000.0,-0.12,3.64,62.88,1496380190
Agoras Tokens,AGRS,82,0.365896,0.0001517,17840.5,15367632.0,42000000.0,42000000.0,-0.68,-8.43,-5.45,1496380463
Swarm City,SWT,83,2.26626,0.00093909,51279.1,15051886.0,6641730.0,6641730.0,-2.78,6.54,-25.55,1496380185
Bankcoin,B@,84,3.51295,0.0014557,5725.04,14983013.0,4265080.0,25000000.0,2.29,5.67,-13.59,1496380186
Humaniq,HMQ,85,0.120918,0.00005011,424411.0,14940829.0,123561662.0,184190414.0,0.21,4.53,-38.08,1496380189
Pepe Cash,PEPECASH,86,0.021279,0.00000882,22203.2,14935390.0,701884009.0,701884009.0,-4.01,-14.5,-15.41,1496380176
Verge,XVG,87,0.00110945,0.00000046,1250320.0,14877139.0,13409472280.0,13409472280.0,-2.16,30.46,-13.86,1496380457
TaaS,TAAS,88,1.8125,0.00075107,164468.0,14764626.0,8146001.0,8146001.0,0.4,9.23,22.11,1496380186
LBRY Credits,LBC,89,0.212149,0.00008791,548989.0,14537409.0,68524524.0,466424524.0,-2.58,-0.48,-7.12,1496380172
GridCoin,GRC,90,0.0366538,0.00001520,178873.0,14306446.0,390312753.0,390312753.0,-1.87,1.22,7.49,1496380459
Chronobank,TIME,91,19.5812,0.00811406,478681.0,13904861.0,710113.0,710113.0,0.54,3.84,16.65,1496380185
I/O Coin,IOC,92,0.842999,0.00034951,21575.9,13771395.0,16336194.0,16336194.0,0.28,9.77,2.43,1496380453
MonaCoin,MONA,93,0.268119,0.00011116,29284.1,13547450.0,50527750.0,50527750.0,-1.3,-0.21,-10.11,1496380449
Etheroll,DICE,94,1.86718,0.00077372,6230.54,13073290.0,7001623.0,7001623.0,0.94,2.13,-19.12,1496380191
Radium,RADS,95,4.01527,0.00166385,708344.0,13034914.0,3246336.0,3246336.0,-3.09,-10.5,5.09,1496380167
E-coin,ECN,96,4.63852,0.00192211,98135.1,12910227.0,2783264.0,211072156.0,0.06,1.18,6.65,1496380187
Waves Community Token,WCT,97,2.53402,0.00105005,15208.0,12670100.0,5000000.0,10000000.0,0.87,8.17,21.3,1496380183
Vertcoin,VTC,98,0.36728,0.00015227,662789.0,12282148.0,33440831.0,33440831.0,1.09,3.55,-4.24,1496380446
Bitland,CADASTRAL,99,0.395264,0.00016379,17885.0,11857920.0,30000000.0,30000000.0,0.34,-5.77,126.69,1496380172
Shift,SHIFT,100,1.05719,0.00043831,353483.0,11449036.0,10829686.0,10829686.0,-1.93,13.03,88.52,1496380463
Pluton,PLU,101,13.2239,0.00547972,164860.0,11240308.0,850000.0,20000000.0,-0.54,5.86,59.92,1496380176
Golos,GOLOS,102,0.0912258,0.00003780,24271.7,11226660.0,123064526.0,123064526.0,-2.92,7.93,42.09,1496380180
MergeCoin,MGC,103,0.113141,0.00004688,2142550.0,11183636.0,98846890.0,103846890.0,-3.48,12.8,-26.51,1496380189
Clams,CLAM,104,4.79785,0.00198918,1326830.0,11042717.0,2301597.0,16207110.0,2.36,2.64,-13.01,1496380453
DigitalNote,XDN,105,0.00154837,0.00000064,2075850.0,10655120.0,6881507519.0,6881507519.0,-4.34,-8.67,-17.54,1496380452
LuckChain,BASH,106,0.0138307,0.00000573,605734.0,10014776.0,724097555.0,724097555.0,-1.09,49.55,33.9,1496380179
Mooncoin,MOON,107,0.0000448656,0.00000002,25476.2,9957684.0,221944731169,221944731169,22.75,-1.59,-19.62,1496380445
FlorinCoin,FLO,108,0.0719066,0.00002981,289235.0,9635522.0,134000517.0,134000517.0,-0.7,-1.66,-5.07,1496380444
Bitcrystals,BCY,109,0.397009,0.00016451,110599.0,9246904.0,23291422.0,23291422.0,-0.56,4.08,-12.15,1496380164
vSlice,VSL,110,0.270223,0.00011197,181913.0,9022880.0,33390496.0,33390496.0,0.33,-6.09,-14.48,1496380180
FedoraCoin,TIPS,111,0.0000203336,0.000000008,73271.9,9011205.0,443168182458,443168182458,-0.77,-2.93,-27.19,1496380445
Viacoin,VIA,112,0.394034,0.00016337,437176.0,8923155.0,22645646.0,22645646.0,-3.99,2.78,-10.12,1496380453
VeriCoin,VRC,113,0.293148,0.00012154,125368.0,8856391.0,30211329.0,30211329.0,0.53,9.19,-12.54,1496380450
Energycoin,ENRG,114,0.072721,0.00003015,4273.87,8794943.0,120940893.0,120940893.0,-0.4,-2.16,24.55,1496380449
Rubycoin,RBY,115,0.358732,0.00014873,33593.1,8750320.0,24392358.0,24392358.0,-0.4,1.32,8.88,1496380448
HEAT,HEAT,116,0.329097,0.00013637,18875.6,8671732.0,26350080.0,26350080.0,-4.44,-12.99,-20.44,1496380173
Scotcoin,SCOT,117,0.00833651,0.00000346,6820.52,8336510.0,1000000000.0,1000000000.0,-0.34,37.74,435.35,1496380451
DNotes,NOTE,118,0.0663681,0.00002752,234854.0,8220000.0,123854687.0,123854687.0,0.1,1.2,0.74,1496380449
VPNCoin,VASH,119,0.0202881,0.00000841,1914450.0,8122133.0,400339746.0,400339746.0,4.54,19.38,-10.45,1496380458
Primecoin,XPM,120,0.41897,0.0001737,663388.0,8095461.0,19322293.0,19322293.0,-0.03,8.31,-14.27,1496380442
SaluS,SLS,121,8.03232,0.00332844,114480.0,8059998.0,1003446.0,1003446.0,-2.11,0.71,26.51,1496380167
Crown,CRW,122,0.569446,0.00023609,24670.2,7889638.0,13854936.0,13854936.0,-1.41,4.72,-7.68,1496380457
NeosCoin,NEOS,123,2.33925,0.00096985,3590650.0,7828417.0,3346550.0,3346550.0,-2.27,6.32,7.9,1496380454
Pascal Coin,PASC,124,0.766681,0.0003177,162366.0,7652550.0,9981400.0,9981400.0,-0.56,-1.96,-9.72,1496380180
SolarCoin,SLR,125,0.216967,0.00008995,80490.0,7629322.0,35163515.0,98034180246.0,-1.5,-9.33,14.46,1496380448
Skycoin,SKY,126,1.37387,0.00056931,64528.5,7509300.0,5465801.0,100000000.0,-0.2,-14.84,-29.55,1496380188
Bitcoin Plus,XBC,127,74.2727,0.0307933,117592.0,7198070.0,96914.0,96914.0,2.22,7.17,-5.06,1496380449
BelaCoin,BELA,128,0.200247,0.00008302,264657.0,7003048.0,34972050.0,34972050.0,-3.69,1.93,-9.22,1496380449
Incent,INCNT,129,0.303178,0.00012563,192336.0,6975614.0,23008312.0,46016625.0,5.16,11.01,30.2,1496380180
Creditbit,CRB,130,0.580654,0.00024061,249103.0,6894884.0,11874342.0,11874342.0,-1.91,-12.08,-15.18,1496380168
Einsteinium,EMC2,131,0.0325165,0.00001348,160872.0,6854806.0,210810073.0,210810073.0,2.38,4.33,-11.2,1496380448
Global Currency Reserve,GCR,132,0.0666031,0.00002761,21335.0,6839453.0,102689711.0,102689711.0,3.03,1.67,4.03,1496380463
Asch,XAS,133,0.0899311,0.00003727,99294.3,6744833.0,75000000.0,100000000.0,-0.71,1.11,-14.98,1496380187
Aeon,AEON,134,0.4631,0.000192,3482.92,6589465.0,14229032.0,14229032.0,-0.23,-0.66,2.78,1496380464
Feathercoin,FTC,135,0.0395981,0.00001642,151538.0,6485812.0,163791000.0,163791000.0,2.86,10.18,13.87,1496380440
Lunyr,LUN,136,2.82233,0.00116952,149155.0,6485300.0,2297853.0,2703356.0,1.72,10.23,-7.63,1496380189
Novacoin,NVC,137,3.72293,0.00154352,103110.0,6461591.0,1735620.0,1735620.0,-0.36,1.29,-14.37,1496380440
ZClassic,ZCL,138,4.22099,0.0017491,639714.0,6224694.0,1474700.0,1474700.0,-5.69,-12.99,31.3,1496380178
SIBCoin,SIB,139,0.402681,0.00016686,15380.6,5898170.0,14647252.0,14647252.0,0.01,5.15,36.06,1496380165
Gambit,GAM,140,4.78924,0.00198561,13241.2,5670243.0,1183955.0,1183955.0,-1.03,9.07,17.62,1496380461
Safe Exchange Coin,SAFEX,141,0.00263133,0.00000109,20757.0,5650738.0,2147483647.0,2147483647.0,-2.31,-3.27,-8.92,1496380168
WorldCoin,WDC,142,0.0492539,0.00002042,173660.0,5644319.0,114596377.0,114596377.0,0.16,10.16,-16.44,1496380441
FirstCoin,FRST,143,1.75322,0.0007265,55836.6,5451464.0,3109401.0,110000000.0,-0.41,-6.64,7.37,1496380182
Blitzcash,BLITZ,144,1.32658,0.00055,188307.0,5390619.0,4063546.0,4063546.0,5.71,38.67,319.44,1496380458
ION,ION,145,0.390877,0.00016197,28555.6,5373668.0,13747721.0,19647721.0,19.54,5.46,-20.03,1496380172
MonetaryUnit,MUE,146,0.0435792,0.00001807,33243.2,5294988.0,121502640.0,121502640.0,1.6,-0.22,-11.51,1496380458
Auroracoin,AUR,147,0.587086,0.00024341,15654.6,5083072.0,8658139.0,8658139.0,-0.61,0.55,-4.96,1496380447
FoldingCoin,FLDC,148,0.0103229,0.00000428,400666.0,5055558.0,489741985.0,1000000000.0,-0.11,5.02,-9.49,1496380455
Janus,JNS,149,0.238388,0.00009878,6958.31,4990192.0,20933069.0,25201489.0,-0.18,1.58,5.42,1496380182
PinkCoin,PINK,150,0.0151231,0.00000627,359811.0,4853691.0,320945500.0,370945500.0,-2.27,3.6,-14.44,1496380452
RouletteToken,RLT,151,0.458773,0.00019011,27212.5,4630033.0,10092210.0,10092933.0,-0.35,4.44,3.31,1496380191
Vcash,XVC,152,0.302394,0.00012537,150821.0,4611893.0,15251270.0,15251270.0,-0.64,0.53,-0.14,1496380459
Ethereum Movie Venture,EMV,153,0.679992,0.00028178,2849.14,4533280.0,6666666.0,6666666.0,54.76,493.23,58.63,1496380187
OKCash,OK,154,0.0630028,0.00002612,388994.0,4509507.0,71576288.0,71576288.0,-4.72,4.13,112.19,1496380457
FairCoin,FAIR,155,0.0826101,0.00003425,3983.64,4387003.0,53104926.0,53104926.0,0.39,15.01,18.53,1496380448
ArtByte,ABY,156,0.00559782,0.00000232,104513.0,4325698.0,772746850.0,772746850.0,8.41,71.13,3.65,1496380452
Darcrus,DAR,157,0.313721,0.00013,23691.2,4274060.0,13623762.0,13623762.0,-6.81,6.01,-1.35,1496380182
CloakCoin,CLOAK,158,0.853133,0.00035371,19391.9,4268552.0,5003384.0,5003384.0,-0.53,-1.18,16.99,1496380451
DubaiCoin,DBIX,159,4.87112,0.0020185,23697.7,4233870.0,869178.0,869178.0,3.32,18.46,59.95,1496380187
LoMoCoin,LMC,160,0.0197095,0.00000817,168195.0,4109165.0,208486527.0,293486527.0,1.86,13.58,1.84,1496380176
bitCNY,BITCNY,161,0.13991,0.00005801,411574.0,4100105.0,29305300.0,29305300.0,1.06,-1.88,-1.41,1496380455
APX,APX,162,4.42829,0.001835,69033.2,3985461.0,900000.0,1000000.0,1.1,11.88,30.2,1496380191
MUSE,MUSE,163,0.0028906,0.00000120,6784.8,3974114.0,1374840478.0,1524840478.0,25.89,65.97,7.17,1496380460
Unobtanium,UNO,164,19.6915,0.00816406,71697.2,3893496.0,197725.0,197725.0,2.17,9.69,-9.12,1496380443
NautilusCoin,NAUT,165,0.237478,0.00009846,476978.0,3842394.0,16180000.0,16180000.0,-5.76,-3.75,9.6,1496380450
Bitmark,BTM,166,0.984857,0.00040832,204960.0,3842104.0,3901180.0,3901180.0,0.35,1.62,16.6,1496380454
Sphere,SPHR,167,1.23278,0.00051111,25865.7,3800587.0,3082940.0,3082940.0,-9.42,2.41,47.0,1496380461
Minereum,MNE,168,9.44692,0.00391462,399553.0,3748858.0,396834.0,396834.0,9.81,198.12,230.4,1496380190
ICO OpenLedger,ICOO,169,7.93498,0.0032881,4798.03,3743683.0,471795.0,471795.0,1.12,7.81,-3.06,1496380172
Quark,QRK,170,0.0146842,0.00000609,45128.4,3672534.0,250101047.0,250101047.0,4.67,16.84,-27.64,1496380442
SpreadCoin,SPR,171,0.435581,0.00018059,39312.0,3542398.0,8132582.0,8132582.0,-3.78,11.64,9.87,1496380457
Riecoin,RIC,172,0.101294,0.00004200,586796.0,3462986.0,34187475.0,34187475.0,-2.91,8.44,4.71,1496380447
Circuits of Value,COVAL,173,0.00808011,0.00000335,84779.0,3232044.0,400000000.0,1200000000.0,-1.11,12.23,-2.14,1496380458
Zennies,ZENI,174,0.00313721,0.00000130,6547.21,3139343.0,1000679884.0,1000679884.0,-0.97,2.37,0.46,1496380189
Diamond,DMD,175,1.42755,0.00059186,18469.9,3031864.0,2123823.0,2123823.0,-0.4,-0.77,-1.99,1496380443
Ethbits,ETB,176,2.22937,0.00092381,2210.47,3002929.0,1346986.0,1634691.0,409.42,,,1496380191
PoSW Coin,POSW,177,0.0726982,0.00003012,88250.6,2980626.0,41000000.0,70000000.0,-0.27,47.62,12.93,1496380181
Wild Beast Block,WBB,178,1.27546,0.00052881,35778.7,2965142.0,2324763.0,2324763.0,-0.15,1.93,-18.58,1496380459
Musicoin,MUSIC,179,0.0169932,0.00000704,64777.1,2909941.0,171241470.0,171241470.0,-1.56,3.94,1.3,1496380185
BitSend,BSD,180,0.190455,0.00007896,16937.6,2904558.0,15250625.0,15250625.0,-0.24,-0.12,19.69,1496380451
Zetacoin,ZET,181,0.0174648,0.00000724,347028.0,2901876.0,166155680.0,166155680.0,-0.11,9.24,-3.17,1496380443
Megacoin,MEC,182,0.0874288,0.00003625,388460.0,2875223.0,32886450.0,32886450.0,-4.19,13.03,-25.5,1496380442
Curecoin,CURE,183,0.118882,0.00004929,18615.1,2818460.0,23708050.0,23708050.0,0.33,5.04,-10.82,1496380450
Rise,RISE,184,0.0251423,0.00001042,113469.0,2699962.0,107387215.0,107387215.0,-1.3,35.28,16.38,1496380172
BitBean,BITB,185,0.00130599,0.00000054,98222.8,2557371.0,1958186000.0,1958186000.0,-0.83,3.1,-27.64,1496380459
RaiBlocks,XRB,186,0.0338262,0.00001402,27668.8,2527915.0,74732457.0,340282367.0,-1.56,-1.99,9.02,1496380185
Espers,ESP,187,0.000121748,0.00000005,9561.45,2450398.0,20126799625.0,20126799625.0,-0.42,19.74,-11.13,1496380170
Zeitcoin,ZEIT,188,0.0000674305,0.00000003,5185.51,2449396.0,36324755260.0,36324755260.0,-0.61,10.98,35.63,1496380448
Atmos,ATMS,189,0.024253,0.00001005,185589.0,2427067.0,100072846.0,110072846.0,-0.61,3.62,3.31,1496380187
Veros,VRS,190,0.0278389,0.00001154,45143.6,2379862.0,85486938.0,10000000000.0,-1.73,-20.48,-13.63,1496380179
ZcCoin,ZCC,191,0.0384062,0.00001592,567141.0,2368013.0,61657044.0,61657044.0,-1.34,14.87,-24.09,1496380454
Spectrecoin,XSPEC,192,0.114987,0.00004765,249219.0,2345166.0,20395053.0,20395053.0,-3.3,-1.85,4.11,1496380182
Mintcoin,MINT,193,0.0000961321,0.00000004,9338.36,2340492.0,24346626070.0,24346626070.0,0.22,35.05,-9.53,1496380446
Cryptonite,XCN,194,0.00696175,0.00000289,298518.0,2281172.0,327672168.0,327672168.0,-5.45,21.0,-24.92,1496380453
Digitalcoin,DGC,195,0.0660568,0.00002739,134628.0,2271680.0,34389793.0,34389793.0,-2.23,9.1,-11.67,1496380441
Myriad,XMY,196,0.00152651,0.00000063,44413.3,2268419.0,1486016250.0,1486016250.0,-1.13,6.42,-34.56,1496380447
Steem Dollars,SBD,197,1.60386,0.00066461,750283.0,2266432.0,1413111.0,1413111.0,-3.26,8.71,-9.97,1496380173
bitUSD,BITUSD,198,0.995306,0.00041265,166047.0,2190977.0,2201310.0,2201310.0,0.32,-0.59,0.78,1496380455
BoostCoin,BOST,199,0.183681,0.00007615,121303.0,2177628.0,11855487.0,11855487.0,-2.19,8.18,-10.55,1496380450
Groestlcoin,GRS,200,0.0308955,0.00001281,2022.43,2089047.0,67616556.0,67616556.0,-3.3,6.23,7.2,1496380448
HunterCoin,HUC,201,0.11727,0.00004862,53666.2,2068567.0,17639350.0,17639350.0,-0.53,-2.33,-8.61,1496380447
Adzcoin,ADZ,202,0.0376614,0.00001561,7466.39,2065482.0,54843480.0,54843480.0,-2.11,11.56,-7.8,1496380167
iCash,ICASH,203,0.00913746,0.00000379,7550.8,2018499.0,220903745.0,220903745.0,-0.14,27.37,-1.53,1496380459
Bata,BTA,204,0.406307,0.00016845,27412.5,2011683.0,4951141.0,4951141.0,-2.82,1.89,28.93,1496380461
MaxCoin,MAX,205,0.0365896,0.00001517,87246.9,1992036.0,54442678.0,54442678.0,3.52,8.98,2.89,1496380446
GoldCoin,GLD,206,0.048928,0.00002029,6619.54,1969547.0,40253988.0,40253988.0,0.87,13.01,0.9,1496380442
FUNCoin,FUNC,207,0.35775,0.00014825,66757.2,1916589.0,5357341.0,100000000.0,-0.26,3.26,17.29,1496380190
Breakout Stake,BRX,208,0.303996,0.00012597,9168.35,1905472.0,6268082.0,6268082.0,-3.58,8.11,32.76,1496380172
Tickets,TIX,209,0.0000279267,0.00000001,44821.7,1867634.0,66876281414.0,66876281414.0,0.14,-0.9,-25.33,1496380445
BlockPay,BLOCKPAY,210,0.34225,0.00014182,1948.38,1857836.0,5428300.0,98928316.0,2.49,-4.62,1.68,1496380176
TransferCoin,TX,211,0.302801,0.00012554,16772.7,1808795.0,5973544.0,5973544.0,-1.96,11.5,-20.25,1496380464
DeepWebCash,DWC,212,1.28242,0.00053141,13585.6,1708761.0,1332450.0,1332450.0,0.08,4.17,-34.3,1496380180
vTorrent,VTR,213,0.152268,0.00006313,7912.09,1646925.0,10815966.0,10815966.0,-0.4,3.91,16.74,1496380458
CryptoCarbon,CCRB,214,0.429635,0.00017803,2698.3,1530408.0,3562111.0,10000150.0,-0.69,-12.89,27.92,1496380183
Startcoin,START,215,0.0314754,0.00001305,46465.6,1418904.0,45079785.0,70782220.0,-1.92,0.25,-28.63,1496380451
ChainCoin,CHC,216,0.0966478,0.00004007,21621.3,1418781.0,14679907.0,14679907.0,10.41,15.9,0.3,1496380462
Sequence,SEQ,217,0.0312756,0.00001296,2734.59,1398013.0,44699794.0,44699794.0,-3.41,8.29,21.0,1496380176
Ixcoin,IXC,218,0.0651974,0.00002703,10180.6,1369086.0,20999088.0,20999088.0,0.02,-81.69,37.03,1496380444
2GIVE,2GIVE,219,0.00259763,0.00000108,17245.8,1332575.0,512996601.0,512996601.0,-2.84,2.13,-21.83,1496380171
Boolberry,XBB,220,0.139624,0.00005789,5040.59,1330963.0,9532480.0,9532480.0,-0.01,-0.13,-11.28,1496380452
EB3 Coin,EB3,221,0.289589,0.00012,25535.8,1329479.0,4590916.0,786000000.0,3.98,4.02,5.98,1496380188
Renos,RNS,222,0.0396218,0.00001642,547064.0,1321472.0,33352138.0,33352138.0,5.91,67.59,136.49,1496380185
Breakout,BRK,223,0.0732901,0.00003037,2573.14,1312925.0,17914087.0,17914087.0,1.65,2.38,-8.58,1496380172
Visio,VISIO,224,0.0256759,0.00001064,1656.44,1299120.0,50596861.0,62596861.0,-0.07,-2.5,1.06,1496380185
Yocoin,YOC,225,0.0119496,0.00000495,70442.4,1262103.0,105618830.0,200000000.0,11.95,34.46,40.19,1496380167
EuropeCoin,ERC,226,0.126629,0.00005250,2709.93,1247457.0,9851275.0,9851275.0,-4.88,5.03,17.87,1496380461
Bitswift,SWIFT,227,0.292235,0.00012116,6409.81,1186731.0,4060880.0,4060880.0,-0.4,-2.9,52.31,1496380456
Creativecoin,CREA,228,0.11208,0.00004644,4548.32,1183232.0,10557031.0,12268759.0,0.79,18.32,-34.41,1496380190
Voxels,VOX,229,0.0372657,0.00001544,176820.0,1173870.0,31500000.0,210000000.0,8.4,35.65,-10.08,1496380169
LiteDoge,LDOGE,230,0.0000786693,0.00000003,4334.67,1162275.0,14774191159.0,14774191159.0,17.26,-9.2,7.68,1496380459
Stealthcoin,XST,231,0.0443803,0.00001840,2387.03,1161609.0,26173972.0,26173972.0,-1.32,-1.52,-4.29,1496380452
Inpay,INPAY,232,0.115232,0.00004775,74146.2,1152320.0,10000000.0,10000000.0,-0.08,4.03,-19.63,1496380188
TagCoin,TAG,233,0.201316,0.00008347,108955.0,1105550.0,5491617.0,5491617.0,-1.44,9.29,-18.18,1496380443
Dynamic,DYN,234,0.669698,0.00027751,1358.35,1082209.0,1615966.0,4369870.0,-0.01,-2.79,-4.37,1496380187
Syndicate,SYNX,235,0.0910241,0.00003772,12248.7,1025738.0,11268860.0,11268860.0,-5.46,-60.32,58.9,1496380173
SecureCoin,SRC,236,0.130635,0.00005416,117891.0,1017105.0,7785856.0,7785856.0,-4.78,4.5,-33.08,1496380443
Qwark,QWARK,237,0.0581349,0.00002409,18348.4,1012501.0,17416409.0,250377576.0,-0.27,9.74,27.72,1496380170
Triggers,TRIG,238,0.0312997,0.00001297,30078.9,1004895.0,32105593.0,100000000.0,2.41,-0.36,-13.94,1496380177
WhiteCoin,XWC,239,0.00397976,0.00000165,25117.6,987198.0,248054593.0,248054593.0,-3.9,-2.94,46.85,1496380450
AudioCoin,ADC,240,0.00122402,0.00000051,5692.54,970891.0,793198644.0,793198644.0,-3.34,-1.25,-16.92,1496380461
CannabisCoin,CANN,241,0.0124937,0.00000518,55629.6,964903.0,77231176.0,91859176.0,-0.42,1.63,28.29,1496380454
Anoncoin,ANC,242,0.455256,0.00018875,4517.48,960734.0,2110317.0,2110317.0,0.28,10.76,-36.13,1496380442
Mercury,MER,243,0.00958884,0.00000397,731.112,958884.0,100000000.0,100000000.0,-0.35,-4.0,-21.52,1496380186
PepeCoin,PEPE,244,0.0690006,0.00002859,19351.1,949822.0,13765414.0,13765414.0,-5.23,-6.97,36.94,1496380169
Devcoin,DVC,245,0.0000673948,0.00000003,1226.19,943644.0,14001727500.0,14001727500.0,0.56,653.46,65.17,1496380440
Hacker Gold,HKG,246,0.0569306,0.00002359,1368.16,917203.0,16110893.0,16110893.0,1.6,-3.64,-16.24,1496380180
VeriumReserve,VRM,247,0.823331,0.00034117,13367.8,916101.0,1112677.0,1112677.0,0.49,20.62,-13.56,1496380176
HiCoin,XHI,248,0.00467466,0.00000194,71256.5,886923.0,189729990.0,10189729990.0,-1.73,0.71,-12.12,1496380170
EverGreenCoin,EGC,249,0.0641422,0.00002658,7737.67,854458.0,13321301.0,13321301.0,-0.36,4.39,2.76,1496380167
DopeCoin,DOPE,250,0.00767007,0.00000318,16346.6,852035.0,111085648.0,111085648.0,-0.08,6.98,-24.05,1496380447
HTMLCOIN,HTML5,251,0.0000206111,0.000000009,6733.2,838027.0,40659020000.0,40659020000.0,-2.35,-3.25,-9.71,1496380455
PutinCoin,PUT,252,0.0041755,0.00000173,31649.3,836844.0,200417616.0,200417616.0,-0.35,0.35,3.17,1496380173
MediterraneanCoin,MED,253,0.0166426,0.00000690,22470.9,827247.0,49706598.0,49706598.0,-7.13,29.44,-17.26,1496380457
Centurion,CNT,254,0.0319611,0.00001324,34200.5,826194.0,25849979.0,63388778.0,-0.67,-7.18,-5.82,1496380184
BlueCoin,BLU,255,0.00140613,0.00000058,2493.82,808080.0,574683675.0,574683675.0,-5.28,5.71,156.91,1496380449
Hush,HUSH,256,0.725122,0.00030048,214793.0,798278.0,1100888.0,1222363.0,-0.3,7.01,45.81,1496380180
GlobalCoin,GLC,257,0.0122046,0.00000506,1247.4,795386.0,65171010.0,65171010.0,-13.47,-33.98,-58.23,1496380443
Pesetacoin,PTC,258,0.00601873,0.00000250,6000.56,785691.0,130541047.0,130541047.0,4.49,10.71,-9.92,1496380446
Unitus,UIS,259,0.0166495,0.00000690,21407.4,778443.0,46754719.0,46754719.0,-1.43,-2.97,-4.37,1496380458
Fantomcoin,FCN,260,0.130247,0.00005400,2688.74,763210.0,5859709.0,5859709.0,1.86,17.85,6.22,1496380451
DIBCOIN,DIBC,261,0.152033,0.00006300,1942.81,760165.0,5000000.0,5000000000.0,-16.2,-24.4,-10.75,1496380187
Version,V,262,0.00173753,0.00000072,1617.74,759851.0,437316997.0,437316997.0,-0.36,,,1496380191
e-Gulden,EFL,263,0.0484054,0.00002007,1797.56,742782.0,15345015.0,20384355.0,-0.39,2.03,-16.02,1496380449
FujiCoin,FJC,264,0.000764015,0.00000032,5869.48,735318.0,962439494.0,962439494.0,0.33,55.15,60.27,1496380461
Ripto Bux,RBX,265,0.00214308,0.00000089,6072.15,733148.0,342100100.0,1000000000.0,-0.31,-8.16,14.23,1496380187
ProCurrency,PROC,266,0.253345,0.00010498,2067.12,713218.0,2815205.0,15000053805.0,-0.44,-2.05,24.14,1496380189
GeoCoin,GEO,267,0.289122,0.00011987,7408.19,709817.0,2455079.0,2455079.0,-1.63,12.5,21.51,1496380458
ArcticCoin,ARC,268,0.0302063,0.00001252,23154.2,705418.0,23353329.0,23353329.0,-14.53,-13.42,-41.9,1496380179
Tokes,TKS,269,1.03764,0.00042998,7569.81,672001.0,647624.0,50000000.0,-0.36,4.87,4.58,1496380185
HempCoin,THC,270,0.00315693,0.00000131,11726.5,668711.0,211823061.0,211823061.0,1.11,-2.41,-23.11,1496380453
ExclusiveCoin,EXCL,271,0.159306,0.00006605,4909.82,651231.0,4087925.0,4087925.0,-3.82,2.88,-20.93,1496380456
Altcoin,ALT,272,5.31801,0.00220368,2826.32,649729.0,122175.0,134063.0,-1.57,8.06,26.71,1496380189
Synergy,SNRG,273,0.23199,0.00009618,1875.44,643662.0,2774525.0,2774525.0,-0.4,11.05,-2.11,1496380462
Deutsche eMark,DEM,274,0.0218066,0.00000904,994.177,606080.0,27793416.0,27793416.0,1.88,6.68,-9.93,1496380444
Moin,MOIN,275,0.0859248,0.00003561,3357.21,597075.0,6948803.0,6948803.0,1.36,42.58,32.48,1496380167
Magi,XMG,276,0.0833881,0.00003457,3063.37,588292.0,7054868.0,7054868.0,-0.4,10.34,-11.3,1496380455
UniBURST,UNIBURST,277,0.577393,0.00023926,2628.29,577392.0,999999.0,1000000.0,2.08,24.23,180.74,1496380184
TrustPlus,TRUST,278,0.0178968,0.00000742,1097.69,574247.0,32086595.0,32086595.0,-0.4,9.68,8.85,1496380452
TileCoin,XTC,279,0.00570116,0.00000236,11872.1,570116.0,100000000.0,100000000.0,3.52,9.23,-23.24,1496380457
IncaKoin,NKA,280,0.0000741476,0.00000003,10982.7,558850.0,7536993887.0,7536993887.0,-0.35,35.98,204.34,1496380459
NuShares,NSR,281,0.000200161,0.00000008,15397.7,540889.0,2702268334.0,3317575283.0,-8.27,-6.97,-60.92,1496380458
BTSR,BTSR,282,0.160233,0.00006640,507.866,530503.0,3310819.0,3310819.0,1.39,12.99,-13.94,1496380169
DT Token,DRACO,283,0.00587377,0.00000243,33382.9,522113.0,88888888.0,88888888.0,-2.01,24.06,35.43,1496380172
1337,1337,284,0.0000225209,0.000000009,3154.38,513133.0,22784727093.0,22784727093.0,5.47,48.55,55.8,1496380166
Canada eCoin,CDN,285,0.00513562,0.00000213,815.804,500289.0,97415544.0,97415544.0,-0.58,-1.43,-2.3,1496380450
Elcoin,EL,286,0.0423369,0.00001754,4462.95,474553.0,11208967.0,20935289.0,0.34,-25.32,-20.52,1496380171
NobleCoin,NOBL,287,0.000192683,0.00000008,8740.1,441556.0,2291618472.0,2291618472.0,-11.47,-4.25,-24.31,1496380444
Capricoin,CPC,288,0.441391,0.000183,23173.7,434494.0,984375.0,200984375.0,-0.87,6.94,19.62,1496380462
Happycoin,HPC,289,0.0377982,0.00001566,665.608,429611.0,11365901.0,11365901.0,-0.37,-13.92,223.18,1496380188
I0Coin,I0C,290,0.0193199,0.00000801,1907.42,405224.0,20974410.0,20974410.0,-0.55,4.26,0.94,1496380443
TrumpCoin,TRUMP,291,0.061957,0.00002567,6383.36,405169.0,6539524.0,6539524.0,1.14,-6.9,4.31,1496380168
MazaCoin,MZC,292,0.000357618,0.00000015,1401.69,390740.0,1092618137.0,1092618137.0,6.46,34.8,43.77,1496380447
PostCoin,POST,293,0.0240723,0.00000998,3582.75,379749.0,15775332.0,15775332.0,-0.72,0.01,-0.77,1496380170
TeslaCoin,TES,294,0.00526685,0.00000218,2756.35,378012.0,71771889.0,71771889.0,39.26,7.16,15.81,1496380446
iTicoin,ITI,295,11.5195,0.00477346,45469.1,368624.0,32000.0,9999992.0,-2.65,-10.89,30.5,1496380190
Mineum,MNM,296,0.0386006,0.00001600,664.734,364249.0,9436367.0,9586367.0,-0.3,-18.37,-16.92,1496380172
Master Swiscoin,MSCN,297,0.0352215,0.00001460,9961.63,360607.0,10238270.0,1002564311.0,0.69,-3.02,-15.41,1496380184
Virtacoinplus,XVP,298,0.0405081,0.00001679,997.526,357188.0,8817702.0,10352295.0,-0.52,-1.05,-48.35,1496380186
Jewels,JWL,299,0.0173758,0.00000720,2287.73,350572.0,20175901.0,20175901.0,-0.36,-2.94,2.54,1496380176
Wyvern,WYV,300,0.306505,0.00012701,691.408,334238.0,1090481.0,1090481.0,-0.36,7.87,-11.19,1496380187
CacheCoin,CACH,301,0.0916309,0.00003799,8974.47,330180.0,3603367.0,3603367.0,19.74,-54.32,,1496380446
GCoin,GCN,302,0.0000023344,0.0000000010,645.692,324450.0,138985235000,138985235000,5.91,8.2,39.58,1496380457
Terracoin,TRC,303,0.015832,0.00000656,5970.65,318119.0,20093420.0,20093420.0,-0.32,4.07,-9.34,1496380440
Dotcoin,DOT,304,0.00139102,0.00000058,77895.9,312681.0,224785500.0,489785500.0,-1.31,8.82,14.99,1496380459
Influxcoin,INFX,305,0.178043,0.00007378,3777.33,297934.0,1673383.0,1673383.0,13.43,3.03,-47.73,1496380165
Asiadigicoin,ADCN,306,0.0118268,0.00000490,815.554,294855.0,24931054.0,210000000.0,-6.1,-2.76,-28.44,1496380168
ParkByte,PKB,307,0.0617465,0.00002560,1157.34,294162.0,4764026.0,4764026.0,8.04,19.87,14.59,1496380461
MTMGaming,MTM,308,0.0973917,0.00004036,935.643,292175.0,3000000.0,5000000.0,0.88,80.05,126.64,1496380185
Karbowanec,KRB,309,0.0801428,0.00003321,5666.94,283338.0,3535418.0,3535418.0,0.77,1.87,-2.86,1496380175
Quatloo,QTL,310,0.03801,0.00001576,26773.3,282650.0,7436202.0,7436202.0,-0.13,-16.54,-16.93,1496380452
KibiCoin,KIC,311,0.0187814,0.00000778,524.956,275080.0,14646400.0,14646400.0,20.34,,,1496380192
Zoin,ZOI,312,0.0247585,0.00001026,1503.13,265931.0,10741000.0,10741000.0,-0.35,12.88,-14.97,1496380178
Bytecent,BYC,313,0.161047,0.00006677,14490.3,261047.0,1620937.0,1620937.0,-0.36,-4.05,-12.66,1496380457
Atomic Coin,ATOM,314,0.0255449,0.00001059,833.17,256690.0,10048597.0,10048597.0,-3.73,3.67,-9.58,1496380178
Neutron,NTRN,315,0.0200529,0.00000831,2940.2,253021.0,12617684.0,12617684.0,-0.4,13.65,133.8,1496380460
Sexcoin,SXC,316,0.00202569,0.00000084,3632.68,248211.0,122531726.0,122531726.0,-2.37,-11.13,1.29,1496380456
UltraCoin,UTC,317,0.00571638,0.00000237,4754.33,246361.0,43097334.0,43097334.0,0.44,10.09,39.52,1496380445
8Bit,8BIT,318,0.202648,0.00008402,3290.16,235966.0,1164415.0,1164415.0,-0.39,2.25,-34.58,1496380460
Newbium,NEWB,319,0.00970122,0.00000402,71688.6,232829.0,24000000.0,51000000.0,-4.85,-0.07,121.08,1496380172
Rubies,RBIES,320,0.0223707,0.00000927,2192.37,232063.0,10373505.0,10373505.0,-0.08,-2.31,-16.83,1496380168
PRCoin,PRC,321,0.0231515,0.00000959,31176.1,218527.0,9439000.0,789439000.0,4.06,5.85,-1.64,1496380184
LiteBar,LTB,322,0.32576,0.00013506,945.495,210237.0,645373.0,645373.0,-0.33,14.0,10.14,1496380447
GoldBlocks,GB,323,0.0132822,0.00000550,2608.22,197459.0,14866475.0,14866475.0,-0.34,22.66,9.47,1496380172
NuBits,USNBT,324,0.993159,0.00041176,41834.1,195426.0,196772.0,838087.0,-0.85,-1.45,-1.75,1496380455
Torcoin,TOR,325,0.742357,0.00030762,3611.76,194601.0,262140.0,1262140.0,-1.73,-14.83,-32.32,1496380187
42-coin,42,326,4438.19,1.84007,701.255,186404.0,42.0,42.0,0.58,3.49,31.3,1496380444
Kobocoin,KOBO,327,0.00734166,0.00000304,521.982,181341.0,24700248.0,24700248.0,-0.4,-37.78,-51.74,1496380458
Fastcoin,FST,328,0.00135376,0.00000056,1975.15,171609.0,126764507.0,126764507.0,6.48,26.61,24.73,1496380442
UnbreakableCoin,UNB,329,0.0742467,0.00003078,6145.67,169145.0,2278150.0,2278150.0,-3.87,2.9,5.02,1496380452
Netko,NETKO,330,0.066112,0.00002740,1169.48,160871.0,2433305.0,2433305.0,-0.38,-6.04,-22.97,1496380185
Tattoocoin (Standard Edition),TSE,331,0.00139902,0.00000058,848.949,160007.0,114370780.0,604370780.0,-9.6,11.98,-3.04,1496380183
bitBTC,BITBTC,332,2438.09,1.01083,45554.2,156233.0,64.0,64.0,2.08,5.12,-2.55,1496380455
Flycoin,FLY,333,0.728271,0.00030194,1487.98,153524.0,210806.0,210806.0,-0.4,-26.49,74.39,1496380464
Bottlecaps,CAP,334,0.00109954,0.00000046,2090.56,152514.0,138707192.0,138707192.0,-3.05,25.85,56.17,1496380455
TheGCCcoin,GCC,335,0.0210676,0.00000873,1151.11,148241.0,7036445.0,867036445.0,-3.45,-2.21,-24.72,1496380183
Greencoin,GREV2,336,0.0000482395,0.00000002,2247.29,147510.0,3057872641.0,3057872641.0,99.19,1.85,39.57,1496380452
PipCoin,PIP,337,0.0214579,0.00000889,1659.89,141047.0,6573177.0,6999979.0,-0.36,40.53,-5.1,1496380178
Piggycoin,PIGGY,338,0.000287019,0.00000012,1955.92,138863.0,483810105.0,483810105.0,4.23,3.89,-42.71,1496380451
BERNcash,BERN,339,0.00193719,0.00000080,557.747,137994.0,71234301.0,71234301.0,0.38,21.83,52.02,1496380170
HoboNickels,HBN,340,0.00272565,0.00000113,753.856,132331.0,48550196.0,48550196.0,-0.4,1.63,104.53,1496380445
Sumokoin,SUMO,341,0.289589,0.00012,10136.7,131610.0,454471.0,9343360.0,1.33,42.86,,1496380192
bitSilver,BITSILVER,342,20.2344,0.00838915,11723.4,123765.0,6117.0,6117.0,-3.5,3.33,3.52,1496380458
DigitalPrice,DP,343,0.00536734,0.00000223,1475.81,121591.0,22653946.0,22653946.0,0.95,-17.35,23.54,1496380456
Machinecoin,MAC,344,0.00619877,0.00000257,2891.77,121220.0,19555550.0,19555550.0,-0.56,5.82,-7.52,1496380458
Pascal Lite,PASL,345,0.0603551,0.00002501,2604.89,119132.0,1973850.0,1973850.0,1.49,-17.04,-42.84,1496380185
bitEUR,BITEUR,346,1.13556,0.0004708,11188.6,115941.0,102100.0,102100.0,0.64,-2.37,0.86,1496380461
MojoCoin,MOJO,347,0.0095552,0.00000396,1718.34,115197.0,12055950.0,12055950.0,-0.36,5.61,-34.81,1496380169
CHNCoin,CNC,348,0.00435291,0.00000180,13200.6,109956.0,25260247.0,170109984.0,2.81,2.03,-25.1,1496380455
Rimbit,RBT,349,0.000946776,0.00000039,749.441,109352.0,115499623.0,393459356.0,-0.35,2.48,8.46,1496380457
LanaCoin,LANA,350,0.000144735,0.00000006,526.684,108307.0,748312469.0,748312469.0,-0.36,-7.24,16.78,1496380171
Spots,SPT,351,0.00459532,0.00000191,612.105,102963.0,22406021.0,22406021.0,-1.01,54.42,66.69,1496380445
QuazarCoin,QCN,352,0.0168838,0.00000700,870.332,96406.0,5709993.0,5709993.0,-7.03,8.96,-5.02,1496380452
Eryllium,ERY,353,0.0213363,0.00000884,2728.89,92881.0,4353169.0,14353169.0,-1.32,1.89,-44.68,1496380183
Phoenixcoin,PXC,354,0.0015428,0.00000064,936.554,89282.0,57870175.0,57870175.0,-13.86,45.37,22.1,1496380442
Digital Rupees,DRS,355,0.000168927,0.00000007,3797.32,86288.0,510802961.0,510802961.0,-0.36,-49.03,15.66,1496380183
bitGold,BITGOLD,356,1571.73,0.651635,10011.7,85856.0,55.0,55.0,2.6,7.9,11.31,1496380458
Emerald Crypto,EMD,357,0.00419684,0.00000174,3201.84,80232.0,19117129.0,19117129.0,3.15,13.17,41.55,1496380442
Kurrent,KURT,358,0.00798819,0.00000331,907.944,79239.0,9919485.0,21319485.0,-0.36,10.91,30.73,1496380179
Freicoin,FRC,359,0.00265317,0.00000110,17723.2,74034.0,27903872.0,100000000.0,-0.4,1.85,3.71,1496380442
Gapcoin,GAP,360,0.0067535,0.00000280,14033.1,73482.0,10880654.0,10880654.0,1.33,4.78,26.74,1496380457
MCAP,MCAP,361,6.3298,0.00262295,233984.0,63330.0,10005.0,100000000.0,0.69,3.5,,1496380191
CrevaCoin,CREVA,362,0.00173163,0.00000072,12236.4,63015.0,36390750.0,6240390800.0,0.2,-3.62,-14.81,1496380462
Wexcoin,WEX,363,0.361856,0.00014995,4826.96,60579.0,167412.0,10000167412.0,-0.12,0.93,13.8,1496380176
Chronos,CRX,364,0.000819773,0.00000034,557.736,60442.0,73729962.0,73729962.0,-0.36,25.54,28.6,1496380173
Acoin,ACOIN,365,0.0429759,0.00001782,10123.3,52434.0,1220085.0,1220085.0,-0.45,9.32,-31.0,1496380456
Argentum,ARG,366,0.00692236,0.00000287,922.925,51941.0,7503340.0,7503340.0,0.66,-24.77,-5.66,1496380444
NevaCoin,NEVA,367,0.0276701,0.00001147,668.417,50138.0,1811980.0,1811980.0,-0.35,5.91,16.92,1496380168
Prime-XI,PXI,368,0.00327893,0.00000136,1389.73,48491.0,14788600.0,14788600.0,16.2,4.69,79.36,1496380456
Philosopher Stones,PHS,369,0.0194646,0.00000807,3805.67,47284.0,2429219.0,2429219.0,-0.5,4.08,4.03,1496380444
Bolivarcoin,BOLI,370,0.00622905,0.00000258,520.476,40355.0,6478475.0,6478475.0,2.93,18.69,48.18,1496380463
Allion,ALL,371,0.00641676,0.00000266,2466.39,39780.0,6199359.0,7323359.0,-0.59,-0.09,-27.65,1496380184
Independent Money System,IMS,372,0.00676757,0.00000280,1045.25,36335.0,5368934.0,5368934.0,-1.35,-1.28,-13.06,1496380168
Rawcoin,XRC,373,0.0470582,0.00001950,3053.29,33170.0,704882.0,704882.0,-0.34,14.44,228.06,1496380181
MACRON,MCRN,374,0.0000741390,0.00000003,1498.77,29761.0,401421401.0,401421401.0,-0.27,-2.01,40.02,1496380189
Honey,HONEY,375,0.395544,0.00016391,1057.91,27018.0,68306.0,68306.0,1.81,-13.36,-55.95,1496380186
BeaverCoin,BVC,376,0.00858662,0.00000356,658.671,26750.0,3115258.0,3115258.0,-2.25,-2.76,-16.2,1496380457
LevoPlus,LVPS,377,0.0627377,0.00002600,5364.12,25746.0,410377.0,91410377.0,85.52,-5.66,-20.17,1496380185
Kittehcoin,MEOW,378,0.0000009934,0.0000000004,2009.93,23747.0,23905669976.0,23905669976.0,48.98,50.98,74.04,1496380444
PIECoin,PIE,379,0.000313721,0.00000013,532.916,22608.0,72063667.0,72063667.0,-0.36,0.43,-24.34,1496380184
Marijuanacoin,MAR,380,0.0373087,0.00001546,3618.98,19501.0,522690.0,522690.0,-1.43,-26.92,-20.34,1496380184
Eurocoin,EUC,381,0.00149542,0.00000062,1185.21,17542.0,11730325.0,11730325.0,-0.43,-2.42,-17.73,1496380463
AllSafe,ASAFE,382,0.0000188416,0.000000008,3857.98,13378.0,710000000.0,710000000.0,-1.37,911.62,397.07,1496380178
Ebittree Coin,EBT,383,0.0118249,0.00000490,921.857,10290.0,870210.0,810870210.0,-0.36,0.71,7.95,1496380188
Beatcoin,XBTS,384,0.00674135,0.00000279,1921.18,10278.0,1524686.0,2524686.0,-0.7,26.57,5.18,1496380177
Bitvolt,VOLT,385,0.000651574,0.00000027,515.305,9847.0,15112554.0,60132654.0,-10.32,-23.1,-26.83,1496380189
BenjiRolls,BENJI,386,0.000458515,0.00000019,5398.68,8686.0,18943886.0,18943886.0,0.7,-1.1,-21.52,1496380182
Digital Money Bits,DMB,387,0.0153456,0.00000636,17415.9,4657.0,303500.0,10303500.0,-4.98,0.03,60.72,1496380191
Environ,ENV,388,0.0000241268,0.000000010,2150.71,3164.0,131129509.0,931129509.0,-0.36,1.92,-95.49,1496380189
Powercoin,PWR,389,0.0000241324,0.00000001,1331.62,1206.0,49983870.0,49983870.0,-0.36,1.94,-0.86,1496380172
Gold Pressed Latinum,GPL,390,0.194121,0.00008044,8881.1,,,203915.0,-0.21,-3.97,20.6,1496380190
SnakeEyes,SNAKE,391,0.144812,0.00006001,599.233,,,10000000.0,2.08,24.11,27.2,1496380190
SuperNET,UNITY,392,13.3137,0.00551985,107.685,10864791.0,816061.0,816061.0,-0.28,-7.78,77.81,1496380457
Arcade Token,ARC,393,3.74133,0.00167261,,10777041.0,2880537.0,2880537.0,,,60.65,1496180681
Jinn,JINN,394,48.4248,0.0200769,484.248,2842681.0,58703.0,1000000.0,-0.21,6.8,11.46,1496380455
XCurrency,XC,395,0.434155,0.00018,354.56,2521049.0,5806796.0,5806796.0,-0.4,0.15,-5.33,1496380450
InstantDEX,DEX,396,2.38409,0.00098844,345.693,2384090.0,1000000.0,1000000.0,-0.28,6.8,-2.41,1496380457
AsiaCoin,AC,397,0.00280509,0.00000116,153.911,2353561.0,839032191.0,839032191.0,-0.41,7.58,-26.96,1496380449
Project Decorum,PDC,398,0.0377913,0.00001566,387.106,1889565.0,50000000.0,50000000.0,-0.36,1.81,-9.64,1496380172
Bitpark Coin,BPC,399,0.0204884,0.00000849,285.611,1536630.0,75000000.0,100000000.0,-0.34,24.35,5.42,1496380182
NewYorkCoin,NYC,400,0.0000241196,0.000000010,247.952,1440421.0,59719935819.0,59719935819.0,-0.4,1.86,27.95,1496380449
Joincoin,J,401,0.557265,0.00023104,442.886,1364408.0,2448402.0,2448402.0,-0.4,-57.83,446.77,1496380453
InsaneCoin,INSANE,402,0.0714993,0.00002963,253.055,1311367.0,18340972.0,18340972.0,0.06,-3.34,29.54,1496380179
Pangea Poker,PANGEA,403,0.928865,0.00038511,11.1464,928263.0,999352.0,1000000.0,-0.21,6.8,,1496380459
DubaiCoin,DBIC,404,0.161768,0.00006703,257.038,829710.0,5129014.0,6146942.0,-2.53,-5.16,2.78,1496380168
Woodcoin,LOG,405,0.102316,0.00004242,282.784,822129.0,8035193.0,8035193.0,-0.4,-10.52,-3.22,1496380459
ShadowCash,SDC,406,0.12262,0.00005084,412.378,817508.0,6667003.0,6667003.0,-0.4,1.44,-23.71,1496380454
Pandacoin,PND,407,0.0000241197,0.00000001,331.362,784250.0,32514916898.0,32514916898.0,-0.4,1.85,-1.0,1496380447
Ultimate Secure Cash,USC,408,0.0723972,0.00003000,120.662,748812.0,10343113.0,38602656.0,-0.36,24.17,-16.58,1496380187
Carboncoin,CARBON,409,0.0000482395,0.00000002,7.68213,742499.0,15391933291.0,15391933291.0,-0.4,1.85,-1.0,1496380453
CageCoin,CAGE,410,0.0000058212,0.000000002,206.438,588924.0,101168328395,101168328395,22.11,45.1,-13.17,1496380448
SmileyCoin,SMLY,411,0.0000224649,0.000000009,69.22,583194.0,25960250000.0,25960250000.0,-71.07,10.9,-27.76,1496380459
Cryptofund,FUND,412,0.5588,0.0002553,,558800.0,1000000.0,1000000.0,,,-6.52,1495948164
Tao,XTO,413,0.0180964,0.00000750,214.896,548616.0,30316302.0,32316302.0,-0.36,4.61,-14.56,1496380176
E-Currency Coin ,ECC,414,0.0000241197,0.00000001,1.18739,532095.0,22060603799.0,22060603799.0,-0.4,1.85,-0.96,1496380447
HitCoin,HTC,415,0.0000482648,0.00000002,253.919,530735.0,10996318099.0,20996318099.0,-0.36,1.94,98.27,1496380170
Shorty,SHORTY,416,0.00501117,0.00000210,,501117.0,100000000.0,100000000.0,,0.8,98.88,1496365479
KoreCoin,KORE,417,0.256031,0.00010615,403.499,468780.0,1830949.0,1830949.0,-0.4,4.78,6.82,1496380452
Casino,CASINO,418,0.46377,0.00019218,27.3624,463770.0,1000000.0,1000000.0,2.08,89.32,-15.09,1496380185
CasinoCoin,CSC,419,0.0117447,0.00000487,294.959,453359.0,38601187.0,38601187.0,-0.36,10.93,-11.66,1496380456
ReeCoin,REE,420,0.036472,0.00001511,213.018,451075.0,12367704.0,6662367704.0,-3.9,-10.21,-7.45,1496380173
YashCoin,YASH,421,0.0448921,0.00001860,492.803,448926.0,10000116.0,10000116.0,-7.32,-73.55,23.71,1496380181
Colossuscoin V2,CV2,422,0.0000191438,0.000000008,311.248,424765.0,22188145273.0,22188145273.0,0.12,6.94,-58.87,1496380460
Dashcoin,DSH,423,0.0239867,0.00000994,328.011,414768.0,17291579.0,17291579.0,-0.4,-3.7,-0.49,1496380456
BitBar,BTB,424,11.6546,0.00483198,407.838,379715.0,32581.0,32581.0,-0.41,-1.68,-3.21,1496380441
Orbitcoin,ORB,425,0.12486,0.00005177,22.4545,369000.0,2955310.0,2955310.0,-0.3,1.39,2.09,1496380444
LTBcoin,LTBC,426,0.000742106,0.00000032,,366499.0,493863915.0,493863915.0,,,,1496287754
FuelCoin,FC2,427,0.00359384,0.00000149,3.75834,364460.0,101412380.0,101412380.0,-0.4,1.85,,1496380451
RussiaCoin,RC,428,0.0426661,0.00001768,0.289515,350564.0,8216446.0,8216446.0,-0.36,2.06,3.09,1496380166
Trollcoin,TROLL,429,0.000627496,0.00000026,227.261,347452.0,553712211.0,553712211.0,0.87,3.02,-6.95,1496380455
SuperCoin,SUPER,430,0.00844191,0.00000350,84.4109,347432.0,41155630.0,41155630.0,-0.39,,,1496380452
Crypto Bullion,CBX,431,0.329076,0.00013643,74.2916,327704.0,995830.0,995830.0,-0.4,32.25,-12.99,1496380442
Bitstar,BITS,432,0.013443,0.00000557,90.8272,310261.0,23079737.0,23079737.0,0.8,53.28,112.43,1496380451
HOdlcoin,HODL,433,0.00313721,0.00000130,22.774,290317.0,92539710.0,250000000.0,-0.36,-12.24,21.58,1496380169
Rare Pepe Party,RAREPEPEPRTY,434,16.1275,0.0067095,,290295.0,18000.0,100000.0,,-11.32,-6.57,1496315982
Veltor,VLT,435,0.457912,0.00018975,215.497,254075.0,554855.0,554855.0,-0.36,-11.26,44.44,1496380175
SmartCoin,SMC,436,0.0103845,0.00000431,73.6409,237723.0,22892142.0,22892142.0,-0.37,23.01,-27.01,1496380446
SwagBucks,BUCKS,437,1.1419,0.00047318,4.24021,234652.0,205493.0,205493.0,-0.67,1.3,-11.52,1496380167
BTCtalkcoin,TALK,438,0.00357833,0.00000161,,233631.0,65290635.0,65290635.0,,,-28.11,1496191750
The Cypherfunks,FUNK,439,0.0000049845,0.000000002,64.2655,220080.0,44153220000.0,44153220000.0,0.93,-6.83,0.38,1496380462
AgrolifeCoin,AGLC,440,0.0472658,0.00001990,,216053.0,4571016.0,204571016.0,,0.33,102.47,1496301878
VirtualCoin,VC,441,0.0214183,0.00000888,223.261,215560.0,10064287.0,10064287.0,-0.4,13.05,29.8,1496380454
BitcoinTX,BTX,442,0.00262905,0.00000109,1.13363,213113.0,81060791.0,81060791.0,-0.39,11.01,-44.99,1496380461
BritCoin,BRIT,443,0.00962377,0.00000399,165.522,204679.0,21268092.0,21268092.0,-0.4,84.71,34.35,1496380453
Pesobit,PSB,444,0.00608136,0.00000252,282.245,198669.0,32668488.0,32668488.0,-0.36,-4.09,-11.26,1496380176
Crave,CRAVE,445,0.157347,0.00006668,,196636.0,1249695.0,1249695.0,,-0.36,165.95,1496344460
BillaryCoin,BLRY,446,0.0202229,0.00000838,25.4585,181665.0,8983158.0,8983158.0,-0.36,8.46,-20.35,1496380171
Bitz,BITZ,447,0.0892373,0.00003720,,177662.0,1990891.0,1990891.0,,1.29,-0.98,1496351362
Tristar Coin,TSTR,448,0.0343849,0.00001500,,172882.0,5027857.0,255027857.0,,,42.57,1496271895
Zero,ZER,449,0.229258,0.00009500,154.355,170128.0,742080.0,742080.0,-0.34,-3.78,-2.22,1496380186
NetCoin,NET,450,0.000215251,0.00000009,226.918,169430.0,787126712.0,787126712.0,-0.38,1.78,-12.19,1496380444
Cryptojacks,CJ,451,0.000388319,0.00000016,457.512,157878.0,406568581.0,406568581.0,64.61,63.45,33.3,1496380173
Vault Coin,VLTC,452,0.00511649,0.00000212,108.477,152079.0,29723260.0,529723260.0,-0.03,12.05,4.66,1496380181
Titcoin,TIT,453,0.0029556,0.00000123,99.7759,147479.0,49898202.0,49898202.0,-0.22,-1.19,-22.12,1496380454
LottoCoin,LOT,454,0.0000099421,0.000000004,17.5907,144071.0,14491014421.0,14491014421.0,-0.03,20.8,7.38,1496380443
Truckcoin,TRK,455,0.00110936,0.00000046,26.424,136436.0,122986450.0,122986450.0,-0.4,23.31,86.75,1496380453
TEKcoin,TEK,456,0.0000964789,0.00000004,442.439,136426.0,1414054562.0,1414054562.0,-0.4,-2.61,127.93,1496380450
Stress,STS,457,0.000241324,0.00000010,1.02321,136380.0,565134332.0,565134332.0,-0.36,,,1496380168
Cannacoin,CCN,458,0.0288713,0.00001197,97.4854,135628.0,4697672.0,4697672.0,-0.39,3.4,30.14,1496380451
PureVidz,VIDZ,459,0.000969203,0.00000040,233.649,121329.0,125183978.0,125183978.0,-5.25,-32.29,0.48,1496380182
Bitcurrency,BTCR,460,0.000711615,0.00000029,107.731,119668.0,168163460.0,168163460.0,-0.35,0.39,34.53,1496380179
MetalCoin,METAL,461,0.00154366,0.00000064,5.84173,118747.0,76925527.0,76925527.0,-0.4,-17.49,-15.52,1496380458
GAIA,GAIA,462,0.00466575,0.00000198,,112451.0,24101381.0,24101381.0,,-0.5,-11.75,1496340859
Pakcoin,PAK,463,0.00291431,0.00000121,301.573,106705.0,36614050.0,36614050.0,11.0,5.28,-18.2,1496380464
C-Bit,XCT,464,0.000796369,0.00000033,61.3399,104948.0,131783000.0,131783000.0,-0.36,7.22,-3.45,1496380168
HyperStake,HYP,465,0.00026531,0.00000011,157.277,102356.0,385796097.0,385796097.0,-10.27,1.96,23.1,1496380454
Sterlingcoin,SLG,466,0.0256239,0.00001062,24.0837,99450.0,3881156.0,3881156.0,0.85,3.28,-2.99,1496380457
BigUp,BIGUP,467,0.0000482648,0.00000002,6.83002,99141.0,2054110509.0,2054110509.0,-0.36,103.88,25.35,1496380169
Swing,SWING,468,0.0433716,0.00001798,9.63973,98751.0,2276857.0,2276857.0,-0.4,-26.09,-6.38,1496380464
Dollarcoin,DLC,469,0.0107148,0.00000444,10.2587,97577.0,9106714.0,9106714.0,-0.36,11.76,,1496380176
GlobalBoost-Y,BSTY,470,0.00839602,0.00000348,72.5508,95701.0,11398430.0,11398430.0,-0.39,-0.53,23.91,1496380456
Coin2.1,C2,471,0.000954397,0.00000040,235.966,95417.0,99976323.0,99976323.0,-3.31,18.09,-18.38,1496380451
Coin(O),CNO,472,0.000916517,0.00000038,10.2346,94501.0,103108298.0,103108298.0,-0.4,-17.66,4.66,1496380448
Xiaomicoin,MI,473,0.000222346,0.00000009,139.003,90304.0,406141855.0,406141855.0,-11.47,-28.59,-11.92,1496380164
TittieCoin,TTC,474,0.0000713113,0.00000003,110.949,89839.0,1259816434.0,1259816434.0,-0.4,6.05,-2.36,1496380457
BunnyCoin,BUN,475,0.0000008827,0.0000000004,149.787,89515.0,101409105448,101409105448,0.21,18.19,13.12,1496380455
FlutterCoin,FLT,476,0.000273462,0.00000011,11.303,88113.0,322214524.0,322214524.0,-0.24,-6.62,-1.02,1496380449
WayGuide,WAY,477,0.000873793,0.00000036,,87415.0,100040708.0,100040708.0,,2.53,10.48,1496318076
CorgiCoin,CORG,478,0.0000694944,0.00000003,8.39101,86997.0,1251855418.0,1251855418.0,-0.01,15.69,-62.34,1496380446
PayCoin,XPY,479,0.00739372,0.00000307,2.06707,86525.0,11702544.0,11752544.0,-0.27,-3.9,-67.66,1496380458
Elementrem,ELE,480,0.00323374,0.00000134,135.997,80896.0,25016142.0,25016142.0,-0.36,3.92,-34.47,1496380174
KiloCoin,KLC,481,0.000410251,0.00000017,70.8341,80531.0,196297971.0,10025186872.0,-0.36,9.47,16.11,1496380168
Darsek,KED,482,0.0077216,0.00000320,26.2647,76099.0,9855357.0,9855357.0,-0.36,0.36,-25.8,1496380187
GameUnits,UNITS,483,0.0218577,0.00000906,133.139,75759.0,3465989.0,3465989.0,-0.36,-12.36,-2.95,1496380181
UFO Coin,UFO,484,0.0000229521,0.00000001,,75427.0,3286296262.0,3286296262.0,,,-6.67,1496273048
Guncoin,GUN,485,0.00040996,0.00000017,42.6276,74639.0,182064778.0,182064778.0,12.89,15.4,65.93,1496380451
Triangles,TRI,486,1.0014,0.00041518,10.3636,72993.0,72891.0,72891.0,-0.4,-13.5,-6.28,1496380453
PetroDollar,XPD,487,0.00111045,0.00000046,61.6412,71061.0,63993275.0,63993275.0,-0.39,1.7,-23.71,1496380450
Artex Coin,ATX,488,0.00376429,0.00000156,72.9102,70374.0,18695075.0,268695075.0,-0.43,4.79,45.85,1496380175
Blakecoin,BLC,489,0.00583697,0.00000242,23.8218,69523.0,11910789.0,11910789.0,-0.4,1.85,-6.43,1496380446
Valorbit,VAL,490,0.0000241324,0.00000001,12.5488,69314.0,2872247639.0,922340072247639,-0.36,1.94,-0.86,1496380169
SproutsExtreme,SPEX,491,0.0000241324,0.00000001,12.5488,69178.0,2866607586.0,2866607586.0,-0.36,1.94,,1496380169
NoLimitCoin,NLC2,492,0.000337853,0.00000014,31.5345,67726.0,200458588.0,200458588.0,-0.36,-10.8,-40.17,1496380175
HempCoin,HMP,493,0.0000482648,0.00000002,27.5109,65477.0,1356619970.0,2856619970.0,-0.36,1.94,95.52,1496380168
AmberCoin,AMBER,494,0.0014952,0.00000063,,65255.0,43643263.0,43643263.0,,0.21,-15.93,1496347159
CCMiner,CCM100,495,0.0266668,0.00001105,27.3868,64436.0,2416354.0,6000000.0,2.37,19.94,-3.37,1496380184
Yacoin,YAC,496,0.000554754,0.00000023,4.42833,64410.0,116106334.0,116106334.0,-0.4,1.81,-5.13,1496380442
Debitcoin,DBTC,497,0.00354746,0.00000147,42.7147,63826.0,17991969.0,25991969.0,5.84,12.47,11.13,1496380173
PonziCoin,PONZI,498,0.0723972,0.00003000,44.0495,62341.0,861099.0,861099.0,-0.36,45.63,29.36,1496380171
ChessCoin,CHESS,499,0.00114745,0.00000048,28.6221,61922.0,53965078.0,53965078.0,-0.29,-2.76,30.71,1496380173
MarteXcoin,MXT,500,0.022668,0.00000939,0.195903,61842.0,2728161.0,2728161.0,-0.9,94.2,-22.76,1496380171
Bitcloud,BTD,501,0.00535739,0.00000222,46.9933,59666.0,11137183.0,11137183.0,-0.36,-36.07,68.0,1496380176
Jin Coin,JIN,502,0.0060331,0.00000250,0.301655,59417.0,9848485.0,9848485.0,-0.36,-5.2,,1496380176
Ratecoin,XRA,503,0.000558714,0.00000023,152.976,59265.0,106073110.0,106073110.0,-1.02,10.11,-24.27,1496380462
Nyancoin,NYAN,504,0.000194277,0.00000008,67.0992,57873.0,297891209.0,297891209.0,-17.52,-54.93,24.62,1496380447
RevolverCoin,XRE,505,0.0026063,0.00000108,193.242,56798.0,21792440.0,21792440.0,26.61,31.07,0.3,1496380172
MiloCoin,MILO,506,0.00529456,0.00000219,164.99,54472.0,10288261.0,10288261.0,-0.36,29.34,68.51,1496380185
Lex4All,LEX,507,0.0540292,0.00002239,249.399,54032.0,1000043.0,5000000.0,18.92,21.76,29.28,1496380185
KushCoin,KUSH,508,0.00984601,0.00000408,30.6113,53104.0,5393444.0,5393444.0,-0.36,-7.16,-17.32,1496380183
AquariusCoin,ARCO,509,0.0434339,0.00001800,157.674,53057.0,1221567.0,1221567.0,-0.62,18.64,31.39,1496380171
Aricoin,ARI,510,0.000367213,0.00000015,4.59534,51506.0,140262505.0,140262505.0,-0.29,23.46,14.02,1496380448
Zayedcoin,ZYD,511,0.00808435,0.00000335,24.059,50477.0,6243840.0,6243840.0,-0.36,1.94,-16.77,1496380176
Eternity,ENT,512,0.0163723,0.00000678,159.749,50095.0,3059771.0,3059771.0,-0.19,-4.73,-32.45,1496380179
SatoshiMadness,MAD,513,0.0000241197,0.00000001,120.84,48256.0,2000683485.0,2000683485.0,-0.4,1.85,-0.96,1496380463
AurumCoin,AU,514,0.159335,0.00006606,206.316,47198.0,296216.0,296216.0,-1.01,-17.48,-15.4,1496380457
Francs,FRN,515,0.027534,0.00001141,186.384,47196.0,1714100.0,1714100.0,-1.07,-2.5,21.59,1496380167
DigiCube,CUBE,516,0.0000191854,0.000000008,0.00358414,46604.0,2429126009.0,2429126009.0,0.11,,-21.19,1496380166
Sativacoin,STV,517,0.00657363,0.00000274,,46520.0,7076830.0,7076830.0,,55.0,10.58,1496351959
RedCoin,RED,518,0.000627113,0.00000026,16.1553,46474.0,74107896.0,74107896.0,-0.39,0.52,-30.69,1496380446
Tigercoin,TGC,519,0.00106127,0.00000044,154.839,46204.0,43536800.0,43536800.0,-0.38,27.99,45.26,1496380445
Joulecoin,XJO,520,0.00141704,0.00000059,35.2398,45702.0,32251840.0,32251840.0,-0.39,6.81,25.99,1496380444
PX,PX,521,0.000579177,0.00000024,99.5713,44462.0,76768107.0,76768107.0,-0.36,22.33,,1496380174
BurstOcean,OCEAN,522,0.207537,0.00008600,17.2463,43962.0,211827.0,1000000.0,2.08,30.76,46.14,1496380185
AmsterdamCoin,AMS,523,0.00452249,0.00000188,173.776,43433.0,9603707.0,16803707.0,-0.39,-0.05,6.84,1496380464
ICOBID,ICOB,524,0.000411676,0.00000017,404.678,42758.0,103862796.0,103862796.0,-0.38,-7.34,3.61,1496380182
Evotion,EVO,525,0.0170803,0.00000708,175.753,42175.0,2469220.0,2469220.0,-0.39,-18.11,-65.67,1496380166
UniCoin,UNIC,526,0.0140896,0.00000584,167.312,41017.0,2911127.0,2911127.0,-0.22,2.36,13.21,1496380461
UCoin,U,527,0.0149542,0.00000620,9.00857,40224.0,2689812.0,2689812.0,-0.4,1.85,-2.26,1496380457
808Coin,808,528,0.00019349,0.00000008,160.052,39812.0,205756536.0,205756536.0,-0.69,-1.47,9.59,1496380174
BTCDragon,DRAGON,529,0.092754,0.00003844,102.029,37486.0,404146.0,1000000.0,2.08,-46.33,-29.83,1496380183
CoExistCoin,COXST,530,0.00137618,0.00000057,28.4197,37348.0,27138905.0,27138905.0,-0.93,-7.14,-37.34,1496380170
OctoCoin,888,531,0.00076672,0.00000032,127.755,37078.0,48358948.0,48358948.0,-0.41,-33.52,31.18,1496380448
Franko,FRK,532,0.057212,0.00002372,1.36337,36441.0,636950.0,636950.0,-0.4,,-48.92,1496380441
SpaceCoin,SPACE,533,0.00203099,0.00000084,3.55056,36134.0,17791155.0,17791155.0,-0.19,0.09,3.44,1496380165
SixEleven,611,534,0.0869499,0.00003650,,35827.0,412040.0,412040.0,,0.63,-67.73,1496356171
WMCoin,WMC,535,0.00308895,0.00000128,0.478159,35608.0,11527489.0,911527489.0,-0.36,7.84,,1496380171
Universe,UNI,536,0.0119455,0.00000495,87.84,35405.0,2963878.0,14163878.0,-0.34,16.92,21.06,1496380187
Photon,PHO,537,0.0000019656,0.0000000008,38.4538,35053.0,17832856207.0,17832856207.0,0.56,26.01,34.94,1496380447
PopularCoin,POP,538,0.0000104049,0.000000004,34.8045,34780.0,3342639951.0,3342639951.0,0.52,8.32,15.25,1496380449
Cypher,CYP,539,0.00545106,0.00000226,246.648,34698.0,6365285.0,6365285.0,-0.4,12.28,,1496380460
Universal Currency,UNIT,540,0.00264825,0.00000110,110.438,34550.0,13046431.0,13046431.0,-0.4,67.73,-44.48,1496380461
Dobbscoin,BOB,541,0.00660881,0.00000274,0.937657,33443.0,5060382.0,5060382.0,-0.39,-0.66,2.75,1496380455
CryptoWorldX Token,CWXT,542,0.000579177,0.00000024,9.5904,31666.0,54674100.0,54674100.0,-0.36,11.21,-3.88,1496380184
Uro,URO,543,0.0259769,0.00001077,71.5844,31362.0,1207310.0,1207310.0,-0.39,-1.38,-9.68,1496380453
FlavorCoin,FLVR,544,0.0014847,0.00000062,9.07267,31027.0,20898106.0,20898106.0,-0.12,8.85,81.57,1496380167
Evil Coin,EVIL,545,0.00147384,0.00000061,3.77814,30981.0,21020383.0,21020383.0,-1.24,-3.71,-3.69,1496380167
PayCon,CON,546,0.00133808,0.00000055,37.973,30833.0,23042604.0,23042604.0,-0.39,4.15,-4.73,1496380458
RonPaulCoin,RPC,547,0.0388634,0.00001611,17.5159,30657.0,788844.0,788844.0,-0.48,-3.2,-5.53,1496380444
Solarflarecoin,SFC,548,0.00219605,0.00000091,295.226,30124.0,13717400.0,13717400.0,0.75,2.48,-18.68,1496380183
Dreamcoin,DRM,549,0.0120275,0.00000503,,29311.0,2436996.0,2436996.0,,0.97,,1496330352
Bitzeny,ZNY,550,0.000385916,0.00000016,54.7324,29181.0,75614500.0,75614500.0,6.24,8.63,17.81,1496380462
NeuCoin,NEU,551,0.0000145500,0.000000006,1.53439,28966.0,1990764588.0,2014638413.0,-0.68,45.36,-70.31,1496380464
Zurcoin,ZUR,552,0.000361986,0.00000015,24.8673,28585.0,78966888.0,78966888.0,-0.36,-9.56,13.9,1496380171
Hommalicoin,HMC,553,11.7946,0.00496011,,28528.0,2419.0,1000000000.0,,-2.71,,1496299177
GoldPieces,GP,554,0.0231547,0.00000960,431.258,28252.0,1220161.0,1220161.0,-0.18,4.08,-15.64,1496380459
SoonCoin,SOON,555,0.00217078,0.00000090,50.5682,27054.0,12462620.0,12462620.0,-0.4,2.99,-8.35,1496380458
Creatio,XCRE,556,0.00131734,0.00000055,134.099,27032.0,20520514.0,20520514.0,44.35,-7.25,15.53,1496380179
X-Coin,XCO,557,0.00217078,0.00000090,10.8539,26885.0,12384976.0,12384976.0,-0.39,14.58,2.41,1496380460
Unrealcoin,URC,558,0.00381092,0.00000158,19.55,26769.0,7024402.0,7024402.0,-0.4,,18.5,1496380460
BumbaCoin,BUMBA,559,0.00120662,0.00000050,23.6894,26479.0,21944376.0,21944376.0,-0.36,-15.0,-21.37,1496380169
Theresa May Coin,MAY,560,0.00168927,0.00000070,109.244,25797.0,15270950.0,15270950.0,-0.36,-6.06,,1496380191
HealthyWormCoin,WORM,561,0.00168927,0.00000070,40.3368,25057.0,14832756.0,14832756.0,-0.34,1.94,-54.04,1496380187
Grantcoin,GRT,562,0.000602993,0.00000025,152.998,24919.0,41324811.0,10041324811.0,-0.4,,-0.27,1496380463
Destiny,DES,563,0.0154447,0.00000640,0.241565,24712.0,1600000.0,1600000.0,-0.36,2.74,30.59,1496380168
AntiBitcoin,ANTI,564,0.00139968,0.00000058,1.39968,24446.0,17465159.0,17465159.0,-0.36,,37.84,1496380166
CryptoEscudo,CESC,565,0.000168838,0.00000007,26.5591,24330.0,144105100.0,594105100.0,-0.39,1.82,-1.05,1496380450
Hexx,HXX,566,0.0179829,0.00000746,356.601,24323.0,1352561.0,1352561.0,-16.66,-39.69,-51.53,1496380462
ARbit,ARB,567,0.00357811,0.00000149,,23144.0,6468115.0,6468115.0,,1.4,13.02,1496362165
PlatinumBAR,XPTX,568,0.1324,0.00005562,,23068.0,174232.0,174232.0,,0.55,19.54,1496364572
B3Coin,B3,569,0.0719099,0.00002989,,22088.0,307164.0,307164.0,,11.9,30.09,1496372674
Ride My Car,RIDE,570,0.000215211,0.00000009,53.4325,21757.0,101096864.0,101096864.0,-0.36,-0.16,-8.03,1496380184
BiosCrypto,BIOS,571,0.00104524,0.00000043,0.273194,21675.0,20737003.0,20737003.0,-0.42,-9.87,40.41,1496380463
ParallelCoin,DUO,572,0.0751088,0.00003112,358.649,21593.0,287489.0,287489.0,-0.13,2.93,-32.3,1496380165
MindCoin,MND,573,0.00161687,0.00000067,0.241541,20286.0,12546625.0,12546625.0,-0.36,1.94,-1.53,1496380166
VIP Tokens,VIP,574,0.000241324,0.00000010,0.241324,20139.0,83450403.0,83450403.0,-0.36,1.94,-0.86,1496380169
Flaxscript,FLAX,575,0.00364181,0.00000151,1.86892,20015.0,5495969.0,5495969.0,-1.58,-0.15,6.21,1496380462
SongCoin,SONG,576,0.000614086,0.00000025,184.371,19998.0,32565300.0,32565300.0,-0.4,21.14,-11.18,1496380459
Prototanium,PR,577,0.100719,0.00004174,290.044,19586.0,194462.0,194462.0,-0.31,1.95,1.77,1496380166
DAPPSTER,DLISK,578,0.000193059,0.00000008,0.241324,19306.0,100000000.0,100000000.0,-0.36,1.94,-11.88,1496380173
PLNcoin,PLNC,579,0.00110951,0.00000046,1.17721,18961.0,17089600.0,19089600.0,-0.4,4.11,16.77,1496380448
LeaCoin,LEA,580,0.0000685250,0.00000003,41.8332,18927.0,276202889.0,276202889.0,0.4,44.5,19.36,1496380460
Magnum,MGM,581,0.00516496,0.00000225,,18734.0,3627130.0,253627130.0,,,39.01,1496272491
Impact,IMX,582,0.000168927,0.00000007,53.0913,18466.0,109314611.0,109314611.0,-0.36,-14.41,-37.97,1496380187
IslaCoin,ISL,583,0.0119849,0.00000509,,18142.0,1513704.0,1513704.0,,-0.54,-17.67,1496344164
Alexium,AUM,584,0.00089243,0.00000037,1.23561,18114.0,20297336.0,20297336.0,-0.4,-0.83,7.78,1496380463
Luna Coin,LUNA,585,0.0147459,0.00000611,83.3215,18099.0,1227386.0,1227386.0,-0.3,-0.25,-10.27,1496380182
SecretCoin,SCRT,586,0.00427143,0.00000177,0.427143,18062.0,4228672.0,4228672.0,-0.36,3.7,29.02,1496380166
BipCoin,BIP,587,0.0127419,0.00000528,43.0167,17124.0,1343889.0,1343889.0,-0.36,-5.07,-39.57,1496380178
GameBet Coin,GBT,588,0.000796369,0.00000033,0.663617,16933.0,21262780.0,22262780.0,-0.36,,-0.86,1496380170
Halcyon,HAL,589,0.00364208,0.00000151,14.8164,16929.0,4648172.0,4648172.0,-0.4,1.18,-22.55,1496380455
Vector,VEC2,590,0.00106127,0.00000044,102.794,16812.0,15841022.0,15841022.0,-0.4,-49.65,-44.86,1496380463
Steps,STEPS,591,0.00089243,0.00000037,0.446215,16622.0,18625017.0,18625017.0,-0.4,1.85,1.79,1496380464
Litecred,LTCR,592,0.000548078,0.00000023,149.708,16567.0,30227750.0,30227750.0,0.31,-38.68,84.62,1496380166
Sling,SLING,593,0.0151231,0.00000627,14.2726,16244.0,1074095.0,1074095.0,-0.4,1.52,12.25,1496380460
Orlycoin,ORLY,594,0.000434383,0.00000018,0.989935,15919.0,36646779.0,36646779.0,-0.36,1.94,14.66,1496380170
Blackstar,BSTAR,595,0.0000241324,0.00000001,103.704,15223.0,630795971.0,630795971.0,-0.36,1.94,-0.86,1496380181
AnarchistsPrime,ACP,596,0.00343078,0.00000142,152.835,15078.0,4394874.0,4394874.0,-0.4,3.39,0.18,1496380462
Metal Music Coin,MTLMC3,597,0.00018889,0.00000008,22.8934,15058.0,79719140.0,79719140.0,-0.4,30.07,38.72,1496380461
BowsCoin,BSC,598,0.00270141,0.00000112,2.08192,14993.0,5550102.0,5550102.0,-0.4,,60.08,1496380463
MustangCoin,MST,599,0.0231786,0.00000960,41.7704,14573.0,628706.0,628706.0,-0.16,-1.7,-49.45,1496380177
FuzzBalls,FUZZ,600,0.00296436,0.00000123,342.087,14318.0,4829945.0,4829945.0,0.12,-4.41,-6.16,1496380170
Firecoin,FIRE,601,0.144911,0.00006008,2.62659,14261.0,98412.0,98412.0,-0.4,1.91,-47.98,1496380453
GuccioneCoin,GCC,602,0.000699472,0.00000029,2.45922,14189.0,20285537.0,23775537.0,-0.4,-7.7,-10.28,1496380462
BitQuark,BTQ,603,0.00197782,0.00000082,35.006,14153.0,7155671.0,7155671.0,-0.4,8.46,-43.21,1496380450
Scorecoin,SCORE,604,0.00084154,0.00000035,4.90528,14013.0,16651760.0,16651760.0,-0.89,-15.46,-15.38,1496380187
BlazeCoin,BLZ,605,0.0000230265,0.000000010,3.00868,14013.0,608557394.0,608557394.0,0.56,8.67,13.74,1496380452
Sprouts,SPRTS,606,0.0000000800,0.00000000003,32.1936,13956.0,174391475335,174391475335,-0.68,1.06,-73.51,1496380462
GPU Coin,GPU,607,0.000334623,0.00000014,193.38,13545.0,40477042.0,51530001.0,-0.7,8.96,28.46,1496380172
OsmiumCoin,OS76,608,0.0148897,0.00000617,2.00692,13312.0,894026.0,894026.0,-0.36,20.61,5.82,1496380166
BitTokens,BXT,609,0.025339,0.00001050,6.05112,13153.0,519078.0,519078.0,-0.36,-21.73,149.52,1496380175
Speedcash,SCS,610,0.0497127,0.00002060,11.8298,12976.0,261021.0,476108.0,-0.36,2.04,17.77,1496380189
JobsCoin,JOBS,611,0.000120662,0.00000005,133.211,12792.0,106019270.0,200019300.0,-0.36,27.42,48.02,1496380177
LetItRide,LIR,612,0.000361986,0.00000015,129.7,12765.0,35264861.0,35264861.0,-0.36,41.15,23.92,1496380173
VapersCoin,VPRC,613,0.0000162604,0.000000007,14.2452,12685.0,780124964.0,1635124964.0,-0.49,180.99,-33.2,1496380174
Cannation,CNNC,614,0.00501335,0.00000208,125.57,12301.0,2453746.0,2453746.0,-5.33,-51.5,-56.52,1496380190
Solaris,XLR,615,0.0725116,0.00003005,300.319,12203.0,168290.0,268290.0,-0.39,-4.72,-38.47,1496380186
TAGRcoin,TAGR,616,0.000313556,0.00000013,2.99625,12125.0,38669634.0,38669634.0,-0.4,-17.25,-24.26,1496380462
Cabbage,CAB,617,0.00113422,0.00000047,105.124,11909.0,10499996.0,10499996.0,0.93,8.31,-4.91,1496380170
WARP,WARP,618,0.0106906,0.00000443,2.69182,11709.0,1095224.0,1095224.0,-0.36,5.27,4.81,1496380168
Bitcoin 21,XBTC21,619,0.0145198,0.00000655,,11516.0,793108.0,7093108.0,,,-32.3,1496220571
Abncoin,ABN,620,0.165821,0.00006871,315.655,11226.0,67700.0,4734367.0,-0.34,17.31,-14.54,1496380183
Money,$$$,621,0.000237686,0.00000010,42.3521,10907.0,45887218.0,45887218.0,-0.3,0.93,-27.14,1496380166
TajCoin,TAJ,622,0.00188935,0.00000078,46.7885,10901.0,5769572.0,5769572.0,-0.54,9.57,22.84,1496380175
Comet,CMT,623,0.0124811,0.00000517,2.13867,10894.0,872830.0,872830.0,-0.36,-16.89,,1496380173
Iconic,ICON,624,0.0182906,0.00000750,,10844.0,592894.0,592894.0,,3.02,-11.64,1496321984
EGO,EGO,625,0.000168927,0.00000007,0.518822,10136.0,60000001.0,60000001.0,-0.36,18.93,-0.86,1496380177
Future Digital Currency,FDC,626,0.00386118,0.00000160,4.82648,9934.0,2572901.0,1002572901.0,38.64,-1.58,30.82,1496380181
Zonecoin,ZNE,627,0.00369226,0.00000153,1.79002,9533.0,2581970.0,2581970.0,-0.36,2.61,23.51,1496380175
G3N,G3N,628,0.00125423,0.00000052,2.11065,9484.0,7561891.0,7561891.0,-0.4,-0.08,-4.67,1496380462
Shilling,SH,629,0.00292002,0.00000121,82.0501,9393.0,3216600.0,3216600.0,-0.36,40.59,112.94,1496380176
Xonecoin,XOC,630,0.0222259,0.00000921,0.506756,9335.0,420000.0,420000.0,-0.36,23.53,1.45,1496380175
High Voltage,HVCO,631,0.00611441,0.00000256,,9136.0,1494171.0,1694171.0,,0.89,75.65,1496333672
1CRedit,1CR,632,0.102374,0.00004246,,9031.0,88213.0,88213.0,,1.85,-29.91,1496373868
Cashcoin,CASH,633,0.000244984,0.00000011,,8778.0,35831128.0,35831128.0,,,-17.68,1496155747
iBank,IBANK,634,0.00188531,0.00000079,,8534.0,4526324.0,4526324.0,,0.81,3.26,1496357683
DPAY,DPAY,635,0.0000965295,0.00000004,2.45023,7678.0,79541001.0,79541001.0,-0.36,1.94,,1496380177
Hirocoin,HIRO,636,0.0000241197,0.00000001,2.41197,7512.0,311436408.0,311436408.0,-0.4,1.88,-1.0,1496380448
ImpulseCoin,IMPS,637,0.000361986,0.00000015,39.3955,7329.0,20245510.0,20245510.0,-0.36,1.94,35.19,1496380178
PosEx,PEX,638,0.00282349,0.00000117,8.78629,6927.0,2453240.0,2453240.0,-0.36,1.08,-7.95,1496380169
Dix Asset,DIX,639,0.0000000681,0.00000000003,31.3253,6810.0,100000000000,100000000000,-0.02,6.76,-33.98,1496380182
Crypto,CTO,640,0.000675352,0.00000028,148.127,6699.0,9918968.0,9918968.0,-0.4,-55.44,-65.78,1496380461
JIO Token,JIO,641,0.00340267,0.00000141,373.463,6493.0,1908128.0,8888888.0,-0.36,-0.18,34.39,1496380181
SydPak,SDP,642,0.0404488,0.00001677,214.871,6412.0,158532.0,158532.0,-0.4,24.03,20.44,1496380463
Argus,ARGUS,643,0.00556077,0.00000230,103.694,6386.0,1148324.0,5194373.0,13.33,-53.17,-4.89,1496380184
Printerium,PRX,644,0.000651574,0.00000027,14.0299,5913.0,9074428.0,9074428.0,-0.36,-6.84,-18.45,1496380182
Elysium,ELS,645,0.00146915,0.00000061,14.0767,5884.0,4005012.0,4005012.0,-0.36,24.02,5.58,1496380183
Coinonat,CXT,646,0.00265938,0.00000110,186.785,5640.0,2120802.0,8120802.0,-0.34,-7.44,-17.53,1496380189
Antilitecoin,ALTC,647,0.000168927,0.00000007,9.59197,5323.0,31512613.0,31512613.0,-0.36,18.93,-13.26,1496380169
Concoin,CONX,648,0.00759738,0.00000315,90.7041,5226.0,687849.0,1538849.0,-1.22,-20.34,30.6,1496380189
BioBar,BIOB,649,0.00579177,0.00000240,52.644,5130.0,885756.0,985756.0,27.89,-4.29,25.89,1496380185
Qibuck Asset,QBK,650,0.00347828,0.00000144,34.7828,5065.0,1456187.0,2000000.0,2.08,12.83,-36.32,1496380190
Save and Gain,SANDG,651,0.00141989,0.00000064,,4352.0,3064800.0,3064800.0,,,14.37,1496226272
GeertCoin,GEERT,652,0.00082036,0.00000034,113.956,4174.0,5087839.0,5087839.0,-0.35,-4.73,-3.07,1496380185
GanjaCoin,420G,653,0.00583722,0.00000242,107.738,3928.0,672975.0,1741116.0,-9.12,-72.8,-82.63,1496380457
NodeCoin,NODC,654,0.00221639,0.00000097,,3720.0,1678439.0,5878439.0,,,37.95,1496270080
Revenu,REV,655,0.00272794,0.00000116,,3261.0,1195525.0,1195525.0,,-0.66,-51.18,1496336068
Selfiecoin,SLFI,656,0.0000241197,0.00000001,0.723592,2601.0,107829281.0,107829281.0,-0.4,1.85,-0.96,1496380459
P7Coin,P7C,657,0.0000723592,0.00000003,0.902054,2549.0,35220238.0,35220238.0,-0.4,,,1496380461
Pulse,PULSE,658,0.000165469,0.00000007,74.8449,2366.0,14298972.0,14298972.0,-0.67,-50.18,-82.78,1496380168
Enigma,XNG,659,0.132294,0.00005482,181.795,2200.0,16627.0,66627.0,-0.34,69.09,,1496380171
Californium,CF,660,0.0194405,0.00000806,186.995,2160.0,111110.0,111110.0,-5.56,1.34,-1.08,1496380460
Doubloon,BOAT,661,0.000528282,0.00000022,277.851,1874.0,3547845.0,18547845.0,-0.36,-10.48,-36.19,1496380183
Dollar Online,DOLLAR,662,0.0125488,0.00000520,99.3338,1109.0,88379.0,10088379.0,-0.36,-21.35,19.9,1496380180
23 Skidoo,CHAO,663,3642.14,1.51003,158.313,920.0,0.0,0.0,-0.4,1.85,-63.09,1496380463
Impeachcoin,IMPCH,664,0.00294415,0.00000122,27.3695,907.0,308179.0,2501512.0,-0.36,-17.13,-58.44,1496380183
Zcashshare,ZHS,665,0.000217191,0.00000009,2.16424,614.0,2826000.0,2826000.0,-0.36,1.94,,1496380180
Digital Credits,DGCS,666,0.0000965295,0.00000004,216.448,562.0,5826388.0,201284316.0,-0.36,1.94,-48.9,1496380166
SwapToken,TOKEN,667,0.0000124165,0.000000005,69.3948,436.0,35110531.0,35110531.0,-8.67,-41.01,872.73,1496380173
CRTCoin,CRT,668,0.00482395,0.00000200,0.0000000241,382.0,79270.0,10079270.0,-0.4,1.85,-1.0,1496380450
PizzaCoin,PIZZA,669,0.000217191,0.00000009,29.5215,299.0,1377917.0,10127917.0,-0.36,31.07,27.46,1496380175
Xenixcoin,XEN,670,0.0265456,0.00001100,115.835,268.0,10100.0,10010100.0,-0.36,,-61.72,1496380180
CaliphCoin,CALC,671,0.000973547,0.00000040,4.96929,85.0,87140.0,148587140.0,-0.36,20.92,-24.94,1496380177
MikeTheMug,MUG,672,0.0000051456,0.000000002,,5.0,999279.0,1000000.0,,,,1496047185
BTCGold,XBG,673,0.136493,0.00005656,27.6907,,,99000001.0,-0.36,85.99,-45.56,1496380189
Soarcoin,SOAR,674,0.0201951,0.00000837,182.557,,,5000000000.0,2.72,40.08,19.99,1496380186
Project-X,NANOX,675,301655.0,125.0,3865.98,,,1.0,-1.13,-58.11,,1496380192
Internet of Things,XOT,676,1199.25,0.496947,1613.68,,,21000000.0,-0.09,18.6,39.28,1496380188
AMIS,AMIS,677,282.327,0.116991,0.449923,,,,-0.28,44.46,-39.57,1496380188
Bitcoin Unlimited (Futures),BTU,678,120.368,0.0498782,537.247,,,,-0.02,-5.12,-36.54,1496380187
Malcoin,MALC,679,31.4538,0.0130339,42474.0,,,1000000000.0,-0.34,1.94,-0.73,1496380190
GoldUnionCoin,GUC,680,19.306,0.00800005,21385.4,,,210000000.0,-14.34,-10.8,-13.37,1496380188
ZenCash,ZEN,681,11.8249,0.0049,6283.2,,,1387663.0,20.56,,,1496380191
Qtum (Pre-Launch),QTUM,682,9.18931,0.00380788,35174600.0,,,100000000.0,-1.17,49.66,83.38,1496380191
Fargocoin,FRGC,683,6.81263,0.00282302,472534.0,,,443773517.0,-0.08,-4.53,-2.37,1496380181
EcoCoin,ECO,684,4.12927,0.00171109,129104.0,,,1093895.0,3.94,24.05,-18.35,1496380190
Internet of People,IOP,685,3.68754,0.00152805,3076.95,,,2139403.0,-0.36,0.87,45.51,1496380180
DECENT (Pre-Launch),DCT,686,2.85791,0.00118426,4210.31,,,73290000.0,-0.36,2.09,-33.33,1496380180
PRIZM,PZM,687,1.04759,0.0004341,32115.7,,,,-0.35,-2.74,-0.31,1496380191
Bitcore,BTX,688,1.04445,0.0004328,29207.1,,,16360066.0,-0.3,-5.53,-48.01,1496380189
OBITS.WARRANT,WARRANT,689,1.00256,0.00045776,,,,,,,,1496189094
DynamicCoin,DMC,690,0.998087,0.00041359,277961.0,,,10541442931.0,-0.0,-0.05,-0.05,1496380178
Bitgem,BTG,691,0.796554,0.00033025,22.3936,,,,-0.4,-3.93,-17.1,1496380442
Databits,DTB,692,0.769534,0.00031888,115783.0,,,,-5.42,-0.86,-6.26,1496380186
Aeternity (Pre-Launch),AE,693,0.699839,0.00029,425.787,,,,-0.01,,,1496380192
TechShares,THS,694,0.599085,0.00024825,54.5898,,,646359158.0,-0.34,-3.45,-12.11,1496380175
GAY Money,GAY,695,0.584495,0.0002422,47.8955,,,5603044770.0,-0.35,-14.49,28.7,1496380177
XDE II,XDE2,696,0.57571,0.00023856,12.3164,,,42249.0,-0.38,-0.43,12.62,1496380186
TeslaCoilCoin,TESLA,697,0.554779,0.00022989,154.812,,,100000000.0,-0.36,1.94,42.2,1496380171
LEOcoin,LEO,698,0.470232,0.00019496,231881.0,,,92903573.0,-0.41,5.03,12.9,1496380462
WA Space,WA,699,0.398305,0.00016505,42059.6,,,,-0.36,6.6,27.34,1496380178
ZenGold,ZENGOLD,700,0.32624,0.00013519,877.121,,,,23.84,29.24,,1496380191
ClubCoin,CLUB,701,0.285147,0.00011816,35468.0,,,90899180.0,-0.31,2.74,-10.35,1496380166
Yogold,YOG,702,0.265625,0.00011007,11.6403,,,100000000.0,-0.36,2.06,-56.53,1496380186
TROPTIONS,TROPTIONS,703,0.248173,0.00010598,,,,1000000001.0,,,,1496287780
Zilbercoin,ZBC,704,0.236635,0.00009806,749144.0,,,9008909.0,-0.28,17.27,-37.41,1496380183
Quartz,QRZ,705,0.193083,0.00008001,2442.4,,,21000000.0,-0.36,-57.68,,1496380191
Pabyosi Coin (Special),PCS,706,0.162505,0.00006734,4539.63,,,30993751760.0,-0.36,0.85,28.23,1496380181
AlpaCoin,APC,707,0.157753,0.00006537,725.693,,,,-9.41,-2.46,20.46,1496380167
InvisibleCoin,IVZ,708,0.157126,0.00006511,59.0885,,,,-35.11,8.61,,1496380166
Golos Gold,GBG,709,0.155316,0.00006436,10005.4,,,,-4.73,14.38,-15.47,1496380184
Tattoocoin (Limited Edition),TLE,710,0.130315,0.00005400,0.241324,,,975531.0,-0.36,56.68,42.3,1496380189
EquiTrader,EQT,711,0.127902,0.00005300,84623.6,,,7661520.0,-0.36,3.4,5.08,1496380191
Wowecoin,WEC,712,0.104,0.00004310,12080.7,,,8901692.0,-0.0,-0.0,3.15,1496380174
LandCoin,LDCN,713,0.0975631,0.00004043,15969.0,,,19003881978.0,7.63,31.97,151.82,1496380182
DeusCoin,DEUS,714,0.0880832,0.00003650,5591.45,,,,1.73,1.02,-25.68,1496380188
InsaneCoin,INSN,715,0.0874383,0.00003623,2133.63,,,18528259.0,-0.6,52.57,34.56,1496380190
Omicron,OMC,716,0.0723972,0.00003000,0.395747,,,10134092.0,-0.36,,11.54,1496380177
WavesGo,WGO,717,0.0676107,0.00002802,644.326,,,10000000.0,-0.34,-20.1,-12.66,1496380188
Elacoin,ELC,718,0.0420728,0.00001727,,,,,,2.87,36.36,1496326751
Topaz Coin,TOPAZ,719,0.039896,0.00001653,97.9847,,,37968.0,-0.36,-74.31,-71.69,1496380189
International Diamond,XID,720,0.038234,0.00001588,,,,,,1.71,,1496373575
Fazzcoin,FAZZ,721,0.0355919,0.00001475,196.477,,,1022574804.0,-9.88,-35.81,-60.45,1496380188
CryptoBuck,BUK,722,0.0320099,0.00001327,0.455117,,,,-0.68,27.92,39.68,1496380456
DeltaCredits,DCRE,723,0.0293691,0.00001217,2.05671,,,,-0.36,-4.2,,1496380164
President Johnson,GARY,724,0.028516,0.00001182,116.401,,,57968072167.0,-0.35,1.31,12.21,1496380174
RHFCoin,RHFC,725,0.027101,0.00001123,17959.4,,,200156890.0,31.18,-13.76,-5.67,1496380188
IvugeoCoin,IEC,726,0.0239991,0.00000995,0.796959,,,,-0.4,2.36,,1496380461
Digitalfund,DTF,727,0.0239522,0.00000993,29539.7,,,54000053.0,73.77,82.0,18.87,1496380175
EDRCoin,EDRC,728,0.0223244,0.00000925,14050.2,,,3407292.0,-0.76,-18.9,-31.83,1496380170
ShellPay,SHELL,729,0.0216011,0.00000896,15318.6,,,,2.65,4.04,-13.13,1496380462
Lepaoquan,HLB,730,0.0201316,0.00000834,744038.0,,,935498538.0,0.07,8.98,-32.05,1496380181
Avoncoin,ACN,731,0.019499,0.00000808,2542.5,,,,-2.27,0.9,-9.69,1496380183
Gycoin,GYC,732,0.0183339,0.00000760,14687.6,,,22213403.0,0.03,3.68,-10.47,1496380174
KolschCoin,TP1,733,0.0147961,0.00000620,,,,,,0.77,35.86,1496357661
PiCoin,PI,734,0.0144794,0.00000600,31.3721,,,1378369.0,-0.36,199.82,98.27,1496380190
Mind Gene,MG,735,0.0130315,0.00000540,7196.28,,,,-0.34,2.18,3.58,1496380178
Sharkcoin,SAK,736,0.00974437,0.00000404,2623.1,,,,1.1,-1.27,11.89,1496380459
9COIN,9COIN,737,0.00958056,0.00000397,585.561,,,350050250.0,-0.36,17.23,95.58,1496380190
Dashs,DASHS,738,0.00948403,0.00000393,78.0251,,,,-0.36,104.78,24.86,1496380188
First Bitcoin,BIT,739,0.00765111,0.00000317,716.585,,,20706894399.0,-0.37,47.03,28.0,1496380174
Tyrocoin,TYC,740,0.00755344,0.00000313,26.5456,,,50131800.0,-0.36,-0.21,,1496380190
Opal,OPAL,741,0.00721177,0.00000299,2959.24,,,,-0.87,13.2,1.2,1496380455
Goldpay Coin,GP,742,0.00674483,0.00000279,19428.8,,,,3.7,6.34,-21.26,1496380190
Slimcoin,SLM,743,0.00651233,0.00000270,12.0599,,,13925626.0,-0.4,,45.56,1496380459
Psilocybin,PSY,744,0.00634604,0.00000265,,,,,,1.16,7.49,1496352269
Helleniccoin,HNC,745,0.00629525,0.00000261,8373.4,,,,-0.39,-24.5,58.52,1496380463
Xaucoin,XAU,746,0.00581285,0.00000241,0.930057,,,,-0.4,2.27,13.78,1496380459
EggCoin,EGG,747,0.00562322,0.00000237,,,,,,0.21,,1496295864
BagCoin,BGC,748,0.00536354,0.00000222,94251.7,,,497214120.0,28.85,14.7,15.76,1496380174
GBCGoldCoin,GBC,749,0.00498555,0.00000207,50.1765,,,,-0.29,-23.64,-22.74,1496380166
Axiom,AXIOM,750,0.00482395,0.00000200,23.5589,,,,-0.4,2.36,-2.77,1496380462
GoldReserve,XGR,751,0.00431743,0.00000179,1912.87,,,17161522.0,-4.4,-0.22,-6.17,1496380453
netBit,NBIT,752,0.0042473,0.00000176,0.34461,,,,-0.36,6.16,26.43,1496380180
Bitcoin Scrypt,BTCS,753,0.00419683,0.00000174,9.55406,,,,-0.4,13.53,0.1,1496380448
AvatarCoin,AV,754,0.00352518,0.00000159,,,,,,,17.74,1496159368
ZSEcoin,ZSE,755,0.003111,0.00000129,144.117,,,6379790.0,-1.03,-6.45,-59.74,1496380186
President Trump,PRES,756,0.00275466,0.00000114,242.632,,,57968072167.0,-0.36,-2.73,-21.54,1496380175
Quotient,XQN,757,0.00265317,0.00000110,60.254,,,,-0.4,,-23.85,1496380457
Clinton,CLINT,758,0.0026063,0.00000108,3.90945,,,,-0.36,1.94,13.9,1496380171
RoyalCoin 2,RYCN,759,0.00245848,0.00000103,,,,2500124.0,,0.83,-15.84,1496333388
GameLeagueCoin,GML,760,0.00237139,0.00000103,,,,,,,10.61,1496142551
BitcoinFast,BCF,761,0.00228833,0.00000095,296.032,,,,-0.4,-35.18,-36.73,1496380457
OCOW,OCOW,762,0.00227517,0.00000099,,,,,,,-5.59,1496142268
TrickyCoin,TRICK,763,0.0021949,0.00000091,13.829,,,,-0.4,-2.44,-24.3,1496380460
VGINA,VGINA,764,0.0021059,0.00000095,,,,11603228.0,,,,1496238289
RichCoin,RICHX,765,0.00210122,0.00000093,,,,5925522.0,,,,1496167172
Condensate,RAIN,766,0.00173683,0.00000072,783.338,,,42978104.0,0.79,-2.29,-20.15,1496380189
Mavro,MAVRO,767,0.00168043,0.00000070,,,,15005722.0,,1.41,1.63,1496349588
Motocoin,MOTO,768,0.00152786,0.00000063,1.33901,,,,-0.4,95.16,184.15,1496380450
Digital Bullion Gold,DBG,769,0.00144794,0.00000060,15.9508,,,24523275.0,-0.36,35.92,35.19,1496380172
Advanced Internet Blocks,AIB,770,0.00135159,0.00000056,42.5194,,,31411916663.0,-3.57,-23.73,-37.67,1496380461
UR,UR,771,0.00132728,0.00000055,112.564,,,,-0.36,-8.0,0.69,1496380185
Neptune Classic,NTCC,772,0.00125488,0.00000052,1596.81,,,,-46.58,-44.78,-1.11,1496380184
MMXVI,MMXVI,773,0.00125488,0.00000052,66.4335,,,,-12.17,-22.05,-64.17,1496380169
RoyalCoin,ROYAL,774,0.00120434,0.00000050,109.722,,,2500124.0,-0.36,27.18,11.63,1496380178
Alphabet Coin Fund,FUN,775,0.00115181,0.00000048,,,,20742012.0,,1.36,10.91,1496362472
TodayCoin,TODAY,776,0.00111009,0.00000046,45.8983,,,,-0.36,-6.23,-13.69,1496380176
BestChain,BEST,777,0.00106042,0.00000044,95.8633,,,20042911.0,-0.34,-11.56,14.5,1496380186
True Investment Coin,TIC,778,0.00103769,0.00000043,18.8687,,,,-0.36,1.94,-7.58,1496380184
Skeincoin,SKC,779,0.00103715,0.00000043,0.0521469,,,,-0.4,,,1496380447
Bitcedi,BXC,780,0.0010225,0.00000042,35.0735,,,,-0.3,0.45,,1496380172
RubleBit,RUBIT,781,0.000989428,0.00000041,18.586,,,,-0.36,9.99,47.47,1496380166
The Aladin,ADT,782,0.000892522,0.00000032,,,,,,,,1495722585
SportsCoin,SPORT,783,0.000863571,0.00000036,,,,19800001.0,,1.33,22.33,1496353177
Braincoin,BRAIN,784,0.000844634,0.00000035,0.748056,,,,-0.36,14.2,23.92,1496380171
Dubstep,DUB,785,0.000820071,0.00000034,7.57174,,,,-0.4,,,1496380462
IrishCoin,IRL,786,0.000820071,0.00000034,464.718,,,,7.84,,,1496380462
Donationcoin,DON,787,0.000820071,0.00000034,21426.1,,,,-2.54,,,1496380453
KashhCoin,KASHH,788,0.000782455,0.00000032,5468.49,,,,4.71,40.56,149.64,1496380184
WeAreSatoshi,WSX,789,0.000771831,0.00000032,151.376,,,,-0.4,,-7.04,1496380454
FrankyWillCoin,FRWC,790,0.000748104,0.00000031,0.265432,,,,-0.36,1.94,7.2,1496380174
Lazaruscoin,LAZ,791,0.000748104,0.00000031,14.5026,,,,-0.36,8.97,,1496380176
Opescoin,OPES,792,0.000675707,0.00000028,0.535715,,,,-0.34,1.94,,1496380168
Quebecoin,QBC,793,0.000627113,0.00000026,19.5397,,,,-0.4,-1.93,4.2,1496380449
BitAlphaCoin,BAC,794,0.000525163,0.00000022,34.4424,,,,25.25,-20.13,-32.61,1496380167
Vsync,XVS,795,0.000521556,0.00000022,141.398,,,103334172.0,-0.4,35.86,-30.02,1496380187
CBD Crystals,CBD,796,0.00051904,0.00000022,73.1035,,,,-0.36,-81.12,18.46,1496380178
Cubits,QBT,797,0.000506776,0.00000021,15.2037,,,,-0.35,25.62,-1.75,1496380178
BlazerCoin,BLAZR,798,0.000482648,0.00000020,16.4959,,,,-0.36,85.34,68.76,1496380187
MarxCoin,MARX,799,0.000434944,0.00000018,60.6137,,,29128280.0,-0.36,-38.37,-21.28,1496380185
T-coin,TCOIN,800,0.000434383,0.00000018,2964.5,,,,-5.6,-8.44,-2.21,1496380181
DarkLisk,DISK,801,0.000386118,0.00000016,3.30614,,,17888425.0,-0.36,,13.3,1496380171
UGAIN,GAIN,802,0.000361986,0.00000015,0.265432,,,,-0.36,1.94,,1496380174
Gambleo,GMB,803,0.000337853,0.00000014,1.20614,,,,-0.36,,-64.64,1496380186
PrismChain,PRM,804,0.000337853,0.00000014,46.9954,,,,-0.36,11.92,-81.1,1496380172
GoldMaxCoin,GMX,805,0.000332413,0.00000014,,,,84078950.0,,0.3,,1496346877
Sakuracoin,SKR,806,0.000313677,0.00000013,105.578,,,,-3.33,0.32,6.22,1496380177
Operand,OP,807,0.000289589,0.00000012,10.6717,,,36309296.0,-0.36,-18.45,,1496380170
Cycling Coin,CYC,808,0.000289437,0.00000012,0.265293,,,,-0.4,11.1,-1.0,1496380462
Happy Creator Coin,HCC,809,0.000266127,0.00000011,176.329,,,,-0.36,24.91,-25.23,1496380173
The Vegan Initiative,XVE,810,0.000265189,0.00000011,1210.76,,,,-15.57,11.89,57.83,1496380188
Grumfork,GMF,811,0.000241324,0.00000010,2.41324,,,,-0.36,1.94,-28.11,1496380189
President Sanders,BURN,812,0.000241324,0.00000010,137.203,,,57968072167.0,-0.36,27.42,-39.47,1496380181
TeraCoin,TERA,813,0.000217191,0.00000009,4276.38,,,,12.1,-9.75,-10.78,1496380184
MobileCash,MBL,814,0.000217191,0.00000009,3.32926,,,1068669648.0,-0.36,31.07,27.46,1496380177
Moneta,MONETA,815,0.000193059,0.00000008,0.507021,,,,-0.36,16.5,-20.73,1496380166
AsicCoin,ASC,816,0.000190727,0.00000008,,,,,,3.72,-1.96,1496332743
LAthaan,LTH,817,0.000168927,0.00000007,138.647,,,,-0.36,-20.71,,1496380177
Halloween Coin,HALLO,818,0.000104523,0.00000004,70.9726,,,264606122.0,10.09,37.09,-15.2,1496380190
TheCreed,TCR,819,0.0000965295,0.00000004,17.1307,,,,-0.36,28.83,32.18,1496380170
TeamUp,TEAM,820,0.0000965295,0.00000004,0.663134,,,301004896.0,-0.36,35.92,98.27,1496380178
Wowcoin,WOW,821,0.0000965295,0.00000004,114.54,,,,-0.36,1.94,98.27,1496380179
LinkedCoin,LKC,822,0.0000965295,0.00000004,32.7308,,,,-0.36,1.94,-1.21,1496380174
MoneyCoin,MONEY,823,0.0000723972,0.00000003,528.119,,,,-0.36,1.94,40.22,1496380181
LePen,LEPEN,824,0.0000561478,0.00000002,178.184,,,,-0.16,3.33,21.81,1496380183
PokeCoin,POKE,825,0.0000482648,0.00000002,133.86,,,,-0.36,,-1.56,1496380174
PinkDog,PDG,826,0.0000482648,0.00000002,21.9514,,,,-0.36,-39.47,98.27,1496380184
Global Business Revolution,GBRC,827,0.0000482648,0.00000002,14.6242,,,900096049.0,-0.36,1.94,37.04,1496380179
PayPeer,PAYP,828,0.0000482648,0.00000002,40.4136,,,,-0.36,-32.04,,1496380169
Cashme,CME,829,0.0000482648,0.00000002,0.723972,,,,-0.36,103.88,,1496380166
Tellurion,TELL,830,0.0000482648,0.00000002,0.723972,,,,-0.34,1.94,,1496380178
CyberCoin,CC,831,0.0000482395,0.00000002,1.92958,,,549267534.0,-0.4,1.85,3.43,1496380460
InflationCoin,IFLT,832,0.0000417164,0.00000002,1561.8,,,3251080994.0,48.26,-7.21,-33.31,1496380181
UNCoin,UNC,833,0.0000281948,0.00000001,920.807,,,,-41.79,1.74,-23.82,1496380459
VegasCoin,VGC,834,0.0000273145,0.00000001,,,,,0.64,-61.34,-77.57,1496378049
FedoraShare,FEDS,835,0.0000242447,0.00000001,7450.18,,,499001346934,-0.01,17.66,37.45,1496380175
SuperTurboStake,STRB,836,0.0000241324,0.00000001,12.5488,,,,-0.36,1.94,-0.86,1496380167
Aces,ACES,837,0.0000241324,0.00000001,251.638,,,,-0.36,1.4,-22.68,1496380174
Safe Trade Coin,XSTC,838,0.0000241324,0.00000001,0.482648,,,604880000.0,-0.36,1.94,-1.77,1496380182
Rcoin,RCN,839,0.0000241324,0.00000001,191.459,,,,-0.36,-43.08,-0.86,1496380177
X2,X2,840,0.0000241324,0.00000001,4.23321,,,,-0.36,,-0.86,1496380166
ChoofCoin,CHOOF,841,0.0000241324,0.00000001,141.453,,,,-0.36,1.94,-46.73,1496380179
SoulCoin,SOUL,842,0.0000241324,0.00000001,14.2116,,,,-0.36,1.94,-0.86,1496380171
Yescoin,YES,843,0.0000241208,0.000000010,452.259,,,,-0.35,1.91,-0.91,1496380182
FireFlyCoin,FFC,844,0.0000241197,0.00000001,53.7671,,,,-0.4,-21.07,-45.06,1496380456
Victoriouscoin,VTY,845,0.0000237815,0.000000010,122.871,,,10263290326.0,-0.35,0.46,4.82,1496380178
President Clinton,HILL,846,0.0000236509,0.00000001,,,,57968072167.0,,-0.09,-51.42,1496341776
Virtacoin,VTA,847,0.0000085467,0.000000004,132.091,,,12423206610.0,1.87,-52.94,-45.72,1496380455
XP,XP,848,0.0000055779,0.000000002,123.378,,,133635560466,-20.02,722.33,2071.82,1496380177
BatCoin,BAT,849,0.0000008259,0.0000000003,471.512,,,,0.55,213.74,,1496380448
RabbitCoin,RBBT,850,0.0000005265,0.0000000002,70.3529,,,,0.54,72.64,13.78,1496380456
BitCentavo,NBE,851,0.0000005079,0.0000000002,2.80314,,,,2.04,-3.35,-56.53,1496380456
Dimecoin,DIME,852,0.0000004108,0.0000000002,471.019,,,527098158096,-0.53,-1.05,-92.47,1496380445
StrongHands,SHND,853,0.0000001248,0.00000000005,106.072,,,,0.08,-34.38,,1496380165
Paccoin,PAC,854,0.0000000543,0.00000000002,642.916,,,,-25.87,-9.7,3.4,1496380165
Bond,BOND,855,,,,,1349.0,1349.0,,,,
bitRUBLE,BITRUBLE,856,,,,,,,,,,
