Name,Symbol,Rank,Price(BTC),Price(USD),24HVolume,MarketCap,%Change_1h,%Change_24h,%Change_7d,LastUpdated
Bitcoin,BTC,1,2422.97,1.0,1551260000.0,39655688729.0,16366562.0,16366562.0,0.12,2.15,-1.39,1496383760
Ethereum,ETH,2,228.272,0.0943814,729022000.0,21032007865.0,92135732.0,92135732.0,-0.05,-2.49,23.01,1496383764
Ripple,XRP,3,0.315717,0.00013054,512431000.0,12193525343.0,38621693933.0,99994661895.0,-0.94,10.45,2.92,1496383767
NEM,XEM,4,0.228037,0.00009428,15912100.0,2052333000.0,8999999999.0,8999999999.0,-1.29,1.46,-1.14,1496383760
Ethereum Classic,ETC,5,17.3632,0.00717899,125546000.0,1600971234.0,92204849.0,92204849.0,-0.27,-2.46,0.82,1496383775
Litecoin,LTC,6,29.5276,0.0122085,424168000.0,1516962951.0,51374407.0,51374407.0,-0.07,11.12,-3.86,1496383742
Dash,DASH,7,140.829,0.0582271,33157500.0,1032618985.0,7332431.0,7332431.0,-0.14,-3.29,4.3,1496383746
Bytecoin,BCN,8,0.00362857,0.00000150,9789660.0,663912872.0,182968186431,182968186431,18.25,44.12,23.68,1496383753
Stratis,STRAT,9,6.61889,0.00273664,19891100.0,651353113.0,98408209.0,98408209.0,1.0,11.7,117.06,1496383775
Monero,XMR,10,43.8609,0.0181347,12000600.0,638627153.0,14560284.0,14560284.0,-0.0,0.76,0.77,1496383752
Stellar Lumens,XLM,11,0.0407578,0.00001685,30235200.0,393916469.0,9664811867.0,102940435314,1.23,-3.7,-18.79,1496383754
Golem,GNT,12,0.469617,0.00019417,12653700.0,387373914.0,824872000.0,1000000000.0,1.51,2.89,4.17,1496383780
Waves,WAVES,13,3.73188,0.00154298,3113750.0,373188000.0,100000000.0,100000000.0,0.93,13.63,38.81,1496383773
Zcash,ZEC,14,254.658,0.105291,22339400.0,365072934.0,1433581.0,1433581.0,0.42,4.45,6.05,1496383779
Dogecoin,DOGE,15,0.00296355,0.00000123,25285700.0,324904096.0,109633411214,109633411214,0.44,5.95,-7.48,1496383744
Gnosis,GNO,16,250.358,0.103513,2524850.0,276542943.0,1104590.0,10000000.0,-0.03,-4.78,3.85,1496383790
Augur,REP,17,24.7607,0.0102376,3948180.0,272367700.0,11000000.0,11000000.0,0.83,3.67,-6.56,1496383766
Steem,STEEM,18,1.07007,0.00044243,2516190.0,250756959.0,234336967.0,251311061.0,1.2,5.43,-13.4,1496383771
Siacoin,SC,19,0.00944825,0.00000391,21778100.0,250395200.0,26501754315.0,26501754315.0,3.07,19.37,3.43,1496383764
BitShares,BTS,20,0.0877421,0.00003628,18407500.0,228321615.0,2602190000.0,2602190000.0,4.03,23.09,3.2,1496383754
DigiByte,DGB,21,0.0259673,0.00001074,46728400.0,210517730.0,8107031908.0,8107031908.0,7.95,41.56,60.91,1496383745
MaidSafeCoin,MAID,22,0.391781,0.00016199,2531590.0,177301437.0,452552412.0,452552412.0,1.0,-4.48,-8.73,1496383750
Basic Attention Token,BAT,23,0.171048,0.00007072,3676880.0,171048000.0,1000000000.0,1500000000.0,0.43,0.6,,1496383793
DigixDAO,DGD,24,84.4257,0.0349066,1346310.0,168851400.0,2000000.0,2000000.0,-0.41,4.74,-6.18,1496383771
GameCredits,GAME,25,2.62366,0.00108478,1880650.0,165360034.0,63026472.0,63026472.0,0.89,-0.83,-12.69,1496383755
Lisk,LSK,26,1.3778,0.00056966,2658290.0,148481138.0,107766830.0,107766830.0,2.52,6.31,1.9,1496383770
BitConnect,BCC,27,22.7713,0.00941502,1464460.0,146588693.0,6437432.0,6437432.0,0.1,7.55,36.59,1496383783
Ardor,ARDR,28,0.136474,0.00005643,2817320.0,136337457.0,998999495.0,998999495.0,1.81,22.38,-4.26,1496383775
Decred,DCR,29,25.2199,0.0104274,2668340.0,126635267.0,5021244.0,5441244.0,0.01,10.77,5.34,1496383768
Factom,FCT,30,13.7857,0.00569982,1313220.0,120669251.0,8753219.0,8753219.0,1.97,6.44,-4.88,1496383765
SingularDTV,SNGLS,31,0.182046,0.00007527,268922.0,109227600.0,600000000.0,1000000000.0,0.21,2.17,4.6,1496383778
Tether,USDT,32,1.02499,0.00042379,87038800.0,107617482.0,104993690.0,124951468.0,-0.57,-0.28,-0.33,1496383760
Iconomi,ICN,33,1.20301,0.00049739,791277.0,104661870.0,87000000.0,100000000.0,-0.51,0.06,-6.41,1496383778
Byteball,GBYTE,34,535.891,0.221569,435888.0,101435522.0,189284.0,1000000.0,0.18,11.51,67.7,1496383782
PIVX,PIVX,35,1.69975,0.00070278,880179.0,90998410.0,53536349.0,53536349.0,-1.18,1.92,36.56,1496383768
Round,ROUND,36,0.106721,0.00004412,371858.0,90712850.0,850000000.0,1000000000.0,-0.23,4.52,-25.51,1496383780
FirstBlood,1ST,37,0.848037,0.00035063,4056670.0,72556664.0,85558371.0,93468691.0,1.0,12.54,-1.13,1496383778
Aragon,ANT,38,2.09743,0.0008672,545350.0,70484485.0,33605167.0,39609523.0,-0.38,-2.75,-8.41,1496383791
AntShares,ANS,39,1.38591,0.00057302,10430800.0,69295500.0,50000000.0,100000000.0,-0.61,30.27,19.31,1496383777
Nxt,NXT,40,0.0623864,0.00002579,2969440.0,62324013.0,998999983.0,998999983.0,0.21,7.68,-13.58,1496383744
SysCoin,SYS,41,0.113439,0.00004690,1388750.0,59574101.0,525164196.0,525164196.0,0.73,5.85,-16.0,1496383754
Komodo,KMD,42,0.540742,0.00022357,215624.0,54585477.0,100945510.0,100945510.0,-3.8,-1.33,2.23,1496383783
iExec RLC,RLC,43,0.631494,0.0002611,571404.0,49301238.0,78070793.0,86999785.0,-0.17,7.74,1.74,1496383789
Ubiq,UBQ,44,1.19055,0.00049224,1585450.0,44163487.0,37095029.0,37095029.0,8.66,30.84,156.92,1496383756
Wings,WINGS,45,0.440585,0.00018216,1514020.0,39524146.0,89708333.0,100000000.0,-0.05,36.83,50.17,1496383782
Peercoin,PPC,46,1.60347,0.00066297,1425640.0,38680587.0,24123050.0,24123050.0,-0.29,4.62,-11.11,1496383740
Emercoin,EMC,47,0.926999,0.00038328,827402.0,37227080.0,40158706.0,40158706.0,1.85,7.04,-10.93,1496383755
Lykke,LKK,48,0.262544,0.00010855,551206.0,36145882.0,137675521.0,1285690000.0,0.62,4.47,13.98,1496383780
ReddCoin,RDD,49,0.00118547,0.00000049,1224170.0,33815674.0,28525120131.0,28525120131.0,-0.77,5.64,-27.43,1496383747
Melon,MLN,50,54.7824,0.0226503,434193.0,32836571.0,599400.0,749400.0,-0.17,-6.49,-8.78,1496383785
Storjcoin X,SJCX,51,0.636119,0.00026301,537758.0,32552209.0,51173144.0,500000000.0,0.86,1.16,-3.31,1496383755
BitcoinDark,BTCD,52,24.5342,0.0101439,60746.2,31621203.0,1288862.0,1288862.0,-1.58,2.55,5.17,1496383753
Ark,ARK,53,0.312375,0.00012915,361257.0,29770071.0,95302348.0,126552348.0,-0.42,9.83,17.58,1496383786
Counterparty,XCP,54,10.9727,0.00453675,1066550.0,28734755.0,2618750.0,2618750.0,-1.32,-6.9,-11.37,1496383746
Xaurum,XAUR,55,0.246685,0.00010199,152528.0,28049155.0,113704339.0,113704339.0,1.32,-2.55,26.45,1496383761
Omni,OMNI,56,48.4942,0.0200504,11535500.0,27107359.0,558981.0,615297.0,-2.51,-18.68,128.56,1496383744
Blocknet,BLOCK,57,6.77213,0.0028,183031.0,26482525.0,3910516.0,3910516.0,8.42,55.61,110.98,1496383757
Nexus,NXS,58,0.516958,0.00021374,100524.0,25770894.0,49851041.0,49851041.0,0.24,10.82,2.05,1496383759
Namecoin,NMC,59,1.7328,0.00071644,1019220.0,25535234.0,14736400.0,14736400.0,0.57,4.0,-7.81,1496383740
Gulden,NLG,60,0.0726011,0.00003002,88974.3,25158992.0,346537345.0,448557500.0,-0.18,6.75,-2.21,1496383751
Synereo,AMP,61,0.279534,0.00011558,491606.0,22993439.0,82256324.0,949291063.0,0.95,4.66,-0.01,1496383767
EarthCoin,EAC,62,0.00240731,0.00000100,5709310.0,22499847.0,9346468332.0,9346468332.0,-0.49,7.92,-14.93,1496383744
YbCoin,YBC,63,7.19851,0.00297629,2250960.0,21741386.0,3020262.0,3020262.0,-0.98,8.82,-8.77,1496383745
WeTrust,TRST,64,0.234985,0.00009716,443117.0,21653280.0,92147500.0,100000000.0,1.35,-2.15,-14.79,1496383790
Burst,BURST,65,0.011607,0.00000480,5550190.0,20660870.0,1780035362.0,1780035362.0,0.18,23.4,5.74,1496383755
Matchpool,GUP,66,0.273787,0.0001132,240312.0,20534025.0,75000000.0,98855150.0,2.51,12.35,-2.51,1496383788
XtraBYtes,XBY,67,0.030683,0.00001269,606458.0,19943950.0,650000000.0,650000000.0,5.72,73.89,372.88,1496383790
TokenCard,TKN,68,0.832961,0.0003444,286383.0,19694576.0,23644056.0,39406760.0,-1.26,1.43,-21.06,1496383790
Edgeless,EDG,69,0.246878,0.00010207,363762.0,19610121.0,79432438.0,132046997.0,2.09,-0.03,-11.38,1496383787
BlackCoin,BLK,70,0.254013,0.00010502,1053990.0,19347748.0,76168336.0,76168336.0,1.04,8.44,9.8,1496383749
E-Dinar Coin,EDR,71,0.0290869,0.00001203,373705.0,19208324.0,660377156.0,785377156.0,-7.09,12.44,11.12,1496383776
PotCoin,POT,72,0.0843491,0.00003487,838157.0,18298579.0,216938644.0,216938644.0,-1.04,10.65,-18.26,1496383746
NAV Coin,NAV,73,0.296148,0.00012244,611866.0,18162602.0,61329476.0,61329476.0,0.32,4.04,-11.91,1496383752
BitBay,BAY,74,0.0178313,0.00000737,65076.7,17965443.0,1007522901.0,1007522901.0,-0.78,3.22,-5.67,1496383758
Nexium,NXC,75,0.269901,0.00011159,4255400.0,17954243.0,66521586.0,66521586.0,3.76,-13.19,30.39,1496383781
Expanse,EXP,76,2.39801,0.00099148,621635.0,17360669.0,7239615.0,16239615.0,0.28,-5.17,-0.02,1496383764
BCAP,BCAP,77,1.73209,0.00071615,135698.0,17320900.0,10000000.0,10000000.0,-1.46,8.96,-11.17,1496383791
OBITS,OBITS,78,1.14899,0.00047506,255276.0,16948018.0,14750362.0,16801100.0,1.48,44.5,22.29,1496383766
Infinitecoin,IFC,79,0.00018519,0.00000008,4082930.0,16777524.0,90596274910.0,90596274910.0,-0.2,7.36,-10.12,1496383766
ZCoin,XZC,80,7.45017,0.00308034,1216750.0,16629005.0,2232030.0,2232030.0,-0.92,-1.13,15.09,1496383778
Unity Ingot,UNY,81,0.0788086,0.00003258,76086.4,15919337.0,202000000.0,10000000000.0,-3.07,-0.53,56.33,1496383791
Swarm City,SWT,82,2.3663,0.00097837,51704.9,15716325.0,6641730.0,6641730.0,4.37,10.09,-23.89,1496383785
Pepe Cash,PEPECASH,83,0.0223006,0.00000922,22242.5,15652435.0,701884009.0,701884009.0,3.62,-3.94,-13.1,1496383778
TaaS,TAAS,84,1.87996,0.00077729,174143.0,15314156.0,8146001.0,8146001.0,3.63,12.93,25.38,1496383786
Verge,XVG,85,0.00113681,0.00000047,1241450.0,15244022.0,13409472280.0,13409472280.0,1.64,34.0,-11.81,1496383757
Humaniq,HMQ,86,0.123233,0.00005095,411528.0,15226874.0,123561662.0,184190414.0,1.57,5.35,-37.4,1496383791
Bankcoin,B@,87,3.56848,0.00147542,6003.26,15219853.0,4265080.0,25000000.0,1.54,4.94,-14.73,1496383787
Agoras Tokens,AGRS,88,0.355875,0.00014714,16758.7,14946750.0,42000000.0,42000000.0,-2.83,-10.36,-9.25,1496383764
LBRY Credits,LBC,89,0.213914,0.00008844,530776.0,14658355.0,68524524.0,466424524.0,0.7,0.29,-7.91,1496383773
GridCoin,GRC,90,0.0367979,0.00001521,184369.0,14362690.0,390312753.0,390312753.0,-0.06,2.8,7.23,1496383760
Chronobank,TIME,91,19.5254,0.00807296,470860.0,13865237.0,710113.0,710113.0,-0.17,3.71,13.7,1496383786
I/O Coin,IOC,92,0.844112,0.00034901,22016.9,13789585.0,16336203.0,16336203.0,0.43,10.14,1.04,1496383754
MonaCoin,MONA,93,0.268162,0.00011087,29043.2,13550092.0,50529500.0,50529500.0,-0.63,-0.78,-10.29,1496383748
Radium,RADS,94,4.09632,0.00169366,694613.0,13298205.0,3246378.0,3246378.0,0.91,-10.23,7.15,1496383767
Bitland,CADASTRAL,95,0.436736,0.00018057,18627.2,13102080.0,30000000.0,30000000.0,9.86,3.42,147.14,1496383774
E-coin,ECN,96,4.64586,0.00192088,98297.6,12934732.0,2784142.0,211073034.0,0.11,0.31,5.76,1496383788
Waves Community Token,WCT,97,2.53415,0.00104777,16498.3,12670750.0,5000000.0,10000000.0,0.16,7.0,17.04,1496383784
Vertcoin,VTC,98,0.374442,0.00015482,650997.0,12521652.0,33440831.0,33440831.0,2.3,4.64,-3.11,1496383746
Golos,GOLOS,99,0.0951722,0.00003935,25667.1,11712509.0,123066499.0,123066499.0,3.83,12.37,46.31,1496383781
MergeCoin,MGC,100,0.116212,0.00004805,2276920.0,11487380.0,98848480.0,103848480.0,0.62,15.11,-23.75,1496383789
Shift,SHIFT,101,1.05778,0.00043735,359976.0,11455567.0,10829820.0,10829820.0,-0.36,11.24,85.28,1496383764
Pluton,PLU,102,13.3411,0.00551599,165599.0,11339928.0,850000.0,20000000.0,0.75,4.29,58.24,1496383777
DigitalNote,XDN,103,0.00164288,0.00000068,2207650.0,11305494.0,6881509319.0,6881509319.0,5.0,-2.61,-12.85,1496383753
Clams,CLAM,104,4.82333,0.00199425,1302800.0,11101618.0,2301650.0,16207163.0,0.41,2.8,-13.86,1496383754
Etheroll,DICE,105,1.57301,0.00065038,10877.2,11013622.0,7001623.0,7001623.0,-18.06,-13.47,-30.01,1496383791
Mooncoin,MOON,106,0.0000449398,0.00000002,25802.1,9974160.0,221944910229,221944910229,0.68,7.85,-19.76,1496383745
FlorinCoin,FLO,107,0.0721283,0.00002982,261460.0,9665229.0,134000517.0,134000517.0,-0.32,0.51,-5.17,1496383743
LuckChain,BASH,108,0.0130496,0.00000540,613940.0,9449112.0,724092045.0,724092045.0,-5.51,32.54,24.4,1496383781
Bitcrystals,BCY,109,0.401228,0.00016589,110285.0,9345171.0,23291422.0,23291422.0,1.11,5.58,-12.3,1496383764
Viacoin,VIA,110,0.396995,0.00016414,426586.0,8990248.0,22645746.0,22645746.0,-1.01,1.16,-11.27,1496383753
vSlice,VSL,111,0.269084,0.00011126,184450.0,8984848.0,33390496.0,33390496.0,-0.42,-5.19,-16.17,1496383782
FedoraCoin,TIPS,112,0.0000202645,0.000000008,67772.5,8980582.0,443168182458,443168182458,-0.11,-1.52,-30.12,1496383745
Energycoin,ENRG,113,0.0729213,0.00003015,4246.65,8819176.0,120941018.0,120941018.0,0.23,-0.2,23.77,1496383751
Rubycoin,RBY,114,0.35972,0.00014873,32769.3,8774478.0,24392522.0,24392522.0,0.23,1.44,7.08,1496383749
VeriCoin,VRC,115,0.289038,0.00011951,122190.0,8732234.0,30211372.0,30211372.0,-1.46,5.83,-14.78,1496383751
DNotes,NOTE,116,0.0670304,0.00002771,228854.0,8302121.0,123856059.0,123856059.0,1.06,1.42,1.18,1496383748
Scotcoin,SCOT,117,0.0082449,0.00000341,6745.57,8244900.0,1000000000.0,1000000000.0,-1.03,39.29,248.56,1496383751
VPNCoin,VASH,118,0.0205572,0.00000850,2017720.0,8229864.0,400339746.0,400339746.0,2.43,20.12,-8.97,1496383758
SaluS,SLS,119,8.04735,0.00332725,113670.0,8075084.0,1003446.0,1003446.0,0.19,-1.52,25.39,1496383768
Primecoin,XPM,120,0.417233,0.00017251,664061.0,8062096.0,19322766.0,19322766.0,-0.47,7.87,-14.81,1496383746
Crown,CRW,121,0.574871,0.00023769,26378.8,7965127.0,13855503.0,13855503.0,0.87,1.12,-8.09,1496383758
NeosCoin,NEOS,122,2.33452,0.00096523,3625060.0,7812719.0,3346606.0,3346606.0,-0.35,6.56,5.96,1496383755
Pascal Coin,PASC,123,0.76839,0.0003177,160985.0,7678521.0,9993000.0,9993000.0,-0.12,-1.72,-11.22,1496383782
SolarCoin,SLR,124,0.215962,0.00008929,88346.7,7593987.0,35163533.0,98034180264.0,-0.55,-9.63,12.29,1496383749
Skycoin,SKY,125,1.37692,0.0005693,63470.8,7525971.0,5465801.0,100000000.0,0.22,-14.99,-30.36,1496383788
HEAT,HEAT,126,0.277541,0.00011475,29225.4,7313447.0,26350872.0,26350872.0,-9.87,-26.93,-33.61,1496383774
BelaCoin,BELA,127,0.20448,0.00008454,273063.0,7151085.0,34972050.0,34972050.0,1.57,3.75,-8.19,1496383749
Incent,INCNT,128,0.306213,0.00012661,195413.0,7045444.0,23008312.0,46016625.0,0.01,10.85,29.82,1496383781
Bitcoin Plus,XBC,129,72.314,0.0298989,115860.0,7008303.0,96915.0,96915.0,-2.5,3.25,-8.34,1496383750
Creditbit,CRB,130,0.585031,0.00024189,256061.0,6946858.0,11874342.0,11874342.0,0.08,-11.05,-14.41,1496383768
Einsteinium,EMC2,131,0.0322018,0.00001331,162117.0,6788464.0,210810073.0,210810073.0,0.19,1.95,-13.29,1496383749
Asch,XAS,132,0.0899542,0.00003719,96522.0,6746565.0,75000000.0,100000000.0,-0.66,1.15,-15.11,1496383788
Aeon,AEON,133,0.464565,0.00019208,3452.53,6610348.0,14229112.0,14229112.0,0.34,-1.34,3.32,1496383764
Feathercoin,FTC,134,0.0402668,0.00001665,153898.0,6595536.0,163795880.0,163795880.0,2.69,11.2,14.44,1496383744
Lunyr,LUN,135,2.84915,0.00117801,151160.0,6546928.0,2297853.0,2703356.0,0.96,11.36,-8.16,1496383790
Global Currency Reserve,GCR,136,0.0629667,0.00002603,24446.0,6466049.0,102689980.0,102689980.0,-5.54,-3.97,-4.12,1496383764
Novacoin,NVC,137,3.70039,0.00152996,102727.0,6422470.0,1735620.0,1735620.0,-0.49,-0.06,-14.92,1496383740
ZClassic,ZCL,138,4.23038,0.00174909,625443.0,6239229.0,1474863.0,1474863.0,-0.23,-12.69,30.47,1496383780
SIBCoin,SIB,139,0.403599,0.00016687,15390.9,5911784.0,14647668.0,14647668.0,-0.17,6.08,35.49,1496383765
ION,ION,140,0.42906,0.0001774,28286.2,5898955.0,13748554.0,19648554.0,8.12,18.52,-13.41,1496383773
Safe Exchange Coin,SAFEX,141,0.00273334,0.00000113,20948.1,5869803.0,2147483647.0,2147483647.0,3.91,0.57,-7.08,1496383769
WorldCoin,WDC,142,0.0495054,0.00002047,181598.0,5673156.0,114596717.0,114596717.0,-0.11,10.05,-16.11,1496383742
Gambit,GAM,143,4.62769,0.00191336,18199.1,5478982.0,1183956.0,1183956.0,-0.69,5.24,12.11,1496383762
FirstCoin,FRST,144,1.75277,0.0007247,57931.1,5451847.0,3110418.0,110000000.0,-0.25,-7.1,6.01,1496383784
Blitzcash,BLITZ,145,1.33016,0.00054997,184939.0,5405223.0,4063589.0,4063589.0,1.41,33.45,311.29,1496383758
MonetaryUnit,MUE,146,0.0427463,0.00001767,30950.7,5193930.0,121505960.0,121505960.0,-0.54,-1.24,-13.57,1496383757
Auroracoin,AUR,147,0.588532,0.00024333,15520.9,5095592.0,8658139.0,8658139.0,0.11,0.22,-5.78,1496383747
FoldingCoin,FLDC,148,0.0102369,0.00000423,413119.0,5013440.0,489741985.0,1000000000.0,-0.85,4.01,-11.33,1496383756
PinkCoin,PINK,149,0.0153133,0.00000633,358751.0,4914763.0,320947350.0,370947350.0,0.68,5.01,-13.3,1496383750
Janus,JNS,150,0.233343,0.00009648,7963.91,4884585.0,20933069.0,25201489.0,-2.13,-0.81,2.14,1496383784
Vcash,XVC,151,0.306964,0.00012692,152247.0,4681604.0,15251313.0,15251313.0,1.14,1.06,-0.23,1496383760
Sphere,SPHR,152,1.51098,0.00062473,28918.5,4658261.0,3082940.0,3082940.0,15.43,24.53,81.19,1496383761
RouletteToken,RLT,153,0.459788,0.0001901,27268.3,4640277.0,10092210.0,10092933.0,0.18,3.59,3.07,1496383792
Ethereum Movie Venture,EMV,154,0.67925,0.00028084,2846.03,4528333.0,6666666.0,6666666.0,-0.07,489.06,27.23,1496383789
OKCash,OK,155,0.0631287,0.00002610,352786.0,4518536.0,71576567.0,71576567.0,0.72,1.87,109.97,1496383758
FairCoin,FAIR,156,0.0828376,0.00003425,3994.62,4399087.0,53104958.0,53104958.0,0.23,14.93,17.37,1496383749
LoMoCoin,LMC,157,0.0207268,0.00000857,213471.0,4321749.0,208510201.0,293510201.0,5.68,18.4,6.46,1496383776
Darcrus,DAR,158,0.31442,0.00013,21952.6,4283583.0,13623762.0,13623762.0,0.18,4.63,-2.11,1496383782
CloakCoin,CLOAK,159,0.85471,0.00035339,19003.3,4276457.0,5003401.0,5003401.0,0.07,-1.6,15.4,1496383752
ArtByte,ABY,160,0.00531075,0.00000220,120019.0,4103950.0,772762850.0,772762850.0,-6.12,56.96,-5.78,1496383752
APX,APX,161,4.4742,0.0018499,70816.9,4026780.0,900000.0,1000000.0,1.0,12.42,29.56,1496383792
MUSE,MUSE,162,0.00289297,0.00000120,6811.55,3977372.0,1374840478.0,1524840478.0,11.57,64.09,16.42,1496383761
bitCNY,BITCNY,163,0.135181,0.00005589,415382.0,3963764.0,29321900.0,29321900.0,-3.04,-4.33,-4.93,1496383756
DubaiCoin,DBIX,164,4.55394,0.00188287,23135.2,3958185.0,869178.0,869178.0,-6.08,12.7,47.94,1496383787
Unobtanium,UNO,165,19.6776,0.00813588,69884.3,3890748.0,197725.0,197725.0,-0.39,9.78,-9.8,1496383743
Bitmark,BTM,166,0.994777,0.0004113,202229.0,3880804.0,3901180.0,3901180.0,1.42,0.48,16.66,1496383755
ICO OpenLedger,ICOO,167,8.1423,0.00336651,5740.33,3841496.0,471795.0,471795.0,1.9,9.57,-0.21,1496383772
NautilusCoin,NAUT,168,0.236777,0.00009790,468461.0,3831052.0,16180000.0,16180000.0,-1.37,-4.13,7.53,1496383751
SpreadCoin,SPR,169,0.439073,0.00018154,39498.7,3570929.0,8132881.0,8132881.0,-0.72,12.3,8.62,1496383757
Minereum,MNE,170,8.88152,0.00367215,393201.0,3527484.0,397171.0,397171.0,-4.14,183.61,203.79,1496383791
Quark,QRK,171,0.0140081,0.00000579,47540.8,3503440.0,250101047.0,250101047.0,-3.09,11.56,-31.46,1496383747
Riecoin,RIC,172,0.1016,0.00004201,576676.0,3473559.0,34188575.0,34188575.0,-0.93,6.54,4.69,1496383747
Circuits of Value,COVAL,173,0.00807818,0.00000334,87670.8,3231272.0,400000000.0,1200000000.0,0.08,10.26,-4.66,1496383759
Zennies,ZENI,174,0.00312002,0.00000129,6393.55,3122141.0,1000679916.0,1000679916.0,-0.59,1.96,-1.05,1496383788
PoSW Coin,POSW,175,0.0743135,0.00003073,80237.3,3046854.0,41000000.0,70000000.0,2.35,43.95,14.45,1496383782
Diamond,DMD,176,1.43148,0.00059186,18512.5,3040259.0,2123857.0,2123857.0,0.23,-1.25,-2.54,1496383745
Ethbits,ETB,177,2.22694,0.00092075,1960.2,2999656.0,1346986.0,1634691.0,-0.07,,,1496383793
Rise,RISE,178,0.0278058,0.00001150,117617.0,2985987.0,107387215.0,107387215.0,11.37,32.62,29.98,1496383773
Wild Beast Block,WBB,179,1.27575,0.00052747,35809.1,2965880.0,2324813.0,2324813.0,-0.02,1.66,-18.42,1496383760
BitSend,BSD,180,0.192564,0.00007962,17464.2,2936808.0,15251075.0,15251075.0,2.43,0.43,19.11,1496383752
Musicoin,MUSIC,181,0.0170969,0.00000707,63170.8,2928724.0,171301444.0,171301444.0,0.64,2.9,-1.77,1496383786
Mintcoin,MINT,182,0.000120166,0.00000005,11661.1,2925653.0,24346762860.0,24346762860.0,17.76,56.48,11.78,1496383747
Curecoin,CURE,183,0.122617,0.00005070,18884.6,2907013.0,23708072.0,23708072.0,7.49,8.75,-9.18,1496383752
Megacoin,MEC,184,0.0877486,0.00003628,378148.0,2885740.0,32886450.0,32886450.0,-1.01,11.43,-24.69,1496383745
Zetacoin,ZET,185,0.0173268,0.00000716,351544.0,2878948.0,166155804.0,166155804.0,-0.63,8.07,-4.51,1496383742
BitBean,BITB,186,0.0013303,0.00000055,83696.5,2605059.0,1958249000.0,1958249000.0,1.43,7.27,-27.97,1496383760
RaiBlocks,XRB,187,0.0338763,0.00001401,28376.3,2531659.0,74732457.0,340282367.0,-0.5,-2.05,10.09,1496383786
Zeitcoin,ZEIT,188,0.0000680521,0.00000003,5966.89,2471977.0,36324775306.0,36324775306.0,0.83,11.37,33.54,1496383748
Cryptonite,XCN,189,0.0074514,0.00000308,333451.0,2441677.0,327680364.0,327680364.0,3.51,27.87,-20.37,1496383754
ZcCoin,ZCC,190,0.0395423,0.00001635,622090.0,2438061.0,61657044.0,61657044.0,2.99,16.78,-20.83,1496383754
Atmos,ATMS,191,0.0242587,0.00001003,185291.0,2427639.0,100072903.0,110072903.0,-0.61,2.45,0.38,1496383788
Veros,VRS,192,0.0277996,0.00001149,45380.5,2376503.0,85486938.0,10000000000.0,-0.09,-20.28,-17.21,1496383781
Steem Dollars,SBD,193,1.64169,0.00067877,754206.0,2320284.0,1413351.0,1413351.0,1.67,11.83,-8.81,1496383774
Myriad,XMY,194,0.00152897,0.00000063,45115.1,2272091.0,1486027500.0,1486027500.0,0.6,4.38,-37.41,1496383748
Digitalcoin,DGC,195,0.065527,0.00002709,134664.0,2253460.0,34389793.0,34389793.0,-1.97,7.74,-11.82,1496383741
Espers,ESP,196,0.000111606,0.00000005,9899.3,2246285.0,20126923851.0,20126923851.0,-8.17,10.93,-18.8,1496383771
BoostCoin,BOST,197,0.184896,0.00007645,125614.0,2192032.0,11855487.0,11855487.0,-0.66,8.81,-9.44,1496383751
Spectrecoin,XSPEC,198,0.107451,0.00004443,231996.0,2191480.0,20395153.0,20395153.0,-4.89,-9.04,-3.89,1496383783
Groestlcoin,GRS,199,0.0323104,0.00001336,2059.5,2184730.0,67616935.0,67616935.0,3.63,10.24,11.41,1496383749
bitUSD,BITUSD,200,0.986547,0.0004079,205855.0,2179884.0,2209610.0,2209610.0,-0.89,-0.83,-0.14,1496383756
HunterCoin,HUC,201,0.117714,0.00004867,55912.7,2076476.0,17640010.0,17640010.0,0.36,-1.64,-7.65,1496383747
Adzcoin,ADZ,202,0.0375204,0.00001551,7787.85,2057749.0,54843480.0,54843480.0,-0.97,10.81,-8.92,1496383766
Bata,BTA,203,0.403296,0.00016675,27375.0,1996781.0,4951156.0,4951156.0,-0.62,-0.06,24.78,1496383762
MaxCoin,MAX,204,0.0358056,0.00001480,85465.5,1949353.0,54442678.0,54442678.0,-0.85,5.81,0.29,1496383747
Breakout Stake,BRX,205,0.309559,0.00012799,12413.1,1940341.0,6268082.0,6268082.0,-0.55,11.97,34.17,1496383774
iCash,ICASH,206,0.0087055,0.00000360,6757.36,1923078.0,220903745.0,220903745.0,-4.56,19.5,-7.18,1496383760
FUNCoin,FUNC,207,0.35802,0.00014803,66505.9,1918035.0,5357341.0,100000000.0,1.43,2.94,16.15,1496383791
BlockPay,BLOCKPAY,208,0.348938,0.00014427,1911.82,1894140.0,5428300.0,98928316.0,2.16,-3.8,3.28,1496383776
TransferCoin,TX,209,0.314926,0.00013021,17122.0,1881243.0,5973603.0,5973603.0,4.83,13.83,-18.82,1496383763
Tickets,TIX,210,0.0000278736,0.00000001,45022.7,1864083.0,66876281414.0,66876281414.0,0.22,-1.15,-25.62,1496383742
GoldCoin,GLD,211,0.04519,0.00001868,19602.9,1819082.0,40254088.0,40254088.0,-7.89,4.95,-7.4,1496383746
DeepWebCash,DWC,212,1.29203,0.0005342,13826.9,1722018.0,1332800.0,1332800.0,0.67,2.97,-33.98,1496383780
vTorrent,VTR,213,0.147536,0.00006100,7966.89,1595744.0,10815966.0,10815966.0,-3.2,3.23,12.04,1496383758
CryptoCarbon,CCRB,214,0.430825,0.00017813,2678.72,1534646.0,3562111.0,10000150.0,-2.18,-9.18,28.34,1496383783
Startcoin,START,215,0.031254,0.00001292,45985.3,1408924.0,45079785.0,70782220.0,-0.24,-2.08,-29.86,1496383752
Sequence,SEQ,216,0.0313453,0.00001296,2740.68,1401132.0,44699902.0,44699902.0,0.23,8.17,19.9,1496383777
Renos,RNS,217,0.0420073,0.00001737,591261.0,1401034.0,33352144.0,33352144.0,5.38,74.61,147.62,1496383785
Ixcoin,IXC,218,0.0665619,0.00002752,10538.8,1397739.0,20999088.0,20999088.0,1.82,-81.14,37.93,1496383741
ChainCoin,CHC,219,0.0945219,0.00003908,21448.8,1387601.0,14680211.0,14680211.0,-0.03,11.07,-2.6,1496383763
2GIVE,2GIVE,220,0.00267699,0.00000111,17710.4,1373287.0,512996657.0,512996657.0,3.11,4.99,-18.66,1496383772
Boolberry,XBB,221,0.140171,0.00005796,5042.24,1336177.0,9532480.0,9532480.0,0.97,-0.24,-12.31,1496383753
Breakout,BRK,222,0.0734776,0.00003038,2589.16,1316289.0,17914147.0,17914147.0,0.26,2.3,-10.11,1496383773
EB3 Coin,EB3,223,0.285421,0.00011801,22663.6,1313023.0,4600303.0,786000000.0,-1.48,2.2,3.42,1496383788
Visio,VISIO,224,0.0257719,0.00001066,1662.62,1303984.0,50597126.0,62597126.0,0.33,-2.9,-3.92,1496383785
Yocoin,YOC,225,0.0119101,0.00000492,72212.1,1257931.0,105618830.0,200000000.0,3.83,31.06,38.19,1496383769
EuropeCoin,ERC,226,0.126977,0.00005250,2681.25,1250886.0,9851284.0,9851284.0,0.18,3.25,17.02,1496383762
Bitswift,SWIFT,227,0.293838,0.00012149,6400.82,1193241.0,4060882.0,4060882.0,0.5,-3.63,51.6,1496383756
Creativecoin,CREA,228,0.112401,0.00004647,4561.1,1186628.0,10557091.0,12268819.0,0.59,18.61,-37.1,1496383792
Voxels,VOX,229,0.0374934,0.00001550,210900.0,1181042.0,31500000.0,210000000.0,-2.83,32.21,-10.34,1496383769
LiteDoge,LDOGE,230,0.0000793034,0.00000003,4310.87,1171646.0,14774218159.0,14774218159.0,0.35,-13.09,11.75,1496383760
Stealthcoin,XST,231,0.0443816,0.00001835,1950.15,1161653.0,26174202.0,26174202.0,-0.48,-2.76,-5.19,1496383753
TagCoin,TAG,232,0.202507,0.00008373,110404.0,1112111.0,5491718.0,5491718.0,-0.28,9.43,-18.1,1496383743
SecureCoin,SRC,233,0.133684,0.00005527,124022.0,1040844.0,7785856.0,7785856.0,0.52,7.88,-31.08,1496383744
Dynamic,DYN,234,0.640934,0.000265,2189.85,1035731.0,1615972.0,4369876.0,-3.2,-4.36,-9.6,1496383787
Syndicate,SYNX,235,0.0914021,0.00003779,12091.3,1029997.0,11268860.0,11268860.0,0.42,-62.12,55.26,1496383774
DIBCOIN,DIBC,236,0.205681,0.00008504,2576.56,1028405.0,5000000.0,5000000000.0,21.77,2.25,22.49,1496383788
Qwark,QWARK,237,0.058845,0.00002433,19197.5,1024869.0,17416409.0,250377576.0,0.28,8.85,27.71,1496383771
WhiteCoin,XWC,238,0.00411165,0.00000170,25567.8,1019914.0,248054695.0,248054695.0,1.42,-0.29,51.22,1496383750
Inpay,INPAY,239,0.101824,0.00004210,57917.5,1018240.0,10000000.0,10000000.0,-11.44,-9.81,-31.69,1496383788
Triggers,TRIG,240,0.0306197,0.00001266,30149.0,983064.0,32105593.0,100000000.0,-2.17,-3.36,-16.73,1496383779
CannabisCoin,CANN,241,0.0125261,0.00000518,55770.4,967405.0,77231176.0,91859176.0,0.29,1.58,27.26,1496383755
Anoncoin,ANC,242,0.456469,0.00018873,4346.13,963294.0,2110317.0,2110317.0,0.22,11.25,-36.62,1496383742
Mercury,MER,243,0.00961044,0.00000397,732.754,961044.0,100000000.0,100000000.0,0.23,-17.09,-22.32,1496383787
Devcoin,DVC,244,0.0000673292,0.00000003,1225.0,942759.0,14002227500.0,14002227500.0,-0.58,651.78,75.69,1496383740
Hacker Gold,HKG,245,0.0570622,0.00002359,1346.61,919323.0,16110893.0,16110893.0,0.24,-6.26,-17.43,1496383781
DopeCoin,DOPE,246,0.00819911,0.00000339,15950.3,910803.0,111085648.0,111085648.0,6.8,11.37,-19.5,1496383747
AudioCoin,ADC,247,0.00114401,0.00000047,6455.38,907427.0,793198644.0,793198644.0,-7.08,-10.75,-22.6,1496383761
HiCoin,XHI,248,0.00461286,0.00000191,70848.9,875198.0,189729990.0,10189729990.0,-0.77,-1.88,-14.33,1496383771
PutinCoin,PUT,249,0.00433176,0.00000179,5932.85,868161.0,200417616.0,200417616.0,3.75,-16.74,4.39,1496383773
PepeCoin,PEPE,250,0.0628726,0.00002600,18933.0,865511.0,13766107.0,13766107.0,-7.49,-13.26,18.66,1496383768
VeriumReserve,VRM,251,0.772551,0.00031942,13365.9,859674.0,1112773.0,1112773.0,-6.67,13.17,-20.11,1496383777
EverGreenCoin,EGC,252,0.0632732,0.00002616,8103.96,842881.0,13321301.0,13321301.0,-1.35,2.52,0.08,1496383767
HTMLCOIN,HTML5,253,0.0000206990,0.000000009,6768.86,841601.0,40659020000.0,40659020000.0,-0.12,-1.59,-9.78,1496383756
MediterraneanCoin,MED,254,0.0166885,0.00000690,26856.6,829529.0,49706598.0,49706598.0,2.15,28.63,-17.31,1496383757
Centurion,CNT,255,0.0319679,0.00001322,31947.6,826374.0,25850129.0,63388928.0,0.25,-2.86,-7.47,1496383785
Hush,HUSH,256,0.726548,0.0003004,206168.0,799848.0,1100888.0,1222363.0,0.05,6.7,40.45,1496383780
GlobalCoin,GLC,257,0.0122382,0.00000506,1250.83,797576.0,65171010.0,65171010.0,0.23,-39.31,-58.84,1496383745
BlueCoin,BLU,258,0.00136393,0.00000056,2336.8,783828.0,574683675.0,574683675.0,-2.28,-0.96,144.47,1496383752
Unitus,UIS,259,0.0165092,0.00000683,18648.2,771910.0,46756363.0,46756363.0,-0.72,-0.8,-8.66,1496383759
Pesetacoin,PTC,260,0.00581863,0.00000241,5819.98,759574.0,130541677.0,130541677.0,-3.42,5.07,-15.17,1496383747
e-Gulden,EFL,261,0.0491973,0.00002034,1813.49,754936.0,15345077.0,20384417.0,1.59,1.96,-14.98,1496383749
Fantomcoin,FCN,262,0.128187,0.00005300,2691.21,751154.0,5859829.0,5859829.0,-1.63,13.18,2.9,1496383752
Ripto Bux,RBX,263,0.00214253,0.00000089,6060.07,732960.0,342100100.0,1000000000.0,-0.02,-8.92,10.46,1496383788
ProCurrency,PROC,264,0.254124,0.00010507,2065.74,715411.0,2815205.0,15000053805.0,0.31,0.04,23.25,1496383790
GeoCoin,GEO,265,0.289991,0.0001199,7525.62,711951.0,2455079.0,2455079.0,-0.71,11.89,19.98,1496383759
ArcticCoin,ARC,266,0.0297305,0.00001229,24117.4,694322.0,23353850.0,23353850.0,-2.28,-17.57,-42.32,1496383779
Tokes,TKS,267,1.03996,0.00042998,7554.74,673503.0,647624.0,50000000.0,0.18,4.26,0.9,1496383787
HempCoin,THC,268,0.00311836,0.00000129,11782.3,660541.0,211823061.0,211823061.0,-1.31,-2.61,-24.3,1496383753
Altcoin,ALT,269,5.29705,0.00219012,2630.75,647169.0,122175.0,134063.0,-0.42,7.07,26.66,1496383789
Synergy,SNRG,270,0.232629,0.00009618,1879.06,645456.0,2774615.0,2774615.0,0.23,9.96,-3.28,1496383762
ExclusiveCoin,EXCL,271,0.156165,0.00006457,5199.48,638401.0,4087989.0,4087989.0,-2.06,0.94,-21.93,1496383756
TrustPlus,TRUST,272,0.0187443,0.00000775,1329.51,601441.0,32086595.0,32086595.0,4.69,12.89,11.22,1496383754
Deutsche eMark,DEM,273,0.0213813,0.00000884,978.575,594259.0,27793416.0,27793416.0,-1.88,4.04,-13.27,1496383744
UniBURST,UNIBURST,274,0.576826,0.00023849,2626.29,576825.0,999999.0,1000000.0,-0.0,23.2,180.66,1496383785
Magi,XMG,275,0.0817572,0.00003380,3017.55,576804.0,7055081.0,7055081.0,-2.0,6.03,-13.42,1496383757
IncaKoin,NKA,276,0.0000742578,0.00000003,10984.1,559681.0,7536994267.0,7536994267.0,-0.04,35.38,201.79,1496383759
BTSR,BTSR,277,0.162994,0.00006739,536.903,539644.0,3310819.0,3310819.0,1.15,13.46,-12.8,1496383769
TileCoin,XTC,278,0.0053706,0.00000222,9792.81,537060.0,100000000.0,100000000.0,-5.7,1.57,-28.29,1496383757
Moin,MOIN,279,0.0764746,0.00003162,3452.86,531413.0,6948879.0,6948879.0,-10.69,27.78,17.0,1496383767
Version,V,280,0.00120931,0.00000050,1297.67,528861.0,437324982.0,437324982.0,-30.43,,,1496383792
DT Token,DRACO,281,0.00591083,0.00000244,33730.1,525407.0,88888888.0,88888888.0,0.13,23.4,36.91,1496383774
Happycoin,HPC,282,0.0442849,0.00001831,625.474,503338.0,11365901.0,11365901.0,17.16,3.13,252.78,1496383789
1337,1337,283,0.0000220162,0.000000009,3058.87,501667.0,22786243869.0,22786243869.0,-2.35,38.84,48.73,1496383766
Canada eCoin,CDN,284,0.00514948,0.00000213,818.016,501639.0,97415544.0,97415544.0,0.22,-1.45,-0.16,1496383752
Elcoin,EL,285,0.0445134,0.00001840,4491.58,498949.0,11208967.0,20935289.0,8.61,-20.89,-17.71,1496383771
FujiCoin,FJC,286,0.000513584,0.00000021,4745.05,494320.0,962490614.0,962490614.0,-32.87,-2.46,4.32,1496383762
NuShares,NSR,287,0.000173977,0.00000007,4564.24,470133.0,2702268334.0,3317577563.0,-13.12,-1.8,-67.37,1496383757
Capricoin,CPC,288,0.454639,0.00018798,26494.9,447546.0,984399.0,200984399.0,1.65,11.12,23.38,1496383763
NobleCoin,NOBL,289,0.000193026,0.00000008,5227.63,442342.0,2291620788.0,2291620788.0,0.13,1.09,-25.53,1496383746
TrumpCoin,TRUMP,290,0.0662491,0.00002739,6895.7,433238.0,6539524.0,6539524.0,5.18,-0.2,8.07,1496383769
KoreCoin,KORE,291,0.224303,0.00009274,1755.24,410687.0,1830949.0,1830949.0,-12.43,-8.55,-7.46,1496383754
I0Coin,I0C,292,0.0193731,0.00000801,1841.83,406339.0,20974414.0,20974414.0,0.03,4.37,0.25,1496383743
Bottlecaps,CAP,293,0.00291762,0.00000121,4073.57,404710.0,138712452.0,138712452.0,164.48,240.43,308.16,1496383742
MazaCoin,MZC,294,0.000358603,0.00000015,1408.33,391816.0,1092618137.0,1092618137.0,0.21,37.84,42.78,1496383748
TeslaCoin,TES,295,0.00528113,0.00000218,2763.86,379037.0,71771889.0,71771889.0,7.88,6.39,14.75,1496383745
PostCoin,POST,296,0.0234882,0.00000971,3509.04,370534.0,15775332.0,15775332.0,-2.0,-2.86,-4.28,1496383770
iTicoin,ITI,297,11.4439,0.00473161,45919.3,366205.0,32000.0,9999992.0,-0.17,-9.68,28.87,1496383791
Mineum,MNM,298,0.0387157,0.00001601,666.98,365336.0,9436367.0,9586367.0,0.27,-18.58,-16.98,1496383773
Virtacoinplus,XVP,299,0.0408029,0.00001687,977.498,359793.0,8817835.0,10352428.0,0.72,-0.65,-47.59,1496383785
Master Swiscoin,MSCN,300,0.0342328,0.00001415,9864.68,350505.0,10238850.0,1002564852.0,-2.96,-6.64,-18.44,1496383785
Wyvern,WYV,301,0.31442,0.00013,701.063,342869.0,1090481.0,1090481.0,2.59,0.48,-11.89,1496383789
GCoin,GCN,302,0.0000023473,0.0000000010,648.962,326237.0,138985235000,138985235000,0.17,8.44,40.05,1496383758
Terracoin,TRC,303,0.0158988,0.00000657,6003.72,319471.0,20094040.0,20094040.0,0.31,3.85,-9.78,1496383740
Jewels,JWL,304,0.0157946,0.00000653,1775.94,318671.0,20175926.0,20175926.0,-9.14,-11.21,-8.1,1496383776
Dotcoin,DOT,305,0.00137624,0.00000057,74274.2,309369.0,224792750.0,489792750.0,-1.35,4.5,12.84,1496383759
Newbium,NEWB,306,0.0128187,0.00000530,66322.5,307649.0,24000000.0,51000000.0,27.55,28.16,185.79,1496383773
Influxcoin,INFX,307,0.182399,0.00007541,5033.69,305223.0,1673383.0,1673383.0,1.4,5.4,-47.79,1496383765
CacheCoin,CACH,308,0.0846516,0.00003500,9039.14,305031.0,3603369.0,3603369.0,-7.66,-53.25,,1496383751
ParkByte,PKB,309,0.0616747,0.00002550,1183.49,293820.0,4764026.0,4764026.0,1.83,15.85,13.32,1496383762
Asiadigicoin,ADCN,310,0.0117079,0.00000484,901.88,291890.0,24931054.0,210000000.0,-1.15,-3.97,-29.19,1496383768
Quatloo,QTL,311,0.0380906,0.00001575,27144.5,283254.0,7436313.0,7436313.0,0.17,-17.71,-17.82,1496383753
KibiCoin,KIC,312,0.0187749,0.00000776,533.376,274985.0,14646400.0,14646400.0,-0.03,,,1496383792
MTMGaming,MTM,313,0.0915047,0.00003783,875.426,274514.0,3000000.0,5000000.0,-5.96,67.93,111.44,1496383786
Karbowanec,KRB,314,0.0770813,0.00003187,5465.85,272541.0,3535763.0,3535763.0,-2.8,-2.99,-7.87,1496383776
Zoin,ZOI,315,0.0248136,0.00001026,1503.77,266559.0,10742450.0,10742450.0,0.23,13.48,-17.48,1496383780
Atomic Coin,ATOM,316,0.0260163,0.00001076,794.555,261430.0,10048700.0,10048700.0,-1.8,6.13,-6.33,1496383779
Bytecent,BYC,317,0.161225,0.00006666,14543.6,261341.0,1620968.0,1620968.0,0.06,-5.34,-13.36,1496383758
Neutron,NTRN,318,0.0200239,0.00000828,3101.45,252655.0,12617684.0,12617684.0,-0.19,12.65,134.49,1496383761
Sexcoin,SXC,319,0.00205528,0.00000085,3594.94,251839.0,122532726.0,122532726.0,0.06,-6.64,2.14,1496383744
UltraCoin,UTC,320,0.00578049,0.00000239,4724.82,249125.0,43097615.0,43097615.0,1.07,10.2,38.04,1496383746
Rubies,RBIES,321,0.0228304,0.00000944,2348.25,236831.0,10373505.0,10373505.0,2.57,-2.8,-16.24,1496383768
8Bit,8BIT,322,0.201384,0.00008326,3255.91,234495.0,1164415.0,1164415.0,-0.67,0.48,-38.23,1496383761
LiteBar,LTB,323,0.326361,0.00013494,929.936,210651.0,645455.0,645455.0,0.09,13.92,9.79,1496383749
PRCoin,PRC,324,0.0220017,0.00000910,26267.4,207709.0,9440600.0,789440600.0,-4.96,3.72,-7.21,1496383785
NuBits,USNBT,325,0.998119,0.00041268,42088.3,196402.0,196772.0,838087.0,0.41,-0.46,-1.77,1496383756
Torcoin,TOR,326,0.748464,0.00030946,3643.48,196236.0,262185.0,1262185.0,0.83,-9.42,-32.13,1496383789
Cryptojacks,CJ,327,0.000464807,0.00000019,654.004,188976.0,406568581.0,406568581.0,32.97,95.23,59.76,1496383774
42-coin,42,328,4450.38,1.84005,663.983,186916.0,42.0,42.0,0.1,1.9,28.61,1496383745
GoldBlocks,GB,329,0.0123152,0.00000509,2610.76,183084.0,14866540.0,14866540.0,-7.28,13.66,2.21,1496383773
Kobocoin,KOBO,330,0.00736188,0.00000304,523.42,181840.0,24700248.0,24700248.0,0.19,-37.79,-54.45,1496383759
Tattoocoin (Standard Edition),TSE,331,0.00156856,0.00000065,1541.3,179398.0,114370865.0,604370865.0,12.12,19.5,8.35,1496383783
UnbreakableCoin,UNB,332,0.0744622,0.00003079,6157.98,169636.0,2278150.0,2278150.0,-1.0,0.96,4.19,1496383751
Netko,NETKO,333,0.0669021,0.00002766,1168.5,162915.0,2435118.0,2435118.0,1.15,-2.05,-21.43,1496383786
Fastcoin,FST,334,0.00127042,0.00000053,1866.15,161044.0,126764507.0,126764507.0,-4.67,16.29,16.4,1496383743
bitBTC,BITBTC,335,2456.94,1.01585,46358.7,157441.0,64.0,64.0,1.1,5.29,-1.71,1496383756
Flycoin,FLY,336,0.730277,0.00030194,1368.9,153946.0,210806.0,210806.0,0.19,-29.47,73.14,1496383765
TheGCCcoin,GCC,337,0.0210662,0.00000871,1141.59,148237.0,7036744.0,867036744.0,-0.0,-2.05,-26.83,1496383784
Greencoin,GREV2,338,0.0000483723,0.00000002,2253.48,147922.0,3057992641.0,3057992641.0,14.58,1.82,25.21,1496383754
PipCoin,PIP,339,0.0215257,0.00000890,1332.36,141492.0,6573177.0,6999979.0,0.32,55.88,-4.21,1496383778
Piggycoin,PIGGY,340,0.000289708,0.00000012,1963.24,140164.0,483810269.0,483810269.0,0.66,7.9,-43.64,1496383752
BERNcash,BERN,341,0.00190966,0.00000079,549.916,136033.0,71234301.0,71234301.0,-0.81,18.46,48.25,1496383770
HoboNickels,HBN,342,0.00273315,0.00000113,718.522,132700.0,48552078.0,48552078.0,0.19,4.41,99.84,1496383744
bitSilver,BITSILVER,343,20.235,0.00836635,16780.6,123769.0,6117.0,6117.0,-0.96,4.79,5.18,1496383759
DigitalPrice,DP,344,0.00538225,0.00000223,1479.96,121931.0,22654219.0,22654219.0,-3.26,-15.6,22.69,1496383756
bitGold,BITGOLD,345,2181.92,0.902136,13101.8,119188.0,55.0,55.0,40.19,49.62,54.99,1496383759
Machinecoin,MAC,346,0.00607073,0.00000251,2774.79,118717.0,19555650.0,19555650.0,-0.86,4.01,-10.02,1496383759
bitEUR,BITEUR,347,1.13647,0.00046989,11916.0,116034.0,102100.0,102100.0,-0.17,-1.6,0.84,1496383762
Pascal Lite,PASL,348,0.0586273,0.00002424,2518.21,115733.0,1974050.0,1974050.0,-1.06,-19.69,-44.84,1496383786
MojoCoin,MOJO,349,0.0095764,0.00000396,1594.27,115453.0,12055966.0,12055966.0,0.23,5.84,-35.3,1496383770
Rimbit,RBT,350,0.000996342,0.00000041,761.992,115077.0,115499623.0,393459356.0,5.19,7.53,10.63,1496383758
LanaCoin,LANA,351,0.000145063,0.00000006,526.747,108554.0,748323266.0,748323266.0,0.23,-0.53,19.02,1496383771
CHNCoin,CNC,352,0.00422708,0.00000175,13927.4,106777.0,25260247.0,170109984.0,-4.54,-0.81,-27.49,1496383745
Sumokoin,SUMO,353,0.220263,0.00009107,7734.08,100103.0,454471.0,9343360.0,-19.06,3.05,,1496383793
QuazarCoin,QCN,354,0.0169303,0.00000700,862.201,96673.0,5710072.0,5710072.0,0.18,7.35,-5.56,1496383751
Eryllium,ERY,355,0.021204,0.00000877,3430.89,92326.0,4354170.0,14354170.0,-0.39,1.44,-45.59,1496383784
Phoenixcoin,PXC,356,0.00154706,0.00000064,938.679,89530.0,57870775.0,57870775.0,0.23,48.82,15.35,1496383742
Digital Rupees,DRS,357,0.000169303,0.00000007,3805.79,86480.0,510802961.0,510802961.0,0.23,-20.38,23.58,1496383784
Emerald Crypto,EMD,358,0.00423258,0.00000175,3238.66,80915.0,19117129.0,19117129.0,0.77,11.67,41.75,1496383742
Spots,SPT,359,0.00359511,0.00000149,615.33,80552.0,22406021.0,22406021.0,-21.88,23.54,34.6,1496383743
Freicoin,FRC,360,0.00266048,0.00000110,17772.0,74238.0,27903872.0,100000000.0,0.23,1.83,2.93,1496383765
Gapcoin,GAP,361,0.00662701,0.00000274,13584.8,72108.0,10880984.0,10880984.0,-0.78,3.34,23.63,1496383757
Kurrent,KURT,362,0.00664734,0.00000275,1167.66,65938.0,9919485.0,21319485.0,-16.74,-7.37,7.64,1496383780
MCAP,MCAP,363,6.57131,0.00271697,263370.0,65746.0,10005.0,100000000.0,3.82,6.4,,1496383793
CrevaCoin,CREVA,364,0.0017596,0.00000073,12297.2,64033.0,36390750.0,6240390800.0,1.52,-2.26,-13.71,1496383762
Chronos,CRX,365,0.000824134,0.00000034,547.499,60763.0,73729962.0,73729962.0,0.49,28.0,25.42,1496383774
Wexcoin,WEX,366,0.339479,0.00014036,3472.46,56840.0,167434.0,10000167434.0,-4.68,-9.72,5.16,1496383777
NevaCoin,NEVA,367,0.0305514,0.00001263,762.432,55364.0,1812175.0,1812175.0,10.42,17.49,28.06,1496383770
Acoin,ACOIN,368,0.0430943,0.00001782,10166.3,52579.0,1220085.0,1220085.0,0.24,8.83,-31.28,1496383756
Argentum,ARG,369,0.00684469,0.00000283,913.622,51360.0,7503589.0,7503589.0,-0.98,-26.4,-8.98,1496383742
Prime-XI,PXI,370,0.00323296,0.00000134,1543.73,47813.0,14789285.0,14789285.0,-1.3,4.34,74.8,1496383756
Philosopher Stones,PHS,371,0.0195424,0.00000808,3772.19,47473.0,2429219.0,2429219.0,0.19,4.37,3.78,1496383743
Allion,ALL,372,0.00641488,0.00000265,2465.78,39768.0,6199359.0,7323359.0,-0.02,-0.46,-28.47,1496383786
MACRON,MCRN,373,0.0000976179,0.00000004,1501.55,39186.0,401421401.0,401421401.0,31.61,12.96,61.08,1496383789
Independent Money System,IMS,374,0.00699873,0.00000289,1072.63,37576.0,5368934.0,5368934.0,3.98,1.37,-11.26,1496383769
Rawcoin,XRC,375,0.047163,0.00001950,3015.34,33244.0,704882.0,704882.0,0.23,22.26,225.88,1496383780
Hexx,HXX,376,0.0232525,0.00000961,530.464,31452.0,1352611.0,1352611.0,29.24,-22.38,-35.49,1496383762
LevoPlus,LVPS,377,0.0717015,0.00002965,5431.77,29433.0,410497.0,91410497.0,14.29,-2.53,-10.4,1496383786
Honey,HONEY,378,0.397908,0.00016452,1028.49,27180.0,68306.0,68306.0,0.57,-12.36,-56.43,1496383786
BeaverCoin,BVC,379,0.00868284,0.00000359,660.352,27049.0,3115258.0,3115258.0,1.5,-0.34,-15.9,1496383756
Kittehcoin,MEOW,380,0.0000009915,0.0000000004,2007.35,23702.0,23905669976.0,23905669976.0,8.61,49.72,69.53,1496383746
PIECoin,PIE,381,0.00031442,0.00000013,571.835,22658.0,72064013.0,72064013.0,0.23,0.0,-24.87,1496383785
Marijuanacoin,MAR,382,0.0365937,0.00001513,3820.03,19127.0,522690.0,522690.0,-2.63,-28.42,-23.92,1496383784
Eurocoin,EUC,383,0.00147536,0.00000061,1137.86,17306.0,11730325.0,11730325.0,-0.24,4.78,-19.64,1496383764
AllSafe,ASAFE,384,0.0000188203,0.000000008,3880.71,13362.0,710000000.0,710000000.0,0.03,876.67,390.61,1496383779
Beatcoin,XBTS,385,0.00682464,0.00000282,1936.46,10405.0,1524686.0,2524686.0,2.89,24.78,8.18,1496383777
Ebittree Coin,EBT,386,0.0118512,0.00000490,923.912,10314.0,870330.0,810870330.0,0.23,0.6,6.99,1496383789
Bitvolt,VOLT,387,0.000677213,0.00000028,517.397,10234.0,15112554.0,60132654.0,3.89,-18.54,-25.47,1496383790
BenjiRolls,BENJI,388,0.000459537,0.00000019,5239.05,8705.0,18943886.0,18943886.0,1.97,-1.41,-22.21,1496383783
Digital Money Bits,DMB,389,0.0146903,0.00000607,17457.2,4469.0,304200.0,10304200.0,-4.26,-2.45,54.97,1496383792
Environ,ENV,390,0.0000241803,0.000000010,2128.92,3171.0,131129509.0,931129509.0,0.18,1.81,-95.53,1496383791
Powercoin,PWR,391,0.0000241862,0.00000001,1333.51,1209.0,49983870.0,49983870.0,0.23,1.83,-1.74,1496383773
Gold Pressed Latinum,GPL,392,0.194892,0.00008058,8851.83,,,203927.0,0.17,-4.02,19.53,1496383791
SnakeEyes,SNAKE,393,0.14467,0.00005982,616.005,,,10000000.0,0.08,23.08,28.08,1496383791
SuperNET,UNITY,394,13.348,0.00551886,107.963,10892782.0,816061.0,816061.0,0.48,-7.43,78.55,1496383756
Arcade Token,ARC,395,3.74133,0.00167261,,10777041.0,2880537.0,2880537.0,,,50.38,1496180681
Jinn,JINN,396,48.5495,0.0200732,485.495,2850001.0,58703.0,1000000.0,0.38,7.24,11.87,1496383757
XCurrency,XC,397,0.435351,0.00018,353.118,2527997.0,5806802.0,5806802.0,0.23,0.02,-5.97,1496383752
InstantDEX,DEX,398,2.39022,0.00098826,346.583,2390220.0,1000000.0,1000000.0,0.26,7.24,-2.54,1496383756
AsiaCoin,AC,399,0.0028133,0.00000116,154.768,2360626.0,839095081.0,839095081.0,0.25,7.53,-26.15,1496383751
Project Decorum,PDC,400,0.0378755,0.00001566,387.969,1893775.0,50000000.0,50000000.0,0.23,2.37,-10.4,1496383772
Bitpark Coin,BPC,401,0.0205341,0.00000849,286.247,1540058.0,75000000.0,100000000.0,0.23,24.22,9.14,1496383783
NewYorkCoin,NYC,402,0.0000241861,0.000000010,248.635,1444392.0,59719935819.0,59719935819.0,0.23,1.84,23.54,1496383750
Joincoin,J,403,0.5588,0.00023104,444.106,1368167.0,2448402.0,2448402.0,0.19,-42.57,468.95,1496383754
InsaneCoin,INSANE,404,0.0722972,0.00002989,267.658,1326001.0,18340973.0,18340973.0,0.99,-4.27,30.6,1496383779
Pangea Poker,PANGEA,405,0.931256,0.00038504,11.1751,930653.0,999352.0,1000000.0,0.26,7.24,,1496383758
DubaiCoin,DBIC,406,0.162085,0.00006702,259.308,831336.0,5129014.0,6146942.0,0.66,-3.76,1.32,1496383769
Woodcoin,LOG,407,0.102598,0.00004242,287.316,824395.0,8035193.0,8035193.0,0.18,-10.53,-3.95,1496383760
ShadowCash,SDC,408,0.122958,0.00005084,413.514,819763.0,6667017.0,6667017.0,0.23,1.41,-24.64,1496383754
Pandacoin,PND,409,0.0000241862,0.00000001,332.275,786412.0,32514916898.0,32514916898.0,0.23,1.82,-1.74,1496383752
Ultimate Secure Cash,USC,410,0.0725585,0.00003000,120.931,750481.0,10343113.0,38602656.0,0.18,24.03,-17.21,1496383788
Carboncoin,CARBON,411,0.0000483723,0.00000002,7.7033,744543.0,15391933321.0,15391933321.0,0.23,1.82,-1.71,1496383754
Casino,CASINO,412,0.688023,0.00028447,12.3844,688023.0,1000000.0,1000000.0,48.61,192.43,21.96,1496383786
CageCoin,CAGE,413,0.0000058352,0.000000002,208.849,590342.0,101168328395,101168328395,6.91,56.98,-13.1,1496383747
SmileyCoin,SMLY,414,0.0000221625,0.000000009,66.8242,575344.0,25960250000.0,25960250000.0,-1.67,-4.11,29.35,1496383759
Tao,XTO,415,0.0187206,0.00000774,223.708,567540.0,30316319.0,32316319.0,3.46,7.89,-12.58,1496383777
Cryptofund,FUND,416,0.5588,0.0002553,,558800.0,1000000.0,1000000.0,,,-18.37,1495948164
E-Currency Coin ,ECC,417,0.0000241862,0.00000001,1.19066,533562.0,22060603799.0,22060603799.0,0.23,1.82,-1.71,1496383748
HitCoin,HTC,418,0.0000483723,0.00000002,168.506,531917.0,10996318099.0,20996318099.0,0.23,1.83,96.51,1496383771
Shorty,SHORTY,419,0.00501117,0.00000210,,501117.0,100000000.0,100000000.0,,0.47,78.71,1496365479
CasinoCoin,CSC,420,0.0118491,0.00000490,302.797,457389.0,38601187.0,38601187.0,0.79,10.62,-11.64,1496383743
YashCoin,YASH,421,0.0447444,0.00001850,369.81,447449.0,10000116.0,10000116.0,-0.32,-67.04,21.79,1496383782
ReeCoin,REE,422,0.0353146,0.00001460,169.026,436761.0,12367704.0,6662367704.0,-2.87,-14.98,-11.83,1496383774
Colossuscoin V2,CV2,423,0.0000191494,0.000000008,311.203,424893.0,22188325273.0,22188325273.0,-0.27,8.33,-59.2,1496383760
Dashcoin,DSH,424,0.024128,0.00000998,330.007,417211.0,17291579.0,17291579.0,0.54,-4.66,-0.92,1496383757
BitBar,BTB,425,11.697,0.00483622,409.013,381099.0,32581.0,32581.0,0.32,-1.33,-3.03,1496383741
Orbitcoin,ORB,426,0.125135,0.00005174,22.2277,369816.0,2955338.0,2955338.0,0.13,1.32,1.32,1496383744
LTBcoin,LTBC,427,0.000742106,0.00000032,,366499.0,493863915.0,493863915.0,,,,1496287754
FuelCoin,FC2,428,0.00360374,0.00000149,3.76869,365464.0,101412390.0,101412390.0,0.18,1.82,,1496383752
RussiaCoin,RC,429,0.0427612,0.00001768,0.29016,351345.0,8216446.0,8216446.0,0.23,1.95,2.26,1496383767
SuperCoin,SUPER,430,0.00846516,0.00000350,84.6434,348389.0,41155630.0,41155630.0,0.23,,,1496383752
Trollcoin,TROLL,431,0.000607749,0.00000025,228.091,336519.0,553714382.0,553714382.0,-3.26,-0.6,-11.62,1496383756
Crypto Bullion,CBX,432,0.329982,0.00013643,74.4962,328607.0,995832.0,995832.0,0.19,31.62,-11.63,1496383742
Bitstar,BITS,433,0.0136401,0.00000564,87.5044,314810.0,23079737.0,23079737.0,1.42,50.66,89.16,1496383750
HOdlcoin,HODL,434,0.0031442,0.00000130,22.8248,291007.0,92553625.0,250000000.0,0.18,-12.33,20.55,1496383769
Rare Pepe Party,RAREPEPEPRTY,435,16.1275,0.0067095,,290295.0,18000.0,100000.0,,-9.18,-7.32,1496315982
SwagBucks,BUCKS,436,1.16534,0.00048182,4.79039,239482.0,205504.0,205504.0,2.47,0.08,-10.88,1496383768
SmartCoin,SMC,437,0.010416,0.00000431,69.1138,238445.0,22892142.0,22892142.0,0.26,21.43,-27.16,1496383746
BTCtalkcoin,TALK,438,0.00357833,0.00000161,,233631.0,65290635.0,65290635.0,,,-25.69,1496191750
The Cypherfunks,FUNK,439,0.0000050421,0.000000002,62.0264,222624.0,44153220000.0,44153220000.0,0.77,-3.75,-0.37,1496383762
VirtualCoin,VC,440,0.0214773,0.00000888,223.876,216154.0,10064287.0,10064287.0,0.18,13.02,43.78,1496383754
AgrolifeCoin,AGLC,441,0.0472658,0.00001990,,216054.0,4571046.0,204571046.0,,-0.01,100.22,1496301878
BitcoinTX,BTX,442,0.00263629,0.00000109,1.13675,213700.0,81060924.0,81060924.0,0.23,10.99,-45.39,1496383761
BritCoin,BRIT,443,0.00965028,0.00000399,165.978,205243.0,21268092.0,21268092.0,0.18,84.67,24.77,1496383753
Veltor,VLT,444,0.363107,0.00015013,165.767,201472.0,554855.0,554855.0,-20.7,-29.86,13.27,1496383777
Crave,CRAVE,445,0.157347,0.00006668,,196636.0,1249695.0,1249695.0,,-0.65,162.53,1496344460
Pesobit,PSB,446,0.00592561,0.00000245,301.531,193582.0,32668699.0,32668699.0,-2.56,-6.91,-14.44,1496383778
BillaryCoin,BLRY,447,0.020268,0.00000838,25.5152,182071.0,8983158.0,8983158.0,0.23,20.18,-21.13,1496383773
Bitz,BITZ,448,0.0892373,0.00003720,,177662.0,1990891.0,1990891.0,,0.99,-1.96,1496351362
Tristar Coin,TSTR,449,0.0343849,0.00001500,,172882.0,5027857.0,255027857.0,,,42.54,1496271895
Zero,ZER,450,0.229769,0.00009500,146.249,170578.0,742390.0,742390.0,0.23,-2.11,-8.54,1496383786
NetCoin,NET,451,0.000215932,0.00000009,227.656,169966.0,787126712.0,787126712.0,0.25,-2.17,-13.41,1496383744
Vault Coin,VLTC,452,0.00513269,0.00000212,109.051,152561.0,29723380.0,529723380.0,0.28,3.91,0.72,1496383781
Titcoin,TIT,453,0.00299625,0.00000124,103.208,149507.0,49898202.0,49898202.0,1.29,-0.05,-21.97,1496383754
LottoCoin,LOT,454,0.0000100439,0.000000004,17.8291,145546.0,14491014421.0,14491014421.0,0.58,21.3,7.44,1496383746
Truckcoin,TRK,455,0.00111242,0.00000046,26.4968,136820.0,122993330.0,122993330.0,0.18,20.24,83.26,1496383753
TEKcoin,TEK,456,0.0000967447,0.00000004,440.397,136802.0,1414054562.0,1414054562.0,0.18,2.4,124.31,1496383751
Stress,STS,457,0.000241862,0.00000010,1.02549,136685.0,565134332.0,565134332.0,0.23,,,1496383770
Cannacoin,CCN,458,0.0289508,0.00001197,97.7539,136001.0,4697672.0,4697672.0,0.23,-4.26,29.27,1496383750
PureVidz,VIDZ,459,0.000985661,0.00000041,249.141,123389.0,125184028.0,125184028.0,1.7,-32.87,1.44,1496383782
Bitcurrency,BTCR,460,0.000713201,0.00000029,107.971,119939.0,168170484.0,168170484.0,0.23,0.28,32.74,1496383780
MetalCoin,METAL,461,0.00154791,0.00000064,5.85782,119074.0,76925527.0,76925527.0,0.23,-17.5,-16.12,1496383759
GAIA,GAIA,462,0.00466575,0.00000198,,112451.0,24101381.0,24101381.0,,-0.79,-12.62,1496340859
PetroDollar,XPD,463,0.00168139,0.00000070,208.715,107598.0,63993275.0,63993275.0,51.27,12.07,14.26,1496383749
Coin(O),CNO,464,0.00103962,0.00000043,12.0734,107194.0,103108746.0,103108746.0,13.32,-6.88,19.2,1496383750
C-Bit,XCT,465,0.000798144,0.00000033,52.871,105182.0,131783750.0,131783750.0,0.23,5.42,-2.92,1496383769
HyperStake,HYP,466,0.000266142,0.00000011,135.564,102677.0,385796097.0,385796097.0,0.21,2.45,21.6,1496383754
Pakcoin,PAK,467,0.00274005,0.00000113,284.748,100334.0,36617600.0,36617600.0,2.12,-1.53,-23.35,1496383764
Sterlingcoin,SLG,468,0.0257219,0.00001064,22.1602,99831.0,3881156.0,3881156.0,0.24,2.18,-6.55,1496383756
BigUp,BIGUP,469,0.0000483723,0.00000002,6.84524,99363.0,2054128232.0,2054128232.0,0.23,103.65,27.01,1496383770
Swing,SWING,470,0.0434911,0.00001798,9.66628,99025.0,2276907.0,2276907.0,0.18,-26.02,-7.78,1496383765
Dollarcoin,DLC,471,0.0107145,0.00000443,10.5495,97574.0,9106714.0,9106714.0,-0.04,11.38,,1496383777
Coin2.1,C2,472,0.00095752,0.00000040,233.575,95729.0,99976323.0,99976323.0,0.28,10.23,-19.21,1496383753
GlobalBoost-Y,BSTY,473,0.00839605,0.00000347,77.8589,95702.0,11398430.0,11398430.0,-0.09,0.6,20.99,1496383756
Xiaomicoin,MI,474,0.000222144,0.00000009,134.664,90222.0,406141855.0,406141855.0,-0.09,-28.68,-7.74,1496383764
TittieCoin,TTC,475,0.0000715613,0.00000003,110.591,90154.0,1259816434.0,1259816434.0,0.26,21.36,-2.66,1496383758
FlutterCoin,FLT,476,0.000277399,0.00000011,8.32425,89382.0,322214524.0,322214524.0,1.25,6.37,-3.24,1496383750
WayGuide,WAY,477,0.000870702,0.00000036,2.69831,87106.0,100040708.0,100040708.0,,1.83,7.72,1496383777
CorgiCoin,CORG,478,0.0000695792,0.00000003,8.39319,87103.0,1251855418.0,1251855418.0,-0.04,15.48,-61.33,1496383748
PayCoin,XPY,479,0.00741409,0.00000307,2.07277,86764.0,11702559.0,11752559.0,0.18,4.04,-64.94,1496383758
BunnyCoin,BUN,480,0.0000008380,0.0000000003,142.173,84980.0,101409363061,101409363061,-5.42,11.66,6.27,1496383755
Elementrem,ELE,481,0.00331349,0.00000137,139.378,82891.0,25016339.0,25016339.0,1.9,2.13,-33.48,1496383776
KiloCoin,KLC,482,0.000411165,0.00000017,73.0478,80711.0,196297971.0,10025186872.0,0.23,8.19,13.84,1496383768
Darsek,KED,483,0.00773882,0.00000320,26.3233,76271.0,9855576.0,9855576.0,0.18,0.26,-27.16,1496383788
GameUnits,UNITS,484,0.0219064,0.00000906,133.435,75928.0,3465999.0,3465999.0,0.23,-12.46,-10.26,1496383782
UFO Coin,UFO,485,0.0000229521,0.00000001,,75429.0,3286365012.0,3286365012.0,,,-7.29,1496273048
Guncoin,GUN,486,0.000411089,0.00000017,42.745,74846.0,182067478.0,182067478.0,0.23,15.38,64.04,1496383751
Triangles,TRI,487,1.00416,0.00041518,10.3921,73195.0,72891.0,72891.0,0.19,-13.51,-6.95,1496383753
Artex Coin,ATX,488,0.00374268,0.00000155,69.8659,69970.0,18695075.0,268695075.0,-0.57,4.8,45.7,1496383776
Blakecoin,BLC,489,0.00585305,0.00000242,23.302,69714.0,11910789.0,11910789.0,0.23,1.82,-5.34,1496383746
Valorbit,VAL,490,0.0000241862,0.00000001,12.5768,69469.0,2872257751.0,922340072257751,0.23,1.82,-1.74,1496383771
SproutsExtreme,SPEX,491,0.0000241862,0.00000001,12.5768,69332.0,2866607586.0,2866607586.0,0.23,1.82,,1496383769
NoLimitCoin,NLC2,492,0.000338606,0.00000014,31.6048,67876.0,200458599.0,200458599.0,0.23,-10.9,-41.56,1496383777
HempCoin,HMP,493,0.0000483723,0.00000002,27.5722,65623.0,1356620042.0,2856620042.0,0.23,1.82,91.11,1496383770
AmberCoin,AMBER,494,0.0014952,0.00000063,,65255.0,43643263.0,43643263.0,,-0.08,-16.76,1496347159
Yacoin,YAC,495,0.000556282,0.00000023,4.44053,64588.0,116107201.0,116107201.0,0.19,1.83,-5.75,1496383741
CCMiner,CCM100,496,0.0266406,0.00001101,35.6718,64373.0,2416354.0,6000000.0,-0.0,18.94,-5.13,1496383784
Debitcoin,DBTC,497,0.00355537,0.00000147,42.8099,63968.0,17991975.0,25991975.0,0.23,12.19,8.9,1496383774
ChessCoin,CHESS,498,0.0011764,0.00000049,31.1071,63485.0,53965137.0,53965137.0,2.56,-0.63,30.27,1496383773
PonziCoin,PONZI,499,0.0725343,0.00002999,294.546,62459.0,861099.0,861099.0,0.2,45.41,28.17,1496383772
Ratecoin,XRA,500,0.000583449,0.00000024,102.177,61889.0,106074510.0,106074510.0,4.33,13.17,-21.33,1496383762
Bitcloud,BTD,501,0.00536933,0.00000222,47.098,59799.0,11137223.0,11137223.0,0.23,-26.52,66.57,1496383776
Jin Coin,JIN,502,0.00604654,0.00000250,0.302327,59549.0,9848485.0,9848485.0,0.23,-5.31,,1496383777
RevolverCoin,XRE,503,0.00261211,0.00000108,193.673,56925.0,21792536.0,21792536.0,0.23,30.92,-2.67,1496383773
Aricoin,ARI,504,0.000387605,0.00000016,0.978502,54366.0,140262505.0,140262505.0,5.45,21.36,19.36,1496383747
AquariusCoin,ARCO,505,0.0441439,0.00001825,159.649,53927.0,1221625.0,1221625.0,1.99,18.46,31.71,1496383772
KushCoin,KUSH,506,0.00986796,0.00000408,30.6795,53223.0,5393466.0,5393466.0,0.23,-7.26,-18.05,1496383784
Zayedcoin,ZYD,507,0.00810237,0.00000335,24.1126,50590.0,6243840.0,6243840.0,0.23,1.82,-17.51,1496383778
Eternity,ENT,508,0.0164152,0.00000679,158.396,50235.0,3060257.0,3060257.0,0.22,-4.78,-33.04,1496383781
SatoshiMadness,MAD,509,0.0000241862,0.00000001,121.173,48389.0,2000683485.0,2000683485.0,0.23,1.82,-1.71,1496383764
Nyancoin,NYAN,510,0.000161093,0.00000007,61.4432,47988.0,297891209.0,297891209.0,-17.14,-32.76,2.7,1496383746
MarteXcoin,MXT,511,0.0175102,0.00000724,0.191439,47771.0,2728161.0,2728161.0,-17.21,43.68,-40.92,1496383772
AurumCoin,AU,512,0.161104,0.00006661,181.937,47722.0,296216.0,296216.0,0.71,-17.32,-19.08,1496383757
Francs,FRN,513,0.0275677,0.00001140,173.371,47254.0,1714100.0,1714100.0,0.13,-2.92,20.38,1496383769
DigiCube,CUBE,514,0.0000193881,0.000000008,0.00362201,47096.0,2429126009.0,2429126009.0,0.61,,-21.21,1496383766
Sativacoin,STV,515,0.00657363,0.00000274,,46520.0,7076833.0,7076833.0,,54.54,9.49,1496351959
MiloCoin,MILO,516,0.00450902,0.00000186,109.506,46392.0,10288604.0,10288604.0,-14.87,10.64,52.34,1496383786
Tigercoin,TGC,517,0.00106419,0.00000044,155.266,46331.0,43536800.0,43536800.0,0.23,28.01,44.16,1496383744
PX,PX,518,0.000580468,0.00000024,99.7932,44564.0,76772443.0,76772443.0,0.23,22.2,,1496383776
BurstOcean,OCEAN,519,0.207334,0.00008572,17.2294,43919.0,211827.0,1000000.0,0.08,29.67,45.35,1496383786
AmsterdamCoin,AMS,520,0.00453495,0.00000188,174.255,43552.0,9603707.0,16803707.0,0.23,-0.07,7.78,1496383764
RedCoin,RED,521,0.000580468,0.00000024,19.7907,43017.0,74107896.0,74107896.0,-7.48,-7.18,-36.77,1496383747
ICOBID,ICOB,522,0.000412519,0.00000017,404.251,42845.0,103862796.0,103862796.0,0.21,-7.58,2.41,1496383783
Evotion,EVO,523,0.0171117,0.00000707,181.778,42253.0,2469220.0,2469220.0,0.18,-16.86,-65.57,1496383767
Joulecoin,XJO,524,0.00128522,0.00000053,35.898,41451.0,32252432.0,32252432.0,-9.35,-1.68,12.36,1496383743
UniCoin,UNIC,525,0.0141281,0.00000584,167.332,41129.0,2911170.0,2911170.0,0.23,2.29,11.93,1496383762
UCoin,U,526,0.0149954,0.00000620,9.03339,40335.0,2689812.0,2689812.0,0.23,1.82,-2.96,1496383758
808Coin,808,527,0.000193928,0.00000008,159.816,39907.0,205782473.0,205782473.0,0.22,-5.44,13.24,1496383775
Lex4All,LEX,528,0.0388026,0.00001604,178.259,38804.0,1000043.0,5000000.0,-28.06,-12.11,-16.68,1496383787
CoExistCoin,COXST,529,0.00141141,0.00000058,29.0892,38304.0,27138905.0,27138905.0,3.16,-5.2,-43.06,1496383771
Bolivarcoin,BOLI,530,0.00583487,0.00000241,438.487,37804.0,6478925.0,6478925.0,-6.47,4.76,33.51,1496383768
BTCDragon,DRAGON,531,0.092663,0.00003831,101.929,37449.0,404146.0,1000000.0,0.08,-46.78,-30.24,1496383784
OctoCoin,888,532,0.000768685,0.00000032,128.545,37174.0,48360628.0,48360628.0,0.21,-33.5,30.11,1496383750
Franko,FRK,533,0.0573696,0.00002372,1.36712,36542.0,636950.0,636950.0,0.18,,-49.3,1496383744
SpaceCoin,SPACE,534,0.00203545,0.00000084,3.45596,36215.0,17791899.0,17791899.0,0.17,-0.32,4.23,1496383764
WMCoin,WMC,535,0.00309583,0.00000128,0.479225,35687.0,11527489.0,911527489.0,0.23,7.72,,1496383772
Photon,PHO,536,0.0000019637,0.0000000008,38.4163,35021.0,17833740943.0,17833740943.0,-0.43,25.77,33.62,1496383748
Cypher,CYP,537,0.00546607,0.00000226,247.328,34793.0,6365285.0,6365285.0,0.23,12.25,,1496383761
PopularCoin,POP,538,0.0000104046,0.000000004,34.8284,34779.0,3342649356.0,3342649356.0,-0.35,8.04,14.54,1496383750
Universal Currency,UNIT,539,0.00265554,0.00000110,110.742,34645.0,13046431.0,13046431.0,0.19,67.7,-46.53,1496383761
Dobbscoin,BOB,540,0.00662701,0.00000274,0.94024,33535.0,5060382.0,5060382.0,0.18,1.09,2.02,1496383755
Evil Coin,EVIL,541,0.00152124,0.00000063,0.875599,31977.0,21020383.0,21020383.0,2.56,-1.21,-1.72,1496383768
FlavorCoin,FLVR,542,0.00151932,0.00000063,9.28961,31751.0,20898106.0,20898106.0,2.87,10.96,91.96,1496383768
CryptoWorldX Token,CWXT,543,0.000580468,0.00000024,9.61178,31737.0,54674630.0,54674630.0,0.23,11.09,-8.38,1496383785
Uro,URO,544,0.0260485,0.00001077,71.7816,31449.0,1207310.0,1207310.0,0.18,-0.99,-10.29,1496383752
PayCon,CON,545,0.00134199,0.00000055,38.0858,30923.0,23042604.0,23042604.0,0.19,2.53,-5.66,1496383759
RonPaulCoin,RPC,546,0.0389704,0.00001611,17.5642,30743.0,788881.0,788881.0,0.22,-3.23,-6.4,1496383745
Solarflarecoin,SFC,547,0.00220094,0.00000091,295.883,30194.0,13718650.0,13718650.0,0.18,2.37,-19.36,1496383783
NeuCoin,NEU,548,0.0000150087,0.000000006,1.56816,29879.0,1990764588.0,2014638413.0,2.99,44.09,-69.54,1496383765
Universe,UNI,549,0.00994052,0.00000411,96.2414,29474.0,2965054.0,14165054.0,-16.78,-3.02,-4.96,1496383788
Dreamcoin,DRM,550,0.0120275,0.00000503,,29311.0,2436996.0,2436996.0,,0.67,,1496330352
Bitzeny,ZNY,551,0.000386979,0.00000016,55.2702,29261.0,75614500.0,75614500.0,0.19,8.62,17.01,1496383762
SixEleven,611,552,0.069898,0.00002890,9.06858,28802.0,412051.0,412051.0,,-19.38,-73.01,1496383772
Zurcoin,ZUR,553,0.000362793,0.00000015,24.6526,28649.0,78968715.0,78968715.0,0.23,9.1,11.42,1496383772
Hommalicoin,HMC,554,11.7946,0.00496011,,28528.0,2419.0,1000000000.0,,-0.86,,1496299177
CryptoEscudo,CESC,555,0.000193489,0.00000008,27.5997,27883.0,144105100.0,594105100.0,14.55,16.37,12.29,1496383750
GoldPieces,GP,556,0.0227106,0.00000939,422.087,27711.0,1220161.0,1220161.0,-1.39,2.35,-19.21,1496383758
Creatio,XCRE,557,0.00132028,0.00000055,134.398,27093.0,20520514.0,20520514.0,0.23,-7.35,22.67,1496383781
X-Coin,XCO,558,0.00217676,0.00000090,10.8838,26959.0,12384976.0,12384976.0,0.19,14.56,1.68,1496383759
Unrealcoin,URC,559,0.00382142,0.00000158,19.6039,26843.0,7024402.0,7024402.0,0.23,,17.65,1496383761
SoonCoin,SOON,560,0.00215257,0.00000089,50.5101,26827.0,12462620.0,12462620.0,-0.88,1.82,-9.81,1496383759
BumbaCoin,BUMBA,561,0.00120931,0.00000050,23.7422,26538.0,21944482.0,21944482.0,0.18,-5.71,-22.03,1496383769
HealthyWormCoin,WORM,562,0.00169303,0.00000070,42.1197,25114.0,14834028.0,14834028.0,0.23,1.83,-52.84,1496383787
Grantcoin,GRT,563,0.000604654,0.00000025,153.419,24987.0,41325191.0,10041325191.0,0.18,,-1.03,1496383763
Destiny,DES,564,0.0154791,0.00000640,0.242104,24767.0,1600000.0,1600000.0,0.18,2.63,29.44,1496383768
AntiBitcoin,ANTI,565,0.0014028,0.00000058,1.4028,24500.0,17465159.0,17465159.0,0.18,1.92,36.74,1496383767
Theresa May Coin,MAY,566,0.0015721,0.00000065,109.579,24009.0,15272000.0,15272000.0,-6.93,-12.28,,1496383792
ARbit,ARB,567,0.00357811,0.00000149,,23145.0,6468435.0,6468435.0,,1.1,11.86,1496362165
PlatinumBAR,XPTX,568,0.1324,0.00005562,,23072.0,174263.0,174263.0,,0.22,30.69,1496364572
LeaCoin,LEA,569,0.0000818331,0.00000003,25.2479,22603.0,276206289.0,276206289.0,18.98,72.11,21.66,1496383760
B3Coin,B3,570,0.0719099,0.00002989,,22089.0,307176.0,307176.0,,11.54,26.45,1496372674
Ride My Car,RIDE,571,0.00021569,0.00000009,53.5515,21806.0,101096971.0,101096971.0,0.18,-0.32,-11.37,1496383784
BiosCrypto,BIOS,572,0.00104947,0.00000043,0.274173,21763.0,20737003.0,20737003.0,0.36,-9.77,43.78,1496383763
ParallelCoin,DUO,573,0.0744445,0.00003078,345.593,21402.0,287489.0,287489.0,-1.45,1.37,-33.55,1496383765
MindCoin,MND,574,0.00162047,0.00000067,0.242079,20331.0,12546625.0,12546625.0,0.23,1.82,1.7,1496383767
VIP Tokens,VIP,575,0.000241862,0.00000010,0.241862,20183.0,83450403.0,83450403.0,0.23,1.82,-1.74,1496383769
Flaxscript,FLAX,576,0.00365185,0.00000151,1.87407,20071.0,5496019.0,5496019.0,0.18,-0.3,6.21,1496383763
SongCoin,SONG,577,0.000615775,0.00000025,184.88,20053.0,32565300.0,32565300.0,0.23,22.45,-10.96,1496383760
DAPPSTER,DLISK,578,0.000193489,0.00000008,0.241862,19349.0,100000000.0,100000000.0,0.23,1.82,-12.66,1496383774
PLNcoin,PLNC,579,0.00111256,0.00000046,1.18045,19013.0,17089600.0,19089600.0,0.23,4.09,15.49,1496383749
IslaCoin,ISL,580,0.0125526,0.00000519,19.1754,19001.0,1513704.0,1513704.0,0.37,3.82,-14.69,1496383765
Magnum,MGM,581,0.00516496,0.00000225,,18734.0,3627145.0,253627145.0,,,10.01,1496272491
Impact,IMX,582,0.000169303,0.00000007,53.2096,18507.0,109314611.0,109314611.0,0.23,-14.5,-39.82,1496383788
Luna Coin,LUNA,583,0.0148729,0.00000615,225.116,18255.0,1227386.0,1227386.0,0.7,0.35,-7.92,1496383782
Alexium,AUM,584,0.000894888,0.00000037,1.23901,18164.0,20297336.0,20297336.0,0.23,-0.85,6.97,1496383763
SecretCoin,SCRT,585,0.00428095,0.00000177,0.428095,18103.0,4228672.0,4228672.0,0.23,3.59,27.88,1496383767
BipCoin,BIP,586,0.0127703,0.00000528,43.1125,17162.0,1343889.0,1343889.0,0.23,-5.17,-40.04,1496383779
Halcyon,HAL,587,0.00365211,0.00000151,14.8572,16976.0,4648307.0,4648307.0,0.18,1.16,-23.1,1496383754
GameBet Coin,GBT,588,0.000798144,0.00000033,0.665096,16971.0,21262780.0,22262780.0,0.23,,-1.71,1496383770
Vector,VEC2,589,0.00106419,0.00000044,103.078,16858.0,15841214.0,15841214.0,0.23,-49.66,-44.54,1496383764
Steps,STEPS,590,0.000894888,0.00000037,0.447444,16667.0,18625017.0,18625017.0,0.23,1.82,0.98,1496383769
Litecred,LTCR,591,0.0005493,0.00000023,150.041,16604.0,30227750.0,30227750.0,0.18,-38.75,76.19,1496383767
Sling,SLING,592,0.0151647,0.00000627,14.3119,16288.0,1074095.0,1074095.0,0.23,1.5,11.45,1496383761
Orlycoin,ORLY,593,0.000435351,0.00000018,0.992141,15954.0,36646779.0,36646779.0,0.23,1.83,17.33,1496383770
Blackstar,BSTAR,594,0.0000241862,0.00000001,103.935,15257.0,630795971.0,630795971.0,0.18,1.83,-1.71,1496383781
AnarchistsPrime,ACP,595,0.00344029,0.00000142,151.655,15120.0,4394874.0,4394874.0,0.23,3.39,-1.26,1496383763
Metal Music Coin,MTLMC3,596,0.00018941,0.00000008,22.9564,15100.0,79719140.0,79719140.0,0.23,21.21,33.95,1496383762
BowsCoin,BSC,597,0.00270885,0.00000112,2.08765,15034.0,5550102.0,5550102.0,0.23,,58.59,1496383763
MustangCoin,MST,598,0.0234172,0.00000968,39.9476,14723.0,628707.0,628707.0,1.04,-1.23,-48.83,1496383778
Prototanium,PR,599,0.0741998,0.00003068,214.083,14429.0,194462.0,194462.0,-17.61,-25.14,-26.43,1496383765
Sprouts,SPRTS,600,0.0000000825,0.00000000003,30.7922,14397.0,174406795586,174406795586,3.25,-22.16,-72.92,1496383763
FuzzBalls,FUZZ,601,0.00297753,0.00000123,358.646,14381.0,4829945.0,4829945.0,0.43,-2.28,-6.79,1496383772
Firecoin,FIRE,602,0.145311,0.00006008,2.63383,14300.0,98412.0,98412.0,0.19,1.89,-48.39,1496383753
GuccioneCoin,GCC,603,0.000701399,0.00000029,2.466,14228.0,20285537.0,23775537.0,0.23,-7.72,-10.68,1496383764
BitQuark,BTQ,604,0.00198327,0.00000082,35.5437,14192.0,7155671.0,7155671.0,0.19,8.43,-43.64,1496383751
Crypto,CTO,605,0.00142698,0.00000059,155.081,14155.0,9919493.0,9919493.0,111.1,-6.13,-28.4,1496383761
Scorecoin,SCORE,606,0.000843544,0.00000035,4.91481,14046.0,16651760.0,16651760.0,0.24,-15.54,-18.11,1496383788
BlazeCoin,BLZ,607,0.0000230041,0.000000010,2.85849,13999.0,608557394.0,608557394.0,-0.48,8.39,15.75,1496383753
GPU Coin,GPU,608,0.000340334,0.00000014,195.908,13776.0,40477042.0,51530001.0,1.9,10.42,28.82,1496383772
OsmiumCoin,OS76,609,0.0149229,0.00000617,2.01139,13341.0,894026.0,894026.0,0.18,42.46,4.93,1496383766
BitTokens,BXT,610,0.0253955,0.00001050,6.06461,13182.0,519087.0,519087.0,0.23,-21.82,146.08,1496383776
Speedcash,SCS,611,0.0498235,0.00002060,11.8561,13005.0,261021.0,476108.0,0.23,1.92,16.73,1496383791
JobsCoin,JOBS,612,0.000120931,0.00000005,133.508,12821.0,106019270.0,200019300.0,0.23,14.19,39.51,1496383779
LetItRide,LIR,613,0.000362793,0.00000015,91.3969,12794.0,35265115.0,35265115.0,0.23,72.96,22.82,1496383774
VapersCoin,VPRC,614,0.0000163072,0.000000007,14.2383,12722.0,780124964.0,1635124964.0,0.3,181.4,-33.75,1496383776
Cabbage,CAB,615,0.00118512,0.00000049,97.1513,12444.0,10499996.0,10499996.0,4.49,9.1,-1.74,1496383770
Cannation,CNNC,616,0.00502452,0.00000208,125.85,12329.0,2453746.0,2453746.0,0.18,-51.03,-56.71,1496383791
Solaris,XLR,617,0.0726957,0.00003006,284.714,12239.0,168364.0,268364.0,0.2,-4.37,-38.65,1496383788
TAGRcoin,TAGR,618,0.00031442,0.00000013,3.0045,12159.0,38669634.0,38669634.0,0.23,-17.27,-24.83,1496383763
Money,$$$,619,0.000260104,0.00000011,53.76,11935.0,45887218.0,45887218.0,9.43,10.21,-25.94,1496383766
WARP,WARP,620,0.0107145,0.00000443,2.69782,11735.0,1095224.0,1095224.0,0.23,5.15,3.92,1496383768
Bitcoin 21,XBTC21,621,0.0145198,0.00000655,,11516.0,793108.0,7093108.0,,,-33.04,1496220571
Abncoin,ABN,622,0.166599,0.00006888,299.422,11279.0,67700.0,4734367.0,0.48,18.56,-15.01,1496383783
TajCoin,TAJ,623,0.00189393,0.00000078,46.8657,10927.0,5769572.0,5769572.0,0.25,9.93,23.5,1496383776
Comet,CMT,624,0.0125089,0.00000517,2.14344,10918.0,872830.0,872830.0,0.23,-42.08,,1496383773
Iconic,ICON,625,0.0182906,0.00000750,,10844.0,592894.0,592894.0,,2.68,-12.58,1496321984
EGO,EGO,626,0.000169303,0.00000007,0.519979,10158.0,60000001.0,60000001.0,0.23,18.8,-1.71,1496383778
Future Digital Currency,FDC,627,0.00382142,0.00000158,7.25585,9832.0,2572901.0,1002572901.0,-1.02,-4.23,27.77,1496383782
Zonecoin,ZNE,628,0.00370048,0.00000153,1.79401,9555.0,2581970.0,2581970.0,0.23,2.49,22.59,1496383776
G3N,G3N,629,0.00125768,0.00000052,2.51466,9510.0,7561891.0,7561891.0,0.23,-0.1,-5.35,1496383762
Xonecoin,XOC,630,0.0222755,0.00000921,0.507885,9356.0,420000.0,420000.0,0.23,23.4,0.55,1496383776
High Voltage,HVCO,631,0.00611441,0.00000256,,9136.0,1494171.0,1694171.0,,0.56,73.7,1496333672
1CRedit,1CR,632,0.102374,0.00004246,,9031.0,88213.0,88213.0,,1.51,-30.66,1496373868
Cashcoin,CASH,633,0.000244984,0.00000011,,8778.0,35831128.0,35831128.0,,,-18.73,1496155747
iBank,IBANK,634,0.00188531,0.00000079,,8534.0,4526324.0,4526324.0,,0.48,2.12,1496357683
DPAY,DPAY,635,0.0000967447,0.00000004,2.45569,7695.0,79541001.0,79541001.0,0.23,1.82,,1496383779
Hirocoin,HIRO,636,0.0000241862,0.00000001,2.41862,7533.0,311455946.0,311455946.0,0.23,1.84,-1.71,1496383749
ImpulseCoin,IMPS,637,0.000362793,0.00000015,39.4833,7345.0,20245510.0,20245510.0,0.23,1.83,33.98,1496383779
PosEx,PEX,638,0.00282978,0.00000117,8.80587,6942.0,2453240.0,2453240.0,0.23,0.97,-8.76,1496383770
Dix Asset,DIX,639,0.0000000683,0.00000000003,31.4144,6829.0,100000000000,100000000000,0.26,7.21,-33.75,1496383782
Elysium,ELS,640,0.00169017,0.00000070,8.30337,6769.0,4005012.0,4005012.0,15.0,46.09,29.23,1496383784
JIO Token,JIO,641,0.00341025,0.00000141,386.9,6507.0,1908128.0,8888888.0,0.23,-0.29,31.76,1496383782
SydPak,SDP,642,0.0405602,0.00001677,215.463,6430.0,158532.0,158532.0,0.23,24.01,19.49,1496383768
Argus,ARGUS,643,0.00557318,0.00000230,103.925,6400.0,1148324.0,5194373.0,0.23,-55.65,-6.08,1496383785
Shilling,SH,644,0.00195908,0.00000081,84.6516,6304.0,3217650.0,3217650.0,-32.9,-5.66,35.13,1496383778
Printerium,PRX,645,0.000684361,0.00000028,15.2212,6210.0,9074428.0,9074428.0,4.99,-2.48,-11.22,1496383783
Coinonat,CXT,646,0.00269643,0.00000111,150.062,5722.0,2122202.0,8122202.0,1.35,-8.66,-19.95,1496383789
Antilitecoin,ALTC,647,0.000169303,0.00000007,9.61335,5335.0,31512613.0,31512613.0,0.23,9.99,-13.99,1496383769
Concoin,CONX,648,0.0073744,0.00000305,43.6902,5072.0,687849.0,1538849.0,-2.93,-22.19,30.75,1496383789
Qibuck Asset,QBK,649,0.00347486,0.00000144,34.7486,5060.0,1456187.0,2000000.0,-0.0,11.89,-36.69,1496383792
Save and Gain,SANDG,650,0.00141989,0.00000064,,4352.0,3064800.0,3064800.0,,,13.1,1496226272
GeertCoin,GEERT,651,0.000822333,0.00000034,114.23,4184.0,5087839.0,5087839.0,0.2,-5.26,-12.09,1496383785
BioBar,BIOB,652,0.00452281,0.00000187,52.7139,4006.0,885756.0,985756.0,-21.91,-23.83,-2.33,1496383787
GanjaCoin,420G,653,0.0058533,0.00000242,108.035,3939.0,672975.0,1741116.0,0.18,-72.8,-82.75,1496383757
NodeCoin,NODC,654,0.00221639,0.00000097,,3720.0,1678439.0,5878439.0,,,36.42,1496270080
Revenu,REV,655,0.0028056,0.00000116,25.7255,3354.0,1195525.0,1195525.0,0.37,1.82,-38.03,1496383770
Selfiecoin,SLFI,656,0.0000241862,0.00000001,0.725585,2608.0,107829281.0,107829281.0,0.18,1.83,-1.71,1496383760
Pulse,PULSE,657,0.000181705,0.00000008,133.499,2598.0,14298972.0,14298972.0,10.18,-42.9,-81.86,1496383769
P7Coin,P7C,658,0.0000725585,0.00000003,0.904539,2556.0,35220238.0,35220238.0,0.19,,,1496383760
Enigma,XNG,659,0.132589,0.00005482,182.201,2205.0,16627.0,66627.0,0.23,68.89,39.54,1496383771
Californium,CF,660,0.0194941,0.00000806,187.827,2166.0,111110.0,111110.0,0.18,1.33,-2.01,1496383761
Doubloon,BOAT,661,0.000529249,0.00000022,279.094,1878.0,3547845.0,18547845.0,0.19,-10.59,-35.99,1496383784
Dollar Online,DOLLAR,662,0.0153582,0.00000635,141.169,1357.0,88379.0,10088379.0,22.39,-4.07,45.13,1496383781
23 Skidoo,CHAO,663,3652.18,1.51003,157.279,922.0,0.0,0.0,0.19,1.83,-63.48,1496383763
Impeachcoin,IMPCH,664,0.00295071,0.00000122,4.94208,909.0,308179.0,2501512.0,0.23,-30.98,-58.79,1496383784
Zcashshare,ZHS,665,0.000217676,0.00000009,2.16906,615.0,2826000.0,2826000.0,0.18,1.83,,1496383780
Digital Credits,DGCS,666,0.0000967447,0.00000004,216.931,564.0,5826388.0,201284316.0,0.23,-3.94,-50.94,1496383766
SwapToken,TOKEN,667,0.0000122405,0.000000005,70.112,430.0,35110531.0,35110531.0,-1.16,-42.33,540.88,1496383775
CRTCoin,CRT,668,0.00483723,0.00000200,0.0000000242,383.0,79270.0,10079270.0,0.23,1.82,-1.71,1496383751
PizzaCoin,PIZZA,669,0.000217676,0.00000009,29.8623,300.0,1377917.0,10127917.0,0.23,30.92,26.38,1496383775
Xenixcoin,XEN,670,0.0266048,0.00001100,116.094,269.0,10100.0,10010100.0,0.23,,-66.26,1496383781
CaliphCoin,CALC,671,0.00105045,0.00000043,6.31061,92.0,87140.0,148587140.0,7.91,30.04,-30.6,1496383778
MikeTheMug,MUG,672,0.0000051456,0.000000002,,5.0,999279.0,1000000.0,,,,1496047185
BTCGold,XBG,673,0.136797,0.00005656,27.7524,,,99000001.0,0.23,85.79,-46.02,1496383790
Soarcoin,SOAR,674,0.0200762,0.00000830,210.219,,,5000000000.0,-0.4,16.7,18.76,1496383787
Project-X,NANOX,675,302327.0,125.0,3874.59,,,1.0,0.23,-57.57,,1496383792
Internet of Things,XOT,676,1199.89,0.496107,1615.34,,,21000000.0,0.05,18.5,38.02,1496383789
AMIS,AMIS,677,282.019,0.116603,0.449433,,,,-0.07,43.44,-40.26,1496383790
Bitcoin Unlimited (Futures),BTU,678,140.95,0.058277,609.597,,,,17.34,14.99,-26.84,1496383787
Malcoin,MALC,679,31.5239,0.0130339,42568.7,,,1000000000.0,0.23,1.83,-1.58,1496383790
GoldUnionCoin,GUC,680,22.0094,0.0091,23163.9,,,210000000.0,13.96,5.71,-2.16,1496383790
ZenCash,ZEN,681,11.8512,0.00490001,6725.93,,,1388038.0,12.15,,,1496383792
Qtum (Pre-Launch),QTUM,682,9.19615,0.00380223,35053600.0,,,100000000.0,0.02,50.12,80.82,1496383792
Fargocoin,FRGC,683,6.81593,0.00281811,472534.0,,,443782397.0,0.05,-4.56,-2.25,1496383782
EcoCoin,ECO,684,4.09708,0.00169398,129847.0,,,1093895.0,-0.77,21.73,-21.03,1496383792
Internet of People,IOP,685,3.69449,0.00152752,3056.36,,,2139403.0,0.19,1.33,40.78,1496383780
DECENT (Pre-Launch),DCT,686,2.8643,0.00118427,4415.58,,,73290000.0,0.23,1.98,-33.27,1496383781
Bitcore,BTX,687,1.04995,0.00043411,29322.9,,,16360103.0,0.42,-8.83,-46.11,1496383790
PRIZM,PZM,688,1.04992,0.0004341,32187.1,,,,0.23,-1.86,-0.84,1496383792
OBITS.WARRANT,WARRANT,689,1.00256,0.00045776,,,,,,,,1496189094
DynamicCoin,DMC,690,0.998856,0.00041299,481792.0,,,10541442931.0,0.08,0.03,0.05,1496383779
Databits,DTB,691,0.811688,0.0003356,116169.0,,,,5.43,4.71,-4.05,1496383787
Bitgem,BTG,692,0.798748,0.00033025,22.4553,,,,0.19,-3.93,-17.63,1496383741
Aeternity (Pre-Launch),AE,693,0.701399,0.00029,389.093,,,,0.18,,,1496383792
TechShares,THS,694,0.599919,0.00024804,54.657,,,646359158.0,0.1,-3.64,-12.96,1496383776
XDE II,XDE2,695,0.577244,0.00023867,12.3627,,,42249.0,0.28,-0.5,11.71,1496383787
TeslaCoilCoin,TESLA,696,0.556016,0.00022989,155.157,,,100000000.0,0.23,1.82,40.94,1496383773
LEOcoin,LEO,697,0.481249,0.00019898,241937.0,,,92904163.0,2.48,7.27,14.5,1496383763
WA Space,WA,698,0.399193,0.00016505,37693.6,,,,1.12,4.88,23.62,1496383781
GAY Money,GAY,699,0.337528,0.00013955,34.8473,,,5603044978.0,-42.26,-49.9,-20.76,1496383778
ZenGold,ZENGOLD,700,0.331498,0.00013706,891.28,,,,7.36,43.55,,1496383792
ClubCoin,CLUB,701,0.288621,0.00011933,35529.9,,,90899180.0,0.74,3.04,-10.18,1496383767
Yogold,YOG,702,0.266217,0.00011007,11.6662,,,100000000.0,0.23,1.95,-51.7,1496383787
TROPTIONS,TROPTIONS,703,0.248173,0.00010598,,,,1000000001.0,,,,1496287780
Zilbercoin,ZBC,704,0.241706,0.00009994,765073.0,,,9008927.0,2.18,15.8,-37.63,1496383783
AlpaCoin,APC,705,0.178204,0.00007368,739.805,,,,12.93,19.39,36.1,1496383767
Pabyosi Coin (Special),PCS,706,0.177196,0.00007326,5034.18,,,30993751760.0,9.07,8.48,35.76,1496383781
Quartz,QRZ,707,0.172133,0.00007117,2436.18,,,21000000.0,-10.89,-61.9,,1496383792
InvisibleCoin,IVZ,708,0.157476,0.00006511,59.2202,,,,0.23,8.49,,1496383765
Golos Gold,GBG,709,0.15721,0.00006500,10016.5,,,,1.23,16.35,-15.41,1496383784
Tattoocoin (Limited Edition),TLE,710,0.130605,0.00005400,0.241862,,,975531.0,0.23,56.5,40.6,1496383791
EquiTrader,EQT,711,0.128187,0.00005300,84608.3,,,7661880.0,0.23,1.83,4.19,1496383792
Wowecoin,WEC,712,0.104,0.00004300,12080.7,,,8901692.0,,-0.0,3.76,1496383775
LandCoin,LDCN,713,0.0976565,0.00004038,18568.3,,,19003881978.0,0.13,32.35,144.46,1496383783
InsaneCoin,INSN,714,0.0924609,0.00003823,1875.05,,,18528265.0,6.21,60.65,46.65,1496383792
DeusCoin,DEUS,715,0.0852804,0.00003526,5548.06,,,,-2.84,-2.94,-28.48,1496383790
Omicron,OMC,716,0.0725585,0.00003000,0.396629,,,10134092.0,0.23,,2.99,1496383777
WavesGo,WGO,717,0.0677625,0.00002802,645.771,,,10000000.0,0.18,-21.86,-11.31,1496383789
Elacoin,ELC,718,0.0420728,0.00001727,,,,,,2.57,35.04,1496326751
Topaz Coin,TOPAZ,719,0.0399849,0.00001653,98.2031,,,37994.0,0.23,-74.34,-79.25,1496383791
International Diamond,XID,720,0.038234,0.00001588,,,,,,1.36,,1496373575
Fazzcoin,FAZZ,721,0.0370076,0.00001530,162.654,,,1022574806.0,0.41,-19.71,-59.48,1496383789
CryptoBuck,BUK,722,0.0330191,0.00001365,0.462268,,,,3.25,26.4,43.35,1496383757
DeltaCredits,DCRE,723,0.0294346,0.00001217,2.06129,,,,0.18,-4.31,,1496383764
President Johnson,GARY,724,0.0285791,0.00001182,116.656,,,57968072167.0,0.23,1.2,11.25,1496383776
IvugeoCoin,IEC,725,0.0240652,0.00000995,0.799155,,,,0.19,2.34,,1496383761
EDRCoin,EDRC,726,0.0218555,0.00000904,14650.9,,,3407292.0,-4.26,-14.75,-35.75,1496383771
ShellPay,SHELL,727,0.0217181,0.00000898,15118.7,,,,-0.67,4.63,-13.45,1496383762
RHFCoin,RHFC,728,0.0211633,0.00000875,18035.0,,,200156890.0,-21.94,-32.73,-26.42,1496383789
Lepaoquan,HLB,729,0.0202507,0.00000837,759847.0,,,935498552.0,-0.12,9.33,-30.88,1496383781
Avoncoin,ACN,730,0.0196392,0.00000812,2561.92,,,,0.04,0.59,-13.15,1496383784
Gycoin,GYC,731,0.0181837,0.00000752,14596.7,,,22213403.0,-0.79,0.59,-11.95,1496383774
KolschCoin,TP1,732,0.0147961,0.00000620,,,,,,0.47,34.52,1496357661
PiCoin,PI,733,0.0145117,0.00000600,31.442,,,1378369.0,0.23,199.5,96.51,1496383791
Mind Gene,MG,734,0.0130605,0.00000540,6703.44,,,,-0.69,3.04,2.88,1496383778
Digitalfund,DTF,735,0.0115928,0.00000479,17495.3,,,54000053.0,-39.03,-17.2,-41.97,1496383776
Sharkcoin,SAK,736,0.00965028,0.00000399,2669.62,,,,0.1,-0.63,9.78,1496383760
9COIN,9COIN,737,0.00960191,0.00000397,652.869,,,350050250.0,0.23,-1.41,98.08,1496383792
Dashs,DASHS,738,0.00950516,0.00000393,78.4842,,,,0.23,110.63,4.38,1496383790
Tyrocoin,TYC,739,0.00798144,0.00000330,36.2793,,,50131900.0,5.67,5.34,,1496383790
First Bitcoin,BIT,740,0.00757302,0.00000313,685.29,,,20706894401.0,-1.01,26.44,24.43,1496383775
Opal,OPAL,741,0.00708652,0.00000293,2906.15,,,,0.96,11.5,-1.64,1496383755
Goldpay Coin,GP,742,0.00660642,0.00000273,30183.8,,,,-4.45,3.92,-23.72,1496383792
Slimcoin,SLM,743,0.00653027,0.00000270,12.0931,,,13925626.0,0.23,,,1496383759
Helleniccoin,HNC,744,0.00631259,0.00000261,7999.79,,,,0.23,-28.02,57.39,1496383763
Xaucoin,XAU,745,0.00582887,0.00000241,0.932619,,,,0.23,2.25,12.21,1496383760
Psilocybin,PSY,746,0.00580468,0.00000240,16.5514,,,,,-7.78,-6.3,1496383769
EggCoin,EGG,747,0.00562322,0.00000237,,,,,,-0.08,,1496295864
GBCGoldCoin,GBC,748,0.00498488,0.00000206,47.9495,,,,-0.01,-23.33,-22.58,1496383767
Axiom,AXIOM,749,0.00483723,0.00000200,23.6238,,,,0.23,2.33,-3.12,1496383764
BagCoin,BGC,750,0.00476038,0.00000197,88357.3,,,497214120.0,-3.9,3.06,2.09,1496383775
GoldReserve,XGR,751,0.00442607,0.00000183,1931.17,,,17161562.0,-0.31,3.45,-5.62,1496383753
netBit,NBIT,752,0.00425677,0.00000176,0.345379,,,,0.23,6.05,25.36,1496383780
Bitcoin Scrypt,BTCS,753,0.00391816,0.00000162,44.7763,,,,-6.68,5.66,-7.46,1496383752
AvatarCoin,AV,754,0.00352518,0.00000159,,,,,,,16.48,1496159368
ZSEcoin,ZSE,755,0.00311809,0.00000129,144.462,,,6380030.0,0.06,-7.21,-58.87,1496383787
President Trump,PRES,756,0.00276634,0.00000114,248.417,,,57968072167.0,0.43,-2.97,-20.57,1496383776
Quotient,XQN,757,0.00266048,0.00000110,60.42,,,,0.18,,-24.39,1496383758
Clinton,CLINT,758,0.00261211,0.00000108,3.91816,,,,0.23,1.82,12.89,1496383772
RoyalCoin 2,RYCN,759,0.00245848,0.00000103,,,,2500124.0,,0.49,-16.74,1496333388
GameLeagueCoin,GML,760,0.00237139,0.00000103,,,,,,,9.52,1496142551
BitcoinFast,BCF,761,0.00229505,0.00000095,296.165,,,,0.2,-35.92,-36.68,1496383758
OCOW,OCOW,762,0.00227517,0.00000099,,,,,,,-6.64,1496142268
TrickyCoin,TRICK,763,0.00220094,0.00000091,13.8671,,,,0.19,-2.46,-24.83,1496383760
VGINA,VGINA,764,0.0021059,0.00000095,,,,11603228.0,,,134.7,1496238289
RichCoin,RICHX,765,0.00210122,0.00000093,,,,5925522.0,,,,1496167172
Condensate,RAIN,766,0.0017865,0.00000074,845.539,,,42978104.0,1.78,1.23,-18.16,1496383790
Mavro,MAVRO,767,0.00168043,0.00000070,,,,15005722.0,,1.07,-7.25,1496349588
Neptune Classic,NTCC,768,0.00159629,0.00000066,1636.44,,,,14.56,-29.99,22.86,1496383785
Advanced Internet Blocks,AIB,769,0.00156774,0.00000065,52.1747,,,31411916716.0,15.89,-8.62,-28.41,1496383761
Motocoin,MOTO,770,0.00153207,0.00000063,1.3427,,,,0.23,94.08,181.09,1496383752
Digital Bullion Gold,DBG,771,0.00145117,0.00000060,15.9863,,,24523275.0,0.23,35.76,33.98,1496383774
MMXVI,MMXVI,772,0.00145117,0.00000060,76.2247,,,,15.65,-10.16,-59.58,1496383768
UR,UR,773,0.00133024,0.00000055,83.6663,,,,0.18,0.1,-0.49,1496383785
TodayCoin,TODAY,774,0.00123349,0.00000051,43.5842,,,,11.12,-9.4,-6.09,1496383777
RoyalCoin,ROYAL,775,0.00120702,0.00000050,109.966,,,2500124.0,0.23,27.04,11.83,1496383779
Alphabet Coin Fund,FUN,776,0.00115181,0.00000048,,,,20742012.0,,1.02,10.19,1496362472
Skeincoin,SKC,777,0.00104001,0.00000043,0.0522905,,,,0.23,,,1496383750
Bitcedi,BXC,778,0.00102598,0.00000042,35.1881,,,,0.28,0.46,,1496383772
True Investment Coin,TIC,779,0.00101582,0.00000042,31.0887,,,,-2.1,-0.05,-11.02,1496383786
BestChain,BEST,780,0.000967249,0.00000040,20.0959,,,20042911.0,-8.83,-0.79,-4.37,1496383787
RubleBit,RUBIT,781,0.000943261,0.00000039,19.0628,,,,-4.7,4.51,42.51,1496383766
The Aladin,ADT,782,0.000892522,0.00000032,,,,,,,,1495722585
SportsCoin,SPORT,783,0.000870702,0.00000036,2.41859,,,19800001.0,,1.83,21.97,1496383777
Braincoin,BRAIN,784,0.000846516,0.00000035,0.749723,,,,0.23,22.89,22.82,1496383771
CBD Crystals,CBD,785,0.000830828,0.00000034,2.78792,,,,60.0,-44.64,87.58,1496383780
Dubstep,DUB,786,0.00082233,0.00000034,7.5926,,,,0.19,,,1496383762
IrishCoin,IRL,787,0.00082233,0.00000034,453.631,,,,2.49,,,1496383763
Donationcoin,DON,788,0.00082233,0.00000034,21064.5,,,,-2.63,,,1496383753
WeAreSatoshi,WSX,789,0.000773957,0.00000032,151.793,,,,0.23,,-7.49,1496383756
FrankyWillCoin,FRWC,790,0.000749771,0.00000031,0.266024,,,,0.23,1.82,3.75,1496383776
Lazaruscoin,LAZ,791,0.000749771,0.00000031,14.535,,,,0.23,8.85,,1496383778
KashhCoin,KASHH,792,0.000748351,0.00000031,5158.26,,,,-4.08,29.8,139.86,1496383785
Opescoin,OPES,793,0.000677213,0.00000028,0.536909,,,,0.23,1.82,,1496383767
Vsync,XVS,794,0.000642003,0.00000027,293.312,,,103334172.0,23.07,56.08,-14.87,1496383789
Quebecoin,QBC,795,0.00062884,0.00000026,19.2325,,,,0.23,-1.95,2.78,1496383750
BitAlphaCoin,BAC,796,0.000516452,0.00000021,42.5192,,,,-1.27,-22.96,-34.46,1496383768
Cubits,QBT,797,0.000507905,0.00000021,15.2376,,,,0.23,34.4,-8.05,1496383779
BlazerCoin,BLAZR,798,0.000483723,0.00000020,16.5327,,,,0.23,85.15,69.75,1496383789
T-coin,TCOIN,799,0.000459537,0.00000019,3169.27,,,,4.35,-0.14,3.14,1496383781
MarxCoin,MARX,800,0.000435886,0.00000018,63.8352,,,29128280.0,0.22,-38.47,-21.91,1496383786
GoldMaxCoin,GMX,801,0.000386979,0.00000016,2.2735,,,84078950.0,,16.37,,1496383770
DarkLisk,DISK,802,0.000386979,0.00000016,3.31351,,,17888425.0,0.23,,12.34,1496383772
UGAIN,GAIN,803,0.000362793,0.00000015,0.266024,,,,0.23,1.82,,1496383775
Gambleo,GMB,804,0.000338606,0.00000014,1.20882,,,,0.18,,-64.89,1496383786
PrismChain,PRM,805,0.000338606,0.00000014,62.6751,,,,0.23,15.19,-81.26,1496383772
Sakuracoin,SKR,806,0.000338559,0.00000014,114.789,,,,5.9,8.26,14.37,1496383779
Operand,OP,807,0.000290234,0.00000012,10.6954,,,36309296.0,0.23,-18.54,,1496383770
Cycling Coin,CYC,808,0.000290234,0.00000012,0.266024,,,,0.18,11.08,-1.71,1496383762
Happy Creator Coin,HCC,809,0.000266718,0.00000011,177.261,,,,0.23,24.77,-21.26,1496383774
The Vegan Initiative,XVE,810,0.00026578,0.00000011,1213.46,,,,0.23,11.76,56.47,1496383789
Grumfork,GMF,811,0.000241862,0.00000010,2.41862,,,,0.23,1.83,-28.23,1496383790
President Sanders,BURN,812,0.000241862,0.00000010,137.509,,,57968072167.0,0.23,27.29,-39.9,1496383783
MobileCash,MBL,813,0.000217676,0.00000009,3.62689,,,1068669648.0,0.23,30.92,26.38,1496383778
TeraCoin,TERA,814,0.000193489,0.00000008,4266.53,,,,-8.37,-18.54,-21.4,1496383785
Moneta,MONETA,815,0.000193489,0.00000008,2.92674,,,,0.23,16.38,-21.37,1496383765
AsicCoin,ASC,816,0.000190727,0.00000008,,,,,,3.59,-2.78,1496332743
LAthaan,LTH,817,0.000169303,0.00000007,138.956,,,,0.23,-20.8,,1496383779
Halloween Coin,HALLO,818,0.000104528,0.00000004,70.389,,,264606129.0,-0.01,45.75,-18.89,1496383792
TheCreed,TCR,819,0.0000967447,0.00000004,1.20931,,,,0.23,87.98,31.01,1496383771
TeamUp,TEAM,820,0.0000967447,0.00000004,0.664612,,,301004896.0,0.23,35.77,96.59,1496383779
Wowcoin,WOW,821,0.0000967447,0.00000004,88.5805,,,,0.23,11.09,96.51,1496383780
LinkedCoin,LKC,822,0.0000967447,0.00000004,32.8038,,,,0.23,1.83,-6.02,1496383774
MoneyCoin,MONEY,823,0.0000725585,0.00000003,529.296,,,,0.23,1.82,45.36,1496383783
LePen,LEPEN,824,0.0000562190,0.00000002,178.567,,,,0.13,3.12,14.31,1496383784
PinkDog,PDG,825,0.0000483723,0.00000002,13.4174,,,,0.23,1.83,96.51,1496383784
PokeCoin,POKE,826,0.0000483723,0.00000002,134.158,,,,0.23,,-10.1,1496383775
CyberCoin,CC,827,0.0000483723,0.00000002,1.93489,,,549267534.0,0.23,1.83,12.5,1496383761
Global Business Revolution,GBRC,828,0.0000483723,0.00000002,14.6568,,,900096049.0,0.23,1.82,35.96,1496383780
PayPeer,PAYP,829,0.0000483723,0.00000002,40.5037,,,,0.23,-32.12,-6.14,1496383770
Tellurion,TELL,830,0.0000483723,0.00000002,5.5628,,,,0.23,1.83,,1496383777
Cashme,CME,831,0.0000483723,0.00000002,0.725585,,,,0.23,103.65,,1496383766
InflationCoin,IFLT,832,0.0000415558,0.00000002,1498.99,,,3253315074.0,-0.4,-12.14,-35.11,1496383783
UNCoin,UNC,833,0.0000282729,0.00000001,923.256,,,,0.23,1.75,-23.81,1496383761
VegasCoin,VGC,834,0.0000273145,0.00000001,,,,,,-61.4,-77.8,1496378049
President Clinton,HILL,835,0.0000241862,0.00000001,0.241862,,,57968072167.0,0.37,1.83,-50.87,1496383775
SuperTurboStake,STRB,836,0.0000241862,0.00000001,12.5768,,,,0.23,1.83,-1.71,1496383768
Aces,ACES,837,0.0000241862,0.00000001,252.199,,,,0.23,1.11,-31.08,1496383776
FireFlyCoin,FFC,838,0.0000241862,0.00000001,53.9152,,,,0.23,1.82,-42.49,1496383758
Safe Trade Coin,XSTC,839,0.0000241862,0.00000001,0.483723,,,604880000.0,0.23,1.83,-2.64,1496383782
X2,X2,840,0.0000241862,0.00000001,4.24264,,,,0.23,,-1.74,1496383767
Rcoin,RCN,841,0.0000241862,0.00000001,191.16,,,,0.23,-46.87,-1.71,1496383778
ChoofCoin,CHOOF,842,0.0000241862,0.00000001,141.768,,,,0.18,1.83,-46.83,1496383779
SoulCoin,SOUL,843,0.0000241862,0.00000001,14.2432,,,,0.23,1.83,-1.71,1496383771
Yescoin,YES,844,0.0000241753,0.000000010,455.702,,,,0.23,1.8,-1.72,1496383783
Victoriouscoin,VTY,845,0.0000238271,0.000000010,123.193,,,10263290326.0,0.19,0.32,4.47,1496383778
FedoraShare,FEDS,846,0.0000217328,0.000000009,7395.91,,,499001347154,-10.36,-1.09,20.6,1496383777
Virtacoin,VTA,847,0.0000086024,0.000000004,132.558,,,12423206610.0,0.47,-52.72,-44.57,1496383755
XP,XP,848,0.0000051617,0.000000002,135.299,,,133635560466,-6.37,663.55,1965.45,1496383776
BatCoin,BAT,849,0.0000008313,0.0000000003,460.174,,,,0.31,177.7,,1496383748
BitCentavo,NBE,850,0.0000005625,0.0000000002,2.30857,,,,10.47,6.81,-52.27,1496383756
RabbitCoin,RBBT,851,0.0000005256,0.0000000002,70.1289,,,,-0.5,68.81,15.73,1496383755
Dimecoin,DIME,852,0.0000004123,0.0000000002,462.435,,,527099229968,0.05,-2.76,-91.49,1496383746
StrongHands,SHND,853,0.0000001262,0.00000000005,100.904,,,,0.61,-33.99,,1496383766
Paccoin,PAC,854,0.0000000548,0.00000000002,645.779,,,,0.61,-18.23,3.06,1496383766
Bond,BOND,855,,,,,1349.0,1349.0,,,,
bitRUBLE,BITRUBLE,856,,,,,,,,,,
