Name,Symbol,Rank,Price(BTC),Price(USD),24HVolume,MarketCap,%Change_1h,%Change_24h,%Change_7d,LastUpdated
Bitcoin,BTC,1,2438.31,1.0,1536250000.0,39906873706.0,16366612.0,16366612.0,0.62,2.61,-1.69,1496387654
Ethereum,ETH,2,226.872,0.0935062,716325000.0,20903282394.0,92136898.0,92136898.0,-0.42,-2.97,21.05,1496387663
Ripple,XRP,3,0.31647,0.00013044,488785000.0,12222607479.0,38621693933.0,99994661895.0,-1.05,5.89,2.43,1496387645
NEM,XEM,4,0.225599,0.00009298,15372200.0,2030391000.0,8999999999.0,8999999999.0,-0.54,-1.95,-2.81,1496387660
Ethereum Classic,ETC,5,17.3303,0.00714277,121108000.0,1597963101.0,92206315.0,92206315.0,-0.16,-2.15,-0.12,1496387674
Litecoin,LTC,6,29.6073,0.0122028,417648000.0,1521081917.0,51375232.0,51375232.0,0.37,10.57,-3.76,1496387640
Dash,DASH,7,140.586,0.0579431,32014100.0,1030847335.0,7332503.0,7332503.0,-0.14,-3.26,3.53,1496387647
Stratis,STRAT,8,7.05992,0.00290978,22002500.0,694754467.0,98408263.0,98408263.0,6.54,24.77,128.08,1496387674
Bytecoin,BCN,9,0.00352914,0.00000145,11893900.0,645720345.0,182968186431,182968186431,-0.77,42.48,14.92,1496387652
Monero,XMR,10,43.8885,0.0180888,11902700.0,639029017.0,14560284.0,14560284.0,0.08,0.17,0.38,1496387650
Stellar Lumens,XLM,11,0.0403733,0.00001664,27983000.0,390200349.0,9664811867.0,102940435314,-1.1,-6.21,-18.96,1496387653
Golem,GNT,12,0.463837,0.00019117,12847600.0,382606154.0,824872000.0,1000000000.0,-1.32,2.17,2.63,1496387679
Zcash,ZEC,13,253.669,0.104551,22134000.0,363734394.0,1433894.0,1433894.0,-0.48,2.71,5.9,1496387678
Waves,WAVES,14,3.59458,0.00148152,3010690.0,359458000.0,100000000.0,100000000.0,-3.54,5.79,30.48,1496387671
Dogecoin,DOGE,15,0.00308179,0.00000127,30278500.0,337867150.0,109633411214,109633411214,3.58,9.29,-3.97,1496387644
Gnosis,GNO,16,250.292,0.103219,2448720.0,276470040.0,1104590.0,10000000.0,-0.11,-4.93,2.67,1496387390
Augur,REP,17,24.9582,0.0102866,4175850.0,274540200.0,11000000.0,11000000.0,0.85,4.78,-6.86,1496387665
Steem,STEEM,18,1.11168,0.00045819,2710830.0,260509069.0,234338181.0,251312275.0,3.67,9.72,-10.56,1496387669
Siacoin,SC,19,0.00932631,0.00000384,23002900.0,247172546.0,26502716030.0,26502716030.0,-1.6,17.23,2.03,1496387666
BitShares,BTS,20,0.0883121,0.00003640,19986600.0,229804863.0,2602190000.0,2602190000.0,0.1,23.35,3.18,1496387653
DigiByte,DGB,21,0.0267218,0.00001101,50944300.0,216634485.0,8107031908.0,8107031908.0,1.87,45.53,65.36,1496387645
MaidSafeCoin,MAID,22,0.389613,0.00016058,2583260.0,176320303.0,452552412.0,452552412.0,-0.52,-5.42,-10.05,1496387650
DigixDAO,DGD,23,84.4947,0.0348249,1341110.0,168989400.0,2000000.0,2000000.0,-0.23,5.03,-6.89,1496387669
Basic Attention Token,BAT,24,0.16897,0.00006968,3589900.0,168970000.0,1000000000.0,1500000000.0,-1.23,0.06,,1496387393
GameCredits,GAME,25,2.65943,0.0010961,1823420.0,167615671.0,63026916.0,63026916.0,1.28,0.76,-12.9,1496387654
BitConnect,BCC,26,22.9654,0.0094653,1490350.0,147839038.0,6437468.0,6437468.0,0.64,7.56,35.93,1496387683
Lisk,LSK,27,1.35123,0.00055692,2445680.0,145620165.0,107768600.0,107768600.0,-1.18,4.05,-1.87,1496387669
Ardor,ARDR,28,0.13597,0.00005604,2833870.0,135833961.0,998999495.0,998999495.0,-0.85,21.21,-5.78,1496387674
Decred,DCR,29,25.4452,0.0104874,2717590.0,127777905.0,5021690.0,5441690.0,1.56,12.02,4.66,1496387668
Factom,FCT,30,13.7152,0.0056528,1270060.0,120052149.0,8753219.0,8753219.0,-0.22,6.28,-7.19,1496387665
SingularDTV,SNGLS,31,0.18706,0.00007710,261262.0,112236000.0,600000000.0,1000000000.0,2.83,4.45,4.62,1496387677
Tether,USDT,32,1.03358,0.00042599,85601600.0,108519378.0,104993690.0,124951468.0,0.58,0.81,0.33,1496387659
Iconomi,ICN,33,1.20015,0.00049465,783810.0,104413050.0,87000000.0,100000000.0,-0.02,0.65,-9.66,1496387677
Byteball,GBYTE,34,537.55,0.221554,426440.0,101749544.0,189284.0,1000000.0,0.37,15.2,66.06,1496387681
Round,ROUND,35,0.106043,0.00004371,376037.0,90136550.0,850000000.0,1000000000.0,-0.52,3.18,-26.86,1496387679
PIVX,PIVX,36,1.63239,0.0006728,913170.0,87392664.0,53536633.0,53536633.0,-3.69,-1.43,30.28,1496387667
FirstBlood,1ST,37,0.851853,0.00035109,4080890.0,72883155.0,85558371.0,93468691.0,0.36,13.54,-1.12,1496387676
Aragon,ANT,38,2.09779,0.00086511,520277.0,70496583.0,33605167.0,39609523.0,0.22,-2.88,-9.25,1496387392
AntShares,ANS,39,1.36886,0.00056418,10574400.0,68443000.0,50000000.0,100000000.0,-1.3,29.41,17.05,1496387675
Nxt,NXT,40,0.0632532,0.00002607,3115670.0,63189946.0,998999983.0,998999983.0,1.44,9.08,-12.0,1496387642
SysCoin,SYS,41,0.116349,0.00004795,1574860.0,61102434.0,525165097.0,525165097.0,2.16,9.72,-15.38,1496387653
Komodo,KMD,42,0.56966,0.00023479,200133.0,57504619.0,100945510.0,100945510.0,5.44,3.7,5.75,1496387683
iExec RLC,RLC,43,0.629585,0.00025964,570973.0,49152200.0,78070793.0,86999785.0,-0.21,6.93,0.81,1496387389
Ubiq,UBQ,44,1.21339,0.0005001,1662550.0,45011019.0,37095261.0,37095261.0,1.49,33.12,157.84,1496387654
Peercoin,PPC,45,1.62482,0.00066968,1467360.0,39195876.0,24123211.0,24123211.0,1.34,5.38,-11.1,1496387640
Wings,WINGS,46,0.425067,0.00017519,1628110.0,38132052.0,89708333.0,100000000.0,-3.45,31.52,42.93,1496387682
Emercoin,EMC,47,0.926535,0.00038187,847584.0,37208483.0,40158745.0,40158745.0,0.3,6.7,-11.49,1496387654
Lykke,LKK,48,0.263161,0.00010846,470220.0,36230828.0,137675520.0,1285690000.0,0.26,3.37,14.14,1496387679
ReddCoin,RDD,49,0.00123535,0.00000051,1259860.0,35238534.0,28525141662.0,28525141662.0,2.83,11.05,-25.05,1496387646
Melon,MLN,50,54.7996,0.0225859,441977.0,32846880.0,599400.0,749400.0,0.58,-6.67,-10.52,1496387684
BitcoinDark,BTCD,51,24.637,0.0101543,60612.6,31753698.0,1288862.0,1288862.0,0.58,3.21,4.54,1496387653
Storjcoin X,SJCX,52,0.60969,0.00025129,546366.0,31199754.0,51173144.0,500000000.0,-3.87,-3.41,-8.28,1496387654
Ark,ARK,53,0.316846,0.00013059,382263.0,30197592.0,95306844.0,126556844.0,1.35,10.8,17.98,1496387686
Counterparty,XCP,54,11.1223,0.0045841,1008410.0,29126509.0,2618749.0,2618749.0,1.18,-2.38,-10.95,1496387648
Omni,OMNI,55,50.9551,0.0210014,11421500.0,28482975.0,558982.0,615298.0,4.74,-9.83,136.49,1496387644
Xaurum,XAUR,56,0.246593,0.00010163,149214.0,28038694.0,113704338.0,113704338.0,0.16,0.26,26.51,1496387660
Blocknet,BLOCK,57,6.83076,0.00281533,185791.0,26711799.0,3910516.0,3910516.0,2.23,57.15,109.2,1496387656
Nexus,NXS,58,0.521883,0.0002151,102062.0,26016985.0,49852141.0,49852141.0,0.98,11.73,1.48,1496387658
Namecoin,NMC,59,1.73053,0.00071324,997389.0,25501782.0,14736400.0,14736400.0,0.39,3.25,-8.19,1496387640
Gulden,NLG,60,0.072369,0.00002983,91541.9,25078742.0,346539845.0,448560000.0,-0.05,6.13,-3.08,1496387649
EarthCoin,EAC,61,0.00252885,0.00000104,6572100.0,23635816.0,9346468332.0,9346468332.0,5.05,12.37,-11.49,1496387646
Synereo,AMP,62,0.283542,0.00011686,464240.0,23323123.0,82256324.0,949291063.0,1.27,5.58,0.35,1496387666
YbCoin,YBC,63,7.39904,0.00304955,2296140.0,22347040.0,3020262.0,3020262.0,2.96,11.23,-5.78,1496387645
WeTrust,TRST,64,0.24078,0.00009930,443556.0,22187275.0,92147500.0,100000000.0,2.68,0.09,-13.01,1496387389
Burst,BURST,65,0.0116415,0.00000480,5666870.0,20722603.0,1780062962.0,1780062962.0,0.88,25.02,5.7,1496387654
Matchpool,GUP,66,0.274193,0.00011307,237583.0,20564475.0,75000000.0,98855150.0,0.15,12.25,-2.81,1496387388
TokenCard,TKN,67,0.841766,0.00034714,263558.0,19902762.0,23644056.0,39406760.0,0.99,0.45,-21.49,1496387390
BlackCoin,BLK,68,0.2542,0.00010477,1080880.0,19362012.0,76168418.0,76168418.0,0.41,9.05,9.15,1496387647
E-Dinar Coin,EDR,69,0.029089,0.00001199,395446.0,19209711.0,660377156.0,785377156.0,0.74,11.73,10.9,1496387674
Edgeless,EDG,70,0.24106,0.00009935,379742.0,19147984.0,79432438.0,132046997.0,-2.66,-1.15,-14.34,1496387686
XtraBYtes,XBY,71,0.0288851,0.00001191,659992.0,18775315.0,650000000.0,650000000.0,-4.55,59.07,348.17,1496387389
PotCoin,POT,72,0.0836892,0.00003449,868465.0,18155426.0,216938697.0,216938697.0,-0.76,10.1,-19.26,1496387646
BitBay,BAY,73,0.0178643,0.00000736,67325.1,17998693.0,1007522977.0,1007522977.0,-0.17,4.24,-5.77,1496387657
NAV Coin,NAV,74,0.292669,0.00012063,612852.0,17949275.0,61329607.0,61329607.0,-0.59,2.66,-13.54,1496387651
Nexium,NXC,75,0.266063,0.00010966,4063540.0,17698933.0,66521586.0,66521586.0,-1.66,-10.1,26.68,1496387681
Expanse,EXP,76,2.42322,0.00099874,584956.0,17544091.0,7239991.0,16239991.0,1.11,-3.02,0.68,1496387664
OBITS,OBITS,77,1.17748,0.0004853,318139.0,17368256.0,14750362.0,16801100.0,2.82,11.71,19.88,1496387665
BCAP,BCAP,78,1.73419,0.00071517,133806.0,17341900.0,10000000.0,10000000.0,-0.04,9.36,-12.34,1496387391
Infinitecoin,IFC,79,0.000187448,0.00000008,4402520.0,16982091.0,90596274910.0,90596274910.0,0.91,8.59,-9.27,1496387645
Verge,XVG,80,0.00126058,0.00000052,1356710.0,16903713.0,13409472280.0,13409472280.0,12.13,48.16,-2.83,1496387656
ZCoin,XZC,81,7.45814,0.00307391,1212310.0,16650524.0,2232530.0,2232530.0,0.7,-1.8,14.4,1496387678
Unity Ingot,UNY,82,0.0789298,0.00003255,75316.5,15943820.0,202000000.0,10000000000.0,-0.87,-0.47,56.7,1496387390
Swarm City,SWT,83,2.37414,0.00097851,50314.7,15768396.0,6641730.0,6641730.0,0.42,9.22,-24.57,1496387685
Agoras Tokens,AGRS,84,0.371681,0.00015319,16815.4,15610602.0,42000000.0,42000000.0,4.5,-6.36,-6.59,1496387663
Humaniq,HMQ,85,0.12315,0.00005079,414562.0,15216619.0,123561662.0,184190414.0,0.02,2.8,-37.96,1496387391
TaaS,TAAS,86,1.85474,0.00076444,182840.0,15108713.0,8146001.0,8146001.0,-1.16,10.54,22.21,1496387686
Pepe Cash,PEPECASH,87,0.021503,0.00000886,22380.2,15092612.0,701884009.0,701884009.0,-3.52,-2.45,-17.45,1496387676
Bankcoin,B@,88,3.43209,0.00141537,5690.52,14638138.0,4265080.0,25000000.0,-3.67,-1.9,-19.44,1496387388
LBRY Credits,LBC,89,0.211186,0.00008704,567148.0,14471420.0,68524524.0,466424524.0,-0.84,-0.34,-10.34,1496387672
GridCoin,GRC,90,0.0368424,0.00001518,179990.0,14380059.0,390312753.0,390312753.0,0.26,3.51,6.33,1496387659
Chronobank,TIME,91,19.5643,0.00806353,472811.0,13892860.0,710113.0,710113.0,0.41,4.21,10.49,1496387685
MonaCoin,MONA,92,0.272978,0.00011251,27208.3,13794042.0,50531700.0,50531700.0,1.39,-1.53,-9.55,1496387648
Bitland,CADASTRAL,93,0.453446,0.00018689,19225.1,13603380.0,30000000.0,30000000.0,3.05,6.95,152.91,1496387673
I/O Coin,IOC,94,0.827435,0.00034103,23703.4,13517152.0,16336211.0,16336211.0,-1.29,8.1,-2.3,1496387653
Radium,RADS,95,4.14492,0.00170835,613457.0,13456149.0,3246419.0,3246419.0,1.92,-9.98,8.25,1496387667
E-coin,ECN,96,4.65887,0.00192128,98546.0,12973237.0,2784632.0,211073524.0,0.33,0.67,4.26,1496387389
SuperNET,UNITY,97,15.7963,0.00651054,789.818,12890744.0,816061.0,816061.0,13.74,9.5,111.97,1496387655
Vertcoin,VTC,98,0.377317,0.00015551,669612.0,12617794.0,33440831.0,33440831.0,1.33,5.1,-2.71,1496387646
MergeCoin,MGC,99,0.125599,0.00005180,2707960.0,12416446.0,98857840.0,103857840.0,7.36,24.27,-17.56,1496387389
Waves Community Token,WCT,100,2.4475,0.00100875,14022.2,12237500.0,5000000.0,10000000.0,-3.3,3.15,8.86,1496387683
Golos,GOLOS,101,0.094585,0.00003898,32652.6,11640412.0,123068265.0,123068265.0,-0.01,10.5,43.17,1496387680
Shift,SHIFT,102,1.07106,0.00044144,365981.0,11599529.0,10829953.0,10829953.0,1.32,13.5,83.89,1496387664
Pluton,PLU,103,13.2928,0.00547868,164265.0,11298873.0,850000.0,20000000.0,-0.25,-0.16,53.9,1496387676
Clams,CLAM,104,4.76942,0.00196574,1267450.0,10977793.0,2301704.0,16207217.0,-0.87,3.28,-15.82,1496387653
Etheroll,DICE,105,1.5607,0.00064362,10792.0,10927432.0,7001623.0,7001623.0,0.12,-13.37,-30.65,1496387391
DigitalNote,XDN,106,0.00152066,0.00000063,2249910.0,10464436.0,6881509319.0,6881509319.0,-7.14,-8.04,-20.14,1496387652
Mooncoin,MOON,107,0.0000471348,0.00000002,26088.6,10461338.0,221945107195,221945107195,5.05,17.82,-14.3,1496387646
LuckChain,BASH,108,0.0138818,0.00000572,583259.0,10051596.0,724084475.0,724084475.0,5.18,30.44,29.04,1496387680
FlorinCoin,FLO,109,0.070658,0.00002912,261431.0,9468209.0,134000517.0,134000517.0,-1.49,0.64,-7.52,1496387642
Bitcrystals,BCY,110,0.397501,0.00016383,106703.0,9258363.0,23291422.0,23291422.0,-1.4,4.3,-13.73,1496387664
HEAT,HEAT,111,0.350525,0.00014447,31755.7,9236911.0,26351648.0,26351648.0,26.4,-7.92,-16.79,1496387672
vSlice,VSL,112,0.270913,0.00011166,181850.0,9045919.0,33390496.0,33390496.0,0.72,-3.21,-17.09,1496387680
Viacoin,VIA,113,0.399449,0.00016463,436781.0,9045858.0,22645840.0,22645840.0,0.51,0.47,-12.67,1496387652
VeriCoin,VRC,114,0.293246,0.00012086,126858.0,8859374.0,30211404.0,30211404.0,1.22,6.54,-12.78,1496387650
Energycoin,ENRG,115,0.0727882,0.00003000,4226.96,8803086.0,120941118.0,120941118.0,-0.12,3.28,22.03,1496387650
Rubycoin,RBY,116,0.360831,0.00014872,29795.0,8801630.0,24392666.0,24392666.0,0.4,1.48,5.1,1496387649
FedoraCoin,TIPS,117,0.0000198380,0.000000008,68039.3,8791570.0,443168182458,443168182458,-1.69,-2.08,-33.34,1496387644
Primecoin,XPM,118,0.438144,0.00018058,780087.0,8466439.0,19323416.0,19323416.0,5.12,12.66,-10.76,1496387641
DNotes,NOTE,119,0.0674606,0.00002780,228337.0,8355485.0,123857259.0,123857259.0,1.11,2.6,1.26,1496387648
VPNCoin,VASH,120,0.0201115,0.00000829,2083530.0,8051433.0,400339746.0,400339746.0,-2.5,15.76,-10.86,1496387657
Crown,CRW,121,0.577303,0.00023794,23584.4,7999120.0,13856016.0,13856016.0,-2.3,-6.35,-9.48,1496387657
Pascal Coin,PASC,122,0.779034,0.00032108,161271.0,7785822.0,9994200.0,9994200.0,1.42,-0.26,-11.58,1496387679
NeosCoin,NEOS,123,2.30305,0.00094921,3664300.0,7707546.0,3346669.0,3346669.0,-1.02,5.53,3.07,1496387654
SaluS,SLS,124,7.65181,0.00315373,111159.0,7678182.0,1003447.0,1003447.0,-2.93,-5.12,17.29,1496387667
BelaCoin,BELA,125,0.218348,0.00008999,325101.0,7636077.0,34972050.0,34972050.0,7.12,10.62,-2.82,1496387648
SolarCoin,SLR,126,0.215002,0.00008861,71859.5,7560236.0,35163562.0,98034180293.0,-0.4,-9.88,9.6,1496387649
Skycoin,SKY,127,1.38068,0.00056938,62965.8,7546522.0,5465801.0,100000000.0,0.24,-14.87,-31.27,1496387388
Incent,INCNT,128,0.305212,0.00012579,197264.0,7022413.0,23008312.0,46016625.0,-0.02,10.3,28.19,1496387680
Bitcoin Plus,XBC,129,71.7984,0.0295921,115812.0,6958386.0,96916.0,96916.0,-0.53,1.91,-9.23,1496387649
Einsteinium,EMC2,130,0.0327082,0.00001348,168314.0,6895218.0,210810073.0,210810073.0,1.56,2.95,-12.91,1496387649
Aeon,AEON,131,0.484359,0.00019963,3404.61,6891999.0,14229112.0,14229112.0,4.34,2.94,8.06,1496387663
Creditbit,CRB,132,0.574054,0.0002366,265083.0,6816513.0,11874342.0,11874342.0,-0.31,-13.83,-15.76,1496387666
Asch,XAS,133,0.0898074,0.00003704,92816.7,6735555.0,75000000.0,100000000.0,-0.56,0.8,-15.2,1496387387
Novacoin,NVC,134,3.74222,0.00154237,93793.4,6495071.0,1735620.0,1735620.0,0.64,1.17,-13.9,1496387643
Global Currency Reserve,GCR,135,0.0631903,0.00002604,24630.0,6489026.0,102690230.0,102690230.0,-0.75,-3.42,-6.23,1496387664
Lunyr,LUN,136,2.81065,0.00115909,152708.0,6458461.0,2297853.0,2703356.0,-1.15,9.49,-10.67,1496387389
Feathercoin,FTC,137,0.0389686,0.00001606,157048.0,6383074.0,163800440.0,163800440.0,-2.58,7.84,8.96,1496387640
ZClassic,ZCL,138,4.32336,0.00178189,629706.0,6377442.0,1475113.0,1475113.0,0.7,-11.27,32.46,1496387678
SIBCoin,SIB,139,0.398191,0.00016412,24568.0,5832614.0,14647779.0,14647779.0,-0.34,4.12,32.72,1496387664
WorldCoin,WDC,140,0.0508574,0.00002096,197388.0,5828159.0,114598057.0,114598057.0,2.52,12.84,-13.79,1496387641
Safe Exchange Coin,SAFEX,141,0.00269181,0.00000111,21201.6,5780618.0,2147483647.0,2147483647.0,-1.46,-0.59,-9.3,1496387667
PinkCoin,PINK,142,0.0179471,0.00000740,464763.0,5760281.0,320958850.0,370958850.0,16.93,23.25,1.39,1496387650
Gambit,GAM,143,4.85252,0.00199999,29434.2,5745177.0,1183957.0,1183957.0,8.66,10.25,15.14,1496387661
ION,ION,144,0.415861,0.0001714,28624.5,5717876.0,13749489.0,19649489.0,-3.38,15.31,-16.75,1496387671
FirstCoin,FRST,145,1.83071,0.00075454,108157.0,5705234.0,3116405.0,110000000.0,-0.53,-2.59,9.49,1496387683
Blitzcash,BLITZ,146,1.30606,0.0005383,183554.0,5307345.0,4063631.0,4063631.0,-1.75,29.02,286.24,1496387657
MonetaryUnit,MUE,147,0.0429584,0.00001771,41936.2,5219855.0,121509520.0,121509520.0,-0.3,0.99,-13.28,1496387656
Janus,JNS,148,0.248919,0.00010259,9169.74,5210639.0,20933069.0,25201489.0,7.16,6.72,7.83,1496387682
FoldingCoin,FLDC,149,0.0104809,0.00000432,406539.0,5132937.0,489741985.0,1000000000.0,2.11,8.57,-10.21,1496387655
Auroracoin,AUR,150,0.59063,0.00024343,15491.5,5113757.0,8658139.0,8658139.0,0.42,1.23,-6.47,1496387647
Vcash,XVC,151,0.3077,0.00012682,136027.0,4692840.0,15251350.0,15251350.0,0.52,-0.99,-1.77,1496387659
Sphere,SPHR,152,1.51565,0.00062468,26389.6,4672658.0,3082940.0,3082940.0,0.39,17.52,82.88,1496387661
RouletteToken,RLT,153,0.460953,0.00019009,28019.8,4652034.0,10092210.0,10092933.0,0.27,0.65,4.53,1496387392
Darcrus,DAR,154,0.337252,0.000139,25115.9,4594641.0,13623762.0,13623762.0,7.35,11.33,5.48,1496387682
OKCash,OK,155,0.0633186,0.00002610,352578.0,4532141.0,71576778.0,71576778.0,0.11,2.09,108.86,1496387657
Ethereum Movie Venture,EMV,156,0.673934,0.00027792,2823.76,4492893.0,6666666.0,6666666.0,-0.78,484.11,7.58,1496387388
FairCoin,FAIR,157,0.0830999,0.00003425,3999.47,4413018.0,53104975.0,53104975.0,0.38,12.36,16.04,1496387648
LoMoCoin,LMC,158,0.020579,0.00000848,275637.0,4291435.0,208534654.0,293534654.0,0.76,16.13,4.76,1496387675
CloakCoin,CLOAK,159,0.856585,0.00035305,18546.5,4285851.0,5003416.0,5003416.0,0.28,-1.65,14.5,1496387651
MUSE,MUSE,160,0.00308588,0.00000127,7345.07,4242593.0,1374840478.0,1524840478.0,5.61,59.37,36.94,1496387661
bitCNY,BITCNY,161,0.140817,0.00005804,462047.0,4131275.0,29337900.0,29337900.0,2.4,-0.16,-1.15,1496387655
Unobtanium,UNO,162,20.799,0.00857242,70981.8,4112478.0,197725.0,197725.0,6.13,15.87,-5.41,1496387643
APX,APX,163,4.53401,0.00186979,75229.8,4080609.0,900000.0,1000000.0,1.08,13.9,29.58,1496387391
ICO OpenLedger,ICOO,164,8.64287,0.0035622,7262.08,4077662.0,471795.0,471795.0,5.47,15.18,6.3,1496387671
ArtByte,ABY,165,0.00514469,0.00000212,122430.0,3975691.0,772775650.0,772775650.0,-3.47,46.83,-11.31,1496387652
DubaiCoin,DBIX,166,4.50598,0.00185823,24776.1,3916584.0,869197.0,869197.0,-2.32,12.47,44.94,1496387387
NautilusCoin,NAUT,167,0.241004,0.00009933,455760.0,3899445.0,16180000.0,16180000.0,1.64,-2.65,8.1,1496387650
Bitmark,BTM,168,0.996131,0.00041056,177170.0,3886086.0,3901180.0,3901180.0,0.39,0.39,16.05,1496387654
Quark,QRK,169,0.014303,0.00000590,52954.2,3577195.0,250101047.0,250101047.0,1.49,15.32,-29.69,1496387642
SpreadCoin,SPR,170,0.438248,0.00018063,39630.0,3564315.0,8133101.0,8133101.0,-0.13,11.09,7.5,1496387657
Riecoin,RIC,171,0.103849,0.00004280,567982.0,3550595.0,34189975.0,34189975.0,2.36,6.95,7.32,1496387648
BitSend,BSD,172,0.217778,0.00008976,17662.6,3321414.0,15251375.0,15251375.0,14.11,12.22,32.59,1496387651
Circuits of Value,COVAL,173,0.0082736,0.00000341,80573.2,3309440.0,400000000.0,1200000000.0,2.02,13.56,-4.95,1496387658
Minereum,MNE,174,8.25912,0.003406,373273.0,3282732.0,397468.0,397468.0,-4.94,162.02,179.71,1496387391
Joincoin,J,175,1.3188,0.00054355,1597.09,3228952.0,2448402.0,2448402.0,136.15,112.44,1307.33,1496387653
Zennies,ZENI,176,0.00317656,0.00000131,6248.66,3178720.0,1000679947.0,1000679947.0,1.83,3.73,-0.12,1496387388
Rise,RISE,177,0.0291447,0.00001201,105543.0,3129768.0,107387215.0,107387215.0,3.12,20.65,37.78,1496387672
Zetacoin,ZET,178,0.0180425,0.00000744,376220.0,2997869.0,166155968.0,166155968.0,3.9,12.24,-0.5,1496387644
Diamond,DMD,179,1.40731,0.00058003,20826.8,2988969.0,2123888.0,2123888.0,-1.59,-4.12,-5.13,1496387644
Megacoin,MEC,180,0.0908299,0.00003744,400728.0,2987073.0,32886450.0,32886450.0,2.91,14.11,-21.73,1496387644
Wild Beast Block,WBB,181,1.28143,0.00052815,35991.4,2979113.0,2324834.0,2324834.0,0.5,2.0,-18.85,1496387659
Ethbits,ETB,182,2.20951,0.00091119,1944.86,2976178.0,1346986.0,1634691.0,-0.78,,,1496387392
PoSW Coin,POSW,183,0.0720639,0.00002970,77324.1,2954620.0,41000000.0,70000000.0,-2.47,33.61,10.67,1496387681
Musicoin,MUSIC,184,0.017042,0.00000702,52673.9,2920379.0,171363616.0,171363616.0,-0.56,2.3,-5.15,1496387685
Curecoin,CURE,185,0.119408,0.00004921,18240.7,2830935.0,23708083.0,23708083.0,-1.86,6.36,-12.85,1496387651
ZcCoin,ZCC,186,0.0454853,0.00001875,1148250.0,2804489.0,61657044.0,61657044.0,8.55,32.93,-7.81,1496387654
BitBean,BITB,187,0.00140499,0.00000058,89497.5,2751412.0,1958314000.0,1958314000.0,5.67,12.37,-25.61,1496387658
Veros,VRS,188,0.0311705,0.00001285,74989.9,2664671.0,85486938.0,10000000000.0,12.02,-10.49,-6.96,1496387679
RaiBlocks,XRB,189,0.0341008,0.00001405,28413.0,2548437.0,74732457.0,340282367.0,0.36,-1.48,11.33,1496387685
Atmos,ATMS,190,0.0249519,0.00001029,188818.0,2497010.0,100072958.0,110072958.0,2.42,4.57,1.0,1496387388
Zeitcoin,ZEIT,191,0.0000683354,0.00000003,5988.68,2482477.0,36327827441.0,36327827441.0,0.48,13.12,32.81,1496387647
Cryptonite,XCN,192,0.00723611,0.00000298,327430.0,2371179.0,327686962.0,327686962.0,-2.06,23.11,-22.59,1496387653
Mintcoin,MINT,193,0.0000969456,0.00000004,9583.76,2360362.0,24347284228.0,24347284228.0,-19.28,9.41,-11.02,1496387646
Myriad,XMY,194,0.00157826,0.00000065,44683.9,2345352.0,1486036500.0,1486036500.0,3.28,3.18,-38.68,1496387648
Digitalcoin,DGC,195,0.0675949,0.00002786,150220.0,2324575.0,34389793.0,34389793.0,2.52,10.31,-8.07,1496387644
Espers,ESP,196,0.000112687,0.00000005,7496.83,2268058.0,20127057710.0,20127057710.0,-2.48,13.92,-17.23,1496387670
Steem Dollars,SBD,197,1.59009,0.00065536,766867.0,2247904.0,1413696.0,1413696.0,-3.17,7.08,-12.23,1496387673
BoostCoin,BOST,198,0.187831,0.00007742,127612.0,2226828.0,11855487.0,11855487.0,0.99,9.73,-7.77,1496387651
Spectrecoin,XSPEC,199,0.108544,0.00004474,231923.0,2213783.0,20395257.0,20395257.0,1.07,-9.13,-3.33,1496387682
bitUSD,BITUSD,200,0.982103,0.00040478,289364.0,2156816.0,2196120.0,2196120.0,-1.05,-1.19,-0.74,1496387655
Adzcoin,ADZ,201,0.0390766,0.00001611,7723.32,2143098.0,54843520.0,54843520.0,4.04,15.44,-5.81,1496387666
Groestlcoin,GRS,202,0.0312826,0.00001289,2195.99,2115244.0,67617255.0,67617255.0,-3.12,6.4,6.74,1496387649
HunterCoin,HUC,203,0.118087,0.00004867,53920.6,2083122.0,17640570.0,17640570.0,0.38,-1.0,-6.52,1496387646
Bata,BTA,204,0.407412,0.00016792,28212.0,2017167.0,4951171.0,4951171.0,0.71,2.94,23.07,1496387661
Breakout Stake,BRX,205,0.320875,0.00013225,12455.1,2011271.0,6268082.0,6268082.0,3.72,18.41,38.12,1496387672
BlockPay,BLOCKPAY,206,0.367589,0.0001515,2000.66,1995383.0,5428300.0,98928316.0,4.3,-2.79,9.77,1496387675
MaxCoin,MAX,207,0.0365364,0.00001506,90831.4,1989139.0,54442678.0,54442678.0,2.85,8.53,2.62,1496387646
iCash,ICASH,208,0.0088054,0.00000363,6808.98,1945146.0,220903745.0,220903745.0,1.21,19.64,-7.78,1496387659
FUNCoin,FUNC,209,0.357304,0.00014735,66744.6,1914199.0,5357341.0,100000000.0,1.15,2.83,14.91,1496387390
Project Decorum,PDC,210,0.0379955,0.00001566,568.867,1899775.0,50000000.0,50000000.0,0.4,2.82,-11.08,1496387672
GoldCoin,GLD,211,0.0461303,0.00001901,19624.2,1856936.0,40254160.0,40254160.0,1.63,7.38,-5.92,1496387643
TransferCoin,TX,212,0.309203,0.00012744,16474.3,1847074.0,5973662.0,5973662.0,-0.16,11.7,-23.39,1496387663
Tickets,TIX,213,0.0000272439,0.00000001,42279.5,1821971.0,66876281414.0,66876281414.0,-2.2,-3.28,-27.18,1496387643
DeepWebCash,DWC,214,1.2762,0.00052599,14163.0,1701191.0,1333013.0,1333013.0,-0.66,1.39,-34.23,1496387680
CryptoCarbon,CCRB,215,0.439665,0.00018121,2643.68,1566136.0,3562111.0,10000150.0,0.23,-7.72,31.18,1496387681
Boolberry,XBB,216,0.161735,0.00006666,6858.54,1541736.0,9532480.0,9532480.0,15.44,14.6,0.07,1496387652
Renos,RNS,217,0.0454178,0.00001872,656061.0,1514781.0,33352152.0,33352152.0,3.47,87.86,164.31,1496387685
Ixcoin,IXC,218,0.068065,0.00002805,10877.5,1429303.0,20999088.0,20999088.0,2.3,-80.46,38.96,1496387643
Startcoin,START,219,0.0316769,0.00001306,46593.7,1427988.0,45079785.0,70782220.0,1.28,-2.25,-29.88,1496387651
ChainCoin,CHC,220,0.0960341,0.00003958,21330.4,1409832.0,14680531.0,14680531.0,1.66,10.35,-2.01,1496387662
Sequence,SEQ,221,0.0314445,0.00001296,2749.36,1405569.0,44699996.0,44699996.0,0.38,8.4,19.49,1496387676
2GIVE,2GIVE,222,0.00272537,0.00000112,17397.7,1398106.0,512996676.0,512996676.0,1.91,6.39,-16.09,1496387671
vTorrent,VTR,223,0.128229,0.00005285,9739.46,1386920.0,10815966.0,10815966.0,-13.03,-7.32,-3.35,1496387658
EB3 Coin,EB3,224,0.29341,0.000121,21752.3,1349982.0,4601009.0,786000000.0,2.82,4.61,5.66,1496387387
Breakout,BRK,225,0.0737102,0.00003038,2628.05,1320463.0,17914247.0,17914247.0,0.38,2.52,-11.43,1496387672
Visio,VISIO,226,0.0255822,0.00001054,1651.7,1294392.0,50597379.0,62597379.0,-0.68,-4.9,-9.78,1496387685
EuropeCoin,ERC,227,0.127379,0.00005250,2689.74,1254848.0,9851296.0,9851296.0,0.4,3.26,16.18,1496387662
Bitswift,SWIFT,228,0.307991,0.00012694,8101.07,1250715.0,4060883.0,4060883.0,3.26,0.23,57.2,1496387656
Stealthcoin,XST,229,0.0460749,0.00001899,2154.71,1205998.0,26174723.0,26174723.0,2.17,1.1,-2.45,1496387653
Creativecoin,CREA,230,0.112087,0.00004622,4467.37,1183317.0,10557127.0,12268855.0,-0.32,20.07,-39.71,1496387391
Voxels,VOX,231,0.0370994,0.00001529,225433.0,1168631.0,31500000.0,210000000.0,-1.41,25.22,-12.11,1496387668
TagCoin,TAG,232,0.209844,0.00008649,127514.0,1152463.0,5491997.0,5491997.0,2.88,12.71,-15.66,1496387643
Yocoin,YOC,233,0.0104444,0.00000430,65012.4,1103125.0,105618830.0,200000000.0,-9.89,11.45,19.58,1496387666
Dynamic,DYN,234,0.673291,0.0002775,2227.23,1088058.0,1616030.0,4369934.0,4.06,-0.85,-6.54,1496387686
Qwark,QWARK,235,0.0611664,0.00002521,18579.3,1065299.0,17416409.0,250377576.0,3.1,12.73,31.77,1496387670
SecureCoin,SRC,236,0.135885,0.00005601,125658.0,1057981.0,7785856.0,7785856.0,1.56,9.03,-28.62,1496387661
Anoncoin,ANC,237,0.498634,0.00020551,5606.97,1052276.0,2110317.0,2110317.0,9.3,21.55,-30.97,1496387643
Syndicate,SYNX,238,0.0917774,0.00003783,12056.7,1034227.0,11268860.0,11268860.0,1.1,-58.54,52.43,1496387673
DopeCoin,DOPE,239,0.00924411,0.00000381,17371.8,1026888.0,111085648.0,111085648.0,13.32,19.99,-9.89,1496387648
Inpay,INPAY,240,0.101457,0.00004184,53010.8,1014570.0,10000000.0,10000000.0,-1.13,-11.59,-34.59,1496387390
WhiteCoin,XWC,241,0.00407614,0.00000168,25277.7,1011106.0,248054807.0,248054807.0,-0.51,-1.21,47.8,1496387649
Triggers,TRIG,242,0.0307166,0.00001266,30202.4,986175.0,32105593.0,100000000.0,0.38,-4.09,-17.42,1496387677
Mercury,MER,243,0.00985911,0.00000406,765.095,985911.0,100000000.0,100000000.0,2.68,-15.04,-20.86,1496387687
CannabisCoin,CANN,244,0.0125655,0.00000518,55895.4,970448.0,77231176.0,91859176.0,0.38,1.83,28.09,1496387653
DIBCOIN,DIBC,245,0.193521,0.00007981,5399.71,967605.0,5000000.0,5000000000.0,0.37,-3.84,16.24,1496387389
PutinCoin,PUT,246,0.0048207,0.00000199,3088.36,966153.0,200417616.0,200417616.0,10.24,-9.64,14.34,1496387673
Hacker Gold,HKG,247,0.0576755,0.00002377,1347.01,929204.0,16110893.0,16110893.0,1.14,-7.64,-17.54,1496387680
AudioCoin,ADC,248,0.00114682,0.00000047,6981.35,909656.0,793198644.0,793198644.0,-0.8,-10.86,-22.68,1496387661
LiteDoge,LDOGE,249,0.0000596355,0.00000002,4564.87,881069.0,14774244659.0,14774244659.0,-24.76,-29.57,-16.54,1496387659
HTMLCOIN,HTML5,250,0.0000215361,0.000000009,7789.53,875637.0,40659020000.0,40659020000.0,4.13,2.65,-4.69,1496387655
VeriumReserve,VRM,251,0.781384,0.00032205,13393.8,869538.0,1112818.0,1112818.0,0.08,14.66,-19.65,1496387676
PepeCoin,PEPE,252,0.0623021,0.00002568,18608.2,857702.0,13766830.0,13766830.0,-0.23,-10.4,14.07,1496387669
HiCoin,XHI,253,0.00447891,0.00000185,92950.9,849784.0,189729990.0,10189729990.0,-3.49,-5.23,-17.7,1496387670
MediterraneanCoin,MED,254,0.0169839,0.00000700,27515.6,844212.0,49706598.0,49706598.0,1.83,29.68,-15.08,1496387656
Centurion,CNT,255,0.0320419,0.00001321,31493.5,828292.0,25850279.0,63389078.0,0.53,1.11,-7.87,1496387683
GlobalCoin,GLC,256,0.0126409,0.00000521,1255.68,823820.0,65171010.0,65171010.0,3.35,-37.38,-56.57,1496387642
EverGreenCoin,EGC,257,0.0618078,0.00002547,11908.1,823360.0,13321301.0,13321301.0,-2.23,1.22,-3.28,1496387667
Hush,HUSH,258,0.729923,0.00030084,192405.0,803563.0,1100888.0,1222363.0,0.5,7.05,35.55,1496387680
Unitus,UIS,259,0.0166611,0.00000687,15342.9,779049.0,46758566.0,46758566.0,0.92,1.47,-11.9,1496387658
Pesetacoin,PTC,260,0.00589543,0.00000243,5354.98,769603.0,130542237.0,130542237.0,1.38,2.75,-17.14,1496387647
e-Gulden,EFL,261,0.0493608,0.00002034,1813.1,757448.0,15345132.0,20384472.0,0.39,0.73,-15.06,1496387648
Fantomcoin,FCN,262,0.128593,0.00005300,2589.03,753533.0,5859829.0,5859829.0,0.38,11.03,2.33,1496387651
BlueCoin,BLU,263,0.00130429,0.00000054,2222.41,749554.0,574683675.0,574683675.0,-8.09,-4.87,129.49,1496387649
Ripto Bux,RBX,264,0.00216605,0.00000089,6276.33,741006.0,342100100.0,1000000000.0,1.06,-7.45,14.86,1496387387
FujiCoin,FJC,265,0.000759018,0.00000031,6442.26,730592.0,962549402.0,962549402.0,47.88,42.36,49.6,1496387661
ProCurrency,PROC,266,0.254979,0.00010515,902.752,717818.0,2815205.0,15000053805.0,0.35,0.41,22.6,1496387389
GeoCoin,GEO,267,0.290909,0.0001199,7548.0,714205.0,2455079.0,2455079.0,0.38,10.55,19.02,1496387659
ArcticCoin,ARC,268,0.0303795,0.00001252,22566.1,709484.0,23354046.0,23354046.0,4.9,-20.78,-42.35,1496387678
Tokes,TKS,269,1.04325,0.00042998,7578.66,675634.0,647624.0,50000000.0,0.4,4.72,-1.71,1496387686
ExclusiveCoin,EXCL,270,0.161827,0.00006670,4697.03,661554.0,4088031.0,4088031.0,3.71,4.11,-18.73,1496387656
HempCoin,THC,271,0.00305711,0.00000126,11053.0,647566.0,211823061.0,211823061.0,-1.91,-0.56,-25.15,1496387652
Synergy,SNRG,272,0.233366,0.00009618,1857.71,647529.0,2774735.0,2774735.0,0.38,8.73,-4.43,1496387661
Altcoin,ALT,273,5.19167,0.002141,2459.98,634294.0,122175.0,134063.0,-1.97,5.02,22.23,1496387390
Deutsche eMark,DEM,274,0.0219891,0.00000906,1008.07,611152.0,27793416.0,27793416.0,2.45,7.43,-11.52,1496387643
TrustPlus,TRUST,275,0.0188036,0.00000775,1252.42,603344.0,32086595.0,32086595.0,0.4,11.09,8.76,1496387653
Magi,XMG,276,0.0847607,0.00003493,3106.93,598009.0,7055265.0,7055265.0,2.54,9.03,-10.67,1496387655
BTSR,BTSR,277,0.175492,0.00007233,19174.8,581022.0,3310819.0,3310819.0,6.36,20.84,-5.85,1496387668
UniBURST,UNIBURST,278,0.579427,0.00023881,2656.67,579426.0,999999.0,1000000.0,0.6,24.9,182.31,1496387685
IncaKoin,NKA,279,0.0000744016,0.00000003,10990.7,560764.0,7536994714.0,7536994714.0,0.24,35.73,199.13,1496387658
DT Token,DRACO,280,0.00621871,0.00000256,37782.1,552774.0,88888888.0,88888888.0,5.3,30.35,41.93,1496387673
Version,V,281,0.00121244,0.00000050,1294.97,530240.0,437333015.0,437333015.0,0.28,,,1496387392
Moin,MOIN,282,0.0762024,0.00003141,3505.29,529526.0,6948947.0,6948947.0,0.91,26.35,17.05,1496387666
TileCoin,XTC,283,0.00518015,0.00000214,13178.0,518015.0,100000000.0,100000000.0,-3.61,-4.14,-31.3,1496387656
Canada eCoin,CDN,284,0.00526878,0.00000217,865.544,513261.0,97415544.0,97415544.0,2.38,0.73,3.61,1496387650
1337,1337,285,0.0000223575,0.000000009,2935.04,509466.0,22787235641.0,22787235641.0,1.43,38.82,48.33,1496387665
Elcoin,EL,286,0.0448544,0.00001849,4483.42,502771.0,11208967.0,20935289.0,-1.31,-19.07,-14.44,1496387670
NuShares,NSR,287,0.000174658,0.00000007,4580.42,471973.0,2702268334.0,3317580083.0,0.45,21.81,-67.64,1496387656
Capricoin,CPC,288,0.456256,0.00018805,27411.8,449149.0,984422.0,200984422.0,0.42,10.89,22.52,1496387662
KoreCoin,KORE,289,0.242627,0.0001,1727.71,444238.0,1830949.0,1830949.0,8.23,-1.22,-1.43,1496387652
NobleCoin,NOBL,290,0.000193637,0.00000008,5244.07,443743.0,2291622961.0,2291622961.0,0.4,1.82,-26.58,1496387647
TrumpCoin,TRUMP,291,0.0646394,0.00002664,6941.74,422711.0,6539524.0,6539524.0,-2.47,-2.49,1.0,1496387669
Mineum,MNM,292,0.043822,0.00001806,760.765,413520.0,9436367.0,9586367.0,13.26,2.58,-6.29,1496387672
I0Coin,I0C,293,0.019483,0.00000803,1743.62,408645.0,20974418.0,20974418.0,0.42,4.98,-0.3,1496387643
Bottlecaps,CAP,294,0.00283736,0.00000117,4367.16,393606.0,138722773.0,138722773.0,-2.66,237.09,290.09,1496387660
MazaCoin,MZC,295,0.000359943,0.00000015,1466.36,393280.0,1092618137.0,1092618137.0,0.44,38.26,41.8,1496387647
TeslaCoin,TES,296,0.00529677,0.00000218,2777.38,380159.0,71771889.0,71771889.0,0.36,6.59,16.99,1496387645
PostCoin,POST,297,0.0238482,0.00000983,3644.47,376213.0,15775332.0,15775332.0,0.86,-1.52,-4.17,1496387669
Virtacoinplus,XVP,298,0.0413594,0.00001705,1006.08,364706.0,8817970.0,10352563.0,1.4,1.38,-46.42,1496387685
Master Swiscoin,MSCN,299,0.0350731,0.00001446,9808.13,359149.0,10240000.0,1002566009.0,3.51,-3.82,-17.33,1496387684
Wyvern,WYV,300,0.315234,0.00013,670.159,343757.0,1090481.0,1090481.0,1.44,-1.52,-11.61,1496387388
Jewels,JWL,301,0.0169604,0.00000699,1758.92,342192.0,20175952.0,20175952.0,7.44,-3.78,-2.55,1496387675
iTicoin,ITI,302,10.0569,0.00414737,42147.7,321821.0,32000.0,9999992.0,-12.15,-21.82,12.9,1496387390
Terracoin,TRC,303,0.0159255,0.00000656,5873.3,320016.0,20094560.0,20094560.0,0.53,3.2,-10.74,1496387640
GCoin,GCN,304,0.0000022410,0.0000000009,625.363,311467.0,138985235000,138985235000,-4.44,3.36,31.2,1496387657
Newbium,NEWB,305,0.012932,0.00000533,60019.2,310368.0,24000000.0,51000000.0,0.97,24.75,185.13,1496387672
Dotcoin,DOT,306,0.00137131,0.00000057,69261.0,308265.0,224796250.0,489796250.0,-0.28,2.9,11.66,1496387658
CacheCoin,CACH,307,0.0849196,0.00003500,8879.25,306005.0,3603471.0,3603471.0,0.38,-21.23,,1496387646
ParkByte,PKB,308,0.0621126,0.00002560,1165.1,295906.0,4764026.0,4764026.0,0.77,12.16,12.9,1496387661
Asiadigicoin,ADCN,309,0.011816,0.00000487,943.425,294585.0,24931054.0,210000000.0,0.98,-3.13,-28.1,1496387667
Influxcoin,INFX,310,0.168018,0.00006925,5037.42,281159.0,1673383.0,1673383.0,-7.81,-2.44,-52.04,1496387664
Karbowanec,KRB,311,0.0786301,0.00003241,5620.47,278058.0,3536281.0,3536281.0,1.44,-0.31,-7.35,1496387675
KibiCoin,KIC,312,0.0188299,0.00000777,535.877,275796.0,14646700.0,14646700.0,0.31,,,1496387392
MTMGaming,MTM,313,0.0919173,0.00003788,880.384,275752.0,3000000.0,5000000.0,0.6,70.38,111.3,1496387685
Quatloo,QTL,314,0.0364195,0.00001501,27746.4,270831.0,7436428.0,7436428.0,-4.1,-13.49,-21.93,1496387652
Atomic Coin,ATOM,315,0.0267093,0.00001101,740.956,268398.0,10048876.0,10048876.0,3.81,11.8,-2.09,1496387677
Zoin,ZOI,316,0.0248922,0.00001026,1507.54,267434.0,10743700.0,10743700.0,0.38,13.83,-18.2,1496387679
Bytecent,BYC,317,0.164259,0.00006770,14777.5,266262.0,1620988.0,1620988.0,1.94,-4.46,-12.66,1496387657
Sexcoin,SXC,318,0.00211895,0.00000087,3609.99,259643.0,122533626.0,122533626.0,1.76,-0.61,4.91,1496387645
Neutron,NTRN,319,0.0200874,0.00000828,3111.29,253456.0,12617684.0,12617684.0,0.38,12.11,139.65,1496387660
UltraCoin,UTC,320,0.0057988,0.00000239,4668.3,249916.0,43097918.0,43097918.0,-0.62,10.69,35.74,1496387646
Rubies,RBIES,321,0.0229027,0.00000944,2355.68,237581.0,10373505.0,10373505.0,0.4,-0.03,-17.2,1496387668
8Bit,8BIT,322,0.199084,0.00008205,3324.36,231816.0,1164415.0,1164415.0,-1.31,1.83,-42.55,1496387660
Cryptojacks,CJ,323,0.000543758,0.00000022,739.548,221075.0,406568581.0,406568581.0,17.08,128.3,86.82,1496387673
PRCoin,PRC,324,0.0225248,0.00000928,34307.4,212688.0,9442400.0,789442400.0,2.44,6.32,-5.56,1496387685
LiteBar,LTB,325,0.327838,0.00013512,926.536,211618.0,645497.0,645497.0,0.45,14.31,12.73,1496387649
NuBits,USNBT,326,0.996601,0.00041075,27554.6,196103.0,196772.0,838087.0,-0.09,-0.75,-2.2,1496387655
Torcoin,TOR,327,0.743906,0.00030678,15961.1,195070.0,262225.0,1262225.0,-0.59,-8.4,-35.43,1496387388
42-coin,42,328,4464.44,1.84004,622.74,187506.0,42.0,42.0,0.42,-3.76,24.2,1496387646
GoldBlocks,GB,329,0.0123544,0.00000509,2619.04,183668.0,14866595.0,14866595.0,0.38,13.98,3.79,1496387671
Kobocoin,KOBO,330,0.00738519,0.00000304,525.078,182416.0,24700248.0,24700248.0,0.38,-30.75,-57.51,1496387658
UnbreakableCoin,UNB,331,0.0775649,0.00003197,6170.44,176704.0,2278150.0,2278150.0,2.61,3.11,7.22,1496387651
Fastcoin,FST,332,0.0012846,0.00000053,1569.88,162842.0,126764507.0,126764507.0,1.16,20.82,17.39,1496387642
Netko,NETKO,333,0.0655709,0.00002703,1167.62,159707.0,2435636.0,2435636.0,-1.93,-4.33,-21.07,1496387685
bitBTC,BITBTC,334,2473.07,1.01929,62745.6,158474.0,64.0,64.0,-0.04,5.15,-1.48,1496387655
Flycoin,FLY,335,0.742197,0.0003059,1375.78,156459.0,210806.0,210806.0,1.72,-28.33,74.0,1496387667
TheGCCcoin,GCC,336,0.0211328,0.00000871,1145.2,148713.0,7037068.0,867037068.0,0.38,-1.35,-27.34,1496387683
Greencoin,GREV2,337,0.0000485255,0.00000002,2274.54,148397.0,3058128641.0,3058128641.0,0.38,2.04,11.69,1496387652
Piggycoin,PIGGY,338,0.000293134,0.00000012,1975.79,141821.0,483810433.0,483810433.0,1.48,5.54,-44.49,1496387652
PipCoin,PIP,339,0.0215696,0.00000889,1336.67,141781.0,6573177.0,6999979.0,0.26,63.03,-3.22,1496387677
bitSilver,BITSILVER,340,21.8935,0.00902352,18079.5,138292.0,6317.0,6317.0,6.87,12.16,15.81,1496387658
HoboNickels,HBN,341,0.00279022,0.00000115,715.75,135477.0,48554215.0,48554215.0,2.17,10.27,99.27,1496387645
Pascal Lite,PASL,342,0.0680813,0.00002806,2732.78,134416.0,1974350.0,1974350.0,14.83,-5.14,-35.99,1496387685
BERNcash,BERN,343,0.00180924,0.00000075,520.595,128880.0,71234301.0,71234301.0,-5.12,11.01,38.89,1496387670
DigitalPrice,DP,344,0.00532826,0.00000220,1453.56,120709.0,22654520.0,22654520.0,-3.1,-12.48,20.56,1496387656
Tattoocoin (Standard Edition),TSE,345,0.00104108,0.00000043,1538.11,119069.0,114370905.0,604370905.0,-33.59,-24.76,-27.59,1496387682
Machinecoin,MAC,346,0.00606569,0.00000250,2731.51,118620.0,19555950.0,19555950.0,0.0,4.59,-11.57,1496387659
bitEUR,BITEUR,347,1.12313,0.0004629,15014.2,114672.0,102100.0,102100.0,-0.94,-1.72,-0.4,1496387661
MojoCoin,MOJO,348,0.00950948,0.00000392,1389.06,114646.0,12055986.0,12055986.0,-0.61,5.07,-36.33,1496387670
Rimbit,RBT,349,0.000976352,0.00000040,704.179,112768.0,115499623.0,393459356.0,-1.95,5.26,4.73,1496387656
Sumokoin,SUMO,350,0.242706,0.00010009,8686.12,110404.0,454887.0,9343776.0,10.25,13.32,,1496387393
LanaCoin,LANA,351,0.000145526,0.00000006,528.376,108902.0,748336306.0,748336306.0,0.38,2.8,21.54,1496387671
CHNCoin,CNC,352,0.00424482,0.00000175,15006.5,107225.0,25260247.0,170109984.0,0.34,0.04,-28.9,1496387659
Phoenixcoin,PXC,353,0.00174593,0.00000072,1059.45,101040.0,57871700.0,57871700.0,7.57,72.83,20.75,1496387642
QuazarCoin,QCN,354,0.0169839,0.00000700,870.353,96979.0,5710072.0,5710072.0,0.38,11.31,-4.85,1496387651
Eryllium,ERY,355,0.0212624,0.00000876,2909.53,92580.0,4354170.0,14354170.0,-0.91,1.89,-46.13,1496387684
bitGold,BITGOLD,356,1611.62,0.664239,14345.8,90275.0,56.0,56.0,-21.62,10.18,14.9,1496387658
Spots,SPT,357,0.00362827,0.00000150,618.635,81295.0,22406021.0,22406021.0,0.98,26.66,41.49,1496387645
Emerald Crypto,EMD,358,0.00424598,0.00000175,3249.45,81171.0,19117129.0,19117129.0,0.4,16.19,41.01,1496387642
Freicoin,FRC,359,0.0026689,0.00000110,17828.3,74473.0,27903872.0,100000000.0,0.38,2.04,2.19,1496387642
Gapcoin,GAP,360,0.00625979,0.00000258,12583.2,68114.0,10881209.0,10881209.0,-7.09,-2.59,15.86,1496387657
CrevaCoin,CREVA,361,0.00184219,0.00000076,12874.6,67039.0,36390750.0,6240390800.0,4.68,1.4,-9.98,1496387662
Kurrent,KURT,362,0.00666755,0.00000275,1168.43,66139.0,9919485.0,21319485.0,0.36,-8.38,6.88,1496387679
MCAP,MCAP,363,6.35569,0.00262104,260045.0,63589.0,10005.0,100000000.0,-2.8,2.84,,1496387392
Chronos,CRX,364,0.000834674,0.00000034,536.838,61540.0,73729962.0,73729962.0,1.37,28.35,23.36,1496387674
Wexcoin,WEX,365,0.340055,0.00014015,3479.99,56944.0,167456.0,10000167456.0,0.22,-9.6,3.94,1496387677
NevaCoin,NEVA,366,0.0306485,0.00001263,763.331,55544.0,1812295.0,1812295.0,0.38,18.66,27.34,1496387668
Acoin,ACOIN,367,0.042261,0.00001742,10271.8,51562.0,1220085.0,1220085.0,-1.89,5.51,-33.23,1496387655
Argentum,ARG,368,0.00686636,0.00000283,916.706,51524.0,7503826.0,7503826.0,0.38,-24.35,-9.86,1496387644
Prime-XI,PXI,369,0.00327049,0.00000135,1671.6,48370.0,14789950.0,14789950.0,1.37,8.45,74.69,1496387655
Philosopher Stones,PHS,370,0.0196043,0.00000808,3684.95,47623.0,2429219.0,2429219.0,0.41,4.87,3.0,1496387643
Allion,ALL,371,0.0064791,0.00000267,2502.65,40166.0,6199359.0,7323359.0,1.06,0.38,-28.35,1496387684
MACRON,MCRN,372,0.0000983460,0.00000004,975.563,39478.0,401421401.0,401421401.0,0.81,2.0,41.89,1496387390
Independent Money System,IMS,373,0.00692378,0.00000285,1052.08,37173.0,5368934.0,5368934.0,0.02,1.89,-12.42,1496387668
Hexx,HXX,374,0.023339,0.00000962,532.737,31571.0,1352711.0,1352711.0,-0.05,-21.55,-32.83,1496387661
Rawcoin,XRC,375,0.0436972,0.00001801,2855.64,30801.0,704882.0,704882.0,-7.29,20.9,211.06,1496387680
PIECoin,PIE,376,0.000388865,0.00000016,533.987,28023.0,72064480.0,72064480.0,23.78,23.49,-7.18,1496387685
BeaverCoin,BVC,377,0.00883164,0.00000364,669.111,27513.0,3115258.0,3115258.0,-0.1,3.14,-15.23,1496387655
Kittehcoin,MEOW,378,0.0000010164,0.0000000004,2025.86,24297.0,23905669976.0,23905669976.0,2.6,53.05,70.44,1496387645
LevoPlus,LVPS,379,0.0582093,0.00002399,4937.36,23903.0,410632.0,91410632.0,-18.87,-14.24,-28.71,1496387685
Honey,HONEY,380,0.334298,0.00013778,1029.77,22835.0,68306.0,68306.0,-15.97,-21.64,-63.88,1496387686
Marijuanacoin,MAR,381,0.0370492,0.00001527,4208.94,19365.0,522690.0,522690.0,-0.34,-27.45,-25.45,1496387685
Eurocoin,EUC,382,0.00148003,0.00000061,1175.12,17361.0,11730325.0,11730325.0,-0.44,1.31,-20.26,1496387663
AllSafe,ASAFE,383,0.0000188489,0.000000008,3931.03,13383.0,710000000.0,710000000.0,0.11,850.82,377.85,1496387678
Ebittree Coin,EBT,384,0.0118819,0.00000490,926.303,10343.0,870460.0,810870460.0,0.28,0.65,6.26,1496387389
Beatcoin,XBTS,385,0.00602566,0.00000248,1710.26,9187.0,1524686.0,2524686.0,-10.08,7.56,-3.96,1496387676
BenjiRolls,BENJI,386,0.000460992,0.00000019,5072.28,8733.0,18943886.0,18943886.0,1.71,-0.57,-22.77,1496387682
Digital Money Bits,DMB,387,0.0153194,0.00000632,17812.4,4668.0,304700.0,10304700.0,4.34,5.94,59.97,1496387392
Environ,ENV,388,0.0000242428,0.000000010,2136.86,3179.0,131129509.0,931129509.0,0.27,1.99,-95.57,1496387390
Powercoin,PWR,389,0.0000242627,0.00000001,1336.61,1213.0,49983870.0,49983870.0,0.38,2.04,-2.45,1496387672
Gold Pressed Latinum,GPL,390,0.196221,0.00008092,8845.55,,,203939.0,0.89,-3.55,20.08,1496387391
SnakeEyes,SNAKE,391,0.145793,0.00006012,618.599,,,10000000.0,1.04,25.15,30.57,1496387390
Arcade Token,ARC,392,3.74133,0.00167261,,10777041.0,2880537.0,2880537.0,,,40.48,1496180681
Scotcoin,SCOT,393,0.0066176,0.00000273,172.45,6617600.0,1000000000.0,1000000000.0,-19.66,-5.28,97.84,1496387651
Jinn,JINN,394,49.411,0.020365,494.11,2900574.0,58703.0,1000000.0,1.81,9.06,14.22,1496387655
XCurrency,XC,395,0.436729,0.00018,354.236,2536001.0,5806807.0,5806807.0,0.38,1.24,-6.7,1496387651
InstantDEX,DEX,396,2.43264,0.00100262,352.732,2432640.0,1000000.0,1000000.0,1.81,9.06,-1.55,1496387655
AsiaCoin,AC,397,0.0028215,0.00000116,154.68,2367652.0,839146495.0,839146495.0,0.35,7.7,-24.31,1496387649
Bitpark Coin,BPC,398,0.0205991,0.00000849,287.153,1544933.0,75000000.0,100000000.0,0.38,24.48,13.43,1496387681
NewYorkCoin,NYC,399,0.0000242626,0.000000010,249.423,1448961.0,59719935819.0,59719935819.0,0.38,2.07,24.71,1496387650
InsaneCoin,INSANE,400,0.0750376,0.00003093,172.215,1376263.0,18340973.0,18340973.0,3.93,-3.11,35.14,1496387679
Pangea Poker,PANGEA,401,0.947781,0.00039063,11.3734,947167.0,999352.0,1000000.0,1.81,9.06,,1496387658
DubaiCoin,DBIC,402,0.162207,0.00006685,257.005,831962.0,5129014.0,6146942.0,0.23,4.92,0.23,1496387668
Woodcoin,LOG,403,0.102923,0.00004242,288.225,827006.0,8035193.0,8035193.0,0.4,-10.34,-4.68,1496387660
ShadowCash,SDC,404,0.123347,0.00005084,414.824,822358.0,6667032.0,6667032.0,0.4,1.63,-25.13,1496387654
Pandacoin,PND,405,0.0000242627,0.00000001,333.327,788900.0,32514916898.0,32514916898.0,0.38,2.04,-2.45,1496387647
Ultimate Secure Cash,USC,406,0.0727463,0.00003000,121.244,752423.0,10343113.0,38602656.0,0.28,24.26,-17.69,1496387387
Carboncoin,CARBON,407,0.0000485255,0.00000002,7.24243,746901.0,15391933371.0,15391933371.0,0.38,2.04,-2.45,1496387653
Casino,CASINO,408,0.691125,0.00028485,12.4402,691125.0,1000000.0,1000000.0,0.59,196.7,18.06,1496387685
SmileyCoin,SMLY,409,0.0000224324,0.000000009,113.452,582351.0,25960250000.0,25960250000.0,1.24,-3.43,180.73,1496387658
Tao,XTO,410,0.0192051,0.00000792,225.629,582228.0,30316339.0,32316339.0,2.65,10.59,-11.29,1496387675
CageCoin,CAGE,411,0.0000056658,0.000000002,215.035,573199.0,101168328395,101168328395,-2.73,52.77,-6.49,1496387647
Cryptofund,FUND,412,0.5588,0.0002553,,558800.0,1000000.0,1000000.0,,,-28.6,1495948164
E-Currency Coin ,ECC,413,0.0000242627,0.00000001,1.19443,535250.0,22060603799.0,22060603799.0,0.38,2.04,-2.45,1496387648
HitCoin,HTC,414,0.0000485255,0.00000002,168.554,533602.0,10996318099.0,20996318099.0,0.4,2.04,95.1,1496387670
Happycoin,HPC,415,0.0443995,0.00001831,228.444,504640.0,11365901.0,11365901.0,0.31,2.35,233.64,1496387389
Shorty,SHORTY,416,0.00501117,0.00000210,,501117.0,100000000.0,100000000.0,,0.36,61.53,1496365479
CasinoCoin,CSC,417,0.0119348,0.00000492,309.381,460697.0,38601187.0,38601187.0,0.78,10.17,-12.01,1496387660
ReeCoin,REE,418,0.0353823,0.00001458,147.139,437598.0,12367704.0,6662367704.0,0.4,-15.59,-13.0,1496387673
YashCoin,YASH,419,0.0437457,0.00001803,424.619,437462.0,10000116.0,10000116.0,-2.17,-56.5,16.65,1496387681
Colossuscoin V2,CV2,420,0.0000191441,0.000000008,310.095,424778.0,22188450273.0,22188450273.0,0.01,7.35,-57.44,1496387659
Dashcoin,DSH,421,0.0241281,0.00000994,330.548,417213.0,17291579.0,17291579.0,0.06,-6.49,-2.28,1496387656
BitBar,BTB,422,11.7225,0.00483148,404.207,381933.0,32581.0,32581.0,0.29,-1.26,-2.79,1496387641
Orbitcoin,ORB,423,0.125515,0.00005173,28.2803,370944.0,2955376.0,2955376.0,0.36,1.56,0.56,1496387644
FuelCoin,FC2,424,0.00361515,0.00000149,3.78062,366621.0,101412399.0,101412399.0,0.38,2.04,,1496387652
LTBcoin,LTBC,425,0.000742106,0.00000032,,366499.0,493863915.0,493863915.0,,,,1496287754
RussiaCoin,RC,426,0.0428965,0.00001768,0.291079,352457.0,8216446.0,8216446.0,0.38,2.16,1.54,1496387666
SuperCoin,SUPER,427,0.00849196,0.00000350,84.9114,349492.0,41155630.0,41155630.0,0.38,,,1496387651
Trollcoin,TROLL,428,0.000627778,0.00000026,292.849,347611.0,553716373.0,553716373.0,3.37,2.53,-9.71,1496387655
Bitstar,BITS,429,0.0139509,0.00000575,84.3124,321983.0,23079737.0,23079737.0,2.34,52.13,51.43,1496387649
HOdlcoin,HODL,430,0.00315416,0.00000130,21.1945,291975.0,92568145.0,250000000.0,0.38,-8.83,19.64,1496387668
Rare Pepe Party,RAREPEPEPRTY,431,16.1275,0.0067095,,290295.0,18000.0,100000.0,,-5.88,-8.33,1496315982
SmartCoin,SMC,432,0.0104633,0.00000431,67.5749,239527.0,22892142.0,22892142.0,0.56,20.59,-27.28,1496387646
SwagBucks,BUCKS,433,1.1427,0.00047097,4.6283,234847.0,205519.0,205519.0,-1.73,-4.69,-13.94,1496387666
Crypto Bullion,CBX,434,0.23494,0.00009683,55.8703,233961.0,995834.0,995834.0,-28.76,-8.23,-37.55,1496387642
BTCtalkcoin,TALK,435,0.00357833,0.00000161,,233631.0,65290635.0,65290635.0,,,-22.52,1496191750
VirtualCoin,VC,436,0.0215453,0.00000888,224.584,216838.0,10064287.0,10064287.0,0.38,13.27,48.15,1496387653
AgrolifeCoin,AGLC,437,0.0472658,0.00001990,,216056.0,4571084.0,204571084.0,,-0.09,98.16,1496301878
BitcoinTX,BTX,438,0.00264464,0.00000109,1.14035,214377.0,81061049.0,81061049.0,0.38,11.23,-45.79,1496387660
The Cypherfunks,FUNK,439,0.0000046916,0.000000002,59.9226,207150.0,44153220000.0,44153220000.0,-6.87,-4.99,-7.99,1496387662
BritCoin,BRIT,440,0.00968083,0.00000399,166.503,205893.0,21268092.0,21268092.0,0.38,85.07,14.97,1496387652
Coin(O),CNO,441,0.0019409,0.00000080,356.495,200125.0,103109410.0,103109410.0,86.81,73.7,120.37,1496387648
Pesobit,PSB,442,0.00611421,0.00000252,393.495,199745.0,32668904.0,32668904.0,3.24,-4.05,-12.58,1496387676
Crave,CRAVE,443,0.157347,0.00006668,,196636.0,1249695.0,1249695.0,,-0.75,158.81,1496344460
Devcoin,DVC,444,0.0000140203,0.000000006,255.635,196319.0,14002477500.0,14002477500.0,-79.15,27.69,-59.5,1496387644
BillaryCoin,BLRY,445,0.0203322,0.00000838,25.596,182647.0,8983158.0,8983158.0,0.38,20.44,-21.76,1496387671
Bitz,BITZ,446,0.0892373,0.00003720,,177662.0,1990891.0,1990891.0,,0.89,-3.01,1496351362
Zero,ZER,447,0.232922,0.00009600,206.147,172987.0,742680.0,742680.0,1.46,-1.15,-14.19,1496387686
Tristar Coin,TSTR,448,0.0343849,0.00001500,,172882.0,5027857.0,255027857.0,,,42.58,1496271895
Veltor,VLT,449,0.309884,0.00012772,389.658,171941.0,554855.0,554855.0,-14.61,-37.79,-4.33,1496387675
NetCoin,NET,450,0.000217957,0.00000009,203.03,171560.0,787126712.0,787126712.0,0.99,-3.08,-14.96,1496387644
Titcoin,TIT,451,0.00301592,0.00000124,130.748,150489.0,49898202.0,49898202.0,0.51,0.57,-24.89,1496387653
LottoCoin,LOT,452,0.0000102452,0.000000004,18.2432,148463.0,14491014421.0,14491014421.0,2.09,23.42,8.84,1496387644
Truckcoin,TRK,453,0.00111594,0.00000046,26.5682,137261.0,123000786.0,123000786.0,0.38,11.78,79.33,1496387653
Stress,STS,454,0.000242627,0.00000010,1.02874,137117.0,565134332.0,565134332.0,0.4,,,1496387668
Cannacoin,CCN,455,0.0290425,0.00001197,98.0634,136432.0,4697672.0,4697672.0,0.38,-3.76,28.36,1496387649
Vault Coin,VLTC,456,0.00450105,0.00000186,77.4659,133788.0,29723640.0,529723640.0,-9.35,-17.4,-17.17,1496387680
PureVidz,VIDZ,457,0.00099539,0.00000041,242.387,124607.0,125184087.0,125184087.0,1.07,-31.65,2.36,1496387683
Bitcurrency,BTCR,458,0.000715457,0.00000029,108.313,120324.0,168178007.0,168178007.0,0.38,0.49,31.0,1496387678
MetalCoin,METAL,459,0.00155282,0.00000064,5.87636,119451.0,76925527.0,76925527.0,0.38,-17.33,-16.76,1496387658
GAIA,GAIA,460,0.00466575,0.00000198,,112451.0,24101381.0,24101381.0,,-0.89,-13.55,1496340859
C-Bit,XCT,461,0.000800671,0.00000033,53.0384,105516.0,131784250.0,131784250.0,0.38,5.23,-3.37,1496387668
Coin2.1,C2,462,0.00103451,0.00000043,256.967,103427.0,99976323.0,99976323.0,8.1,13.73,-13.92,1496387651
TEKcoin,TEK,463,0.0000727882,0.00000003,415.749,102926.0,1414054562.0,1414054562.0,-24.72,-22.84,52.0,1496387650
HyperStake,HYP,464,0.000265901,0.00000011,124.689,102584.0,385796097.0,385796097.0,1.11,2.18,18.88,1496387653
Pakcoin,PAK,465,0.00274954,0.00000113,284.063,100688.0,36620050.0,36620050.0,0.41,-1.23,-23.01,1496387664
Sterlingcoin,SLG,466,0.0259182,0.00001068,22.3331,100593.0,3881156.0,3881156.0,0.85,1.79,-9.44,1496387655
BigUp,BIGUP,467,0.0000485255,0.00000002,6.86691,99678.0,2054143465.0,2054143465.0,0.38,104.09,31.04,1496387668
Swing,SWING,468,0.0436987,0.00001801,9.49452,99501.0,2276982.0,2276982.0,0.54,-25.61,-8.97,1496387664
Dollarcoin,DLC,469,0.0107484,0.00000443,10.5829,97883.0,9106714.0,9106714.0,0.38,11.62,,1496387676
FlutterCoin,FLT,470,0.00029199,0.00000012,9.04587,94083.0,322214524.0,322214524.0,5.35,22.3,-6.42,1496387648
Xiaomicoin,MI,471,0.000223778,0.00000009,151.104,90886.0,406141855.0,406141855.0,0.78,-28.25,-1.95,1496387663
TittieCoin,TTC,472,0.0000705158,0.00000003,117.355,88837.0,1259816434.0,1259816434.0,-1.76,33.01,-3.52,1496387657
WayGuide,WAY,473,0.000873459,0.00000036,2.70685,87381.0,100040708.0,100040708.0,0.4,2.04,6.42,1496387675
CorgiCoin,CORG,474,0.0000696960,0.00000003,8.39933,87249.0,1251855418.0,1251855418.0,0.29,15.56,-59.9,1496387647
PayCoin,XPY,475,0.00743756,0.00000307,2.07933,87039.0,11702574.0,11752574.0,0.38,4.27,-61.03,1496387658
Digital Rupees,DRS,476,0.000169839,0.00000007,199.203,86754.0,510802961.0,510802961.0,0.38,138.1,46.47,1496387682
BunnyCoin,BUN,477,0.0000008464,0.0000000003,143.274,85837.0,101409584889,101409584889,1.1,12.64,6.42,1496387654
Elementrem,ELE,478,0.00332197,0.00000137,131.536,83104.0,25016535.0,25016535.0,0.32,11.72,-33.86,1496387674
KiloCoin,KLC,479,0.000412467,0.00000017,46.6123,80966.0,196297971.0,10025186872.0,0.4,8.42,11.64,1496387669
Darsek,KED,480,0.00775887,0.00000320,26.3916,76472.0,9856041.0,9856041.0,0.28,0.44,-28.31,1496387388
GameUnits,UNITS,481,0.0219786,0.00000906,134.285,76178.0,3466019.0,3466019.0,0.42,-12.27,-16.97,1496387682
UFO Coin,UFO,482,0.0000229521,0.00000001,,75431.0,3286432512.0,3286432512.0,,,-7.81,1496273048
Guncoin,GUN,483,0.00041239,0.00000017,42.2641,75085.0,182071978.0,182071978.0,0.38,15.63,60.84,1496387650
Triangles,TRI,484,1.00717,0.00041511,10.5508,73414.0,72891.0,72891.0,0.36,-13.35,-10.32,1496387653
Artex Coin,ATX,485,0.00375453,0.00000155,70.087,70191.0,18695075.0,268695075.0,0.4,5.02,47.03,1496387676
Blakecoin,BLC,486,0.00587158,0.00000242,23.3757,69935.0,11910789.0,11910789.0,0.38,2.04,-2.88,1496387646
Valorbit,VAL,487,0.0000242627,0.00000001,12.374,69689.0,2872263485.0,922340072263485,0.38,2.04,-2.45,1496387669
SproutsExtreme,SPEX,488,0.0000242627,0.00000001,12.6166,69552.0,2866607586.0,2866607586.0,0.38,2.04,,1496387668
GlobalBoost-Y,BSTY,489,0.00598675,0.00000247,126.743,68240.0,11398430.0,11398430.0,-28.65,-27.93,-17.89,1496387655
NoLimitCoin,NLC2,490,0.000339678,0.00000014,31.7048,68091.0,200458619.0,200458619.0,0.38,-10.71,-40.39,1496387676
HempCoin,HMP,491,0.0000485255,0.00000002,27.6595,65831.0,1356620126.0,2856620126.0,0.38,2.04,89.86,1496387667
AmberCoin,AMBER,492,0.0014952,0.00000063,,65255.0,43643263.0,43643263.0,,-0.18,-17.65,1496347159
Yacoin,YAC,493,0.000558043,0.00000023,4.45459,64793.0,116107514.0,116107514.0,0.38,2.04,-6.52,1496387641
CCMiner,CCM100,494,0.0267607,0.00001103,35.8326,64663.0,2416354.0,6000000.0,0.6,22.01,-6.22,1496387684
Debitcoin,DBTC,495,0.00356662,0.00000147,34.3807,64171.0,17991980.0,25991980.0,0.38,10.3,6.88,1496387672
PetroDollar,XPD,496,0.000997071,0.00000041,125.179,63806.0,63993275.0,63993275.0,-28.52,-37.01,-33.04,1496387649
ChessCoin,CHESS,497,0.00117786,0.00000049,30.9625,63563.0,53965198.0,53965198.0,0.23,-0.61,26.52,1496387673
Ratecoin,XRA,498,0.000587798,0.00000024,112.43,62351.0,106076210.0,106076210.0,0.55,11.22,-21.52,1496387662
Bitcloud,BTD,499,0.00538633,0.00000222,45.7448,59989.0,11137258.0,11137258.0,0.4,-2.53,65.31,1496387677
Jin Coin,JIN,500,0.00606569,0.00000250,0.303284,59738.0,9848485.0,9848485.0,0.38,-5.11,,1496387675
RevolverCoin,XRE,501,0.00262038,0.00000108,194.286,57105.0,21792650.0,21792650.0,0.4,31.2,-2.26,1496387672
Aricoin,ARI,502,0.00038847,0.00000016,0.966239,54488.0,140262505.0,140262505.0,0.26,13.79,18.56,1496387646
KushCoin,KUSH,503,0.0098992,0.00000408,30.7766,53391.0,5393474.0,5393474.0,0.38,-7.07,-18.63,1496387682
AquariusCoin,ARCO,504,0.0432941,0.00001784,157.513,52891.0,1221679.0,1221679.0,-1.67,15.18,26.25,1496387670
Zayedcoin,ZYD,505,0.00812802,0.00000335,24.189,50750.0,6243840.0,6243840.0,0.38,2.04,-18.1,1496387675
Eternity,ENT,506,0.0164672,0.00000679,158.897,50402.0,3060750.0,3060750.0,0.38,-4.71,-33.54,1496387680
SatoshiMadness,MAD,507,0.0000242627,0.00000001,121.556,48542.0,2000683485.0,2000683485.0,0.4,2.04,-2.45,1496387664
Nyancoin,NYAN,508,0.000162144,0.00000007,62.2825,48301.0,297891209.0,297891209.0,0.73,-14.56,1.48,1496387646
DigiCube,CUBE,509,0.0000197897,0.000000008,0.00369703,48072.0,2429126009.0,2429126009.0,2.23,,-20.42,1496387664
PonziCoin,PONZI,510,0.0558043,0.00002300,401.649,48053.0,861099.0,861099.0,-25.39,10.45,-2.41,1496387671
AurumCoin,AU,511,0.162124,0.00006682,168.586,48024.0,296216.0,296216.0,0.69,-17.91,-23.3,1496387656
Francs,FRN,512,0.0276334,0.00001139,159.968,47366.0,1714100.0,1714100.0,0.28,-2.64,19.54,1496387667
MiloCoin,MILO,513,0.00452329,0.00000186,109.853,46539.0,10288838.0,10288838.0,0.4,11.36,67.12,1496387686
Sativacoin,STV,514,0.00657363,0.00000274,,46520.0,7076836.0,7076836.0,,54.38,8.32,1496351959
Tigercoin,TGC,515,0.00106756,0.00000044,155.757,46478.0,43536800.0,43536800.0,0.4,28.28,43.07,1496387644
MarteXcoin,MXT,516,0.0168995,0.00000697,0.178396,46105.0,2728161.0,2728161.0,-3.11,32.68,-43.47,1496387670
PX,PX,517,0.000582306,0.00000024,87.9778,44707.0,76776414.0,76776414.0,0.38,22.45,42.56,1496387674
AmsterdamCoin,AMS,518,0.00461598,0.00000190,174.807,44331.0,9603707.0,16803707.0,1.85,-0.04,8.46,1496387663
BurstOcean,OCEAN,519,0.208268,0.00008584,17.3071,44117.0,211827.0,1000000.0,0.6,36.47,45.47,1496387686
RedCoin,RED,520,0.000582306,0.00000024,16.0247,43153.0,74107896.0,74107896.0,0.38,-5.14,-37.26,1496387645
ICOBID,ICOB,521,0.00041375,0.00000017,400.848,42973.0,103862796.0,103862796.0,0.36,-7.78,1.63,1496387682
Evotion,EVO,522,0.0172548,0.00000711,160.63,42606.0,2469220.0,2469220.0,0.83,-14.47,-65.1,1496387665
UniCoin,UNIC,523,0.0141516,0.00000583,175.562,41199.0,2911231.0,2911231.0,0.23,2.31,10.66,1496387661
Joulecoin,XJO,524,0.00127521,0.00000053,36.4662,41129.0,32253088.0,32253088.0,-0.7,-1.69,8.63,1496387643
Bolivarcoin,BOLI,525,0.00626964,0.00000258,474.49,40624.0,6479450.0,6479450.0,7.74,10.99,36.07,1496387663
UCoin,U,526,0.0150429,0.00000620,9.06199,40463.0,2689812.0,2689812.0,0.38,2.04,-3.69,1496387657
808Coin,808,527,0.000194381,0.00000008,161.433,40003.0,205796751.0,205796751.0,0.34,-6.77,17.46,1496387673
Lex4All,LEX,528,0.0389776,0.00001606,179.297,38979.0,1000043.0,5000000.0,0.59,5.73,-21.54,1496387686
BTCDragon,DRAGON,529,0.0930808,0.00003836,102.389,37618.0,404146.0,1000000.0,0.59,-46.0,-30.15,1496387684
OctoCoin,888,530,0.00077102,0.00000032,129.245,37288.0,48362028.0,48362028.0,0.36,-33.37,29.15,1496387648
CoExistCoin,COXST,531,0.00136362,0.00000056,28.1673,37007.0,27138905.0,27138905.0,-3.02,-8.24,-50.45,1496387669
Franko,FRK,532,0.0575512,0.00002372,1.37145,36657.0,636950.0,636950.0,0.42,,-49.69,1496387645
SpaceCoin,SPACE,533,0.00204625,0.00000084,3.14326,36408.0,17792475.0,17792475.0,0.59,-3.6,3.66,1496387663
WMCoin,WMC,534,0.00310563,0.00000128,0.480742,35800.0,11527489.0,911527489.0,0.4,7.95,,1496387671
Universe,UNI,535,0.0119546,0.00000493,112.624,35462.0,2966382.0,14166382.0,20.28,14.75,8.79,1496387387
Photon,PHO,536,0.0000019628,0.0000000008,38.3983,35005.0,17834330768.0,17834330768.0,-0.03,25.73,32.99,1496387647
Cypher,CYP,537,0.00548338,0.00000226,248.111,34903.0,6365285.0,6365285.0,0.38,12.5,,1496387660
PopularCoin,POP,538,0.0000104182,0.000000004,35.0109,34825.0,3342660939.0,3342660939.0,0.16,9.22,13.93,1496387649
Universal Currency,UNIT,539,0.00266395,0.00000110,111.092,34755.0,13046431.0,13046431.0,0.38,68.06,-48.74,1496387660
Dobbscoin,BOB,540,0.00664799,0.00000274,0.943217,33641.0,5060382.0,5060382.0,0.38,1.3,1.24,1496387654
Evil Coin,EVIL,541,0.00152612,0.00000063,0.87846,32080.0,21020383.0,21020383.0,0.38,-1.07,-2.48,1496387667
CryptoWorldX Token,CWXT,542,0.000582306,0.00000024,9.64221,31839.0,54677350.0,54677350.0,0.38,11.32,-7.03,1496387683
Uro,URO,543,0.026131,0.00001077,60.2041,31548.0,1207310.0,1207310.0,0.4,-0.15,-10.97,1496387652
RonPaulCoin,RPC,544,0.0390938,0.00001611,17.6198,30842.0,788911.0,788911.0,0.4,-3.04,-6.73,1496387645
FlavorCoin,FLVR,545,0.00147338,0.00000061,8.9996,30791.0,20898106.0,20898106.0,-2.67,7.32,93.5,1496387668
Solarflarecoin,SFC,546,0.00220791,0.00000091,296.82,30290.0,13718750.0,13718750.0,0.4,3.43,-18.08,1496387683
Dreamcoin,DRM,547,0.0120275,0.00000503,,29311.0,2436996.0,2436996.0,,0.57,,1496330352
Creatio,XCRE,548,0.00142177,0.00000059,177.64,29175.0,20520514.0,20520514.0,13.29,-0.34,39.6,1496387679
SixEleven,611,549,0.0701193,0.00002890,9.09729,28893.0,412056.0,412056.0,0.38,-19.2,-71.66,1496387670
NeuCoin,NEU,550,0.0000144853,0.000000006,1.51347,28837.0,1990764588.0,2014638413.0,-3.11,33.06,-70.28,1496387664
Zurcoin,ZUR,551,0.000363941,0.00000015,24.701,28741.0,78970710.0,78970710.0,0.38,9.33,10.66,1496387670
Hommalicoin,HMC,552,11.7946,0.00496011,,28528.0,2419.0,1000000000.0,,-0.18,,1496299177
Bitzeny,ZNY,553,0.000363941,0.00000015,56.1781,27519.0,75614500.0,75614500.0,-5.9,2.04,8.9,1496387662
GoldPieces,GP,554,0.0224671,0.00000926,418.881,27413.0,1220161.0,1220161.0,-1.59,1.14,-22.2,1496387657
X-Coin,XCO,555,0.00218365,0.00000090,10.9182,27044.0,12384976.0,12384976.0,0.38,14.8,0.91,1496387659
Unrealcoin,URC,556,0.00383351,0.00000158,20.1847,26928.0,7024402.0,7024402.0,0.38,,16.76,1496387660
BumbaCoin,BUMBA,557,0.00121314,0.00000050,23.8174,26622.0,21944600.0,21944600.0,0.4,-5.51,-22.37,1496387669
HealthyWormCoin,WORM,558,0.00169741,0.00000070,42.2287,26458.0,15587235.0,15587235.0,0.28,2.02,-51.28,1496387387
PayCon,CON,559,0.00110384,0.00000045,59.0798,25435.0,23042604.0,23042604.0,-17.68,-16.4,-23.43,1496387659
Grantcoin,GRT,560,0.000606569,0.00000025,153.905,25067.0,41325651.0,10041325651.0,0.38,,-1.83,1496387662
Destiny,DES,561,0.0155282,0.00000640,0.24287,24845.0,1600000.0,1600000.0,0.38,2.85,28.46,1496387667
AntiBitcoin,ANTI,562,0.00140333,0.00000058,,24509.0,17465159.0,17465159.0,0.12,1.83,35.94,1496385567
CryptoEscudo,CESC,563,0.000169839,0.00000007,30.2346,24475.0,144105100.0,594105100.0,-12.17,2.04,-2.45,1496387648
Theresa May Coin,MAY,564,0.00157617,0.00000065,108.001,24073.0,15273200.0,15273200.0,0.32,-11.59,,1496387393
ARbit,ARB,565,0.00357811,0.00000149,,23145.0,6468630.0,6468630.0,,1.0,10.66,1496362165
PlatinumBAR,XPTX,566,0.1324,0.00005562,,23075.0,174285.0,174285.0,,0.12,29.22,1496364572
LeaCoin,LEA,567,0.0000818232,0.00000003,25.2844,22600.0,276209089.0,276209089.0,0.01,71.92,3.61,1496387660
B3Coin,B3,568,0.0719099,0.00002989,,22090.0,307186.0,307186.0,,11.42,23.32,1496372674
BiosCrypto,BIOS,569,0.00105096,0.00000043,0.274732,21794.0,20737003.0,20737003.0,0.22,-9.75,39.78,1496387662
ParallelCoin,DUO,570,0.0750878,0.00003095,338.773,21587.0,287489.0,287489.0,-0.07,1.57,-33.7,1496387664
SoonCoin,SOON,571,0.00167413,0.00000069,39.6853,20864.0,12462620.0,12462620.0,-22.18,-20.89,-30.61,1496387658
Ride My Car,RIDE,572,0.000203184,0.00000008,45.6668,20541.0,101097078.0,101097078.0,-5.72,-6.42,-19.63,1496387685
MindCoin,MND,573,0.0016256,0.00000067,15.0137,20396.0,12546625.0,12546625.0,0.38,2.04,5.63,1496387666
VIP Tokens,VIP,574,0.000242627,0.00000010,0.242627,20247.0,83450403.0,83450403.0,0.38,2.04,-2.45,1496387668
Flaxscript,FLAX,575,0.00366367,0.00000151,1.67261,20136.0,5496053.0,5496053.0,0.41,-0.43,7.91,1496387663
SongCoin,SONG,576,0.000603364,0.00000025,146.126,19649.0,32565300.0,32565300.0,-2.08,18.62,-13.12,1496387660
DAPPSTER,DLISK,577,0.000194102,0.00000008,0.242627,19410.0,100000000.0,100000000.0,0.4,2.04,-13.29,1496387674
PLNcoin,PLNC,578,0.00111609,0.00000046,1.18419,19074.0,17089600.0,19089600.0,0.38,4.31,13.42,1496387649
IslaCoin,ISL,579,0.0125924,0.00000519,19.2361,19061.0,1513704.0,1513704.0,0.38,4.05,-15.34,1496387664
Magnum,MGM,580,0.00516496,0.00000225,,18734.0,3627150.0,253627150.0,,,-11.84,1496272491
Impact,IMX,581,0.000169741,0.00000007,53.3473,18555.0,109314611.0,109314611.0,0.28,-14.22,-41.02,1496387387
Luna Coin,LUNA,582,0.0149238,0.00000615,224.4,18317.0,1227386.0,1227386.0,0.4,0.77,-6.76,1496387681
Alexium,AUM,583,0.000897722,0.00000037,1.24293,18221.0,20297336.0,20297336.0,0.38,-0.64,6.16,1496387663
SecretCoin,SCRT,584,0.00429451,0.00000177,0.429451,18160.0,4228672.0,4228672.0,0.38,3.8,26.96,1496387665
BipCoin,BIP,585,0.0129078,0.00000532,44.5835,17347.0,1343889.0,1343889.0,1.14,-4.25,-39.95,1496387679
Halcyon,HAL,586,0.0037122,0.00000153,15.2049,17256.0,4648500.0,4648500.0,1.37,2.72,-22.99,1496387654
Litecred,LTCR,587,0.000567006,0.00000023,139.945,17139.0,30227750.0,30227750.0,3.28,-36.84,73.15,1496387666
GameBet Coin,GBT,588,0.000800671,0.00000033,0.667201,17024.0,21262780.0,22262780.0,0.38,,-2.45,1496387669
Vector,VEC2,589,0.00106756,0.00000044,103.404,16912.0,15841325.0,15841325.0,0.38,-49.55,-44.52,1496387664
Steps,STEPS,590,0.000897722,0.00000037,0.448861,16720.0,18625017.0,18625017.0,0.38,2.04,0.26,1496387664
Sling,SLING,591,0.0152127,0.00000627,14.3572,16340.0,1074095.0,1074095.0,0.38,0.92,9.68,1496387660
Orlycoin,ORLY,592,0.000436729,0.00000018,0.995282,16005.0,36646779.0,36646779.0,0.38,2.04,17.06,1496387669
Blackstar,BSTAR,593,0.0000242627,0.00000001,104.264,15305.0,630795971.0,630795971.0,0.38,2.04,-2.45,1496387681
AnarchistsPrime,ACP,594,0.00345119,0.00000142,152.135,15168.0,4394874.0,4394874.0,0.38,3.63,-3.09,1496387662
BowsCoin,BSC,595,0.00271743,0.00000112,2.09426,15082.0,5550102.0,5550102.0,0.38,,56.98,1496387662
MustangCoin,MST,596,0.0234938,0.00000968,40.0799,14771.0,628708.0,628708.0,0.41,-1.2,-48.53,1496387676
FuzzBalls,FUZZ,597,0.0030153,0.00000124,381.443,14564.0,4829945.0,4829945.0,1.32,2.88,-6.07,1496387671
Prototanium,PR,598,0.0746517,0.00003077,215.269,14517.0,194462.0,194462.0,0.69,-23.57,-27.51,1496387667
Firecoin,FIRE,599,0.145771,0.00006008,2.64216,14346.0,98412.0,98412.0,0.38,2.11,-48.83,1496387653
GuccioneCoin,GCC,600,0.00070362,0.00000029,2.47381,14273.0,20285537.0,23775537.0,0.4,-7.52,-10.85,1496387663
BitQuark,BTQ,601,0.00198955,0.00000082,35.5399,14237.0,7155671.0,7155671.0,0.38,8.67,-44.06,1496387651
Crypto,CTO,602,0.0014315,0.00000059,155.572,14201.0,9920037.0,9920037.0,0.38,-5.93,-28.95,1496387661
Scorecoin,SCORE,603,0.000844739,0.00000035,4.93864,14066.0,16651760.0,16651760.0,0.15,-9.07,-20.59,1496387387
BlazeCoin,BLZ,604,0.0000229932,0.000000009,2.85713,13993.0,608557394.0,608557394.0,-0.03,8.32,16.29,1496387652
Sprouts,SPRTS,605,0.0000000797,0.00000000003,28.5029,13896.0,174425627357,174425627357,-3.11,-7.98,-73.87,1496387662
OsmiumCoin,OS76,606,0.0149701,0.00000617,2.01776,13384.0,894026.0,894026.0,0.38,42.77,4.13,1496387664
BitTokens,BXT,607,0.0254759,0.00001050,6.08381,13225.0,519114.0,519114.0,0.4,-21.65,143.1,1496387675
GPU Coin,GPU,608,0.000326541,0.00000013,212.117,13217.0,40477042.0,51530001.0,-3.78,5.78,20.64,1496387671
Money,$$$,609,0.000285557,0.00000012,94.0199,13103.0,45887218.0,45887218.0,4.81,20.93,-25.96,1496387665
Speedcash,SCS,610,0.0499524,0.00002060,11.8868,13039.0,261021.0,476108.0,0.3,2.11,15.93,1496387390
JobsCoin,JOBS,611,0.000121314,0.00000005,131.504,12862.0,106019270.0,200019300.0,0.38,2.04,32.11,1496387677
LetItRide,LIR,612,0.000363941,0.00000015,92.5962,12835.0,35265387.0,35265387.0,0.4,118.67,21.94,1496387674
VapersCoin,VPRC,613,0.0000163652,0.000000007,14.2607,12767.0,780124964.0,1635124964.0,0.42,182.4,-34.2,1496387674
Cabbage,CAB,614,0.00118887,0.00000049,97.4588,12483.0,10499996.0,10499996.0,0.38,7.43,-1.19,1496387668
Cannation,CNNC,615,0.00503753,0.00000208,126.176,12362.0,2453888.0,2453888.0,0.28,-50.94,-56.86,1496387391
Solaris,XLR,616,0.0728609,0.00003005,285.487,12274.0,168464.0,268464.0,0.24,-2.69,-39.2,1496387387
TAGRcoin,TAGR,617,0.000315416,0.00000013,3.01402,12197.0,38669634.0,38669634.0,0.38,-17.09,-25.4,1496387662
Metal Music Coin,MTLMC3,618,0.000148559,0.00000006,15.5523,11843.0,79719140.0,79719140.0,-22.46,-11.52,3.57,1496387662
WARP,WARP,619,0.0107484,0.00000443,1.45103,11772.0,1095224.0,1095224.0,0.38,5.37,3.14,1496387667
Bitcoin 21,XBTC21,620,0.0145198,0.00000655,,11516.0,793108.0,7093108.0,,,-34.94,1496220571
Abncoin,ABN,621,0.167127,0.00006888,300.37,11314.0,67700.0,4734367.0,0.4,22.2,-15.64,1496387683
TajCoin,TAJ,622,0.00193388,0.00000080,53.4664,11159.0,5770463.0,5770463.0,2.17,12.55,27.01,1496387674
Comet,CMT,623,0.0125485,0.00000517,2.15022,10953.0,872830.0,872830.0,0.38,-50.2,3.92,1496387671
Iconic,ICON,624,0.0182906,0.00000750,,10844.0,592894.0,592894.0,,2.57,-13.48,1496321984
Bitvolt,VOLT,625,0.000703214,0.00000029,174.821,10627.0,15112554.0,60132654.0,2.08,2.0,-23.41,1496387390
EGO,EGO,626,0.000169839,0.00000007,0.521625,10190.0,60000001.0,60000001.0,0.38,19.05,-2.45,1496387676
Future Digital Currency,FDC,627,0.00383351,0.00000158,7.27882,9874.0,2575751.0,1002575751.0,0.38,7.07,28.4,1496387681
Zonecoin,ZNE,628,0.0037122,0.00000153,1.79969,9585.0,2581970.0,2581970.0,0.38,2.72,21.88,1496387674
G3N,G3N,629,0.00126166,0.00000052,2.52262,9541.0,7561891.0,7561891.0,0.4,0.12,-6.06,1496387662
Xonecoin,XOC,630,0.022346,0.00000921,0.509493,9385.0,420000.0,420000.0,0.38,23.66,-0.17,1496387675
High Voltage,HVCO,631,0.00611441,0.00000256,,9136.0,1494171.0,1694171.0,,0.45,71.91,1496333672
1CRedit,1CR,632,0.102374,0.00004246,,9031.0,88213.0,88213.0,,1.4,-31.4,1496373868
Cashcoin,CASH,633,0.000244984,0.00000011,,8778.0,35831128.0,35831128.0,,,-19.23,1496155747
iBank,IBANK,634,0.00188531,0.00000079,,8534.0,4526324.0,4526324.0,,0.37,1.07,1496357683
Elysium,ELS,635,0.00199588,0.00000082,5.31996,7994.0,4005012.0,4005012.0,18.16,94.26,58.77,1496387683
DPAY,DPAY,636,0.0000970510,0.00000004,2.46347,7720.0,79541001.0,79541001.0,0.4,2.04,,1496387678
Hirocoin,HIRO,637,0.0000242627,0.00000001,2.42627,7557.0,311463066.0,311463066.0,0.42,2.07,-2.5,1496387650
ImpulseCoin,IMPS,638,0.000363941,0.00000015,39.6083,7368.0,20245510.0,20245510.0,0.38,2.04,33.02,1496387678
PosEx,PEX,639,0.00283874,0.00000117,8.83375,6964.0,2453240.0,2453240.0,0.4,1.18,-9.42,1496387669
Dix Asset,DIX,640,0.0000000695,0.00000000003,31.9718,6950.0,100000000000,100000000000,1.81,9.06,-32.36,1496387681
JIO Token,JIO,641,0.00342105,0.00000141,388.125,6528.0,1908128.0,8888888.0,0.38,-0.08,28.87,1496387681
SydPak,SDP,642,0.0406886,0.00001677,216.145,6450.0,158533.0,158533.0,0.38,24.28,18.66,1496387663
Argus,ARGUS,643,0.00557525,0.00000230,105.192,6402.0,1148324.0,5194373.0,0.12,-55.79,-7.34,1496387685
Shilling,SH,644,0.00196528,0.00000081,82.4933,6329.0,3220600.0,3220600.0,0.4,-4.74,28.11,1496387677
Printerium,PRX,645,0.000686527,0.00000028,15.2694,6230.0,9074428.0,9074428.0,0.4,-2.27,-7.38,1496387683
Coinonat,CXT,646,0.00264574,0.00000109,151.292,5618.0,2123602.0,8123602.0,-1.86,-18.7,-23.04,1496387388
Antilitecoin,ALTC,647,0.000169839,0.00000007,7.94539,5352.0,31512613.0,31512613.0,0.38,2.04,-14.64,1496387668
Qibuck Asset,QBK,648,0.00350183,0.00000144,35.0183,5099.0,1456187.0,2000000.0,1.04,13.77,-36.41,1496387391
Concoin,CONX,649,0.00739348,0.00000305,43.8033,5086.0,687849.0,1538849.0,0.21,-22.02,34.99,1496387388
Save and Gain,SANDG,650,0.00141989,0.00000064,,4352.0,3064800.0,3064800.0,,,11.94,1496226272
GeertCoin,GEERT,651,0.000825254,0.00000034,114.635,4199.0,5087839.0,5087839.0,0.44,-5.37,-19.61,1496387686
BioBar,BIOB,652,0.0045614,0.00000188,53.3575,4040.0,885756.0,985756.0,0.94,-23.26,-3.36,1496387686
GanjaCoin,420G,653,0.00587183,0.00000242,108.377,3952.0,672975.0,1741116.0,0.4,-60.7,-82.87,1496387657
NodeCoin,NODC,654,0.00221639,0.00000097,,3720.0,1678439.0,5878439.0,,,35.02,1496270080
Revenu,REV,655,0.00281448,0.00000116,25.8069,3365.0,1195525.0,1195525.0,0.38,2.04,-19.54,1496387668
Selfiecoin,SLFI,656,0.0000242627,0.00000001,0.485255,2616.0,107829281.0,107829281.0,0.38,2.04,-2.45,1496387659
Pulse,PULSE,657,0.00017954,0.00000007,130.754,2567.0,14298972.0,14298972.0,-0.98,-45.56,-82.69,1496387668
P7Coin,P7C,658,0.0000727882,0.00000003,0.907402,2564.0,35220238.0,35220238.0,0.38,,,1496387660
Enigma,XNG,659,0.133008,0.00005482,182.777,2211.0,16627.0,66627.0,0.4,69.26,40.47,1496387670
Californium,CF,660,0.0195558,0.00000806,187.797,2173.0,111110.0,111110.0,0.38,1.54,-2.93,1496387660
Doubloon,BOAT,661,0.0005309,0.00000022,277.552,1884.0,3547845.0,18547845.0,0.4,-10.39,-35.64,1496387684
Dollar Online,DOLLAR,662,0.0154068,0.00000635,133.374,1362.0,88379.0,10088379.0,0.4,-5.2,42.21,1496387681
23 Skidoo,CHAO,663,3663.74,1.51003,155.572,925.0,0.0,0.0,0.38,2.04,-63.75,1496387663
Impeachcoin,IMPCH,664,0.00296005,0.00000122,4.95772,912.0,308179.0,2501512.0,0.38,-30.84,-59.1,1496387683
Zcashshare,ZHS,665,0.000218365,0.00000009,2.17593,617.0,2826000.0,2826000.0,0.38,2.04,,1496387679
Digital Credits,DGCS,666,0.0000970510,0.00000004,194.816,565.0,5826388.0,201284316.0,0.38,-14.06,-51.74,1496387665
SwapToken,TOKEN,667,0.0000122831,0.000000005,70.3266,431.0,35110531.0,35110531.0,-0.09,-42.19,294.5,1496387672
CRTCoin,CRT,668,0.00485255,0.00000200,0.0000000243,385.0,79270.0,10079270.0,0.38,2.04,-2.45,1496387650
PizzaCoin,PIZZA,669,0.000218365,0.00000009,30.2816,301.0,1377917.0,10127917.0,0.4,31.2,25.42,1496387675
Xenixcoin,XEN,670,0.026689,0.00001100,116.461,270.0,10100.0,10010100.0,0.4,,-66.38,1496387680
CaliphCoin,CALC,671,0.00105377,0.00000043,6.33059,92.0,87140.0,148587140.0,0.4,30.31,-39.45,1496387677
MikeTheMug,MUG,672,0.0000051456,0.000000002,,5.0,999279.0,1000000.0,,,,1496047185
BTCGold,XBG,673,0.137151,0.00005656,27.8243,,,99000001.0,0.28,86.13,-46.41,1496387390
Soarcoin,SOAR,674,0.0201184,0.00000829,210.559,,,5000000000.0,0.25,9.15,18.64,1496387686
Project-X,NANOX,675,303110.0,125.0,3914.93,,,1.0,0.28,-57.49,,1496387392
Internet of Things,XOT,676,1214.77,0.500961,1540.78,,,21000000.0,1.25,19.93,38.56,1496387390
AMIS,AMIS,677,279.812,0.115392,0.445915,,,,-0.78,41.99,-41.23,1496387389
Bitcoin Unlimited (Futures),BTU,678,139.899,0.0576601,576.774,,,,-0.75,28.65,-27.46,1496387686
Malcoin,MALC,679,31.6055,0.0130339,42678.8,,,1000000000.0,0.28,2.02,-2.29,1496387389
GoldUnionCoin,GUC,680,22.0664,0.0091,19419.9,,,210000000.0,2.21,9.83,-2.47,1496387389
Qtum (Pre-Launch),QTUM,681,10.4979,0.00432924,42204600.0,,,100000000.0,14.01,66.58,104.09,1496387391
ZenCash,ZEN,682,8.55984,0.00353001,7444.91,,,1388425.0,-27.76,,,1496387392
Fargocoin,FRGC,683,6.79806,0.00280185,442221.0,,,443792486.0,-0.23,-4.89,-2.44,1496387681
EcoCoin,ECO,684,4.10786,0.00169405,134178.0,,,1093895.0,2.18,22.98,-21.52,1496387391
Internet of People,IOP,685,3.589,0.00147922,1684.96,,,2139403.0,-2.81,-0.73,30.14,1496387679
DECENT (Pre-Launch),DCT,686,2.87364,0.00118438,5728.88,,,73290000.0,0.57,2.2,-33.09,1496387680
PRIZM,PZM,687,1.08182,0.00044613,32986.4,,,,3.06,9.56,1.51,1496387391
Bitcore,BTX,688,1.05244,0.00043402,28810.4,,,16360178.0,0.24,-9.59,-52.35,1496387391
DynamicCoin,DMC,689,0.998852,0.00041168,481793.0,,,10541442931.0,-0.0,0.03,0.07,1496387678
OBITS.WARRANT,WARRANT,690,0.993722,0.0004098,1133.67,,,,,,,1496387392
Aeternity (Pre-Launch),AE,691,0.824458,0.00034,978.666,,,,17.56,,,1496387392
Databits,DTB,692,0.819353,0.0003377,112028.0,,,,0.25,5.7,-6.3,1496387687
Bitgem,BTG,693,0.801277,0.00033025,22.5264,,,,0.4,-3.73,-18.3,1496387642
TechShares,THS,694,0.600318,0.00024742,54.665,,,646359158.0,0.18,-3.67,-13.8,1496387675
XDE II,XDE2,695,0.57822,0.00023845,12.363,,,42249.0,0.22,-0.28,10.79,1496387388
TeslaCoilCoin,TESLA,696,0.557776,0.00022989,150.628,,,100000000.0,0.38,2.04,39.92,1496387670
LEOcoin,LEO,697,0.486745,0.00020061,270653.0,,,92906190.0,1.29,8.01,15.7,1496387663
WA Space,WA,698,0.371851,0.00015326,37760.3,,,,-6.79,-2.4,12.38,1496387678
ZenGold,ZENGOLD,699,0.339304,0.00013993,912.255,,,,1.76,45.45,,1496387392
GAY Money,GAY,700,0.339126,0.00013977,34.9874,,,5603045320.0,0.54,-48.41,-14.29,1496387676
ClubCoin,CLUB,701,0.272644,0.00011237,35156.6,,,90899180.0,-5.48,-3.6,-15.91,1496387666
Yogold,YOG,702,0.266906,0.00011007,11.6964,,,100000000.0,0.28,2.14,-46.15,1496387386
TROPTIONS,TROPTIONS,703,0.248173,0.00010598,,,,1000000001.0,,,,1496287780
Zilbercoin,ZBC,704,0.238522,0.00009831,290264.0,,,9008944.0,-1.26,3.14,-39.95,1496387682
Pabyosi Coin (Special),PCS,705,0.177757,0.00007326,5050.11,,,30993751760.0,0.38,7.09,28.64,1496387681
Quartz,QRZ,706,0.172578,0.00007117,2449.62,,,21000000.0,0.28,-61.79,,1496387392
Golos Gold,GBG,707,0.162827,0.00006711,9934.0,,,,3.66,18.46,-12.97,1496387684
AlpaCoin,APC,708,0.159382,0.00006569,756.175,,,,-10.51,12.38,21.73,1496387667
InvisibleCoin,IVZ,709,0.157975,0.00006511,59.4077,,,,0.38,8.72,,1496387665
Tattoocoin (Limited Edition),TLE,710,0.130943,0.00005400,0.242488,,,975531.0,0.28,56.79,40.06,1496387389
EquiTrader,EQT,711,0.128518,0.00005300,84943.8,,,7662320.0,0.28,2.02,3.44,1496387391
Wowecoin,WEC,712,0.104,0.00004286,12080.7,,,8901692.0,,-0.0,3.87,1496387674
LandCoin,LDCN,713,0.0979179,0.00004036,19591.8,,,19003881978.0,0.35,32.39,139.26,1496387681
InsaneCoin,INSN,714,0.0896926,0.00003699,2250.21,,,18528271.0,-2.87,55.68,45.89,1496387391
DeusCoin,DEUS,715,0.0855254,0.00003527,5512.2,,,,0.3,-2.73,-28.51,1496387389
Omicron,OMC,716,0.0727882,0.00003000,0.397885,,,10134093.0,0.38,,-3.64,1496387676
WavesGo,WGO,717,0.0679239,0.00002801,647.329,,,10000000.0,0.3,-24.06,-9.81,1496387390
Fazzcoin,FAZZ,718,0.0534738,0.00002205,341.282,,,1022574807.0,44.42,36.49,-40.37,1496387389
Elacoin,ELC,719,0.0420728,0.00001727,,,,,,2.46,33.71,1496326751
Topaz Coin,TOPAZ,720,0.0400884,0.00001653,98.4572,,,38002.0,0.28,-74.29,-83.69,1496387390
International Diamond,XID,721,0.038234,0.00001588,,,,,,1.26,,1496373575
CryptoBuck,BUK,722,0.0318677,0.00001313,0.446148,,,,-3.11,17.09,38.81,1496387656
DeltaCredits,DCRE,723,0.0295278,0.00001217,2.06782,,,,0.38,-4.05,,1496387663
President Johnson,GARY,724,0.0286689,0.00001182,117.02,,,57968072167.0,0.37,1.41,10.41,1496387674
RHFCoin,RHFC,725,0.0269407,0.00001111,16878.4,,,200156890.0,23.58,-14.78,-7.16,1496387388
IvugeoCoin,IEC,726,0.0241414,0.00000995,0.801685,,,,0.38,2.56,,1496387660
EDRCoin,EDRC,727,0.0239602,0.00000988,15552.8,,,3407292.0,7.68,-3.54,-32.01,1496387669
ShellPay,SHELL,728,0.0212779,0.00000877,15335.1,,,,-2.36,2.01,-16.09,1496387661
Lepaoquan,HLB,729,0.0207496,0.00000855,854075.0,,,935498565.0,2.43,11.61,-28.91,1496387680
Avoncoin,ACN,730,0.0199197,0.00000821,2600.8,,,,1.18,2.72,-14.4,1496387683
Digitalfund,DTF,731,0.0180495,0.00000744,27630.6,,,54000053.0,46.43,25.74,-9.6,1496387676
Gycoin,GYC,732,0.0164127,0.00000676,12689.4,,,22213403.0,-9.74,-9.55,-21.21,1496387674
KolschCoin,TP1,733,0.0147961,0.00000620,,,,,,0.37,33.08,1496357661
PiCoin,PI,734,0.0145493,0.00000600,31.5234,,,1378369.0,0.28,200.04,95.17,1496387390
Mind Gene,MG,735,0.0131019,0.00000540,5541.37,,,,0.38,4.63,2.53,1496387676
9COIN,9COIN,736,0.00962676,0.00000397,654.559,,,350050250.0,0.28,-1.22,105.3,1496387390
Sharkcoin,SAK,737,0.00958378,0.00000395,2774.39,,,,0.5,2.32,8.42,1496387659
Tyrocoin,TYC,738,0.00800209,0.00000330,36.3731,,,50132200.0,0.28,5.53,,1496387389
Goldpay Coin,GP,739,0.00704372,0.00000290,34962.6,,,,4.31,10.83,-18.59,1496387391
Opal,OPAL,740,0.00674512,0.00000278,2756.34,,,,-4.03,6.48,-7.68,1496387654
First Bitcoin,BIT,741,0.00671928,0.00000277,948.281,,,20706894411.0,-10.6,3.57,9.92,1496387674
Slimcoin,SLM,742,0.00655094,0.00000270,12.1314,,,13925626.0,0.4,,,1496387659
Helleniccoin,HNC,743,0.00633258,0.00000261,7584.48,,,,0.4,-24.25,56.2,1496387663
Xaucoin,XAU,744,0.00584732,0.00000241,0.935571,,,,0.38,2.47,5.91,1496387659
Psilocybin,PSY,745,0.00582306,0.00000240,16.6038,,,,0.4,-7.58,-10.44,1496387670
EggCoin,EGG,746,0.00562322,0.00000237,,,,,,,,1496295864
GBCGoldCoin,GBC,747,0.00498488,0.00000205,47.9495,,,,0.0,-23.34,-25.14,1496387665
BagCoin,BGC,748,0.00497316,0.00000205,97239.3,,,497214120.0,7.16,8.55,5.37,1496387674
Axiom,AXIOM,749,0.00480402,0.00000198,27.0764,,,,-0.6,1.53,-4.39,1496387663
GoldReserve,XGR,750,0.00434303,0.00000179,1881.66,,,17161600.0,0.38,1.59,-9.29,1496387652
netBit,NBIT,751,0.00427024,0.00000176,0.346472,,,,0.38,6.27,24.41,1496387679
Dashs,DASHS,752,0.00404954,0.00000167,79.2947,,,,-57.39,-10.33,-59.89,1496387389
Bitcoin Scrypt,BTCS,753,0.00393056,0.00000162,44.9181,,,,0.38,5.57,-8.12,1496387648
AvatarCoin,AV,754,0.00352518,0.00000159,,,,,,,15.23,1496159368
President Trump,PRES,755,0.0027751,0.00000114,249.203,,,57968072167.0,0.4,-2.92,-20.96,1496387676
ZSEcoin,ZSE,756,0.00268882,0.00000111,130.056,,,6380150.0,-13.75,-18.24,-63.8,1496387387
Quotient,XQN,757,0.0026689,0.00000110,60.6113,,,,0.38,-6.72,-24.96,1496387657
Clinton,CLINT,758,0.00262038,0.00000108,3.93056,,,,0.38,2.04,12.08,1496387670
RoyalCoin 2,RYCN,759,0.00245848,0.00000103,,,,2500124.0,,0.39,-17.63,1496333388
Digital Bullion Gold,DBG,760,0.00242627,0.00000100,131.6,,,24523275.0,67.34,126.77,121.7,1496387672
GameLeagueCoin,GML,761,0.00237139,0.00000103,,,,,,,8.68,1496142551
Neptune Classic,NTCC,762,0.00232922,0.00000096,1655.0,,,,46.0,2.04,74.95,1496387684
BitcoinFast,BCF,763,0.0023024,0.00000095,297.117,,,,0.38,-36.18,-36.74,1496387657
OCOW,OCOW,764,0.00227517,0.00000099,,,,,,,-7.6,1496142268
TrickyCoin,TRICK,765,0.00223217,0.00000092,14.3984,,,,1.48,-1.18,-24.58,1496387660
VGINA,VGINA,766,0.0021059,0.00000095,,,,11603228.0,,,135.23,1496238289
RichCoin,RICHX,767,0.00210122,0.00000093,,,,5925522.0,,,,1496167172
Condensate,RAIN,768,0.00179401,0.00000074,874.39,,,42978104.0,0.42,7.12,-17.85,1496387390
Mavro,MAVRO,769,0.00168043,0.00000070,,,,15005722.0,,0.99,-14.1,1496349588
Advanced Internet Blocks,AIB,770,0.00164891,0.00000068,23.1443,,,31411916777.0,5.27,1.85,-25.51,1496387661
MMXVI,MMXVI,771,0.0016256,0.00000067,87.9969,,,,12.12,7.25,-55.84,1496387668
Motocoin,MOTO,772,0.00153692,0.00000063,1.34695,,,,0.38,90.96,178.61,1496387651
UR,UR,773,0.00133445,0.00000055,87.2159,,,,0.4,2.13,-2.19,1496387685
TodayCoin,TODAY,774,0.0012374,0.00000051,27.4494,,,,0.38,-8.77,-3.07,1496387674
RoyalCoin,ROYAL,775,0.00121084,0.00000050,110.314,,,2500124.0,0.38,27.31,15.53,1496387677
Alphabet Coin Fund,FUN,776,0.00115181,0.00000048,,,,20742012.0,,0.92,9.6,1496362472
Skeincoin,SKC,777,0.0010433,0.00000043,0.0524561,,,,0.38,,,1496387648
Bitcedi,BXC,778,0.00103184,0.00000043,35.3771,,,,0.64,0.92,,1496387671
True Investment Coin,TIC,779,0.00101904,0.00000042,26.092,,,,0.38,1.44,-10.11,1496387685
BestChain,BEST,780,0.000972822,0.00000040,20.1975,,,20042911.0,0.65,10.72,-11.26,1496387388
RubleBit,RUBIT,781,0.000946247,0.00000039,19.1231,,,,0.38,7.2,45.26,1496387665
The Aladin,ADT,782,0.000892522,0.00000032,,,,,,,,1495722585
SportsCoin,SPORT,783,0.000873459,0.00000036,2.42625,,,19800001.0,0.38,2.04,21.1,1496387675
Braincoin,BRAIN,784,0.000849196,0.00000035,0.752097,,,,0.38,23.16,21.94,1496387670
CBD Crystals,CBD,785,0.000833459,0.00000034,2.79674,,,,0.38,24.52,86.16,1496387678
Dubstep,DUB,786,0.000824933,0.00000034,7.61663,,,,0.38,,,1496387662
IrishCoin,IRL,787,0.000824933,0.00000034,438.809,,,,5.82,,,1496387662
Donationcoin,DON,788,0.000824933,0.00000034,20406.4,,,,0.38,,,1496387652
WeAreSatoshi,WSX,789,0.000776408,0.00000032,152.274,,,,0.38,,-8.19,1496387654
FrankyWillCoin,FRWC,790,0.000752145,0.00000031,0.266866,,,,0.38,2.04,0.61,1496387673
Lazaruscoin,LAZ,791,0.000752145,0.00000031,14.581,,,,0.4,9.08,,1496387677
KashhCoin,KASHH,792,0.000711497,0.00000029,5086.67,,,,-4.82,20.15,129.81,1496387684
Opescoin,OPES,793,0.000679357,0.00000028,0.538609,,,,0.38,2.07,,1496387666
Vsync,XVS,794,0.000644618,0.00000027,289.804,,,103334172.0,0.45,41.46,-15.5,1496387388
Quebecoin,QBC,795,0.000630831,0.00000026,17.9648,,,,0.38,-1.74,1.17,1496387650
Cubits,QBT,796,0.000509513,0.00000021,15.2858,,,,0.38,34.76,-13.91,1496387678
BlazerCoin,BLAZR,797,0.000484975,0.00000020,16.5755,,,,0.28,85.48,70.85,1496387388
MarxCoin,MARX,798,0.000471668,0.00000019,76.3667,,,29128280.0,8.3,-33.49,-13.66,1496387685
T-coin,TCOIN,799,0.000436729,0.00000018,2277.03,,,,-4.91,-3.33,-2.49,1496387681
BitAlphaCoin,BAC,800,0.000406379,0.00000017,49.3324,,,,-21.27,-39.93,-48.96,1496387667
GoldMaxCoin,GMX,801,0.000388204,0.00000016,2.2807,,,84078950.0,0.38,16.62,,1496387669
DarkLisk,DISK,802,0.000388204,0.00000016,3.324,,,17888425.0,0.38,,11.48,1496387670
UGAIN,GAIN,803,0.000363941,0.00000015,0.266866,,,,0.4,2.04,,1496387675
Gambleo,GMB,804,0.000339678,0.00000014,1.21265,,,,0.4,,-65.02,1496387686
PrismChain,PRM,805,0.000339678,0.00000014,57.9781,,,,0.38,32.88,-81.4,1496387671
Sakuracoin,SKR,806,0.000339675,0.00000014,116.599,,,,0.39,8.17,14.49,1496387677
Happy Creator Coin,HCC,807,0.000291153,0.00000012,88.6228,,,,9.23,36.06,-10.39,1496387672
Operand,OP,808,0.000291153,0.00000012,10.7293,,,36309296.0,0.38,-18.36,,1496387669
Cycling Coin,CYC,809,0.000291153,0.00000012,0.266866,,,,0.38,11.32,-2.22,1496387662
MobileCash,MBL,810,0.000242627,0.00000010,4.54344,,,1068669648.0,11.53,45.78,39.36,1496387677
President Sanders,BURN,811,0.000242627,0.00000010,137.945,,,57968072167.0,0.38,27.55,-41.05,1496387682
Grumfork,GMF,812,0.000242488,0.00000010,2.42488,,,,0.28,2.02,-28.09,1496387389
The Vegan Initiative,XVE,813,0.000242488,0.00000010,1217.33,,,,-8.75,1.87,35.49,1496387388
TeraCoin,TERA,814,0.000194102,0.00000008,4201.87,,,,0.4,-18.36,-21.96,1496387685
Moneta,MONETA,815,0.000194102,0.00000008,2.93601,,,,0.38,16.62,-23.25,1496387665
AsicCoin,ASC,816,0.000190727,0.00000008,,,,,,3.58,-3.24,1496332743
LAthaan,LTH,817,0.000169839,0.00000007,137.212,,,,0.38,-20.63,,1496387677
Halloween Coin,HALLO,818,0.000120457,0.00000005,114.369,,,264606133.0,15.15,68.64,-10.73,1496387391
TheCreed,TCR,819,0.0000970510,0.00000004,1.21314,,,,0.38,104.09,30.07,1496387670
TeamUp,TEAM,820,0.0000970510,0.00000004,0.666716,,,301004896.0,0.4,36.06,95.1,1496387679
Wowcoin,WOW,821,0.0000970510,0.00000004,67.0245,,,,0.4,30.61,95.1,1496387679
LinkedCoin,LKC,822,0.0000970510,0.00000004,32.9076,,,,0.38,2.04,-10.59,1496387673
InflationCoin,IFLT,823,0.0000486979,0.00000002,1910.74,,,3255868713.0,17.3,-1.66,-24.01,1496387682
PinkDog,PDG,824,0.0000485255,0.00000002,13.4598,,,,0.4,2.04,95.1,1496387685
PokeCoin,POKE,825,0.0000485255,0.00000002,134.583,,,,0.4,,-17.48,1496387674
CyberCoin,CC,826,0.0000485255,0.00000002,1.94102,,,549267534.0,0.4,2.04,24.47,1496387660
PayPeer,PAYP,827,0.0000485255,0.00000002,40.6319,,,,0.38,-31.97,-5.17,1496387668
Tellurion,TELL,828,0.0000485255,0.00000002,5.58041,,,,0.38,2.04,,1496387675
Cashme,CME,829,0.0000485255,0.00000002,0.727882,,,,0.38,104.09,,1496387665
Global Business Revolution,GBRC,830,0.0000483005,0.00000002,,,,900096049.0,-0.09,1.57,33.14,1496384381
LePen,LEPEN,831,0.0000436091,0.00000002,192.253,,,,-22.36,-9.88,-12.25,1496387684
UNCoin,UNC,832,0.0000284168,0.00000001,914.047,,,,0.58,2.34,-23.36,1496387659
VegasCoin,VGC,833,0.0000273145,0.00000001,,,,,,-61.44,-78.04,1496378049
SuperTurboStake,STRB,834,0.0000242627,0.00000001,12.374,,,,0.38,2.04,-2.45,1496387667
President Clinton,HILL,835,0.0000242627,0.00000001,0.242627,,,57968072167.0,0.4,2.04,-51.23,1496387674
Aces,ACES,836,0.0000242627,0.00000001,252.997,,,,0.4,1.14,-37.94,1496387675
Safe Trade Coin,XSTC,837,0.0000242627,0.00000001,364.426,,,604880000.0,0.38,2.04,-2.87,1496387682
FireFlyCoin,FFC,838,0.0000242627,0.00000001,54.0859,,,,0.38,-12.57,-43.03,1496387656
X2,X2,839,0.0000242627,0.00000001,4.25607,,,,0.38,,-2.45,1496387666
Rcoin,RCN,840,0.0000242627,0.00000001,191.765,,,,0.38,-48.98,-2.45,1496387678
ChoofCoin,CHOOF,841,0.0000242627,0.00000001,130.776,,,,0.38,2.04,-42.48,1496387678
MoneyCoin,MONEY,842,0.0000242627,0.00000001,1016.32,,,,-66.54,-65.99,-51.88,1496387681
SoulCoin,SOUL,843,0.0000242627,0.00000001,14.2883,,,,0.4,2.04,-2.45,1496387671
Yescoin,YES,844,0.0000242532,0.000000010,452.16,,,,0.38,2.02,-1.63,1496387682
FedoraShare,FEDS,845,0.0000240660,0.000000010,9391.63,,,499001347354,10.74,1.48,31.19,1496387677
Victoriouscoin,VTY,846,0.0000239146,0.000000010,123.506,,,10263290326.0,0.42,0.58,4.26,1496387677
Virtacoin,VTA,847,0.0000069666,0.000000003,135.24,,,12423206610.0,-18.97,-61.72,-54.35,1496387654
XP,XP,848,0.0000051605,0.000000002,136.282,,,133635560466,-0.98,472.05,2008.62,1496387676
BatCoin,BAT,849,0.0000008265,0.0000000003,321.092,,,,-0.55,88.29,,1496387647
BitCentavo,NBE,850,0.0000005692,0.0000000002,2.32519,,,,1.33,8.04,-51.92,1496387654
RabbitCoin,RBBT,851,0.0000005257,0.0000000002,70.3258,,,,-0.01,71.36,20.1,1496387654
Dimecoin,DIME,852,0.0000003868,0.0000000002,434.744,,,527101080720,-6.11,-9.63,-90.83,1496387645
StrongHands,SHND,853,0.0000001121,0.00000000005,90.6605,,,,-11.0,-41.41,,1496387665
Paccoin,PAC,854,0.0000000572,0.00000000002,662.122,,,,4.48,-19.05,0.69,1496387665
Bond,BOND,855,,,,,1349.0,1349.0,,,,
bitRUBLE,BITRUBLE,856,,,,,,,,,,
