Name,Symbol,Rank,Price(BTC),Price(USD),24HVolume,MarketCap,%Change_1h,%Change_24h,%Change_7d,LastUpdated
Bitcoin,BTC,1,2420.12,1.0,1502430000.0,39609378004.0,16366700.0,16366700.0,-0.79,1.06,-3.27,1496391254
Ethereum,ETH,2,224.384,0.0927721,698384000.0,20674277888.0,92137933.0,92137933.0,-0.98,-3.17,18.85,1496391262
Ripple,XRP,3,0.317479,0.00013126,514930000.0,12261576768.0,38621693933.0,99994661895.0,0.9,2.23,2.03,1496391243
NEM,XEM,4,0.225694,0.00009331,13700100.0,2031246000.0,8999999999.0,8999999999.0,0.22,-2.95,-2.66,1496391259
Ethereum Classic,ETC,5,17.2447,0.00712986,114032000.0,1590095245.0,92207765.0,92207765.0,-0.43,-1.57,-1.0,1496391272
Litecoin,LTC,6,28.7856,0.0119014,414487000.0,1478884160.0,51375832.0,51375832.0,-2.73,7.07,-6.38,1496391241
Dash,DASH,7,142.02,0.0587183,31080200.0,1041373402.0,7332583.0,7332583.0,1.01,-1.4,4.25,1496391246
Stratis,STRAT,8,7.67762,0.00317433,27023300.0,755541681.0,98408319.0,98408319.0,8.87,38.29,144.41,1496391273
Monero,XMR,9,44.2123,0.0182796,11751400.0,643767888.0,14560832.0,14560832.0,0.65,0.3,0.72,1496391250
Bytecoin,BCN,10,0.00348491,0.00000144,12537300.0,637629297.0,182968655333,182968655333,-0.13,41.51,8.94,1496391252
Stellar Lumens,XLM,11,0.0406355,0.00001680,25373100.0,392734463.0,9664811867.0,102940435314,0.52,-5.53,-18.07,1496391253
Golem,GNT,12,0.461618,0.00019086,12833200.0,380775763.0,824872000.0,1000000000.0,-1.24,1.5,1.7,1496391278
Waves,WAVES,13,3.70782,0.00153301,2889080.0,370782000.0,100000000.0,100000000.0,2.95,7.19,32.04,1496391270
Zcash,ZEC,14,253.509,0.104814,19483200.0,363562010.0,1434119.0,1434119.0,-0.15,-0.28,6.42,1496391276
Dogecoin,DOGE,15,0.00302124,0.00000125,30174500.0,331228847.0,109633411214,109633411214,-1.73,5.79,-6.05,1496391244
Gnosis,GNO,16,248.225,0.102414,2245770.0,274186853.0,1104590.0,10000000.0,-0.84,-5.64,1.02,1496390991
Augur,REP,17,24.9155,0.0103014,4180140.0,274070500.0,11000000.0,11000000.0,-0.17,4.15,-7.15,1496391264
Steem,STEEM,18,1.08505,0.00044862,2785220.0,254271531.0,234340842.0,251314936.0,-2.18,8.96,-12.96,1496391268
Siacoin,SC,19,0.00908669,0.00000376,23748800.0,240825460.0,26503100709.0,26503100709.0,-2.29,14.44,-0.31,1496391262
BitShares,BTS,20,0.0877665,0.00003629,19984500.0,228385109.0,2602190000.0,2602190000.0,-0.88,22.12,2.21,1496391252
DigiByte,DGB,21,0.0264022,0.00001092,53270900.0,214043478.0,8107031908.0,8107031908.0,-0.67,41.7,64.4,1496391244
MaidSafeCoin,MAID,22,0.393917,0.00016287,2590630.0,178268088.0,452552412.0,452552412.0,0.76,-5.62,-9.55,1496391249
DigixDAO,DGD,23,85.961,0.0355407,1413500.0,171922000.0,2000000.0,2000000.0,1.74,6.5,-5.63,1496391268
Basic Attention Token,BAT,24,0.167744,0.00006921,3471160.0,167744000.0,1000000000.0,1500000000.0,-0.64,-1.78,,1496390993
GameCredits,GAME,25,2.63992,0.00109148,1825120.0,166387315.0,63027408.0,63027408.0,-0.63,1.54,-14.61,1496391254
BitConnect,BCC,26,22.8327,0.00944023,1610970.0,146986135.0,6437528.0,6437528.0,-0.26,5.74,34.5,1496391280
Lisk,LSK,27,1.32992,0.00054986,2424250.0,143326010.0,107770400.0,107770400.0,-1.39,4.82,-4.64,1496391268
Ardor,ARDR,28,0.134422,0.00005558,2889740.0,134287510.0,998999495.0,998999495.0,-1.08,18.45,-7.3,1496391272
Decred,DCR,29,26.1058,0.0107935,2755760.0,131104262.0,5022036.0,5442036.0,2.94,14.89,6.13,1496391266
Factom,FCT,30,13.6516,0.0056443,1233480.0,119495445.0,8753219.0,8753219.0,-0.46,4.66,-9.08,1496391263
SingularDTV,SNGLS,31,0.186149,0.00007696,252715.0,111689400.0,600000000.0,1000000000.0,-0.14,1.75,1.08,1496391276
Tether,USDT,32,1.03861,0.00042942,82564900.0,109047496.0,104993690.0,124951468.0,0.38,1.32,0.65,1496391258
Iconomi,ICN,33,1.19887,0.00049568,774301.0,104301690.0,87000000.0,100000000.0,-0.1,1.44,-11.68,1496391276
Byteball,GBYTE,34,513.645,0.212368,433337.0,97224713.0,189284.0,1000000.0,-4.41,6.54,57.18,1496391280
Round,ROUND,35,0.10503,0.00004342,379149.0,89275500.0,850000000.0,1000000000.0,-0.78,0.87,-28.25,1496391278
PIVX,PIVX,36,1.66694,0.0006892,913628.0,89242789.0,53536893.0,53536893.0,1.41,0.56,33.16,1496391266
FirstBlood,1ST,37,0.847213,0.00035028,4152920.0,72486164.0,85558371.0,93468691.0,-0.2,13.01,-1.8,1496391275
Aragon,ANT,38,2.08586,0.0008606,512934.0,70095674.0,33605167.0,39609523.0,-0.51,-3.53,-11.12,1496390992
AntShares,ANS,39,1.35194,0.00055896,10464700.0,67597000.0,50000000.0,100000000.0,-0.61,28.72,15.42,1496391274
Nxt,NXT,40,0.063102,0.00002609,3112500.0,63038897.0,998999983.0,998999983.0,-0.09,8.34,-11.58,1496391243
Komodo,KMD,41,0.6174,0.00025527,287070.0,62323758.0,100945510.0,100945510.0,8.8,11.87,12.69,1496391282
SysCoin,SYS,42,0.118316,0.00004892,1663280.0,62135548.0,525166064.0,525166064.0,0.86,11.02,-14.87,1496391253
iExec RLC,RLC,43,0.660463,0.0002725,560024.0,51562870.0,78070793.0,86999785.0,4.97,11.35,5.32,1496390989
Ubiq,UBQ,44,1.191,0.00049242,1675080.0,44180800.0,37095550.0,37095550.0,-1.79,26.38,149.52,1496391254
Peercoin,PPC,45,1.61408,0.00066735,1462490.0,38937297.0,24123523.0,24123523.0,-0.52,3.38,-12.45,1496391240
Wings,WINGS,46,0.432669,0.00017889,1652690.0,38814015.0,89708333.0,100000000.0,2.43,34.15,43.39,1496391280
ReddCoin,RDD,47,0.00132922,0.00000055,1642600.0,37916226.0,28525169752.0,28525169752.0,8.66,19.49,-20.21,1496391249
Emercoin,EMC,48,0.899266,0.0003718,830293.0,36113443.0,40158800.0,40158800.0,-2.79,2.94,-14.42,1496391254
Lykke,LKK,49,0.262073,0.00010836,444116.0,36081036.0,137675519.0,1285690000.0,-0.4,2.63,13.39,1496391278
Melon,MLN,50,53.9871,0.0223211,438764.0,32359868.0,599400.0,749400.0,-1.45,-7.51,-13.9,1496391282
BitcoinDark,BTCD,51,24.557,0.0101531,79620.4,31650589.0,1288862.0,1288862.0,-0.25,2.34,3.08,1496391252
Storjcoin X,SJCX,52,0.614254,0.00025396,537893.0,31433308.0,51173144.0,500000000.0,0.56,-2.46,-8.13,1496391254
Ark,ARK,53,0.326638,0.00013505,394724.0,31131133.0,95307750.0,126557750.0,2.05,11.74,19.79,1496391284
Counterparty,XCP,54,10.9859,0.00454214,851357.0,28769311.0,2618749.0,2618749.0,-0.6,-2.27,-12.57,1496391247
Xaurum,XAUR,55,0.246458,0.0001019,140884.0,28023344.0,113704337.0,113704337.0,0.12,0.06,26.97,1496391260
Omni,OMNI,56,49.3362,0.0203982,10950100.0,27578048.0,558982.0,615298.0,-2.48,-12.41,125.46,1496391243
Nexus,NXS,57,0.520294,0.00021512,100079.0,25938254.0,49853072.0,49853072.0,-0.28,10.29,0.48,1496391257
Gulden,NLG,58,0.0744874,0.00003080,94617.0,25813038.0,346542345.0,448562500.0,2.61,8.23,-0.89,1496391249
Namecoin,NMC,59,1.7353,0.00071746,983787.0,25572075.0,14736400.0,14736400.0,0.41,2.85,-8.56,1496391240
Blocknet,BLOCK,60,6.36219,0.00263046,201472.0,24879448.0,3910516.0,3910516.0,-6.82,45.38,91.67,1496391257
EarthCoin,EAC,61,0.00243868,0.00000101,6403820.0,22793045.0,9346468332.0,9346468332.0,-3.59,7.38,-14.71,1496391244
Synereo,AMP,62,0.276517,0.00011433,432435.0,22745272.0,82256324.0,949291063.0,-2.0,1.18,-2.77,1496391265
WeTrust,TRST,63,0.240173,0.00009930,427070.0,22131342.0,92147500.0,100000000.0,0.31,-0.91,-13.89,1496391287
YbCoin,YBC,64,7.31604,0.00302483,2411280.0,22096358.0,3020262.0,3020262.0,-0.98,9.79,-6.48,1496391247
Burst,BURST,65,0.0116093,0.00000480,5744770.0,20665456.0,1780077682.0,1780077682.0,-0.23,24.13,4.91,1496391254
TokenCard,TKN,66,0.846049,0.00034907,265112.0,20004030.0,23644056.0,39406760.0,0.49,-2.09,-22.49,1496390991
Matchpool,GUP,67,0.266345,0.00011012,241066.0,19975875.0,75000000.0,98855150.0,-2.89,8.66,-5.87,1496391285
E-Dinar Coin,EDR,68,0.0293837,0.00001215,404445.0,19404324.0,660377156.0,785377156.0,0.71,11.2,11.71,1496391273
BlackCoin,BLK,69,0.250865,0.00010372,1083330.0,19108011.0,76168499.0,76168499.0,-1.21,7.86,7.65,1496391246
Edgeless,EDG,70,0.240283,0.00009935,364447.0,19086264.0,79432438.0,132046997.0,-0.35,-3.13,-14.83,1496391286
PotCoin,POT,71,0.085328,0.00003528,876072.0,18510949.0,216938742.0,216938742.0,2.07,11.58,-17.65,1496391250
BitBay,BAY,72,0.0183579,0.00000759,66831.1,18496007.0,1007523055.0,1007523055.0,2.81,6.59,-3.97,1496391256
Verge,XVG,73,0.00135366,0.00000056,1570250.0,18151866.0,13409472280.0,13409472280.0,7.43,57.03,3.61,1496391256
Nexium,NXC,74,0.268747,0.00011111,3900850.0,17877477.0,66521586.0,66521586.0,1.28,-7.95,26.56,1496391278
OBITS,OBITS,75,1.20736,0.00049918,418414.0,17808997.0,14750362.0,16801100.0,2.59,-3.24,18.33,1496391264
NAV Coin,NAV,76,0.286938,0.00011864,585667.0,17597840.0,61329766.0,61329766.0,-2.37,-2.39,-15.95,1496391251
Expanse,EXP,77,2.39398,0.00098979,581763.0,17333351.0,7240391.0,16240391.0,-1.04,-2.54,-0.46,1496391263
BCAP,BCAP,78,1.72467,0.00071158,133574.0,17246700.0,10000000.0,10000000.0,-0.54,8.84,-13.83,1496390991
Infinitecoin,IFC,79,0.000187463,0.00000008,4445870.0,16983449.0,90596274910.0,90596274910.0,-0.02,7.0,-9.39,1496391242
XtraBYtes,XBY,80,0.0260964,0.00001079,636820.0,16962660.0,650000000.0,650000000.0,-11.51,37.22,306.38,1496391287
ZCoin,XZC,81,7.35209,0.00303973,1215300.0,16417442.0,2233031.0,2233031.0,-1.4,-3.39,12.18,1496391275
Pepe Cash,PEPECASH,82,0.0224691,0.00000929,22016.0,15770702.0,701884009.0,701884009.0,2.04,1.94,-14.37,1496391275
Unity Ingot,UNY,83,0.0773763,0.00003192,74289.6,15630013.0,202000000.0,10000000000.0,-2.02,0.23,53.87,1496390992
Humaniq,HMQ,84,0.124147,0.00005122,407138.0,15339810.0,123561662.0,184190414.0,0.75,-1.23,-38.79,1496390992
Swarm City,SWT,85,2.27864,0.00094211,49228.0,15134111.0,6641730.0,6641730.0,-3.97,3.27,-28.76,1496391284
Bankcoin,B@,86,3.50601,0.00144957,5766.14,14953413.0,4265080.0,25000000.0,2.71,-1.93,-17.49,1496391285
Agoras Tokens,AGRS,87,0.355156,0.00014684,17242.0,14916552.0,42000000.0,42000000.0,-4.4,-10.79,-11.85,1496391262
LBRY Credits,LBC,88,0.21315,0.00008813,567172.0,14606002.0,68524524.0,466424524.0,0.88,0.65,-9.92,1496391272
TaaS,TAAS,89,1.78428,0.00073772,184190.0,14534746.0,8146001.0,8146001.0,-3.6,6.92,16.54,1496391285
GridCoin,GRC,90,0.0367676,0.00001520,180072.0,14350863.0,390312753.0,390312753.0,0.26,2.96,5.59,1496391259
I/O Coin,IOC,91,0.843643,0.00034881,25154.0,13781936.0,16336218.0,16336218.0,2.0,11.37,-1.48,1496391253
Chronobank,TIME,92,19.3945,0.00801871,448016.0,13772283.0,710113.0,710113.0,-0.56,-1.34,6.58,1496391283
MonaCoin,MONA,93,0.268935,0.00011119,25938.2,13590267.0,50533650.0,50533650.0,-1.91,-4.04,-11.93,1496391248
Radium,RADS,94,4.12848,0.00170693,563057.0,13402960.0,3246464.0,3246464.0,0.5,-9.21,7.15,1496391266
E-coin,ECN,95,4.64393,0.00192004,98249.7,12935832.0,2785536.0,211074428.0,-0.31,0.71,2.07,1496391285
SuperNET,UNITY,96,15.8258,0.00654319,791.288,12914818.0,816061.0,816061.0,0.44,9.14,113.83,1496391255
Bitland,CADASTRAL,97,0.427812,0.00017688,18170.2,12834360.0,30000000.0,30000000.0,-4.72,0.69,139.76,1496391271
MergeCoin,MGC,98,0.128241,0.00005291,3203850.0,12678067.0,98861260.0,103861260.0,2.13,24.9,-15.32,1496390990
Vertcoin,VTC,99,0.371952,0.00015378,682567.0,12438440.0,33440981.0,33440981.0,-0.49,2.92,-3.65,1496391245
Waves Community Token,WCT,100,2.48214,0.00102625,18146.1,12410700.0,5000000.0,10000000.0,1.22,3.91,9.34,1496391281
Golos,GOLOS,101,0.095966,0.00003968,32909.5,11810514.0,123069778.0,123069778.0,0.58,12.68,43.35,1496391278
Shift,SHIFT,102,1.07685,0.00044523,358805.0,11662378.0,10830086.0,10830086.0,0.47,12.98,81.44,1496391262
Pluton,PLU,103,13.1358,0.005431,159646.0,11165423.0,850000.0,20000000.0,-1.05,-5.71,49.79,1496391275
DigitalNote,XDN,104,0.00159748,0.00000066,2500740.0,10993084.0,6881515769.0,6881515769.0,3.56,-1.14,-16.49,1496391251
Clams,CLAM,105,4.71423,0.00194911,1228930.0,10851369.0,2301833.0,16207272.0,-1.79,3.38,-17.62,1496391252
Etheroll,DICE,106,1.54145,0.00063598,10218.5,10792651.0,7001623.0,7001623.0,-1.14,-14.72,-31.14,1496390992
Mooncoin,MOON,107,0.0000468053,0.00000002,26336.9,10388217.0,221945322067,221945322067,-0.57,4.2,-13.56,1496391244
LuckChain,BASH,108,0.0138672,0.00000573,617821.0,10040996.0,724082412.0,724082412.0,-0.55,27.45,29.47,1496391279
Bitcrystals,BCY,109,0.400245,0.00016548,106572.0,9322275.0,23291422.0,23291422.0,-0.2,4.07,-13.55,1496391263
FlorinCoin,FLO,110,0.069542,0.00002875,251821.0,9318664.0,134000517.0,134000517.0,-1.28,-0.28,-8.68,1496391242
HEAT,HEAT,111,0.350743,0.00014501,32114.4,9243001.0,26352632.0,26352632.0,0.11,-8.52,-17.69,1496391272
vSlice,VSL,112,0.272377,0.00011262,177568.0,9094803.0,33390496.0,33390496.0,0.56,-0.98,-17.84,1496391280
Viacoin,VIA,113,0.397087,0.00016418,442870.0,8992403.0,22645928.0,22645928.0,-0.33,-0.4,-14.23,1496391252
VeriCoin,VRC,114,0.297374,0.00012295,132517.0,8984095.0,30211435.0,30211435.0,0.44,6.45,-9.54,1496391250
FedoraCoin,TIPS,115,0.0000198726,0.000000008,59250.7,8806904.0,443168182458,443168182458,-0.55,-1.33,-34.52,1496391244
Energycoin,ENRG,116,0.0725598,0.00003000,3424.44,8775473.0,120941253.0,120941253.0,-0.27,5.76,20.27,1496391250
Rubycoin,RBY,117,0.3597,0.00014872,29874.9,8774100.0,24392826.0,24392826.0,-0.29,0.28,2.78,1496391248
DNotes,NOTE,118,0.0671875,0.00002778,223386.0,8321765.0,123858824.0,123858824.0,-0.26,3.13,0.61,1496391247
Crown,CRW,119,0.595033,0.00024602,19556.5,8245038.0,13856439.0,13856439.0,2.3,-6.08,-7.6,1496391256
Primecoin,XPM,120,0.426561,0.00017636,879774.0,8242792.0,19323829.0,19323829.0,-2.64,8.9,-12.96,1496391260
NeosCoin,NEOS,121,2.33722,0.00096633,3647450.0,7822019.0,3346719.0,3346719.0,1.61,7.08,3.31,1496391253
Pascal Coin,PASC,122,0.774126,0.00032006,161120.0,7737235.0,9994800.0,9994800.0,-0.41,-2.1,-13.32,1496391278
VPNCoin,VASH,123,0.019245,0.00000796,1942060.0,7704538.0,400339746.0,400339746.0,-5.18,9.84,-14.43,1496391257
SaluS,SLS,124,7.62938,0.00315438,109955.0,7655682.0,1003447.0,1003447.0,-0.25,-6.6,15.3,1496391266
Skycoin,SKY,125,1.38087,0.00057093,63015.8,7547561.0,5465801.0,100000000.0,0.03,-15.68,-31.87,1496391286
SolarCoin,SLR,126,0.212516,0.00008787,66157.2,7472825.0,35163589.0,98034180320.0,-1.15,-11.11,7.25,1496391248
BelaCoin,BELA,127,0.213373,0.00008822,418107.0,7462091.0,34972050.0,34972050.0,-1.26,7.35,-5.93,1496391248
Incent,INCNT,128,0.302517,0.00012508,200236.0,6960406.0,23008312.0,46016625.0,-0.77,8.2,26.07,1496391279
Global Currency Reserve,GCR,129,0.0677039,0.00002799,29957.1,6952540.0,102690389.0,102690389.0,6.59,3.33,-2.0,1496391266
Bitcoin Plus,XBC,130,71.5969,0.0296019,117076.0,6938942.0,96917.0,96917.0,-0.24,0.89,-9.71,1496391249
Einsteinium,EMC2,131,0.0328626,0.00001359,212313.0,6927767.0,210810073.0,210810073.0,-0.11,3.03,-12.9,1496391247
Creditbit,CRB,132,0.578054,0.000239,270416.0,6864011.0,11874342.0,11874342.0,0.15,-13.56,-14.62,1496391265
Asch,XAS,133,0.0893672,0.00003695,87870.4,6702540.0,75000000.0,100000000.0,-0.9,0.44,-15.0,1496391285
Aeon,AEON,134,0.464425,0.00019202,3308.63,6608632.0,14229708.0,14229708.0,-3.95,-0.97,4.08,1496391262
Lunyr,LUN,135,2.81081,0.0011597,147600.0,6458828.0,2297853.0,2703356.0,-0.26,8.56,-12.14,1496390992
Novacoin,NVC,136,3.71018,0.00153398,79280.4,6439565.0,1735648.0,1735648.0,-0.73,-0.6,-14.76,1496391240
Feathercoin,FTC,137,0.0391756,0.00001620,158078.0,6417159.0,163805000.0,163805000.0,-0.85,8.75,8.03,1496391249
ZClassic,ZCL,138,4.28159,0.00177023,602404.0,6317861.0,1475588.0,1475588.0,-2.01,-10.7,30.54,1496391278
FirstCoin,FRST,139,1.89926,0.00078525,131720.0,5922388.0,3118261.0,110000000.0,3.17,3.52,12.43,1496391281
Safe Exchange Coin,SAFEX,140,0.00275471,0.00000114,18189.0,5915695.0,2147483647.0,2147483647.0,2.38,2.74,-7.89,1496391266
SIBCoin,SIB,141,0.398265,0.00016466,23272.3,5833969.0,14648459.0,14648459.0,-0.32,3.05,31.66,1496391263
WorldCoin,WDC,142,0.0503139,0.00002080,223210.0,5765969.0,114599931.0,114599931.0,-1.33,11.83,-13.8,1496391241
Gambit,GAM,143,4.8373,0.00199999,29337.3,5727164.0,1183959.0,1183959.0,-0.27,8.88,13.04,1496391260
ION,ION,144,0.410421,0.00016969,28898.0,5643442.0,13750373.0,19650373.0,-1.28,12.65,-18.46,1496391270
PinkCoin,PINK,145,0.0171983,0.00000711,637942.0,5520000.0,320961950.0,370961950.0,-1.1,17.04,-3.16,1496391250
Blitzcash,BLITZ,146,1.31853,0.00054515,197869.0,5358060.0,4063662.0,4063662.0,0.45,29.23,274.42,1496391256
Janus,JNS,147,0.249059,0.00010297,9072.63,5213569.0,20933069.0,25201489.0,0.19,7.45,6.65,1496391280
MonetaryUnit,MUE,148,0.0422824,0.00001748,42336.8,5137861.0,121513000.0,121513000.0,-1.53,-0.73,-15.11,1496391257
Auroracoin,AUR,149,0.586977,0.00024269,15397.3,5082129.0,8658139.0,8658139.0,-0.74,-0.3,-7.76,1496391246
FoldingCoin,FLDC,150,0.0103546,0.00000428,329145.0,5071082.0,489741985.0,1000000000.0,-0.65,8.74,-11.96,1496391254
Sphere,SPHR,151,1.5597,0.00064486,23650.6,4808462.0,3082940.0,3082940.0,2.13,15.74,89.74,1496391260
Vcash,XVC,152,0.311126,0.00012864,132859.0,4745101.0,15251380.0,15251380.0,1.15,-1.63,-1.87,1496391258
RouletteToken,RLT,153,0.460975,0.00019019,15304.5,4652256.0,10092210.0,10092933.0,0.01,-2.97,3.57,1496390992
Darcrus,DAR,154,0.337597,0.00013958,29780.5,4599341.0,13623762.0,13623762.0,0.15,11.27,4.79,1496391280
Ethereum Movie Venture,EMV,155,0.667701,0.00027606,2797.64,4451340.0,6666666.0,6666666.0,-0.91,483.88,1.03,1496391286
FairCoin,FAIR,156,0.0828392,0.00003425,3892.44,4399174.0,53104985.0,53104985.0,-0.27,6.76,14.16,1496391248
OKCash,OK,157,0.0608506,0.00002516,352307.0,4355514.0,71577182.0,71577182.0,-3.85,-8.15,99.08,1496391256
LoMoCoin,LMC,158,0.0204779,0.00000847,333808.0,4270353.0,208534733.0,293534733.0,-0.81,15.55,3.43,1496391274
CloakCoin,CLOAK,159,0.852313,0.00035239,17774.9,4264489.0,5003431.0,5003431.0,-0.47,0.45,12.58,1496391251
ArtByte,ABY,160,0.00545155,0.00000225,132430.0,4212825.0,772775650.0,772775650.0,6.67,52.48,-8.03,1496391251
ICO OpenLedger,ICOO,161,8.77724,0.00362896,10577.7,4141057.0,471795.0,471795.0,3.6,15.8,8.45,1496391270
bitCNY,BITCNY,162,0.140628,0.00005814,452715.0,4129569.0,29365200.0,29365200.0,1.26,-0.18,-1.71,1496391255
Unobtanium,UNO,163,20.7846,0.00859345,71683.9,4109631.0,197725.0,197725.0,-0.09,14.5,-6.31,1496391243
Quark,QRK,164,0.0162336,0.00000671,76441.2,4060040.0,250101047.0,250101047.0,9.85,32.13,-19.32,1496391261
MUSE,MUSE,165,0.002899,0.00000120,6912.99,3985663.0,1374840478.0,1524840478.0,-4.05,36.05,26.69,1496391260
APX,APX,166,4.34069,0.00179091,67601.1,3906621.0,900000.0,1000000.0,-3.39,8.52,22.29,1496390992
Bitmark,BTM,167,0.984444,0.00040702,174775.0,3840493.0,3901180.0,3901180.0,-1.13,0.31,14.44,1496391253
DubaiCoin,DBIX,168,4.37867,0.00181037,26197.7,3807424.0,869539.0,869539.0,-1.04,5.27,39.46,1496391286
NautilusCoin,NAUT,169,0.232089,0.00009596,463008.0,3755200.0,16180000.0,16180000.0,-3.75,-6.0,2.94,1496391250
BitSend,BSD,170,0.244692,0.00010117,15497.1,3731993.0,15251800.0,15251800.0,12.22,27.05,45.13,1496391250
Riecoin,RIC,171,0.104431,0.00004318,558698.0,3570634.0,34191325.0,34191325.0,0.8,6.97,8.82,1496391246
SpreadCoin,SPR,172,0.435759,0.00018017,39136.9,3544176.0,8133341.0,8133341.0,-0.54,6.54,7.39,1496391256
Megacoin,MEC,173,0.0987531,0.00004083,452421.0,3247639.0,32886450.0,32886450.0,7.99,23.08,-14.33,1496391241
Circuits of Value,COVAL,174,0.00810252,0.00000335,78464.0,3241008.0,400000000.0,1200000000.0,-1.88,8.77,-8.9,1496391258
Zennies,ZENI,175,0.00317507,0.00000131,6374.47,3177229.0,1000680003.0,1000680003.0,-0.05,3.4,-0.94,1496390989
Joincoin,J,176,1.24932,0.00051653,1606.59,3058837.0,2448402.0,2448402.0,32.99,111.81,1223.9,1496391253
Diamond,DMD,177,1.43148,0.00059185,20823.4,3040405.0,2123959.0,2123959.0,1.76,-1.02,-4.92,1496391243
Rise,RISE,178,0.0276561,0.00001143,105128.0,2969912.0,107387215.0,107387215.0,-3.02,12.97,29.89,1496391271
Zetacoin,ZET,179,0.0178671,0.00000739,371537.0,2968729.0,166156174.0,166156174.0,-0.11,9.85,-1.19,1496391246
Wild Beast Block,WBB,180,1.27648,0.00052776,35771.7,2967660.0,2324877.0,2324877.0,-0.38,0.88,-20.64,1496391258
RaiBlocks,XRB,181,0.0392571,0.00001623,44202.9,2933780.0,74732457.0,340282367.0,11.41,13.73,27.97,1496391283
Musicoin,MUSIC,182,0.0170134,0.00000703,54522.2,2916600.0,171429556.0,171429556.0,-1.03,2.66,-8.24,1496391284
PoSW Coin,POSW,183,0.0696651,0.00002880,73270.7,2856269.0,41000000.0,70000000.0,-3.15,26.85,6.7,1496391279
ZcCoin,ZCC,184,0.0463017,0.00001914,1406310.0,2854826.0,61657044.0,61657044.0,2.2,35.84,-4.86,1496391253
Curecoin,CURE,185,0.118977,0.00004919,18090.8,2820718.0,23708092.0,23708092.0,-2.0,3.98,-13.62,1496391250
Cryptonite,XCN,186,0.00816391,0.00000338,416865.0,2675264.0,327693959.0,327693959.0,11.01,35.99,-12.87,1496391252
Espers,ESP,187,0.000130374,0.00000005,4782.28,2624063.0,20127198067.0,20127198067.0,15.79,34.78,-5.86,1496391269
BitBean,BITB,188,0.00131077,0.00000054,89833.6,2566982.0,1958377000.0,1958377000.0,-5.94,4.01,-31.34,1496391258
Veros,VRS,189,0.029697,0.00001228,72392.6,2538706.0,85486938.0,10000000000.0,-3.77,-14.38,-11.1,1496391277
Atmos,ATMS,190,0.0243559,0.00001007,182660.0,2437368.0,100073011.0,110073011.0,-1.18,1.82,-1.92,1496391286
Minereum,MNE,191,6.09907,0.00251639,291546.0,2425790.0,397731.0,397731.0,-26.47,84.7,103.72,1496390992
Steem Dollars,SBD,192,1.69554,0.00070103,738379.0,2397688.0,1414115.0,1414115.0,6.51,12.31,-6.89,1496391271
Zeitcoin,ZEIT,193,0.0000654866,0.00000003,5953.62,2378987.0,36327848214.0,36327848214.0,-4.1,20.53,27.18,1496391249
Mintcoin,MINT,194,0.0000966347,0.00000004,9630.7,2352908.0,24348480622.0,24348480622.0,-6.06,1.61,-14.18,1496391246
Digitalcoin,DGC,195,0.0673091,0.00002783,160805.0,2314746.0,34389793.0,34389793.0,-0.64,8.06,-7.06,1496391241
Myriad,XMY,196,0.00153473,0.00000063,42701.1,2280674.0,1486042750.0,1486042750.0,-2.73,-2.89,-42.29,1496391247
BoostCoin,BOST,197,0.190764,0.00007887,143411.0,2261600.0,11855487.0,11855487.0,1.96,10.22,-6.24,1496391251
Spectrecoin,XSPEC,198,0.109805,0.00004540,233062.0,2239511.0,20395350.0,20395350.0,-4.55,-9.61,-3.2,1496391281
bitUSD,BITUSD,199,1.00088,0.00041381,291533.0,2218070.0,2216120.0,2216120.0,2.03,0.25,0.73,1496391254
HunterCoin,HUC,200,0.123739,0.00005116,75503.2,2182896.0,17641130.0,17641130.0,4.83,4.18,-1.48,1496391246
Breakout Stake,BRX,201,0.34507,0.00014267,14241.1,2162927.0,6268082.0,6268082.0,8.49,26.49,47.7,1496391271
Groestlcoin,GRS,202,0.0309976,0.00001282,3344.16,2095983.0,67617592.0,67617592.0,-0.56,4.69,4.87,1496391248
BlockPay,BLOCKPAY,203,0.385155,0.00015924,1922.24,2090737.0,5428300.0,98928316.0,6.47,1.32,15.07,1496391274
Adzcoin,ADZ,204,0.0378619,0.00001565,8385.4,2076480.0,54843520.0,54843520.0,-2.78,10.36,-9.16,1496391265
Bata,BTA,205,0.409451,0.00016929,28409.6,2027268.0,4951185.0,4951185.0,1.4,4.13,21.39,1496391261
MaxCoin,MAX,206,0.0361579,0.00001495,86432.5,1968533.0,54442678.0,54442678.0,-0.14,6.83,1.97,1496391245
iCash,ICASH,207,0.00882583,0.00000365,6741.34,1949659.0,220903745.0,220903745.0,0.28,19.54,-8.29,1496391259
FUNCoin,FUNC,208,0.355443,0.00014665,65126.0,1904229.0,5357341.0,100000000.0,-0.49,2.65,13.34,1496390992
Project Decorum,PDC,209,0.0379004,0.00001567,1763.2,1895020.0,50000000.0,50000000.0,-0.21,1.1,-12.1,1496391271
GoldCoin,GLD,210,0.0464413,0.00001920,19465.2,1869460.0,40254260.0,40254260.0,0.72,7.33,-5.5,1496391259
Tickets,TIX,211,0.0000274192,0.00000001,42189.2,1833694.0,66876281414.0,66876281414.0,0.11,-3.21,-26.58,1496391243
TransferCoin,TX,212,0.302711,0.00012516,13694.0,1808311.0,5973721.0,5973721.0,-2.72,8.52,-27.05,1496391262
DeepWebCash,DWC,213,1.31399,0.00054327,17806.1,1752074.0,1333400.0,1333400.0,2.38,3.55,-30.17,1496391279
CryptoCarbon,CCRB,214,0.455895,0.00018849,2723.51,1623949.0,3562111.0,10000150.0,5.52,-4.96,33.21,1496391280
vTorrent,VTR,215,0.145144,0.00006001,9856.37,1569873.0,10815966.0,10815966.0,5.0,3.78,8.75,1496391257
Boolberry,XBB,216,0.163409,0.00006756,7554.79,1557693.0,9532480.0,9532480.0,1.32,16.17,0.15,1496391252
Anoncoin,ANC,217,0.712595,0.00029462,31694.4,1503801.0,2110317.0,2110317.0,33.31,71.88,-2.14,1496391245
Renos,RNS,218,0.0438245,0.00001812,636227.0,1461642.0,33352161.0,33352161.0,-3.55,82.89,150.88,1496391283
ChainCoin,CHC,219,0.0967727,0.00004001,21448.6,1420705.0,14680843.0,14680843.0,0.48,9.64,-1.89,1496391261
Sequence,SEQ,220,0.0313459,0.00001296,2849.13,1401166.0,44700122.0,44700122.0,-0.27,6.74,18.4,1496391276
Ixcoin,IXC,221,0.0660062,0.00002729,10838.9,1386070.0,20999088.0,20999088.0,-2.88,-81.41,33.65,1496391244
Startcoin,START,222,0.0305575,0.00001263,45683.3,1377526.0,45079785.0,70782220.0,-3.51,-6.93,-32.9,1496391251
2GIVE,2GIVE,223,0.00261599,0.00000108,18203.6,1341994.0,512996769.0,512996769.0,-3.54,1.64,-18.47,1496391270
EB3 Coin,EB3,224,0.290239,0.00012,22877.3,1335393.0,4601011.0,786000000.0,-0.68,2.75,3.3,1496391286
Breakout,BRK,225,0.0734789,0.00003038,2619.81,1316332.0,17914427.0,17914427.0,-0.27,1.51,-12.92,1496391270
Visio,VISIO,226,0.0255409,0.00001056,1642.29,1292309.0,50597636.0,62597636.0,0.62,-9.06,-14.16,1496391284
Voxels,VOX,227,0.04,0.00001654,256602.0,1260000.0,31500000.0,210000000.0,7.94,34.02,-5.9,1496391267
Bitswift,SWIFT,228,0.309661,0.00012803,8095.66,1257498.0,4060885.0,4060885.0,0.82,0.11,56.66,1496391255
EuropeCoin,ERC,229,0.126956,0.00005249,2707.31,1250683.0,9851313.0,9851313.0,-0.29,2.23,14.81,1496391260
Stealthcoin,XST,230,0.0459304,0.00001899,2146.54,1202226.0,26174945.0,26174945.0,-0.27,0.39,-3.71,1496391252
Creativecoin,CREA,231,0.112011,0.00004621,4464.19,1182517.0,10557152.0,12268880.0,-0.28,21.01,-41.51,1496390992
Inpay,INPAY,232,0.11433,0.00004727,56007.1,1143300.0,10000000.0,10000000.0,11.98,-1.42,-28.02,1496391286
TagCoin,TAG,233,0.205442,0.00008494,125067.0,1128328.0,5492199.0,5492199.0,-2.51,9.66,-17.18,1496391243
Dynamic,DYN,234,0.670864,0.00027737,2217.32,1084152.0,1616054.0,4369958.0,0.34,-5.26,-7.7,1496391284
Qwark,QWARK,235,0.0604423,0.00002499,18643.9,1052688.0,17416409.0,250377576.0,-0.71,10.97,30.23,1496391268
SecureCoin,SRC,236,0.132803,0.00005491,137429.0,1033985.0,7785856.0,7785856.0,-2.58,5.3,-28.92,1496391242
MediterraneanCoin,MED,237,0.0205586,0.00000850,55249.3,1021898.0,49706598.0,49706598.0,21.54,55.29,3.98,1496391256
WhiteCoin,XWC,238,0.00411172,0.00000170,24566.3,1019932.0,248054917.0,248054917.0,0.9,-0.15,46.38,1496391249
DopeCoin,DOPE,239,0.00902161,0.00000373,17357.9,1002171.0,111085648.0,111085648.0,-2.42,18.31,-12.44,1496391248
Ripto Bux,RBX,240,0.0028963,0.00000119,8753.4,990825.0,342100100.0,1000000000.0,34.58,23.64,63.89,1496390988
Yocoin,YOC,241,0.00936466,0.00000387,57352.4,989084.0,105618830.0,200000000.0,-7.34,-5.61,6.06,1496391265
PutinCoin,PUT,242,0.00485401,0.00000201,3538.82,972829.0,200417616.0,200417616.0,0.77,5.32,13.89,1496391271
CannabisCoin,CANN,243,0.0125309,0.00000518,55733.9,967776.0,77231176.0,91859176.0,-0.24,0.86,28.16,1496391253
Triggers,TRIG,244,0.0299914,0.00001240,30616.0,962892.0,32105593.0,100000000.0,-2.32,-7.26,-20.13,1496391276
Mercury,MER,245,0.00962023,0.00000398,757.603,962023.0,100000000.0,100000000.0,-2.39,-17.66,-23.31,1496391284
DIBCOIN,DIBC,246,0.188065,0.00007776,5232.99,940325.0,5000000.0,5000000000.0,-0.73,-5.8,12.88,1496391285
Syndicate,SYNX,247,0.0823955,0.00003407,13149.7,928503.0,11268860.0,11268860.0,-9.92,-58.57,36.74,1496391271
Hacker Gold,HKG,248,0.057498,0.00002377,1362.65,926344.0,16110893.0,16110893.0,-0.26,-9.85,-18.57,1496391278
VeriumReserve,VRM,249,0.831993,0.00034399,13768.7,925923.0,1112898.0,1112898.0,5.8,24.22,-14.27,1496391274
ArcticCoin,ARC,250,0.0395903,0.00001637,34616.6,924619.0,23354688.0,23354688.0,31.69,-0.71,-26.42,1496391276
HiCoin,XHI,251,0.00486609,0.00000201,101701.0,923243.0,189729990.0,10189729990.0,3.35,1.15,-11.12,1496391268
AudioCoin,ADC,252,0.0011579,0.00000048,6685.14,918445.0,793198644.0,793198644.0,1.01,-10.87,-22.81,1496391261
LiteDoge,LDOGE,253,0.0000599008,0.00000002,4735.25,884991.0,14774272159.0,14774272159.0,-6.3,-29.13,-19.62,1496391258
PepeCoin,PEPE,254,0.0641992,0.00002654,18552.7,883868.0,13767583.0,13767583.0,3.09,-6.6,14.63,1496391267
HTMLCOIN,HTML5,255,0.0000211933,0.000000009,7831.19,861699.0,40659020000.0,40659020000.0,-1.23,1.47,-4.41,1496391254
BlueCoin,BLU,256,0.00143231,0.00000059,2420.07,823125.0,574683675.0,574683675.0,4.04,5.17,149.81,1496391250
GlobalCoin,GLC,257,0.0126012,0.00000521,1251.42,821233.0,65171010.0,65171010.0,-0.27,-27.47,-54.62,1496391242
Centurion,CNT,258,0.0316124,0.00001307,32536.8,817189.0,25850279.0,63389078.0,-1.5,-0.21,-8.95,1496391282
EverGreenCoin,EGC,259,0.0612437,0.00002532,13055.8,815846.0,13321301.0,13321301.0,-2.96,-1.31,-4.68,1496391265
Unitus,UIS,260,0.0172069,0.00000711,22226.4,804600.0,46760321.0,46760321.0,3.71,1.66,-12.18,1496391257
Hush,HUSH,261,0.71823,0.00029695,181249.0,790690.0,1100888.0,1222363.0,-1.83,6.36,30.3,1496391278
Pesetacoin,PTC,262,0.00587687,0.00000243,4765.13,767184.0,130542973.0,130542973.0,-0.45,-2.25,-19.39,1496391246
e-Gulden,EFL,263,0.0492055,0.00002034,1791.66,755067.0,15345179.0,20384519.0,-0.27,0.92,-16.44,1496391248
Fantomcoin,FCN,264,0.12577,0.00005200,2358.77,737048.0,5860286.0,5860286.0,-2.15,4.02,-1.2,1496391251
ProCurrency,PROC,265,0.25486,0.00010515,898.233,717483.0,2815205.0,15000053805.0,-0.02,-0.75,21.44,1496390990
GeoCoin,GEO,266,0.282713,0.00011689,7804.47,694083.0,2455079.0,2455079.0,-3.07,6.2,14.58,1496391258
HempCoin,THC,267,0.00326022,0.00000135,11768.7,690590.0,211823061.0,211823061.0,6.9,5.39,-19.71,1496391252
Tokes,TKS,268,1.03998,0.00042998,7550.86,673516.0,647624.0,50000000.0,-0.27,4.26,-5.26,1496391284
ExclusiveCoin,EXCL,269,0.161101,0.00006661,4560.07,658597.0,4088099.0,4088099.0,1.51,3.01,-19.04,1496391255
Synergy,SNRG,270,0.232633,0.00009618,1762.49,645523.0,2774855.0,2774855.0,-0.27,9.04,-5.57,1496391260
Altcoin,ALT,271,5.15924,0.00212863,2184.31,630332.0,122175.0,134063.0,-0.37,3.77,24.53,1496390990
Deutsche eMark,DEM,272,0.02195,0.00000908,1018.75,610065.0,27793416.0,27793416.0,-0.11,5.68,-12.51,1496391243
Ethbits,ETB,273,0.451425,0.00018625,1921.31,608063.0,1346986.0,1634691.0,-75.68,,,1496390993
Magi,XMG,274,0.08368,0.00003460,3099.42,590396.0,7055406.0,7055406.0,-0.49,8.6,-12.12,1496391255
IncaKoin,NKA,275,0.0000739733,0.00000003,10891.3,557536.0,7536995107.0,7536995107.0,-0.55,33.86,194.78,1496391257
BTSR,BTSR,276,0.167499,0.00006925,18301.5,554559.0,3310819.0,3310819.0,-2.08,14.13,-9.94,1496391267
FujiCoin,FJC,277,0.000574077,0.00000024,4505.54,552602.0,962592854.0,962592854.0,-24.31,10.95,9.71,1496391260
TrustPlus,TRUST,278,0.0169306,0.00000700,1369.18,543245.0,32086595.0,32086595.0,-9.92,-0.47,-4.24,1496391252
DT Token,DRACO,279,0.00610369,0.00000252,37828.1,542550.0,88888888.0,88888888.0,-1.8,25.47,35.46,1496391270
Canada eCoin,CDN,280,0.00555594,0.00000230,1259.74,541235.0,97415544.0,97415544.0,5.47,5.46,8.5,1496391250
Moin,MOIN,281,0.0770196,0.00003184,3537.6,535210.0,6949017.0,6949017.0,-0.05,27.13,19.08,1496391265
UniBURST,UNIBURST,282,0.534148,0.00022084,2448.53,534147.0,999999.0,1000000.0,-7.85,14.75,159.74,1496391283
TileCoin,XTC,283,0.0053257,0.00000220,12508.2,532570.0,100000000.0,100000000.0,1.81,-0.97,-29.9,1496391256
1337,1337,284,0.0000224833,0.000000009,2899.85,512355.0,22788226039.0,22788226039.0,0.56,36.57,47.78,1496391264
Elcoin,EL,285,0.0448128,0.00001853,4580.85,502305.0,11208967.0,20935289.0,-0.07,-19.18,-15.18,1496391269
NuShares,NSR,286,0.000174339,0.00000007,4325.68,471111.0,2702268334.0,3317582523.0,-0.14,-0.87,-68.05,1496391256
Capricoin,CPC,287,0.461454,0.00019079,32068.7,454276.0,984445.0,200984445.0,0.45,10.96,22.29,1496391262
KoreCoin,KORE,288,0.241866,0.0001,1628.7,442844.0,1830949.0,1830949.0,3.49,-2.17,-3.52,1496391251
NobleCoin,NOBL,289,0.000193031,0.00000008,5257.39,442355.0,2291624609.0,2291624609.0,-0.27,0.78,-26.66,1496391245
TrumpCoin,TRUMP,290,0.0660353,0.00002730,6912.6,431840.0,6539527.0,6539527.0,2.21,-3.18,0.08,1496391266
I0Coin,I0C,291,0.0193976,0.00000802,1676.92,406853.0,20974420.0,20974420.0,-0.33,3.64,-1.6,1496391242
MazaCoin,MZC,292,0.000358673,0.00000015,1449.26,391893.0,1092618137.0,1092618137.0,-0.31,36.81,40.06,1496391247
Bottlecaps,CAP,293,0.00282448,0.00000117,4192.64,391857.0,138736147.0,138736147.0,-0.47,228.24,284.06,1496391245
TeslaCoin,TES,294,0.00527967,0.00000218,2768.48,378936.0,71772625.0,71772625.0,-0.28,6.97,18.46,1496391245
PostCoin,POST,295,0.0237714,0.00000983,3641.68,375002.0,15775332.0,15775332.0,0.33,-2.07,-5.57,1496391268
iTicoin,ITI,296,11.6437,0.00480404,48999.0,372598.0,32000.0,9999992.0,14.17,-8.23,30.33,1496390992
Virtacoinplus,XVP,297,0.0409874,0.00001695,999.841,361431.0,8818093.0,10352686.0,-0.85,-0.84,-46.68,1496391283
Master Swiscoin,MSCN,298,0.0335032,0.00001385,9303.25,343096.0,10240700.0,1002566700.0,-5.53,-7.49,-22.34,1496391283
Wyvern,WYV,299,0.314426,0.00013,664.691,342876.0,1090481.0,1090481.0,-0.27,-15.52,-10.32,1496391286
Cryptojacks,CJ,300,0.000841642,0.00000035,1097.25,342185.0,406568581.0,406568581.0,38.75,251.32,189.92,1496391271
Jewels,JWL,301,0.0169071,0.00000699,1837.93,341117.0,20175981.0,20175981.0,-0.27,-3.89,-4.1,1496391274
Terracoin,TRC,302,0.0160389,0.00000663,5891.03,322300.0,20094880.0,20094880.0,0.83,3.32,-11.01,1496391240
Dotcoin,DOT,303,0.00138263,0.00000057,69787.5,310833.0,224813000.0,489813000.0,0.65,4.14,11.3,1496391258
Sexcoin,SXC,304,0.00253114,0.00000105,4355.31,310151.0,122534151.0,122534151.0,21.0,18.68,24.24,1496391243
GCoin,GCN,305,0.0000022207,0.0000000009,647.84,308647.0,138985235000,138985235000,-0.84,4.06,29.04,1496391257
Influxcoin,INFX,306,0.182819,0.00007559,5653.15,305926.0,1673383.0,1673383.0,6.56,8.14,-49.04,1496391263
CacheCoin,CACH,307,0.0846531,0.00003500,8851.39,305045.0,3603472.0,3603472.0,-0.26,41.39,,1496391251
Asiadigicoin,ADCN,308,0.0118756,0.00000491,728.437,296071.0,24931054.0,210000000.0,0.55,-3.29,-27.73,1496391266
ParkByte,PKB,309,0.0619177,0.00002560,1161.45,294978.0,4764026.0,4764026.0,-0.27,10.54,10.67,1496391260
MTMGaming,MTM,310,0.0963789,0.00003985,779.127,289137.0,3000000.0,5000000.0,4.82,77.34,120.91,1496391284
Newbium,NEWB,311,0.011924,0.00000493,58057.3,286176.0,24000000.0,51000000.0,-4.62,14.25,159.03,1496391270
Karbowanec,KRB,312,0.0795429,0.00003289,5559.0,281304.0,3536503.0,3536503.0,1.78,0.61,-7.2,1496391272
Quatloo,QTL,313,0.0377292,0.00001560,19854.0,280575.0,7436538.0,7436538.0,3.62,-6.21,-19.32,1496391252
Atomic Coin,ATOM,314,0.0278192,0.00001150,769.547,279554.0,10048975.0,10048975.0,5.26,24.29,3.63,1496391275
KibiCoin,KIC,315,0.0188212,0.00000777,535.629,275694.0,14648050.0,14648050.0,-0.04,,,1496390993
Zoin,ZOI,316,0.024814,0.00001026,1502.57,266640.0,10745550.0,10745550.0,-0.27,11.8,-19.18,1496391277
Bytecent,BYC,317,0.163768,0.00006771,14926.5,265470.0,1621010.0,1621010.0,-0.23,-5.51,-12.85,1496391257
UltraCoin,UTC,318,0.00585316,0.00000242,4652.16,252262.0,43098402.0,43098402.0,0.56,10.93,33.89,1496391245
Neutron,NTRN,319,0.0187268,0.00000774,904.664,236289.0,12617684.0,12617684.0,-6.73,-2.69,132.39,1496391260
8Bit,8BIT,320,0.198447,0.00008205,2894.51,231075.0,1164415.0,1164415.0,-0.27,3.92,-45.8,1496391259
Rubies,RBIES,321,0.0220057,0.00000910,2183.82,228276.0,10373505.0,10373505.0,-3.87,-5.44,-21.64,1496391267
PRCoin,PRC,322,0.0228385,0.00000944,42626.5,215696.0,9444400.0,789444400.0,-0.9,7.08,-4.94,1496391283
Version,V,323,0.000484747,0.00000020,527.235,211999.0,437340455.0,437340455.0,-61.41,,,1496390993
LiteBar,LTB,324,0.326809,0.00013512,925.726,210971.0,645549.0,645549.0,-0.27,13.14,17.15,1496391247
NuBits,USNBT,325,0.994389,0.00041113,78203.4,195668.0,196772.0,838087.0,-0.18,-1.6,-2.66,1496391255
Torcoin,TOR,326,0.742085,0.00030682,15882.5,194634.0,262280.0,1262280.0,-0.32,-6.47,-39.88,1496391287
GoldBlocks,GB,327,0.0120815,0.00000500,2647.78,179612.0,14866668.0,14866668.0,-1.69,4.59,2.74,1496391271
Netko,NETKO,328,0.0723718,0.00002992,1265.03,176440.0,2437967.0,2437967.0,10.42,7.44,-14.03,1496391284
UnbreakableCoin,UNB,329,0.0773215,0.00003197,6151.08,176150.0,2278150.0,2278150.0,-0.1,0.23,5.34,1496391250
Fastcoin,FST,330,0.00128062,0.00000053,1564.72,162337.0,126764507.0,126764507.0,-0.25,26.96,18.03,1496391242
bitBTC,BITBTC,331,2527.65,1.04506,56833.8,161972.0,64.0,64.0,2.28,6.5,-0.07,1496391255
Flycoin,FLY,332,0.739869,0.0003059,1290.96,155968.0,210806.0,210806.0,-0.27,-27.39,72.01,1496391263
TheGCCcoin,GCC,333,0.0210665,0.00000871,1141.61,148253.0,7037380.0,867037380.0,-0.27,-2.31,-27.36,1496391281
Greencoin,GREV2,334,0.0000483732,0.00000002,2269.15,147936.0,3058228641.0,3058228641.0,-0.27,0.99,10.13,1496391251
Piggycoin,PIGGY,335,0.000292166,0.00000012,1967.22,141353.0,483810657.0,483810657.0,-0.28,-2.83,-45.7,1496391252
BERNcash,BERN,336,0.00194081,0.00000080,582.293,138252.0,71234301.0,71234301.0,5.92,18.07,46.71,1496391269
HoboNickels,HBN,337,0.00278146,0.00000115,705.721,135059.0,48557026.0,48557026.0,-0.26,11.96,94.84,1496391244
Pascal Lite,PASL,338,0.0681579,0.00002818,2340.61,134602.0,1974850.0,1974850.0,-1.29,-4.34,-36.37,1496391284
bitSilver,BITSILVER,339,20.9023,0.00864211,17261.5,132031.0,6317.0,6317.0,-1.94,5.99,12.45,1496391258
DigitalPrice,DP,340,0.0056959,0.00000235,1449.53,129039.0,22654793.0,22654793.0,7.8,-2.93,28.08,1496391255
Sumokoin,SUMO,341,0.266611,0.00011,9740.69,121423.0,455431.0,9344320.0,9.85,48.12,,1496390993
Tattoocoin (Standard Edition),TSE,342,0.00103819,0.00000043,1520.73,118739.0,114370948.0,604370948.0,-0.21,-25.5,-26.95,1496391282
bitEUR,BITEUR,343,1.15434,0.00047726,15180.0,117858.0,102100.0,102100.0,1.89,1.11,1.94,1496391261
Machinecoin,MAC,344,0.00602247,0.00000249,2675.74,117777.0,19556275.0,19556275.0,-0.77,3.04,-13.24,1496391257
MojoCoin,MOJO,345,0.00943113,0.00000390,1259.83,113702.0,12056004.0,12056004.0,-0.78,4.18,-37.38,1496391267
Rimbit,RBT,346,0.000973187,0.00000040,674.922,112403.0,115499623.0,393459356.0,-0.28,4.19,0.8,1496391256
LanaCoin,LANA,347,0.000145079,0.00000006,551.857,108569.0,748344175.0,748344175.0,-0.26,1.63,24.24,1496391269
CHNCoin,CNC,348,0.0042121,0.00000174,15201.6,106399.0,25260247.0,170109984.0,-0.65,0.39,-30.44,1496391259
Phoenixcoin,PXC,349,0.00176462,0.00000073,1070.33,102124.0,57872950.0,57872950.0,1.12,74.21,15.33,1496391242
QuazarCoin,QCN,350,0.0169306,0.00000700,875.721,96682.0,5710503.0,5710503.0,-0.27,5.18,-5.83,1496391250
PipCoin,PIP,351,0.0145362,0.00000601,959.197,95549.0,6573177.0,6999979.0,-32.58,-14.75,-34.22,1496391276
Emerald Crypto,EMD,352,0.00483726,0.00000200,3577.21,92475.0,19117129.0,19117129.0,14.0,24.71,59.35,1496391242
Eryllium,ERY,353,0.0208383,0.00000862,2677.12,90733.0,4354170.0,14354170.0,-1.44,-0.64,-47.86,1496391281
bitGold,BITGOLD,354,1504.76,0.622145,13751.8,84289.0,56.0,56.0,-13.9,1.8,6.84,1496391257
Spots,SPT,355,0.00361688,0.00000150,615.265,81040.0,22406021.0,22406021.0,-0.27,28.05,44.29,1496391242
Freicoin,FRC,356,0.00266053,0.00000110,17772.3,74239.0,27903941.0,100000000.0,-0.25,0.99,0.96,1496391241
Gapcoin,GAP,357,0.00643364,0.00000266,12930.7,70008.0,10881529.0,10881529.0,1.45,0.6,18.25,1496391256
CrevaCoin,CREVA,358,0.00183643,0.00000076,12951.8,66829.0,36390750.0,6240390800.0,0.04,-1.08,-11.09,1496391262
Kurrent,KURT,359,0.00665647,0.00000275,1177.1,66029.0,9919485.0,21319485.0,-0.13,-8.95,5.92,1496391277
MCAP,MCAP,360,6.38096,0.0026327,229224.0,63842.0,10005.0,100000000.0,-0.25,2.55,,1496390993
Wexcoin,WEX,361,0.371372,0.00015354,5735.06,62197.0,167480.0,10000167480.0,9.24,-1.53,12.34,1496391276
NevaCoin,NEVA,362,0.0305526,0.00001263,760.233,55377.0,1812525.0,1812525.0,-0.27,14.63,25.92,1496391267
Acoin,ACOIN,363,0.0429987,0.00001778,10778.9,52462.0,1220085.0,1220085.0,1.79,5.82,-32.61,1496391254
Argentum,ARG,364,0.00689318,0.00000285,918.771,51727.0,7504051.0,7504051.0,-0.27,-27.34,-10.26,1496391242
Philosopher Stones,PHS,365,0.0195428,0.00000808,3633.11,47474.0,2429219.0,2429219.0,-0.3,4.12,1.95,1496391243
Prime-XI,PXI,366,0.00315883,0.00000131,1739.4,46721.0,14790630.0,14790630.0,-3.48,3.86,67.41,1496391255
Allion,ALL,367,0.00645701,0.00000267,2484.72,40029.0,6199359.0,7323359.0,-0.24,-0.91,-27.46,1496391283
MACRON,MCRN,368,0.0000982997,0.00000004,975.103,39460.0,401421401.0,401421401.0,-0.05,1.85,30.44,1496390990
Rawcoin,XRC,369,0.0532105,0.00002200,3516.85,37507.0,704882.0,704882.0,21.83,48.05,285.47,1496391279
Independent Money System,IMS,370,0.00666157,0.00000275,1013.95,35766.0,5368934.0,5368934.0,-3.15,-3.81,-15.57,1496391267
Hexx,HXX,371,0.0232685,0.00000962,510.759,31477.0,1352767.0,1352767.0,-0.25,-21.94,-31.57,1496391262
BeaverCoin,BVC,372,0.00911835,0.00000377,698.549,28406.0,3115258.0,3115258.0,-0.99,1.84,-13.3,1496391255
PIECoin,PIE,373,0.000387645,0.00000016,532.312,27936.0,72064864.0,72064864.0,-0.18,22.22,-8.76,1496391284
Kittehcoin,MEOW,374,0.0000010671,0.0000000004,2048.52,25510.0,23905669976.0,23905669976.0,5.03,59.49,77.25,1496391244
LevoPlus,LVPS,375,0.0580263,0.00002399,4843.99,23837.0,410797.0,91410797.0,49.96,3.37,-33.11,1496391283
Honey,HONEY,376,0.333121,0.00013773,1022.84,22754.0,68306.0,68306.0,-9.2,-20.04,-64.35,1496391285
Marijuanacoin,MAR,377,0.0384325,0.00001589,4610.44,20088.0,522690.0,522690.0,3.39,-25.32,-24.92,1496391282
Eurocoin,EUC,378,0.00152376,0.00000063,1202.47,17874.0,11730325.0,11730325.0,3.42,1.08,-18.64,1496391263
AllSafe,ASAFE,379,0.0000187979,0.000000008,3916.99,13347.0,710000000.0,710000000.0,-0.24,837.68,330.69,1496391277
Ebittree Coin,EBT,380,0.0118763,0.00000490,622.9,10340.0,870610.0,810870610.0,-0.05,-0.59,5.17,1496390990
Beatcoin,XBTS,381,0.00658974,0.00000272,1913.18,10047.0,1524686.0,2524686.0,5.53,13.93,7.09,1496391275
BenjiRolls,BENJI,382,0.000435359,0.00000018,4789.79,8248.0,18944286.0,18944286.0,-0.27,-5.72,-27.71,1496391280
Digital Money Bits,DMB,383,0.0153825,0.00000635,17851.1,4698.0,305400.0,10305400.0,0.75,5.24,61.08,1496390992
Environ,ENV,384,0.0000242337,0.000000010,2135.64,3178.0,131129509.0,931129509.0,-0.04,1.26,-95.6,1496390991
Powercoin,PWR,385,0.0000241866,0.00000001,1329.76,1209.0,49983870.0,49983870.0,-0.27,1.04,-3.62,1496391270
Gold Pressed Latinum,GPL,386,0.176181,0.00007269,7929.44,,,203958.0,-9.79,-14.08,8.55,1496390992
SnakeEyes,SNAKE,387,0.14301,0.00005900,1178.83,,,10000000.0,-1.41,22.66,28.26,1496390991
Arcade Token,ARC,388,3.74133,0.00167261,,10777041.0,2880537.0,2880537.0,,,31.27,1496180681
Scotcoin,SCOT,389,0.00640726,0.00000265,166.969,6407260.0,1000000000.0,1000000000.0,-2.79,-22.96,51.06,1496391251
Jinn,JINN,390,49.503,0.0204671,495.03,2905975.0,58703.0,1000000.0,0.44,8.71,15.22,1496391255
XCurrency,XC,391,0.435359,0.00018,353.125,2528047.0,5806811.0,5806811.0,-0.27,0.44,-7.82,1496391250
InstantDEX,DEX,392,2.43717,0.00100765,353.389,2437170.0,1000000.0,1000000.0,0.44,8.71,-1.92,1496391254
AsiaCoin,AC,393,0.00281234,0.00000116,153.86,2360143.0,839209809.0,839209809.0,-0.28,6.57,-22.98,1496391249
Bitpark Coin,BPC,394,0.0205344,0.00000849,286.252,1540080.0,75000000.0,100000000.0,-0.27,23.2,17.21,1496391280
NewYorkCoin,NYC,395,0.0000241865,0.000000010,248.64,1444416.0,59719935819.0,59719935819.0,-0.27,1.06,26.37,1496391249
InsaneCoin,INSANE,396,0.0742543,0.00003070,169.303,1361896.0,18340973.0,18340973.0,-1.0,-6.32,33.06,1496391278
Pangea Poker,PANGEA,397,0.949545,0.00039259,11.3945,948930.0,999352.0,1000000.0,0.44,8.71,,1496391257
DubaiCoin,DBIC,398,0.16109,0.00006660,258.274,826233.0,5129014.0,6146942.0,-0.67,9.64,-1.42,1496391266
Woodcoin,LOG,399,0.1026,0.00004242,287.321,824411.0,8035193.0,8035193.0,-0.27,-11.26,-5.82,1496391259
ShadowCash,SDC,400,0.12296,0.00005084,413.522,819780.0,6667047.0,6667047.0,-0.27,0.59,-26.01,1496391253
Pandacoin,PND,401,0.0000241866,0.00000001,329.137,786425.0,32514916898.0,32514916898.0,-0.26,0.99,-3.67,1496391248
Carboncoin,CARBON,402,0.0000483732,0.00000002,7.2197,744557.0,15391933409.0,15391933409.0,-0.27,0.99,-3.62,1496391252
Ultimate Secure Cash,USC,403,0.071846,0.00002970,127.952,743111.0,10343113.0,38602656.0,-1.25,22.1,-19.42,1496391286
Tao,XTO,404,0.0228198,0.00000943,190.86,691813.0,30316355.0,32316355.0,18.87,30.52,4.46,1496391274
Casino,CASINO,405,0.689748,0.00028518,12.4155,689748.0,1000000.0,1000000.0,-0.23,195.24,13.78,1496391285
SmileyCoin,SMLY,406,0.0000221805,0.000000009,139.571,575811.0,25960250000.0,25960250000.0,-1.13,8.03,176.02,1496391258
Cryptofund,FUND,407,0.5588,0.0002553,,558800.0,1000000.0,1000000.0,,,-28.82,1495948164
CageCoin,CAGE,408,0.0000054240,0.000000002,225.339,548733.0,101168328395,101168328395,-4.21,44.47,-4.12,1496391246
E-Currency Coin ,ECC,409,0.0000241866,0.00000001,1.19068,533571.0,22060603799.0,22060603799.0,-0.27,0.99,-3.67,1496391249
HitCoin,HTC,410,0.0000483732,0.00000002,168.025,531927.0,10996318099.0,20996318099.0,-0.27,3.22,92.77,1496391268
Shorty,SHORTY,411,0.00501117,0.00000210,,501117.0,100000000.0,100000000.0,,-0.31,48.27,1496365479
YashCoin,YASH,412,0.048083,0.00001988,336.9,480836.0,10000117.0,10000117.0,6.54,-40.32,25.54,1496391279
CasinoCoin,CSC,413,0.0118974,0.00000492,317.426,459254.0,38601187.0,38601187.0,-0.37,8.48,-13.15,1496391242
Dashcoin,DSH,414,0.0245509,0.00001015,339.257,424524.0,17291579.0,17291579.0,1.8,-8.37,-1.3,1496391255
ReeCoin,REE,415,0.0339829,0.00001405,138.092,420290.0,12367704.0,6662367704.0,-5.53,-17.85,-17.54,1496391271
Happycoin,HPC,416,0.0367637,0.00001520,238.042,417853.0,11365901.0,11365901.0,-17.21,-15.06,159.32,1496391286
Colossuscoin V2,CV2,417,0.0000187237,0.000000008,292.655,415453.0,22188595273.0,22188595273.0,-2.19,2.51,-55.88,1496391259
BitBar,BTB,418,11.6788,0.00482862,391.087,380509.0,32581.0,32581.0,-0.32,-2.36,-2.88,1496391241
Orbitcoin,ORB,419,0.125023,0.00005169,28.0445,369493.0,2955403.0,2955403.0,-0.32,0.4,-0.91,1496391246
LTBcoin,LTBC,420,0.000742106,0.00000032,,366499.0,493863915.0,493863915.0,,,,1496287754
FuelCoin,FC2,421,0.00360381,0.00000149,3.76876,365471.0,101412409.0,101412409.0,-0.27,0.99,,1496391251
RussiaCoin,RC,422,0.0427619,0.00001768,0.290165,351351.0,8216446.0,8216446.0,-0.27,1.16,0.39,1496391265
SuperCoin,SUPER,423,0.00846531,0.00000350,84.6449,348395.0,41155630.0,41155630.0,-0.25,,,1496391251
Mineum,MNM,424,0.0342161,0.00001415,379.998,322876.0,9436367.0,9586367.0,-19.61,27.98,-27.05,1496391270
Bitstar,BITS,425,0.0139071,0.00000575,84.0478,320972.0,23079737.0,23079737.0,-0.27,52.49,13.54,1496391249
SmartCoin,SMC,426,0.0139586,0.00000577,103.859,319542.0,22892142.0,22892142.0,33.47,58.25,-3.63,1496391245
Trollcoin,TROLL,427,0.000540879,0.00000022,402.123,299495.0,553718512.0,553718512.0,-14.22,-12.29,-22.38,1496391254
HOdlcoin,HODL,428,0.00314426,0.00000130,21.128,291102.0,92582060.0,250000000.0,-0.27,-6.18,18.41,1496391267
Rare Pepe Party,RAREPEPEPRTY,429,16.1275,0.0067095,,290295.0,18000.0,100000.0,,-4.28,-8.66,1496315982
Veltor,VLT,430,0.459159,0.00018984,375.494,254767.0,554855.0,554855.0,46.69,4.25,40.5,1496391274
BTCtalkcoin,TALK,431,0.00357833,0.00000161,,233631.0,65290635.0,65290635.0,,,-19.48,1496191750
Crypto Bullion,CBX,432,0.234203,0.00009683,55.695,233228.0,995836.0,995836.0,-0.25,-10.26,-38.13,1496391243
SwagBucks,BUCKS,433,1.13043,0.00046738,4.66902,232340.0,205532.0,205532.0,-0.92,-7.01,-15.2,1496391265
VirtualCoin,VC,434,0.0214777,0.00000888,223.88,216158.0,10064287.0,10064287.0,-0.27,12.1,37.17,1496391253
AgrolifeCoin,AGLC,435,0.0472658,0.00001990,,216058.0,4571121.0,204571121.0,,-0.0,96.37,1496301878
BitcoinTX,BTX,436,0.00263634,0.00000109,1.13677,213705.0,81061194.0,81061194.0,-0.27,10.08,-46.41,1496391260
The Cypherfunks,FUNK,437,0.0000047431,0.000000002,61.3567,209435.0,44155520000.0,44155520000.0,-0.73,-0.37,-10.15,1496391261
BritCoin,BRIT,438,0.00965046,0.00000399,165.981,205247.0,21268092.0,21268092.0,-0.27,83.17,6.69,1496391252
Coin(O),CNO,439,0.00193481,0.00000080,355.377,199498.0,103109966.0,103109966.0,-0.27,71.92,117.48,1496391248
Pesobit,PSB,440,0.00609503,0.00000252,348.217,199119.0,32669113.0,32669113.0,1.14,-5.04,-13.14,1496391276
Devcoin,DVC,441,0.0000138628,0.000000006,14.301,194115.0,14002577500.0,14002577500.0,-1.03,-12.8,-55.05,1496391240
42-coin,42,442,4450.26,1.83997,380.413,186911.0,42.0,42.0,-0.27,-9.97,19.95,1496391244
Zero,ZER,443,0.251226,0.00010387,216.547,186651.0,742960.0,742960.0,7.91,5.6,-12.37,1496391284
Kobocoin,KOBO,444,0.00737938,0.00000305,182.412,182273.0,24700248.0,24700248.0,-0.03,-5.58,-59.45,1496391258
BillaryCoin,BLRY,445,0.0202684,0.00000838,25.5157,182074.0,8983158.0,8983158.0,-0.27,19.26,-22.75,1496391270
Bitz,BITZ,446,0.0892373,0.00003720,,177662.0,1990891.0,1990891.0,,0.21,-3.86,1496351362
Tristar Coin,TSTR,447,0.0343849,0.00001500,,172882.0,5027857.0,255027857.0,,,42.82,1496271895
NetCoin,NET,448,0.000217267,0.00000009,202.378,171017.0,787126712.0,787126712.0,-0.25,0.18,-17.04,1496391244
Crave,CRAVE,449,0.12473,0.00005157,0.182665,155874.0,1249695.0,1249695.0,,-21.89,102.67,1496391259
Titcoin,TIT,450,0.00297728,0.00000123,130.295,148561.0,49898202.0,49898202.0,-2.02,-1.41,-28.46,1496391253
LottoCoin,LOT,451,0.0000101724,0.000000004,18.1611,147408.0,14491014421.0,14491014421.0,-0.57,21.55,6.11,1496391244
Truckcoin,TRK,452,0.00111244,0.00000046,26.4848,136837.0,123006449.0,123006449.0,-0.27,10.94,74.37,1496391252
Stress,STS,453,0.000241866,0.00000010,1.02551,136687.0,565134332.0,565134332.0,-0.27,,,1496391266
Cannacoin,CCN,454,0.0289514,0.00001197,96.5743,136004.0,4697672.0,4697672.0,-0.27,-4.06,26.87,1496391249
Vault Coin,VLTC,455,0.00454493,0.00000188,79.3017,135093.0,29723880.0,529723880.0,1.02,-17.44,-21.02,1496391279
PureVidz,VIDZ,456,0.000992267,0.00000041,241.627,124216.0,125184139.0,125184139.0,-0.27,-31.87,1.67,1496391281
Bitcurrency,BTCR,457,0.000713212,0.00000029,107.973,119953.0,168186755.0,168186755.0,-0.27,-0.55,28.76,1496391278
MetalCoin,METAL,458,0.00154794,0.00000064,5.85793,119076.0,76925527.0,76925527.0,-0.27,-18.18,-17.75,1496391257
GAIA,GAIA,459,0.00466575,0.00000198,,112451.0,24101381.0,24101381.0,,-1.56,-14.33,1496340859
C-Bit,XCT,460,0.000798158,0.00000033,51.6637,105185.0,131785250.0,131785250.0,-0.27,3.76,-3.72,1496391268
Coin2.1,C2,461,0.00103915,0.00000043,169.454,103890.0,99976323.0,99976323.0,0.3,18.65,-13.51,1496391251
TEKcoin,TEK,462,0.0000725598,0.00000003,414.445,102604.0,1414054562.0,1414054562.0,-0.27,-27.53,45.17,1496391250
Pakcoin,PAK,463,0.00274437,0.00000113,284.016,100506.0,36622700.0,36622700.0,-0.14,-1.75,-23.25,1496391266
Swing,SWING,464,0.0435616,0.00001801,9.46473,99192.0,2277047.0,2277047.0,-0.26,-26.33,-10.88,1496391267
Sterlingcoin,SLG,465,0.0255083,0.00001055,88.5315,99002.0,3881156.0,3881156.0,-1.51,-0.16,-13.82,1496391255
Dollarcoin,DLC,466,0.0107147,0.00000443,10.5497,97576.0,9106714.0,9106714.0,-0.27,10.52,,1496391275
HyperStake,HYP,467,0.000251997,0.00000010,122.904,97219.0,385796097.0,385796097.0,-5.18,0.46,10.15,1496391253
FlutterCoin,FLT,468,0.000289279,0.00000012,9.20858,93210.0,322214524.0,322214524.0,-0.86,20.02,-13.3,1496391248
Xiaomicoin,MI,469,0.000223325,0.00000009,150.782,90702.0,406141855.0,406141855.0,-0.17,-22.94,2.56,1496391263
GlobalBoost-Y,BSTY,470,0.00771202,0.00000319,125.956,87905.0,11398430.0,11398430.0,29.08,-7.65,1.22,1496391255
TittieCoin,TTC,471,0.0000696767,0.00000003,91.9279,87780.0,1259816434.0,1259816434.0,-1.24,35.22,-4.18,1496391256
WayGuide,WAY,472,0.000870718,0.00000036,2.69836,87107.0,100040708.0,100040708.0,-0.27,1.04,5.14,1496391273
PayCoin,XPY,473,0.00741422,0.00000307,2.0728,86766.0,11702591.0,11752591.0,-0.27,3.2,-59.49,1496391257
CorgiCoin,CORG,474,0.0000692491,0.00000003,8.3276,86690.0,1251855418.0,1251855418.0,-0.62,15.21,-59.69,1496391246
Digital Rupees,DRS,475,0.000169306,0.00000007,198.578,86482.0,510802961.0,510802961.0,-0.27,135.65,75.59,1496391281
BunnyCoin,BUN,476,0.0000008389,0.0000000003,142.299,85068.0,101410061602,101410061602,-0.83,11.12,4.29,1496391254
Elementrem,ELE,477,0.00331133,0.00000137,130.058,82839.0,25016746.0,25016746.0,-0.28,14.45,-34.23,1496391273
KiloCoin,KLC,478,0.000411172,0.00000017,4.11172,80712.0,196297971.0,10025186872.0,-0.27,7.36,9.22,1496391267
Darsek,KED,479,0.00773967,0.00000320,26.3156,76285.0,9856389.0,9856389.0,-0.26,-0.5,-29.21,1496391286
GameUnits,UNITS,480,0.0219096,0.00000906,133.864,75940.0,3466039.0,3466039.0,-0.27,-13.13,-22.84,1496391279
UFO Coin,UFO,481,0.0000229521,0.00000001,,75432.0,3286485012.0,3286485012.0,,,-8.54,1496273048
Triangles,TRI,482,1.00401,0.00041511,10.5177,73184.0,72891.0,72891.0,-0.27,-14.2,-16.71,1496391252
Artex Coin,ATX,483,0.00374275,0.00000155,69.8671,69971.0,18695075.0,268695075.0,-0.27,3.91,50.65,1496391273
Blakecoin,BLC,484,0.00585316,0.00000242,23.3024,69716.0,11910789.0,11910789.0,-0.27,0.99,-3.82,1496391245
Valorbit,VAL,485,0.0000241866,0.00000001,12.3352,69471.0,2872287278.0,922340072287278,-0.27,1.04,-3.62,1496391268
SproutsExtreme,SPEX,486,0.0000241866,0.00000001,12.577,69333.0,2866607586.0,2866607586.0,-0.27,1.04,,1496391266
NoLimitCoin,NLC2,487,0.000338613,0.00000014,31.6053,67878.0,200458633.0,200458633.0,-0.27,-11.59,-40.86,1496391274
Guncoin,GUN,488,0.000362731,0.00000015,37.1249,66044.0,182075578.0,182075578.0,-12.0,0.97,38.68,1496391250
HempCoin,HMP,489,0.0000483732,0.00000002,27.5727,65624.0,1356620222.0,2856620222.0,-0.27,1.04,87.56,1496391266
AmberCoin,AMBER,490,0.0014952,0.00000063,,65255.0,43643263.0,43643263.0,,-0.85,-18.38,1496347159
Yacoin,YAC,491,0.000556292,0.00000023,4.44061,64590.0,116108361.0,116108361.0,-0.29,0.99,-7.69,1496391242
CCMiner,CCM100,492,0.0267074,0.00001104,35.4407,64535.0,2416354.0,6000000.0,-0.23,23.84,-7.85,1496391282
Debitcoin,DBTC,493,0.00355543,0.00000147,34.2729,63969.0,17991986.0,25991986.0,-0.27,7.66,4.56,1496391270
PetroDollar,XPD,494,0.000994037,0.00000041,124.794,63612.0,63993275.0,63993275.0,-0.28,-37.82,-34.88,1496391248
ChessCoin,CHESS,495,0.00117323,0.00000049,30.7052,63314.0,53965258.0,53965258.0,-0.34,-1.69,24.49,1496391271
Ratecoin,XRA,496,0.000586251,0.00000024,117.518,62188.0,106077910.0,106077910.0,-0.22,1.82,-23.3,1496391261
Bitcloud,BTD,497,0.00536943,0.00000222,45.6013,59801.0,11137372.0,11137372.0,-0.27,4.33,63.34,1496391274
Jin Coin,JIN,498,0.00604665,0.00000250,0.302333,59550.0,9848485.0,9848485.0,-0.27,-6.08,,1496391275
RevolverCoin,XRE,499,0.00261215,0.00000108,193.676,56926.0,21792758.0,21792758.0,-0.27,29.91,-3.17,1496391271
Chronos,CRX,500,0.000762151,0.00000032,285.429,56193.0,73729962.0,73729962.0,-8.65,11.03,9.43,1496391272
Aricoin,ARI,501,0.000385666,0.00000016,0.959806,54094.0,140262505.0,140262505.0,-0.71,12.03,16.94,1496391246
KushCoin,KUSH,502,0.00986814,0.00000408,30.68,53224.0,5393496.0,5393496.0,-0.27,-8.02,-19.61,1496391282
AquariusCoin,ARCO,503,0.0423677,0.00001752,149.861,51762.0,1221736.0,1221736.0,-2.0,12.94,20.59,1496391269
Zayedcoin,ZYD,504,0.00798158,0.00000330,32.8754,49836.0,6243840.0,6243840.0,-1.76,-0.47,-20.28,1496391274
BigUp,BIGUP,505,0.0000241866,0.00000001,7.93377,49683.0,2054158823.0,2054158823.0,-50.13,1.04,-34.79,1496391267
SatoshiMadness,MAD,506,0.0000241866,0.00000001,121.175,48390.0,2000683485.0,2000683485.0,-0.27,1.04,-3.62,1496391262
Nyancoin,NYAN,507,0.000161535,0.00000007,61.9966,48120.0,297891209.0,297891209.0,-0.3,-15.35,0.92,1496391245
PonziCoin,PONZI,508,0.0556292,0.00002300,396.988,47902.0,861099.0,861099.0,-0.27,4.44,-3.58,1496391269
DigiCube,CUBE,509,0.0000196543,0.000000008,0.00367174,47743.0,2429126009.0,2429126009.0,-0.52,,-21.69,1496391267
AurumCoin,AU,510,0.160865,0.00006651,158.044,47651.0,296216.0,296216.0,-0.53,-19.6,-27.66,1496391255
Francs,FRN,511,0.0275505,0.00001139,161.742,47224.0,1714100.0,1714100.0,-0.26,-3.45,18.38,1496391266
Sativacoin,STV,512,0.00657363,0.00000274,,46521.0,7076838.0,7076838.0,,50.0,7.4,1496351959
MiloCoin,MILO,513,0.0045091,0.00000186,109.508,46394.0,10289070.0,10289070.0,-0.27,11.64,82.79,1496391284
Eternity,ENT,514,0.0150421,0.00000622,309.452,46049.0,3061329.0,3061329.0,-8.61,-13.6,-39.86,1496391279
Tigercoin,TGC,515,0.00104002,0.00000043,151.721,45279.0,43536800.0,43536800.0,-2.54,21.15,38.13,1496391244
MarteXcoin,MXT,516,0.016449,0.00000680,0.124365,44876.0,2728161.0,2728161.0,-2.45,27.16,-45.25,1496391269
PX,PX,517,0.000580479,0.00000024,87.7017,44570.0,76781245.0,76781245.0,-0.27,21.25,58.2,1496391274
AmsterdamCoin,AMS,518,0.00460428,0.00000190,119.361,44218.0,9603707.0,16803707.0,0.5,-2.54,7.99,1496391262
BurstOcean,OCEAN,519,0.207853,0.00008594,17.2726,44029.0,211827.0,1000000.0,-0.23,48.88,44.53,1496391284
RedCoin,RED,520,0.000580479,0.00000024,15.9745,43018.0,74107896.0,74107896.0,-0.27,-4.32,-37.97,1496391245
ICOBID,ICOB,521,0.000412389,0.00000017,398.495,42832.0,103862796.0,103862796.0,-0.29,-8.91,0.55,1496391280
Evotion,EVO,522,0.0172991,0.00000715,166.011,42715.0,2469220.0,2469220.0,0.3,-14.53,-64.92,1496391264
UniCoin,UNIC,523,0.0141075,0.00000583,175.579,41071.0,2911262.0,2911262.0,-0.27,1.27,9.39,1496391261
Joulecoin,XJO,524,0.00127182,0.00000053,38.5487,41021.0,32253696.0,32253696.0,-0.63,-3.62,5.92,1496391243
UCoin,U,525,0.0149957,0.00000620,5.97131,40336.0,2689812.0,2689812.0,-0.27,1.04,-4.85,1496391256
Bolivarcoin,BOLI,526,0.00619883,0.00000256,472.952,40170.0,6480200.0,6480200.0,-1.04,9.13,29.37,1496391263
808Coin,808,527,0.000193712,0.00000008,148.555,39890.0,205924052.0,205924052.0,-0.3,-3.67,19.43,1496391272
Lex4All,LEX,528,0.0388999,0.00001608,178.94,38902.0,1000043.0,5000000.0,-0.23,30.42,-22.94,1496391284
BTCDragon,DRAGON,529,0.0928953,0.00003841,102.185,37543.0,404146.0,1000000.0,-0.23,-46.21,-30.57,1496391282
OctoCoin,888,530,0.000769496,0.00000032,126.212,37215.0,48362948.0,48362948.0,-0.15,-33.97,27.72,1496391248
Franko,FRK,531,0.0573706,0.00002372,1.36715,36542.0,636950.0,636950.0,-0.25,,-50.28,1496391241
SpaceCoin,SPACE,532,0.0020376,0.00000084,3.13124,36255.0,17793019.0,17793019.0,-0.39,-7.34,2.26,1496391263
Universal Currency,UNIT,533,0.00276911,0.00000114,112.547,36127.0,13046431.0,13046431.0,3.99,70.78,-48.51,1496391260
CoExistCoin,COXST,534,0.00131997,0.00000055,24.9229,35823.0,27138905.0,27138905.0,-2.83,-11.41,-54.95,1496391269
WMCoin,WMC,535,0.00309589,0.00000128,0.479234,35688.0,11527489.0,911527489.0,-0.27,6.89,,1496391270
Universe,UNI,536,0.0119724,0.00000495,113.692,35530.0,2967684.0,14167684.0,0.14,9.25,3.19,1496391285
PopularCoin,POP,537,0.0000105597,0.000000004,35.2874,35298.0,3342668562.0,3342668562.0,1.36,9.02,14.58,1496391249
Photon,PHO,538,0.0000019518,0.0000000008,41.0177,34811.0,17835149968.0,17835149968.0,-0.57,25.87,31.9,1496391247
Cypher,CYP,539,0.00546617,0.00000226,247.332,34794.0,6365285.0,6365285.0,-0.27,11.39,,1496391259
Dobbscoin,BOB,540,0.00662713,0.00000274,0.940257,33536.0,5060382.0,5060382.0,-0.27,0.26,0.02,1496391254
Solarflarecoin,SFC,541,0.00237029,0.00000098,56.6728,32517.0,13718750.0,13718750.0,7.4,12.29,-10.82,1496391281
Evil Coin,EVIL,542,0.0015204,0.00000063,0.877647,31959.0,21020383.0,21020383.0,-0.33,-2.1,-3.76,1496391265
CryptoWorldX Token,CWXT,543,0.000580479,0.00000024,9.61195,31740.0,54678950.0,54678950.0,-0.27,9.38,-8.19,1496391283
Uro,URO,544,0.026049,0.00001077,60.0152,31449.0,1207310.0,1207310.0,-0.25,-1.03,-12.08,1496391252
RonPaulCoin,RPC,545,0.0388697,0.00001607,18.3708,30666.0,788944.0,788944.0,-0.53,-4.29,-7.77,1496391244
FlavorCoin,FLVR,546,0.00143868,0.00000059,8.78072,30066.0,20898106.0,20898106.0,-2.16,3.96,96.28,1496391266
Dreamcoin,DRM,547,0.0120275,0.00000503,,29311.0,2436996.0,2436996.0,,-0.15,,1496330352
Creatio,XCRE,548,0.00141731,0.00000059,177.082,29084.0,20520514.0,20520514.0,-0.27,-1.32,39.53,1496391278
SixEleven,611,549,0.0698993,0.00002890,9.06875,28803.0,412060.0,412060.0,-0.27,-20.0,-70.42,1496391269
Zurcoin,ZUR,550,0.000362799,0.00000015,24.6235,28651.0,78971802.0,78971802.0,-0.27,8.21,9.34,1496391270
Hommalicoin,HMC,551,11.7946,0.00496011,,28528.0,2419.0,1000000000.0,,,,1496299177
GoldPieces,GP,552,0.0232189,0.00000960,429.67,28331.0,1220161.0,1220161.0,-0.27,2.63,-21.46,1496391257
NeuCoin,NEU,553,0.0000140991,0.000000006,1.47313,28068.0,1990764588.0,2014638413.0,-2.45,27.21,-71.06,1496391264
Bitzeny,ZNY,554,0.000362799,0.00000015,56.0018,27433.0,75614500.0,75614500.0,-3.48,1.04,7.58,1496391261
X-Coin,XCO,555,0.0021768,0.00000090,10.884,26960.0,12384976.0,12384976.0,-0.27,13.67,-0.29,1496391258
Unrealcoin,URC,556,0.00382148,0.00000158,20.1214,26844.0,7024402.0,7024402.0,-0.27,,15.37,1496391259
BumbaCoin,BUMBA,557,0.00120933,0.00000050,22.572,26538.0,21944714.0,21944714.0,-0.27,-6.44,-22.27,1496391267
HealthyWormCoin,WORM,558,0.00169306,0.00000070,42.1205,26393.0,15589119.0,15589119.0,-0.27,1.04,-49.47,1496391285
PayCon,CON,559,0.00110012,0.00000045,58.8673,25350.0,23042604.0,23042604.0,-0.29,-17.95,-24.41,1496391258
Grantcoin,GRT,560,0.000604665,0.00000025,153.422,24988.0,41326171.0,10041326171.0,-0.27,,-3.1,1496391262
Destiny,DES,561,0.0154794,0.00000640,0.242108,24767.0,1600000.0,1600000.0,-0.27,1.84,26.92,1496391267
AntiBitcoin,ANTI,562,0.00140333,0.00000058,,24509.0,17465159.0,17465159.0,,1.03,35.65,1496385567
CryptoEscudo,CESC,563,0.000169306,0.00000007,30.1398,24398.0,144105100.0,594105100.0,-6.92,0.99,-3.62,1496391248
Theresa May Coin,MAY,564,0.00157543,0.00000065,107.502,24063.0,15274050.0,15274050.0,-0.05,-12.23,,1496390993
ARbit,ARB,565,0.00357811,0.00000149,,23147.0,6469025.0,6469025.0,,0.27,9.68,1496362165
PlatinumBAR,XPTX,566,0.1324,0.00005562,,23081.0,174324.0,174324.0,,-0.56,16.32,1496364572
B3Coin,B3,567,0.0742529,0.00003070,68.1246,22810.0,307195.0,307195.0,,14.28,24.64,1496391274
LeaCoin,LEA,568,0.0000805618,0.00000003,25.4278,22252.0,276215889.0,276215889.0,-1.55,68.13,-13.26,1496391259
BiosCrypto,BIOS,569,0.00104662,0.00000043,0.273684,21704.0,20737003.0,20737003.0,-0.36,-10.73,32.72,1496391262
ParallelCoin,DUO,570,0.0742767,0.00003071,327.76,21354.0,287489.0,287489.0,-1.6,-0.24,-35.04,1496391264
SoonCoin,SOON,571,0.00166888,0.00000069,38.9936,20799.0,12462620.0,12462620.0,-0.27,-21.7,-31.44,1496391257
Ride My Car,RIDE,572,0.000202547,0.00000008,45.5235,20477.0,101097130.0,101097130.0,-2.6,-8.01,-22.57,1496391283
MindCoin,MND,573,0.0016205,0.00000067,14.9666,20332.0,12546625.0,12546625.0,-0.27,1.04,8.92,1496391265
VIP Tokens,VIP,574,0.000241866,0.00000010,0.241866,20184.0,83450403.0,83450403.0,-0.27,1.04,-3.62,1496391266
Flaxscript,FLAX,575,0.00365218,0.00000151,1.66736,20073.0,5496084.0,5496084.0,-0.27,-1.56,9.48,1496391262
SongCoin,SONG,576,0.000601223,0.00000025,147.409,19579.0,32565300.0,32565300.0,-0.31,16.74,-14.17,1496391259
DAPPSTER,DLISK,577,0.000193493,0.00000008,0.241866,19349.0,100000000.0,100000000.0,-0.27,0.99,-14.33,1496391272
PLNcoin,PLNC,578,0.00111258,0.00000046,1.18048,19014.0,17089600.0,19089600.0,-0.27,3.24,11.12,1496391248
IslaCoin,ISL,579,0.0125529,0.00000519,19.1757,19001.0,1513704.0,1513704.0,-0.27,3.03,-16.35,1496391263
Magnum,MGM,580,0.00516496,0.00000225,,18734.0,3627150.0,253627150.0,,,-25.0,1496272491
Impact,IMX,581,0.000169306,0.00000007,53.2105,18508.0,109314611.0,109314611.0,-0.27,-14.84,-39.95,1496391285
Luna Coin,LUNA,582,0.014869,0.00000615,224.846,18250.0,1227386.0,1227386.0,-0.32,-0.05,-6.6,1496391279
Alexium,AUM,583,0.000894905,0.00000037,1.23903,18164.0,20297336.0,20297336.0,-0.27,-1.66,4.87,1496391263
SecretCoin,SCRT,584,0.00428103,0.00000177,0.428103,18103.0,4228672.0,4228672.0,-0.27,2.78,25.44,1496391264
BipCoin,BIP,585,0.0128673,0.00000532,44.4436,17292.0,1343889.0,1343889.0,-0.27,-5.2,-40.65,1496391277
Halcyon,HAL,586,0.00370055,0.00000153,15.1572,17203.0,4648705.0,4648705.0,-0.27,1.66,-25.1,1496391253
Litecred,LTCR,587,0.000565226,0.00000023,139.505,17086.0,30227750.0,30227750.0,-0.27,-37.46,65.59,1496391265
GameBet Coin,GBT,588,0.000798158,0.00000033,0.665108,16971.0,21262780.0,22262780.0,-0.27,,-3.62,1496391268
Vector,VEC2,589,0.00106421,0.00000044,103.08,16859.0,15841559.0,15841559.0,-0.27,-50.07,-44.84,1496391263
Steps,STEPS,590,0.000894905,0.00000037,0.447452,16668.0,18625017.0,18625017.0,-0.27,1.04,-0.94,1496391263
Sling,SLING,591,0.015165,0.00000627,14.1868,16289.0,1074095.0,1074095.0,-0.27,-0.96,7.17,1496391260
Orlycoin,ORLY,592,0.000435359,0.00000018,0.266029,15955.0,36646779.0,36646779.0,-0.27,3.95,15.66,1496391268
Blackstar,BSTAR,593,0.0000241866,0.00000001,103.937,15257.0,630795971.0,630795971.0,-0.27,1.04,-3.62,1496391279
AnarchistsPrime,ACP,594,0.00344037,0.00000142,151.23,15120.0,4394874.0,4394874.0,-0.27,2.62,-5.29,1496391261
Prototanium,PR,595,0.0776163,0.00003209,30.4564,15093.0,194462.0,194462.0,4.02,-19.39,-25.86,1496391264
BowsCoin,BSC,596,0.0027089,0.00000112,2.08769,15035.0,5550102.0,5550102.0,-0.27,,54.76,1496391261
MustangCoin,MST,597,0.0234203,0.00000968,39.9547,14725.0,628708.0,628708.0,-0.27,-2.38,-48.52,1496391275
FuzzBalls,FUZZ,598,0.00298987,0.00000124,390.754,14441.0,4829945.0,4829945.0,-0.46,2.62,-7.26,1496391268
Firecoin,FIRE,599,0.145313,0.00006008,2.63387,14301.0,98412.0,98412.0,-0.27,1.06,-49.41,1496391253
GuccioneCoin,GCC,600,0.000701412,0.00000029,2.46604,14229.0,20285537.0,23775537.0,-0.29,-8.47,-11.48,1496391263
BitQuark,BTQ,601,0.0019833,0.00000082,35.7804,14192.0,7155671.0,7155671.0,-0.27,7.55,-45.47,1496391251
Crypto,CTO,602,0.00142701,0.00000059,155.084,14157.0,9920568.0,9920568.0,-0.27,-6.85,-29.89,1496391260
Scorecoin,SCORE,603,0.000841178,0.00000035,4.70937,14007.0,16651760.0,16651760.0,-0.44,2.6,-24.05,1496391285
BlazeCoin,BLZ,604,0.0000227350,0.000000009,2.82505,13836.0,608557394.0,608557394.0,-1.13,5.84,14.71,1496391252
Sprouts,SPRTS,605,0.0000000775,0.00000000003,27.743,13528.0,174455461006,174455461006,-2.45,32.37,-73.82,1496391262
OsmiumCoin,OS76,606,0.0149231,0.00000617,2.01143,13342.0,894026.0,894026.0,-0.27,41.37,2.89,1496391264
BitTokens,BXT,607,0.0253959,0.00001050,6.06472,13185.0,519162.0,519162.0,-0.27,-22.42,139.12,1496391273
Money,$$$,608,0.000284447,0.00000012,93.704,13052.0,45887218.0,45887218.0,-0.35,14.28,-28.47,1496391264
Speedcash,SCS,609,0.0499289,0.00002060,11.8812,13032.0,261021.0,476108.0,-0.05,1.38,14.74,1496390990
GPU Coin,GPU,610,0.00032121,0.00000013,209.401,13002.0,40477042.0,51530001.0,-1.49,3.28,15.6,1496391271
JobsCoin,JOBS,611,0.000120933,0.00000005,131.091,12821.0,106019270.0,200019300.0,-0.27,1.04,25.17,1496391275
LetItRide,LIR,612,0.000362799,0.00000015,92.3057,12794.0,35265646.0,35265646.0,-0.27,116.52,17.58,1496391271
Cabbage,CAB,613,0.00118514,0.00000049,96.113,12444.0,10499996.0,10499996.0,-0.29,11.22,0.73,1496391269
Cannation,CNNC,614,0.00503516,0.00000208,126.116,12356.0,2453964.0,2453964.0,-0.05,-52.23,-57.16,1496390992
Solaris,XLR,615,0.0728342,0.00003011,284.785,12277.0,168564.0,268564.0,-0.02,-6.75,-39.76,1496391285
TAGRcoin,TAGR,616,0.000314426,0.00000013,3.00456,12159.0,38669634.0,38669634.0,-0.27,-17.9,-25.99,1496391261
Metal Music Coin,MTLMC3,617,0.000148093,0.00000006,15.5035,11806.0,79719140.0,79719140.0,-2.06,-12.42,2.98,1496391261
WARP,WARP,618,0.0107147,0.00000443,1.44648,11735.0,1095224.0,1095224.0,-0.27,4.34,1.9,1496391266
Bitcoin 21,XBTC21,619,0.0145198,0.00000655,,11516.0,793108.0,7093108.0,,,-37.0,1496220571
Abncoin,ABN,620,0.165745,0.00006853,226.867,11221.0,67700.0,4734367.0,-0.78,41.12,-17.08,1496391280
Comet,CMT,621,0.0125092,0.00000517,2.14347,10918.0,872830.0,872830.0,-0.27,-50.71,2.05,1496391271
Iconic,ICON,622,0.0182906,0.00000750,,10844.0,592894.0,592894.0,,1.88,-14.25,1496321984
TajCoin,TAJ,623,0.00181425,0.00000075,52.1391,10469.0,5770463.0,5770463.0,-6.14,4.77,19.81,1496391273
VapersCoin,VPRC,624,0.0000132273,0.000000005,20.3285,10319.0,780124964.0,1635124964.0,-19.13,125.68,-47.26,1496391273
Bitvolt,VOLT,625,0.000678646,0.00000028,230.528,10256.0,15112554.0,60132654.0,-3.49,14.32,-27.12,1496390990
EGO,EGO,626,0.000169306,0.00000007,0.519988,10158.0,60000001.0,60000001.0,-0.27,17.88,-3.62,1496391275
Future Digital Currency,FDC,627,0.00386986,0.00000160,60.4665,9970.0,2576351.0,1002576351.0,0.99,22.87,28.98,1496391279
Zonecoin,ZNE,628,0.00370055,0.00000153,1.79404,9555.0,2581970.0,2581970.0,-0.27,1.71,20.56,1496391272
G3N,G3N,629,0.0012577,0.00000052,2.51471,9511.0,7561891.0,7561891.0,-0.27,-0.91,-7.2,1496391261
Xonecoin,XOC,630,0.0222759,0.00000921,0.507895,9356.0,420000.0,420000.0,-0.27,22.45,-1.38,1496391274
High Voltage,HVCO,631,0.00611441,0.00000256,,9136.0,1494171.0,1694171.0,,-0.22,71.06,1496333672
1CRedit,1CR,632,0.102374,0.00004246,,9031.0,88213.0,88213.0,,0.72,-32.01,1496373868
Cashcoin,CASH,633,0.000244984,0.00000011,,8778.0,35831128.0,35831128.0,,,-19.35,1496155747
iBank,IBANK,634,0.00188531,0.00000079,,8534.0,4526324.0,4526324.0,,-0.35,0.15,1496357683
Elysium,ELS,635,0.00198962,0.00000082,5.30327,7968.0,4005012.0,4005012.0,-0.27,107.8,61.47,1496391281
DPAY,DPAY,636,0.0000967465,0.00000004,2.45574,7695.0,79541001.0,79541001.0,-0.27,1.04,,1496391277
Hirocoin,HIRO,637,0.0000241866,0.00000001,2.41866,7533.0,311471693.0,311471693.0,-0.29,0.99,-3.63,1496391249
ImpulseCoin,IMPS,638,0.000362799,0.00000015,39.484,7345.0,20245510.0,20245510.0,-0.27,1.04,31.43,1496391276
Dix Asset,DIX,639,0.0000000696,0.00000000003,32.0313,6963.0,100000000000,100000000000,0.44,8.7,-31.77,1496391279
PosEx,PEX,640,0.00282983,0.00000117,8.80603,6942.0,2453240.0,2453240.0,-0.27,0.19,-10.5,1496391267
JIO Token,JIO,641,0.00341031,0.00000141,376.386,6507.0,1908128.0,8888888.0,-0.27,-1.06,25.65,1496391279
SydPak,SDP,642,0.0405609,0.00001677,215.467,6430.0,158533.0,158533.0,-0.27,23.05,17.21,1496391262
Argus,ARGUS,643,0.00555775,0.00000230,104.862,6382.0,1148324.0,5194373.0,-0.34,-56.18,-8.8,1496391282
Shilling,SH,644,0.00195912,0.00000081,87.0718,6312.0,3222000.0,3222000.0,-0.27,-5.34,22.18,1496391274
Printerium,PRX,645,0.000684373,0.00000028,15.2215,6210.0,9074428.0,9074428.0,-0.27,-3.23,-4.04,1496391280
Concoin,CONX,646,0.00844555,0.00000349,110.866,5809.0,687849.0,1538849.0,14.22,-11.65,59.99,1496391286
Coinonat,CXT,647,0.00263769,0.00000109,150.312,5606.0,2125202.0,8125202.0,-0.32,-17.06,-23.4,1496391286
Antilitecoin,ALTC,648,0.000169306,0.00000007,7.92046,5335.0,31512613.0,31512613.0,-0.27,6.13,-14.31,1496391267
Qibuck Asset,QBK,649,0.00343498,0.00000142,34.3498,5002.0,1456187.0,2000000.0,-1.41,11.51,-37.87,1496390993
Save and Gain,SANDG,650,0.00141989,0.00000064,,4352.0,3064800.0,3064800.0,,,10.93,1496226272
GeertCoin,GEERT,651,0.000822595,0.00000034,114.266,4185.0,5087839.0,5087839.0,-0.28,-6.36,-25.88,1496391284
BioBar,BIOB,652,0.00454708,0.00000188,52.8388,4028.0,885756.0,985756.0,-0.0,-24.05,-7.09,1496391285
NodeCoin,NODC,653,0.00221639,0.00000097,,3720.0,1678439.0,5878439.0,,,33.82,1496270080
Revenu,REV,654,0.00280565,0.00000116,25.7259,3354.0,1195525.0,1195525.0,-0.27,0.99,-7.6,1496391268
Selfiecoin,SLFI,655,0.0000241866,0.00000001,0.483732,2608.0,107829281.0,107829281.0,-0.27,1.04,-3.63,1496391259
P7Coin,P7C,656,0.0000725598,0.00000003,0.904555,2556.0,35220238.0,35220238.0,-0.27,,,1496391259
Pulse,PULSE,657,0.00017741,0.00000007,128.453,2537.0,14298972.0,14298972.0,-1.12,-56.04,-83.15,1496391268
Californium,CF,658,0.0194944,0.00000806,187.502,2166.0,111110.0,111110.0,-0.27,0.54,-4.11,1496391260
Doubloon,BOAT,659,0.000529234,0.00000022,276.681,1878.0,3547845.0,18547845.0,-0.27,-11.34,-35.61,1496391282
Enigma,XNG,660,0.0802996,0.00003320,216.621,1335.0,16627.0,66627.0,-39.6,1.5,-15.02,1496391268
GanjaCoin,420G,661,0.00188656,0.00000078,28.2209,1270.0,672975.0,1741116.0,-61.3,-75.77,-94.54,1496391255
Impeachcoin,IMPCH,662,0.00372474,0.00000154,6.62435,1148.0,308179.0,2501512.0,25.89,-13.55,-49.0,1496391282
Dollar Online,DOLLAR,663,0.0120691,0.00000499,107.172,1067.0,88379.0,10088379.0,-21.6,-27.28,8.49,1496391279
23 Skidoo,CHAO,664,3652.24,1.51003,153.095,922.0,0.0,0.0,-0.27,1.04,-64.19,1496391261
Zcashshare,ZHS,665,0.00021768,0.00000009,2.1691,615.0,2826000.0,2826000.0,-0.27,0.99,,1496391278
Digital Credits,DGCS,666,0.0000967465,0.00000004,194.205,564.0,5826388.0,201284316.0,-0.27,-19.17,-52.32,1496391264
SwapToken,TOKEN,667,0.0000123873,0.000000005,69.3343,435.0,35110531.0,35110531.0,0.92,-41.86,187.96,1496391271
CRTCoin,CRT,668,0.00483732,0.00000200,0.0000000242,383.0,79270.0,10079270.0,-0.25,0.99,-3.63,1496391250
PizzaCoin,PIZZA,669,0.000241866,0.00000010,36.9462,333.0,1377917.0,10127917.0,10.81,44.34,37.69,1496391273
Xenixcoin,XEN,670,0.0266053,0.00001100,116.096,269.0,10100.0,10010100.0,-0.27,69.5,-65.15,1496391278
CaliphCoin,CALC,671,0.00111516,0.00000046,4.79101,97.0,87140.0,148587140.0,5.87,36.98,-42.67,1496391275
MikeTheMug,MUG,672,0.0000051456,0.000000002,,5.0,999279.0,1000000.0,,,,1496047185
BTCGold,XBG,673,0.137086,0.00005656,27.8112,,,99000001.0,-0.05,84.78,-46.96,1496390991
Soarcoin,SOAR,674,0.0200772,0.00000830,209.975,,,5000000000.0,-0.18,8.19,18.25,1496391284
Project-X,NANOX,675,302967.0,125.0,3913.09,,,1.0,-0.05,-57.8,,1496390993
Internet of Things,XOT,676,1214.08,0.501965,1539.06,,,21000000.0,-0.06,19.5,37.55,1496391287
AMIS,AMIS,677,276.36,0.114022,0.440415,,,,-1.14,1.46,-42.45,1496390990
Bitcoin Unlimited (Futures),BTU,678,137.205,0.0567277,534.998,,,,-1.93,19.76,-28.84,1496391285
Malcoin,MALC,679,31.5906,0.0130339,42657.2,,,1000000000.0,-0.05,1.28,-3.29,1496390990
GoldUnionCoin,GUC,680,22.056,0.0091,19306.9,,,210000000.0,-0.05,9.04,-2.75,1496390990
ZenCash,ZEN,681,10.9068,0.00450001,8814.44,,,1388738.0,31.83,,,1496390993
Qtum (Pre-Launch),QTUM,682,10.5559,0.00435522,44242900.0,,,100000000.0,-0.12,61.65,103.58,1496390992
Fargocoin,FRGC,683,6.76734,0.00279797,411651.0,,,443798428.0,-0.42,-5.26,-2.79,1496391281
EcoCoin,ECO,684,3.73312,0.00154023,140580.0,,,1093895.0,-8.88,7.67,-27.99,1496390993
Internet of People,IOP,685,3.57774,0.00147922,1679.67,,,2139403.0,-0.47,-1.44,25.11,1496391277
DECENT (Pre-Launch),DCT,686,2.86438,0.00118428,5714.64,,,73290000.0,0.09,1.19,-33.28,1496391278
PRIZM,PZM,687,1.08122,0.0004461,32652.1,,,,-0.06,19.79,0.8,1496390992
Bitcore,BTX,688,1.05367,0.00043473,28654.3,,,16360203.0,0.03,-10.16,-55.6,1496390990
OBITS.WARRANT,WARRANT,689,1.00347,0.00041402,1982.04,,,,2.23,,,1496390993
DynamicCoin,DMC,690,0.998881,0.00041299,481778.0,,,10541442931.0,0.0,0.1,0.1,1496391277
Aeternity (Pre-Launch),AE,691,0.82407,0.00034,979.151,,,,-0.05,,,1496390993
Bitgem,BTG,692,0.798763,0.00033025,22.4557,,,,-0.25,-4.72,-19.27,1496391242
Databits,DTB,693,0.787105,0.00032543,112580.0,,,,-3.85,0.1,-10.25,1496391286
TechShares,THS,694,0.597406,0.000247,54.3789,,,646359158.0,-0.43,-4.83,-14.98,1496391274
XDE II,XDE2,695,0.582464,0.00024082,12.0032,,,42249.0,0.47,-0.13,10.51,1496391285
LEOcoin,LEO,696,0.481086,0.00019891,256019.0,,,92907834.0,-1.18,5.95,14.02,1496391262
WA Space,WA,697,0.370611,0.00015323,38369.5,,,,-3.98,-3.38,7.96,1496391277
ZenGold,ZENGOLD,698,0.356147,0.00014694,1002.96,,,,2.8,51.07,,1496390992
GAY Money,GAY,699,0.337704,0.00013962,34.1599,,,5603045476.0,-0.37,-42.57,-8.01,1496391275
ClubCoin,CLUB,700,0.271346,0.00011219,30734.2,,,90899180.0,-3.44,-5.38,-17.03,1496391265
TeslaCoilCoin,TESLA,701,0.269366,0.00011137,167.057,,,100000000.0,-51.69,-51.05,-33.02,1496391269
Yogold,YOG,702,0.266222,0.00011007,11.6664,,,100000000.0,-0.27,1.16,-37.7,1496391285
TROPTIONS,TROPTIONS,703,0.248173,0.00010598,,,,1000000001.0,,,,1496287780
Zilbercoin,ZBC,704,0.229426,0.00009486,66554.3,,,9008965.0,-4.14,-5.83,-43.29,1496391281
Pabyosi Coin (Special),PCS,705,0.177199,0.00007326,5034.03,,,30993751760.0,-0.27,5.63,21.61,1496391280
Quartz,QRZ,706,0.172497,0.00007117,2446.15,,,21000000.0,-0.05,-62.06,,1496390993
Golos Gold,GBG,707,0.162316,0.00006711,9878.69,,,,-0.27,14.09,-13.9,1496391282
AlpaCoin,APC,708,0.159027,0.00006575,754.817,,,,-5.91,11.37,21.78,1496391265
InvisibleCoin,IVZ,709,0.157479,0.00006511,59.2213,,,,-0.27,7.66,,1496391264
Tattoocoin (Limited Edition),TLE,710,0.130882,0.00005400,0.242373,,,975531.0,-0.05,55.66,35.8,1496390990
EquiTrader,EQT,711,0.128458,0.00005300,81981.3,,,7662960.0,-0.05,1.28,2.38,1496390992
Wowecoin,WEC,712,0.104,0.00004300,12080.7,,,8901692.0,,-0.0,3.87,1496391273
LandCoin,LDCN,713,0.100451,0.00004153,22896.9,,,19003881978.0,2.61,34.86,143.03,1496391280
DeusCoin,DEUS,714,0.0878604,0.00003625,5847.77,,,,2.74,-0.75,-27.59,1496390990
Omicron,OMC,715,0.0725598,0.00003000,0.396636,,,10134100.0,-0.27,,-4.79,1496391275
InsaneCoin,INSN,716,0.0696104,0.00002872,2854.44,,,18528275.0,-18.67,20.01,16.1,1496390992
WavesGo,WGO,717,0.0678956,0.00002801,647.055,,,10000000.0,-0.04,-25.79,-3.72,1496390991
Fazzcoin,FAZZ,718,0.0532906,0.00002203,340.71,,,1022574809.0,-0.36,30.95,-39.43,1496391286
Elacoin,ELC,719,0.0420728,0.00001727,,,,,,1.73,32.58,1496326751
Topaz Coin,TOPAZ,720,0.0400695,0.00001653,98.4109,,,38015.0,-0.05,-74.48,-87.21,1496390991
International Diamond,XID,721,0.038234,0.00001588,,,,,,0.54,,1496373575
CryptoBuck,BUK,722,0.0310181,0.00001282,0.434254,,,,-2.45,12.16,30.11,1496391255
DeltaCredits,DCRE,723,0.0294351,0.00001217,2.06133,,,,-0.27,-4.26,,1496391262
President Johnson,GARY,724,0.0285796,0.00001182,116.658,,,57968072167.0,-0.27,0.42,9.07,1496391274
RHFCoin,RHFC,725,0.0270168,0.00001117,16899.1,,,200156890.0,0.27,-15.14,-7.23,1496391286
IvugeoCoin,IEC,726,0.0240657,0.00000995,0.799169,,,,-0.27,1.55,,1496391260
EDRCoin,EDRC,727,0.0216258,0.00000894,14138.6,,,3407292.0,-10.29,-12.6,-40.48,1496391269
ShellPay,SHELL,728,0.0211312,0.00000874,15004.5,,,,0.88,2.24,-17.84,1496391261
Lepaoquan,HLB,729,0.0203241,0.00000840,883031.0,,,935498575.0,-1.62,8.65,-30.12,1496391279
Avoncoin,ACN,730,0.0198814,0.00000822,2601.13,,,,0.77,2.8,-16.16,1496391282
Gycoin,GYC,731,0.0161085,0.00000666,12405.6,,,22213403.0,-1.85,-9.75,-22.84,1496391272
KolschCoin,TP1,732,0.0147961,0.00000620,,,,,,-0.35,31.88,1496357661
PiCoin,PI,733,0.0145424,0.00000600,31.5085,,,1378369.0,-0.05,196.24,93.17,1496390992
Mind Gene,MG,734,0.0130608,0.00000540,5378.14,,,,-0.27,3.1,1.5,1496391275
Digitalfund,DTF,735,0.01262,0.00000522,19136.0,,,54000053.0,-30.08,-8.78,-36.81,1496391274
Sharkcoin,SAK,736,0.00938441,0.00000388,2789.32,,,,-1.79,-0.15,5.38,1496391258
Tyrocoin,TYC,737,0.00799832,0.00000330,21.8136,,,50132400.0,-0.05,4.77,,1496390990
Goldpay Coin,GP,738,0.00711709,0.00000294,38942.2,,,,0.39,11.61,-18.31,1496390992
Opal,OPAL,739,0.00698993,0.00000289,2845.89,,,,1.85,10.2,-5.41,1496391254
First Bitcoin,BIT,740,0.00669094,0.00000277,937.711,,,20706894423.0,-0.38,3.73,6.64,1496391272
9COIN,9COIN,741,0.00661679,0.00000273,733.108,,,350050250.0,-31.4,-32.56,48.07,1496390992
Slimcoin,SLM,742,0.00653039,0.00000270,12.0933,,,13925626.0,-0.27,80.29,,1496391257
Helleniccoin,HNC,743,0.00631271,0.00000261,7546.96,,,,-0.27,-21.4,54.3,1496391262
Xaucoin,XAU,744,0.00582897,0.00000241,0.932636,,,,-0.27,1.41,0.02,1496391259
Psilocybin,PSY,745,0.00580479,0.00000240,16.5517,,,,-0.27,-8.53,-13.18,1496391268
EggCoin,EGG,746,0.00562322,0.00000237,,,,,,,,1496295864
GBCGoldCoin,GBC,747,0.00498488,0.00000206,47.9495,,,,0.0,-23.34,-30.01,1496391265
BagCoin,BGC,748,0.00489832,0.00000203,96976.1,,,497214120.0,0.07,6.47,1.92,1496391272
Axiom,AXIOM,749,0.00478895,0.00000198,26.6545,,,,-0.52,0.53,-5.17,1496391262
netBit,NBIT,750,0.00425684,0.00000176,0.345385,,,,-0.27,5.23,22.92,1496391277
GoldReserve,XGR,751,0.00425684,0.00000176,1836.41,,,17161638.0,-2.21,-0.9,-11.32,1496391252
Dashs,DASHS,752,0.00404764,0.00000167,79.2574,,,,-21.33,-10.98,-61.49,1496390991
Bitcoin Scrypt,BTCS,753,0.00391823,0.00000162,44.7771,,,,-0.27,3.83,-9.22,1496391247
AvatarCoin,AV,754,0.00352518,0.00000159,,,,,,,14.21,1496159368
President Trump,PRES,755,0.00277638,0.00000115,258.47,,,57968072167.0,-0.13,-3.52,-21.48,1496391273
ZSEcoin,ZSE,756,0.00268262,0.00000111,125.917,,,6380285.0,-0.24,-14.08,-62.99,1496391284
Quotient,XQN,757,0.00266053,0.00000110,9.7205,,,,-0.27,-7.8,-25.86,1496391257
Clinton,CLINT,758,0.00261215,0.00000108,3.91823,,,,-0.27,1.04,10.74,1496391269
BitcoinFast,BCF,759,0.00246542,0.00000102,375.679,,,,7.12,-31.15,-32.34,1496391257
RoyalCoin 2,RYCN,760,0.00245848,0.00000103,,,,2500124.0,,-0.29,-18.36,1496333388
GameLeagueCoin,GML,761,0.00237139,0.00000103,,,,,,,7.93,1496142551
OCOW,OCOW,762,0.00227517,0.00000099,,,,,,,-8.42,1496142268
TrickyCoin,TRICK,763,0.00222517,0.00000092,14.3533,,,,-0.27,-2.2,-25.49,1496391259
Neptune Classic,NTCC,764,0.00220098,0.00000091,1655.44,,,,-5.46,-4.22,61.96,1496391282
VGINA,VGINA,765,0.0021059,0.00000095,,,,11603228.0,,,136.08,1496238289
RichCoin,RICHX,766,0.00210122,0.00000093,,,,5925522.0,,,,1496167172
Condensate,RAIN,767,0.00179824,0.00000074,899.461,,,42978104.0,0.43,6.99,-17.56,1496390991
Digital Bullion Gold,DBG,768,0.00169306,0.00000070,139.965,,,24523275.0,-24.53,57.18,53.34,1496391270
Mavro,MAVRO,769,0.00168043,0.00000070,,,,15005722.0,,0.24,-21.1,1496349588
Advanced Internet Blocks,AIB,770,0.00164374,0.00000068,23.0716,,,31411916830.0,0.08,1.28,-26.4,1496391260
MMXVI,MMXVI,771,0.0016205,0.00000067,75.878,,,,-0.27,7.85,-55.75,1496391266
Motocoin,MOTO,772,0.0015321,0.00000063,1.34272,,,,-0.27,85.99,173.35,1496391250
UR,UR,773,0.00133026,0.00000055,86.9422,,,,-0.27,1.13,-4.4,1496391283
TodayCoin,TODAY,774,0.00123352,0.00000051,15.9811,,,,-0.27,-5.29,-0.45,1496391273
RoyalCoin,ROYAL,775,0.00120704,0.00000050,109.968,,,2500124.0,-0.27,27.84,18.69,1496391276
True Investment Coin,TIC,776,0.00104002,0.00000043,27.6567,,,,2.11,3.45,-7.16,1496391283
Skeincoin,SKC,777,0.00104002,0.00000043,0.0522915,,,,-0.27,,,1496391247
Bitcedi,BXC,778,0.00102803,0.00000043,35.2494,,,,-0.31,-0.17,,1496391271
BestChain,BEST,779,0.000969582,0.00000040,20.1338,,,20042911.0,-0.32,9.45,-18.48,1496391286
RubleBit,RUBIT,780,0.000919091,0.00000038,19.0161,,,,-2.83,7.79,43.3,1496391264
The Aladin,ADT,781,0.000892522,0.00000032,,,,,,,,1495722585
SportsCoin,SPORT,782,0.000870718,0.00000036,2.41864,,,19800001.0,-0.27,1.04,19.63,1496391275
Braincoin,BRAIN,783,0.000846531,0.00000035,0.749737,,,,-0.27,21.95,20.48,1496391269
CBD Crystals,CBD,784,0.000830844,0.00000034,2.78797,,,,-0.27,23.24,83.91,1496391278
Dubstep,DUB,785,0.000822345,0.00000034,7.59273,,,,-0.27,,,1496391261
IrishCoin,IRL,786,0.000822345,0.00000034,427.784,,,,2.75,,,1496391261
Donationcoin,DON,787,0.000822345,0.00000034,19434.6,,,,-0.27,,,1496391251
WeAreSatoshi,WSX,788,0.000773972,0.00000032,151.796,,,,-0.27,,-9.3,1496391254
FrankyWillCoin,FRWC,789,0.000749785,0.00000031,0.266029,,,,-0.27,0.99,-2.7,1496391273
Lazaruscoin,LAZ,790,0.000749785,0.00000031,14.5352,,,,-0.27,10.24,,1496391275
KashhCoin,KASHH,791,0.00071038,0.00000029,5003.56,,,,-0.1,17.32,130.94,1496391283
Opescoin,OPES,792,0.000677225,0.00000028,0.536919,,,,-0.27,1.79,,1496391266
Vsync,XVS,793,0.000643256,0.00000027,301.662,,,103334172.0,-0.25,25.5,-18.44,1496391286
Quebecoin,QBC,794,0.000628852,0.00000026,17.9085,,,,-0.27,-2.75,-0.66,1496391249
Cubits,QBT,795,0.000507869,0.00000021,15.2409,,,,-0.28,32.78,-18.99,1496391277
BlazerCoin,BLAZR,796,0.000483732,0.00000020,16.533,,,,-0.27,83.71,71.43,1496391286
MarxCoin,MARX,797,0.000471383,0.00000019,79.2959,,,29128280.0,2.8,-34.0,-11.52,1496391284
T-coin,TCOIN,798,0.000435359,0.00000018,2264.54,,,,-0.27,-4.28,-3.28,1496391279
Alphabet Coin Fund,FUN,799,0.000435359,0.00000018,63.8709,,,20742012.0,,-62.11,-58.69,1496391269
BitAlphaCoin,BAC,800,0.000405103,0.00000017,49.1776,,,,-0.27,-40.54,-49.57,1496391266
GoldMaxCoin,GMX,801,0.000386986,0.00000016,2.27354,,,84078950.0,-0.27,15.48,,1496391268
DarkLisk,DISK,802,0.000386986,0.00000016,3.31357,,,17888425.0,-0.27,,10.15,1496391269
UGAIN,GAIN,803,0.000362799,0.00000015,0.266029,,,,-0.27,1.04,,1496391272
Gambleo,GMB,804,0.000338613,0.00000014,1.20885,,,,-0.27,,-65.24,1496391284
PrismChain,PRM,805,0.000338613,0.00000014,57.7962,,,,-0.27,41.46,-81.61,1496391270
Sakuracoin,SKR,806,0.000338601,0.00000014,116.049,,,,1.55,5.84,13.88,1496391277
Happy Creator Coin,HCC,807,0.000290239,0.00000012,89.7959,,,,-0.27,34.66,-6.22,1496391272
Cycling Coin,CYC,808,0.000290239,0.00000012,0.266029,,,,-0.27,10.23,-0.83,1496391261
Operand,OP,809,0.000290239,0.00000012,10.6956,,,36309296.0,-0.27,-18.48,,1496391269
Grumfork,GMF,810,0.000242373,0.00000010,2.42373,,,,-0.05,1.28,-29.01,1496390990
MobileCash,MBL,811,0.000241866,0.00000010,4.52919,,,1068669648.0,-0.27,44.34,37.69,1496391275
President Sanders,BURN,812,0.000241866,0.00000010,137.512,,,57968072167.0,-0.27,26.24,-42.76,1496391281
The Vegan Initiative,XVE,813,0.000218402,0.00000009,1228.69,,,,-6.22,-8.87,15.03,1496390989
TeraCoin,TERA,814,0.000193493,0.00000008,4188.25,,,,-0.27,-19.2,-22.91,1496391283
Moneta,MONETA,815,0.000193493,0.00000008,2.9268,,,,-0.27,15.48,-25.32,1496391264
AsicCoin,ASC,816,0.000190727,0.00000008,,,,,,2.32,-3.5,1496332743
LAthaan,LTH,817,0.000169306,0.00000007,136.782,,,,-0.27,-12.43,,1496391276
Halloween Coin,HALLO,818,0.00010119,0.00000004,119.106,,,264606139.0,-15.97,54.02,-29.17,1496390992
TheCreed,TCR,819,0.0000967465,0.00000004,1.20933,,,,-0.27,102.08,28.51,1496391268
TeamUp,TEAM,820,0.0000967465,0.00000004,0.664624,,,301004896.0,-0.27,34.72,92.77,1496391276
Wowcoin,WOW,821,0.0000967465,0.00000004,66.8142,,,,-0.27,34.72,92.77,1496391277
LinkedCoin,LKC,822,0.0000967465,0.00000004,32.8044,,,,-0.27,1.04,-14.72,1496391272
FireFlyCoin,FFC,823,0.0000725598,0.00000003,41.3209,,,,199.19,161.35,69.02,1496391256
PokeCoin,POKE,824,0.0000483732,0.00000002,134.161,,,,-0.27,,-23.75,1496391273
PinkDog,PDG,825,0.0000483732,0.00000002,13.4176,,,,-0.27,1.04,92.77,1496391282
UNCoin,UNC,826,0.0000483732,0.00000002,1700.82,,,,44.7,44.07,30.76,1496391259
CyberCoin,CC,827,0.0000483732,0.00000002,1.93493,,,549267534.0,-0.27,0.99,36.66,1496391259
Global Business Revolution,GBRC,828,0.0000483732,0.00000002,4.83732,,,900096049.0,,1.04,22.32,1496391277
PayPeer,PAYP,829,0.0000483732,0.00000002,40.5044,,,,-0.27,-32.64,-5.23,1496391267
Tellurion,TELL,830,0.0000483732,0.00000002,5.5629,,,,-0.27,1.04,,1496391274
Cashme,CME,831,0.0000483732,0.00000002,0.725598,,,,-0.27,102.08,,1496391265
LePen,LEPEN,832,0.0000434808,0.00000002,190.889,,,,-0.26,5.99,-13.28,1496391281
InflationCoin,IFLT,833,0.0000414459,0.00000002,3216.54,,,3258135908.0,-14.8,-17.51,-32.33,1496391281
VegasCoin,VGC,834,0.0000273145,0.00000001,,,,,,-61.71,-78.23,1496378049
President Clinton,HILL,835,0.0000241866,0.00000001,3.86986,,,57968072167.0,-0.27,1.04,-51.82,1496391273
SuperTurboStake,STRB,836,0.0000241866,0.00000001,12.3352,,,,-0.27,1.04,-3.63,1496391266
Aces,ACES,837,0.0000241866,0.00000001,252.203,,,,-0.27,0.1,-42.65,1496391273
Safe Trade Coin,XSTC,838,0.0000241866,0.00000001,363.283,,,604880000.0,-0.27,1.04,-3.62,1496391280
Rcoin,RCN,839,0.0000241866,0.00000001,191.163,,,,-0.27,-49.48,-3.62,1496391276
X2,X2,840,0.0000241866,0.00000001,4.24272,,,,-0.27,,-3.62,1496391264
ChoofCoin,CHOOF,841,0.0000241866,0.00000001,130.366,,,,-0.27,0.99,-37.1,1496391277
MoneyCoin,MONEY,842,0.0000241866,0.00000001,1013.13,,,,-0.27,-66.32,-52.46,1496391278
SoulCoin,SOUL,843,0.0000241866,0.00000001,14.2435,,,,-0.27,1.04,-3.62,1496391269
Yescoin,YES,844,0.0000241762,0.000000010,424.488,,,,-0.27,0.97,-2.13,1496391281
FedoraShare,FEDS,845,0.0000240660,0.000000010,9332.93,,,499001347674,3.8,0.28,29.5,1496391274
Victoriouscoin,VTY,846,0.0000238511,0.000000010,123.291,,,10263290326.0,-0.22,-0.36,4.55,1496391276
Dimecoin,DIME,847,0.0000132034,0.000000005,1001.03,,,527102291600,3317.14,3058.28,224.18,1496391245
Virtacoin,VTA,848,0.0000074109,0.000000003,137.701,,,12423206610.0,6.44,-59.58,-50.74,1496391253
XP,XP,849,0.0000036757,0.000000002,126.604,,,133635560466,-28.71,208.72,1405.78,1496391273
BatCoin,BAT,850,0.0000008173,0.0000000003,317.541,,,,-1.13,27.37,,1496391247
BitCentavo,NBE,851,0.0000005569,0.0000000002,2.28411,,,,-2.07,4.42,-53.08,1496391254
RabbitCoin,RBBT,852,0.0000005540,0.0000000002,78.9031,,,,5.4,54.91,31.09,1496391254
StrongHands,SHND,853,0.0000001113,0.00000000005,89.6367,,,,-0.54,-42.2,,1496391264
Paccoin,PAC,854,0.0000000528,0.00000000002,626.395,,,,-6.54,-25.57,-8.74,1496391264
Bond,BOND,855,,,,,1349.0,1349.0,,,,
bitRUBLE,BITRUBLE,856,,,,,,,,,,
