Name,Symbol,Rank,Price(BTC),Price(USD),24HVolume,MarketCap,%Change_1h,%Change_24h,%Change_7d,LastUpdated
Bitcoin,BTC,1,2416.3,1.0,1479770000.0,39547067428.0,16366787.0,16366787.0,-0.42,-0.31,-3.85,1496394857
Ethereum,ETH,2,223.757,0.0930833,675893000.0,20616762732.0,92139074.0,92139074.0,-0.23,-2.88,17.83,1496394865
Ripple,XRP,3,0.311323,0.00012951,478048000.0,12023821620.0,38621693933.0,99994661895.0,-1.6,-0.57,-0.1,1496394843
NEM,XEM,4,0.222509,0.00009256,12868100.0,2002581000.0,8999999999.0,8999999999.0,-1.66,-3.15,-3.4,1496394861
Ethereum Classic,ETC,5,17.1707,0.00714306,110356000.0,1583292269.0,92208953.0,92208953.0,-0.4,-2.14,-1.45,1496394874
Litecoin,LTC,6,28.0798,0.0116813,418439000.0,1442642052.0,51376507.0,51376507.0,-3.01,2.49,-8.17,1496394842
Dash,DASH,7,142.987,0.0594831,32580200.0,1048477404.0,7332676.0,7332676.0,0.88,-0.02,4.82,1496394847
Stratis,STRAT,8,7.48946,0.00311563,27829700.0,737025568.0,98408372.0,98408372.0,-1.33,35.01,137.53,1496394875
Monero,XMR,9,44.1151,0.018352,11520900.0,642361403.0,14561032.0,14561032.0,0.1,-0.39,0.49,1496394851
Bytecoin,BCN,10,0.00333509,0.00000139,12705300.0,610217562.0,182968843996,182968843996,-2.74,35.05,1.46,1496394852
Stellar Lumens,XLM,11,0.0404189,0.00001681,25527700.0,390641064.0,9664811867.0,102940435314,-0.29,-3.92,-18.1,1496394854
Golem,GNT,12,0.45996,0.00019123,12701800.0,379408125.0,824872000.0,1000000000.0,-1.04,0.67,1.03,1496394578
Waves,WAVES,13,3.62845,0.00150944,2452070.0,362845000.0,100000000.0,100000000.0,-1.44,5.91,27.53,1496394872
Zcash,ZEC,14,246.675,0.102617,18281700.0,353835245.0,1434419.0,1434419.0,-2.65,-4.11,4.06,1496394880
Dogecoin,DOGE,15,0.00290201,0.00000121,30035200.0,318157256.0,109633411214,109633411214,-3.63,0.95,-9.31,1496394845
Augur,REP,16,25.3915,0.0105629,4255340.0,279306500.0,11000000.0,11000000.0,1.84,5.71,-4.84,1496394866
Gnosis,GNO,17,248.432,0.103285,2005720.0,274415503.0,1104590.0,10000000.0,-0.09,-5.99,0.68,1496394588
Steem,STEEM,18,1.09308,0.00045473,2754030.0,256154618.0,234342059.0,251316153.0,0.79,9.39,-11.86,1496394870
Siacoin,SC,19,0.00879835,0.00000366,23563500.0,233195402.0,26504447054.0,26504447054.0,-3.6,10.9,-3.07,1496394864
BitShares,BTS,20,0.081628,0.00003396,19756100.0,212412382.0,2602200000.0,2602200000.0,-6.48,12.38,-4.69,1496394854
DigiByte,DGB,21,0.0259677,0.00001080,54426000.0,210520972.0,8107031908.0,8107031908.0,-2.42,36.26,61.94,1496394848
MaidSafeCoin,MAID,22,0.393003,0.00016349,2722860.0,177854456.0,452552412.0,452552412.0,-0.07,-6.26,-9.73,1496394850
GameCredits,GAME,23,2.66804,0.00110991,1824060.0,168160862.0,63027864.0,63027864.0,0.69,3.96,-13.87,1496394855
Basic Attention Token,BAT,24,0.167464,0.00006962,3456030.0,167464000.0,1000000000.0,1500000000.0,-0.23,-2.79,,1496394591
DigixDAO,DGD,25,79.9447,0.0332572,1350490.0,159889400.0,2000000.0,2000000.0,-6.91,-1.25,-12.2,1496394870
BitConnect,BCC,26,22.8878,0.00951558,1549820.0,147341801.0,6437569.0,6437569.0,-0.07,4.86,34.62,1496394581
Lisk,LSK,27,1.28822,0.0005359,2461440.0,138834284.0,107772185.0,107772185.0,-2.83,1.54,-8.48,1496394870
Decred,DCR,28,25.6398,0.0106662,2763510.0,128772347.0,5022362.0,5442362.0,-1.26,8.54,3.95,1496394869
Ardor,ARDR,29,0.12715,0.00005289,2828460.0,127022786.0,998999495.0,998999495.0,-5.53,10.14,-11.21,1496394875
Factom,FCT,30,13.5112,0.0056207,1247650.0,118266493.0,8753219.0,8753219.0,-0.7,2.33,-10.73,1496394865
SingularDTV,SNGLS,31,0.187485,0.00007799,232713.0,112491000.0,600000000.0,1000000000.0,0.44,0.37,-0.95,1496394877
Tether,USDT,32,1.04768,0.00043584,82077600.0,109999789.0,104993690.0,124951468.0,0.9,1.81,1.44,1496394860
Iconomi,ICN,33,1.19839,0.00049854,782306.0,104259930.0,87000000.0,100000000.0,-0.15,1.27,-12.68,1496394877
Byteball,GBYTE,34,532.958,0.221576,412388.0,100880353.0,189284.0,1000000.0,3.57,6.44,62.2,1496394579
PIVX,PIVX,35,1.69231,0.000704,934613.0,90601507.0,53537181.0,53537181.0,1.65,2.6,35.63,1496394868
Round,ROUND,36,0.104248,0.00004337,377245.0,88610800.0,850000000.0,1000000000.0,-0.8,-1.43,-29.22,1496394880
Aragon,ANT,37,2.09677,0.00087173,514088.0,70462306.0,33605167.0,39609523.0,0.57,-2.58,-11.75,1496394589
Komodo,KMD,38,0.658741,0.00027387,326012.0,66496946.0,100945510.0,100945510.0,4.0,19.36,18.02,1496394581
FirstBlood,1ST,39,0.773376,0.00032173,4100900.0,66168790.0,85558371.0,93468691.0,-8.99,2.7,-9.53,1496394877
SysCoin,SYS,40,0.121995,0.00005075,2010850.0,64067748.0,525167002.0,525167002.0,2.93,13.35,-11.89,1496394854
Nxt,NXT,41,0.0615607,0.00002561,3107960.0,61499138.0,998999983.0,998999983.0,-2.66,5.29,-12.68,1496394843
AntShares,ANS,42,1.22258,0.0005086,10362700.0,61129000.0,50000000.0,100000000.0,-8.91,16.19,5.37,1496394877
iExec RLC,RLC,43,0.661557,0.00027504,550311.0,51648280.0,78070793.0,86999785.0,0.13,11.51,5.19,1496394588
Ubiq,UBQ,44,1.13267,0.00047119,1624870.0,42017306.0,37095806.0,37095806.0,-4.75,12.57,135.75,1496394855
ReddCoin,RDD,45,0.00139238,0.00000058,1763510.0,39717887.0,28525177991.0,28525177991.0,2.24,24.24,-16.82,1496394846
Wings,WINGS,46,0.432458,0.00017979,1636370.0,38795086.0,89708333.0,100000000.0,0.12,34.15,41.61,1496394581
Peercoin,PPC,47,1.57604,0.00065564,1367360.0,38019814.0,24123635.0,24123635.0,-2.5,-0.63,-14.32,1496394841
Lykke,LKK,48,0.265765,0.00011056,428523.0,36589320.0,137675465.0,1285690000.0,1.42,4.27,14.91,1496394880
Emercoin,EMC,49,0.870814,0.00036226,861353.0,34971948.0,40160066.0,40160066.0,-3.48,-0.65,-17.04,1496394855
BitcoinDark,BTCD,50,26.2456,0.0109182,132356.0,33826961.0,1288862.0,1288862.0,3.26,7.95,9.01,1496394854
Melon,MLN,51,53.8965,0.0224074,417053.0,32305562.0,599400.0,749400.0,-0.21,-6.83,-15.85,1496394582
Ark,ARK,52,0.336753,0.00014001,409584.0,32095472.0,95308644.0,126558644.0,3.24,10.17,22.72,1496394584
Storjcoin X,SJCX,53,0.604669,0.00025154,498255.0,30942814.0,51173144.0,500000000.0,-1.61,-1.76,-9.37,1496394855
Counterparty,XCP,54,10.9815,0.00456835,821075.0,28757783.0,2618748.0,2618748.0,0.47,-2.78,-12.97,1496394847
Omni,OMNI,55,50.9475,0.0211943,11033000.0,28478757.0,558982.0,615298.0,2.16,-25.17,131.59,1496394845
Xaurum,XAUR,56,0.242531,0.00010089,139839.0,27576827.0,113704337.0,113704337.0,-1.38,-2.18,25.92,1496394861
Nexus,NXS,57,0.519261,0.00021601,99238.2,25887439.0,49854387.0,49854387.0,-1.02,6.2,-0.19,1496394859
Namecoin,NMC,58,1.73005,0.0007197,923271.0,25494709.0,14736400.0,14736400.0,0.14,1.09,-8.61,1496394840
Gulden,NLG,59,0.0712685,0.00002965,98118.0,24697689.0,346544245.0,448564400.0,-4.6,2.75,-5.07,1496394849
Blocknet,BLOCK,60,6.29802,0.00261999,219079.0,24628510.0,3910516.0,3910516.0,-1.3,42.18,86.09,1496394857
WeTrust,TRST,61,0.250326,0.00010407,416074.0,23066915.0,92147500.0,100000000.0,4.52,4.83,-11.04,1496394587
Synereo,AMP,62,0.276082,0.00011485,427329.0,22709490.0,82256324.0,949291063.0,-0.49,-0.98,-2.97,1496394866
YbCoin,YBC,63,7.0001,0.00291206,2587200.0,21142137.0,3020262.0,3020262.0,-4.83,4.8,-9.45,1496394845
EarthCoin,EAC,64,0.00223088,0.00000093,6434130.0,20850849.0,9346468332.0,9346468332.0,-8.56,-2.2,-21.27,1496394845
Matchpool,GUP,65,0.274295,0.00011404,270049.0,20572125.0,75000000.0,98855150.0,1.11,10.1,-2.96,1496394586
Burst,BURST,66,0.0113645,0.00000473,5765340.0,20229902.0,1780096082.0,1780096082.0,-1.36,19.53,2.21,1496394855
TokenCard,TKN,67,0.844262,0.000351,230332.0,19961778.0,23644056.0,39406760.0,-0.02,-5.09,-23.51,1496394588
Edgeless,EDG,68,0.246385,0.00010243,349480.0,19570961.0,79432438.0,132046997.0,2.9,-1.36,-12.1,1496394586
E-Dinar Coin,EDR,69,0.0287416,0.00001196,403451.0,18980296.0,660377156.0,785377156.0,-1.86,4.49,9.28,1496394875
PotCoin,POT,70,0.084481,0.00003514,874059.0,18327203.0,216938753.0,216938753.0,-0.38,9.84,-18.09,1496394848
BlackCoin,BLK,71,0.240441,0.00010002,1095090.0,18314050.0,76168583.0,76168583.0,-3.94,3.19,3.66,1496394848
Verge,XVG,72,0.0013457,0.00000056,1681000.0,18045127.0,13409472280.0,13409472280.0,1.64,54.34,2.38,1496394857
BitBay,BAY,73,0.0178768,0.00000744,66473.5,18011290.0,1007523136.0,1007523136.0,-2.74,3.32,-8.04,1496394858
XtraBYtes,XBY,74,0.0275117,0.00001144,621093.0,17882605.0,650000000.0,650000000.0,6.65,44.3,335.78,1496394587
Nexium,NXC,75,0.268072,0.00011152,3696740.0,17832575.0,66521586.0,66521586.0,-0.37,-9.4,25.24,1496394881
OBITS,OBITS,76,1.20554,0.00050151,419987.0,17782151.0,14750362.0,16801100.0,-0.19,-2.56,14.43,1496394867
NAV Coin,NAV,77,0.289895,0.0001206,580451.0,17779237.0,61329918.0,61329918.0,-0.19,-4.43,-15.45,1496394852
Expanse,EXP,78,2.33825,0.00097272,577618.0,16930682.0,7240749.0,16240749.0,-2.85,-3.27,-1.91,1496394865
Infinitecoin,IFC,79,0.000181823,0.00000008,4111420.0,16472486.0,90596274910.0,90596274910.0,-3.1,-0.04,-12.08,1496394846
BCAP,BCAP,80,1.61015,0.00066942,139455.0,16101500.0,10000000.0,10000000.0,-6.61,1.26,-20.16,1496394589
LBRY Credits,LBC,81,0.229403,0.00009543,718397.0,15719731.0,68524524.0,466424524.0,7.59,8.05,-2.76,1496394874
Pepe Cash,PEPECASH,82,0.0223381,0.00000929,21002.3,15678755.0,701884009.0,701884009.0,-0.57,0.57,-15.1,1496394877
Swarm City,SWT,83,2.35664,0.00097977,48572.3,15652165.0,6641730.0,6641730.0,3.25,6.12,-27.25,1496394583
Humaniq,HMQ,84,0.125775,0.00005229,403015.0,15555732.0,123679044.0,184190414.0,1.48,-2.07,-39.0,1496394589
Unity Ingot,UNY,85,0.0766299,0.00003186,76533.6,15479240.0,202000000.0,10000000000.0,-1.17,-2.35,52.38,1496394589
ZCoin,XZC,86,6.88981,0.00286618,1165700.0,15386191.0,2233181.0,2233181.0,-6.6,-9.8,4.93,1496394878
Bankcoin,B@,87,3.40987,0.00141765,5861.05,14543368.0,4265080.0,25000000.0,-1.86,-4.25,-18.13,1496394585
TaaS,TAAS,88,1.77716,0.00073885,187211.0,14476747.0,8146001.0,8146001.0,-0.58,6.78,15.25,1496394584
Agoras Tokens,AGRS,89,0.339421,0.0001412,29394.8,14255682.0,42000000.0,42000000.0,-5.63,-14.78,-15.77,1496394864
GridCoin,GRC,90,0.0364171,0.00001515,168114.0,14214059.0,390312753.0,390312753.0,-1.19,2.25,4.13,1496394860
Chronobank,TIME,91,19.5622,0.00813295,451938.0,13891369.0,710113.0,710113.0,0.21,-3.39,5.11,1496394584
Radium,RADS,92,4.21965,0.00175538,542351.0,13699108.0,3246503.0,3246503.0,1.23,-9.78,9.3,1496394867
MonaCoin,MONA,93,0.267552,0.0001113,28646.7,13520874.0,50535500.0,50535500.0,-1.06,-3.98,-13.42,1496394848
I/O Coin,IOC,94,0.808754,0.00033644,24230.9,13211988.0,16336225.0,16336225.0,-4.17,5.63,-7.36,1496394854
Bitland,CADASTRAL,95,0.424567,0.00017662,17993.5,12737010.0,30000000.0,30000000.0,-3.88,-1.26,132.4,1496394873
E-coin,ECN,96,4.5686,0.00189939,137292.0,12727749.0,2785919.0,211074811.0,-1.78,0.41,-1.89,1496394586
SuperNET,UNITY,97,15.3896,0.00640211,769.479,12558852.0,816061.0,816061.0,-2.77,5.77,110.23,1496394856
Vertcoin,VTC,98,0.375422,0.00015618,692735.0,12554555.0,33441181.0,33441181.0,0.97,2.92,-1.95,1496394846
Waves Community Token,WCT,99,2.45355,0.00102006,19041.0,12267750.0,5000000.0,10000000.0,-0.94,2.95,8.09,1496394581
Shift,SHIFT,100,1.07451,0.000447,343314.0,11637180.0,10830220.0,10830220.0,0.85,10.29,79.21,1496394864
Golos,GOLOS,101,0.0944107,0.00003928,31503.8,11619242.0,123071242.0,123071242.0,-1.03,10.59,40.5,1496394881
MergeCoin,MGC,102,0.113134,0.00004704,2969590.0,11185242.0,98867200.0,103867200.0,-11.27,6.53,-24.08,1496394588
Pluton,PLU,103,12.9865,0.00540243,158334.0,11038519.0,850000.0,20000000.0,-1.15,-8.82,46.28,1496394876
Clams,CLAM,104,4.77709,0.00198728,1220040.0,10996310.0,2301885.0,16207324.0,0.98,3.95,-17.07,1496394853
DigitalNote,XDN,105,0.00157759,0.00000066,2605850.0,10856214.0,6881518019.0,6881518019.0,-0.15,-0.46,-17.08,1496394853
Etheroll,DICE,106,1.54869,0.00064387,10266.5,10843343.0,7001623.0,7001623.0,0.34,-14.73,-30.04,1496394589
Mooncoin,MOON,107,0.0000466730,0.00000002,26796.3,10358855.0,221945339973,221945339973,10.57,10.04,-13.57,1496394845
LuckChain,BASH,108,0.0133018,0.00000553,641567.0,9631603.0,724082652.0,724082652.0,-3.65,21.31,25.16,1496394880
HEAT,HEAT,109,0.360354,0.00014991,32345.5,9496591.0,26353504.0,26353504.0,2.02,-6.73,-14.59,1496394874
FlorinCoin,FLO,110,0.0693173,0.00002884,247079.0,9288554.0,134000517.0,134000517.0,-0.18,-2.14,-8.53,1496394844
Bitcrystals,BCY,111,0.394647,0.00016417,111262.0,9191890.0,23291422.0,23291422.0,-1.69,2.16,-14.05,1496394868
VeriCoin,VRC,112,0.301721,0.00012552,140512.0,9115434.0,30211467.0,30211467.0,0.91,6.44,-6.84,1496394851
vSlice,VSL,113,0.272062,0.00011318,178076.0,9084285.0,33390496.0,33390496.0,-0.27,-1.3,-18.82,1496394881
Viacoin,VIA,114,0.393382,0.00016365,436739.0,8908538.0,22646024.0,22646024.0,-1.13,-2.96,-15.5,1496394854
Energycoin,ENRG,115,0.0724755,0.00003015,3468.39,8765285.0,120941353.0,120941353.0,-0.15,4.11,19.65,1496394851
FedoraCoin,TIPS,116,0.0000197167,0.000000008,60232.3,8737814.0,443168182458,443168182458,-0.81,-3.98,-35.63,1496394845
Rubycoin,RBY,117,0.357518,0.00014873,29498.3,8720922.0,24392958.0,24392958.0,-0.58,-1.17,0.57,1496394849
DNotes,NOTE,118,0.0667526,0.00002777,220192.0,8267993.0,123860239.0,123860239.0,-0.9,1.9,0.54,1496394848
NeosCoin,NEOS,119,2.42269,0.00100784,3634610.0,8108208.0,3346779.0,3346779.0,3.53,9.05,6.98,1496394856
SaluS,SLS,120,7.9675,0.0033145,91686.3,7994971.0,1003448.0,1003448.0,4.44,-11.55,19.2,1496394867
Crown,CRW,121,0.576696,0.00023991,19179.6,7991264.0,13856979.0,13856979.0,-1.67,-6.68,-9.83,1496394857
Pascal Coin,PASC,122,0.783117,0.00032578,159335.0,7827881.0,9995800.0,9995800.0,1.19,-1.31,-12.94,1496394880
Primecoin,XPM,123,0.399615,0.00016624,865410.0,7722267.0,19324268.0,19324268.0,-6.39,1.47,-17.5,1496394842
Skycoin,SKY,124,1.38709,0.00057668,62223.6,7581558.0,5465801.0,100000000.0,0.3,-16.29,-32.07,1496394586
BelaCoin,BELA,125,0.21554,0.00008967,417761.0,7537876.0,34972050.0,34972050.0,1.02,7.03,-5.35,1496394849
SolarCoin,SLR,126,0.210433,0.00008754,68960.5,7399584.0,35163612.0,98034180343.0,-0.89,-11.15,5.63,1496394849
VPNCoin,VASH,127,0.018354,0.00000764,2031450.0,7347836.0,400339746.0,400339746.0,-5.05,5.12,-17.64,1496394859
Bitcoin Plus,XBC,128,71.5038,0.0297458,122653.0,6929991.0,96918.0,96918.0,-0.16,0.08,-9.86,1496394850
Incent,INCNT,129,0.30073,0.00012511,194980.0,6919290.0,23008312.0,46016625.0,-0.47,7.15,24.95,1496394880
Creditbit,CRB,130,0.580354,0.00024143,268943.0,6891322.0,11874342.0,11874342.0,0.61,-12.57,-13.37,1496394867
Einsteinium,EMC2,131,0.0325307,0.00001353,210497.0,6857799.0,210810073.0,210810073.0,-1.22,1.96,-13.45,1496394849
Aeon,AEON,132,0.480612,0.00019994,2985.82,6839046.0,14229869.0,14229869.0,2.65,2.3,7.28,1496394864
Asch,XAS,133,0.08834,0.00003673,71690.5,6625500.0,75000000.0,100000000.0,-1.15,-1.81,-14.57,1496394585
Global Currency Reserve,GCR,134,0.0629347,0.00002618,29095.0,6462802.0,102690598.0,102690598.0,-6.94,-4.9,-10.66,1496394868
Lunyr,LUN,135,2.80436,0.00116591,144270.0,6444007.0,2297853.0,2703356.0,-0.25,7.27,-13.31,1496394589
Feathercoin,FTC,136,0.0391355,0.00001628,153785.0,6410744.0,163808920.0,163808920.0,0.24,8.77,6.79,1496394843
Novacoin,NVC,137,3.69061,0.0015353,59288.1,6405767.0,1735693.0,1735693.0,-0.88,-2.61,-15.21,1496394841
ZClassic,ZCL,138,4.23986,0.00176379,594681.0,6256655.0,1475675.0,1475675.0,-1.06,-11.11,29.45,1496394879
Gambit,GAM,139,5.16545,0.00214884,38644.0,6115716.0,1183966.0,1183966.0,6.75,15.34,19.42,1496394861
FirstCoin,FRST,140,1.90023,0.00079002,132572.0,5962488.0,3137772.0,110000000.0,3.44,7.02,11.44,1496394581
WorldCoin,WDC,141,0.0504351,0.00002098,256855.0,5780057.0,114603855.0,114603855.0,-1.07,11.46,-12.42,1496394841
SIBCoin,SIB,142,0.393159,0.00016355,23448.9,5759377.0,14648975.0,14648975.0,-1.49,1.55,28.82,1496394866
Safe Exchange Coin,SAFEX,143,0.00267109,0.00000111,17963.1,5736122.0,2147483647.0,2147483647.0,-1.99,0.4,-11.75,1496394869
ION,ION,144,0.403265,0.00016776,28776.5,5545373.0,13751189.0,19651189.0,-1.72,9.39,-20.89,1496394872
Auroracoin,AUR,145,0.617228,0.00025677,15708.7,5344046.0,8658139.0,8658139.0,5.0,4.1,-2.76,1496394848
PinkCoin,PINK,146,0.0165753,0.00000690,647296.0,5320072.0,320963850.0,370963850.0,-3.15,11.76,-6.34,1496394851
Blitzcash,BLITZ,147,1.30287,0.000542,168403.0,5294478.0,4063704.0,4063704.0,-1.38,26.82,257.74,1496394858
FoldingCoin,FLDC,148,0.0105558,0.00000439,328188.0,5169618.0,489741985.0,1000000000.0,1.95,9.69,-10.47,1496394856
Janus,JNS,149,0.246113,0.00010232,8949.8,5151900.0,20933069.0,25201489.0,-1.4,5.45,4.48,1496394582
MonetaryUnit,MUE,150,0.0411528,0.00001712,43851.9,5000743.0,121516480.0,121516480.0,-2.6,-4.61,-17.71,1496394857
RouletteToken,RLT,151,0.48092,0.00019994,16007.9,4853545.0,10092210.0,10092933.0,4.36,1.18,7.51,1496394589
Vcash,XVC,152,0.314945,0.00013102,138224.0,4803359.0,15251421.0,15251421.0,1.11,-3.46,-0.83,1496394860
Sphere,SPHR,153,1.4986,0.00062342,23241.2,4620094.0,3082940.0,3082940.0,-3.95,8.92,90.15,1496394861
FairCoin,FAIR,154,0.0841341,0.00003500,4048.06,4467949.0,53105085.0,53105085.0,1.53,5.9,15.12,1496394849
Ethereum Movie Venture,EMV,155,0.668748,0.00027803,2802.03,4458320.0,6666666.0,6666666.0,0.34,302.5,0.87,1496394587
OKCash,OK,156,0.0606372,0.00002523,333076.0,4340258.0,71577488.0,71577488.0,0.07,-15.56,97.78,1496394858
CloakCoin,CLOAK,157,0.847263,0.00035246,17575.4,4239240.0,5003452.0,5003452.0,-0.57,2.52,11.26,1496394852
Darcrus,DAR,158,0.309514,0.00012868,29980.4,4216745.0,13623762.0,13623762.0,-8.48,2.48,-4.24,1496394580
ICO OpenLedger,ICOO,159,8.761,0.0036446,10553.6,4133395.0,471795.0,471795.0,-0.55,15.51,9.56,1496394872
bitCNY,BITCNY,160,0.139722,0.00005812,448729.0,4108204.0,29402700.0,29402700.0,-1.2,0.73,-2.12,1496394856
Quark,QRK,161,0.0163416,0.00000680,109446.0,4087051.0,250101047.0,250101047.0,0.85,32.28,-18.74,1496394843
Unobtanium,UNO,162,20.6437,0.00858781,81844.4,4081772.0,197725.0,197725.0,-0.51,11.84,-7.46,1496394844
MUSE,MUSE,163,0.00289533,0.00000120,6910.8,3980617.0,1374840478.0,1524840478.0,-2.83,21.0,24.99,1496394861
LoMoCoin,LMC,164,0.0190831,0.00000794,350626.0,3979536.0,208537199.0,293537199.0,-6.8,8.26,-2.63,1496394877
APX,APX,165,4.30789,0.001791,66844.6,3877101.0,900000.0,1000000.0,-0.69,6.54,20.69,1496394590
NautilusCoin,NAUT,166,0.237126,0.00009864,419240.0,3836699.0,16180000.0,16180000.0,0.37,-3.06,4.47,1496394851
Bitmark,BTM,167,0.98235,0.00040866,182108.0,3832324.0,3901180.0,3901180.0,-0.19,-0.36,14.12,1496394855
DubaiCoin,DBIX,168,4.29339,0.00178497,25198.8,3734956.0,869932.0,869932.0,0.56,-1.63,35.95,1496394587
ArtByte,ABY,169,0.00482851,0.00000201,136516.0,3731453.0,772796050.0,772796050.0,-11.15,32.02,-18.97,1496394853
SpreadCoin,SPR,170,0.430188,0.00017896,38435.3,3498971.0,8133585.0,8133585.0,-1.31,4.09,7.59,1496394857
Riecoin,RIC,171,0.0984594,0.00004096,537263.0,3366575.0,34192525.0,34192525.0,-5.1,1.5,3.42,1496394847
Circuits of Value,COVAL,172,0.00812495,0.00000338,78709.2,3249980.0,400000000.0,1200000000.0,-1.29,7.05,-10.12,1496394858
Diamond,DMD,173,1.52242,0.00063333,21318.7,3233618.0,2123999.0,2123999.0,6.38,5.33,-0.49,1496394844
Zennies,ZENI,174,0.00312688,0.00000130,6323.33,3129006.0,1000680071.0,1000680071.0,-1.49,1.99,-2.82,1496394587
Joincoin,J,175,1.2315,0.00051231,1611.17,3015206.0,2448402.0,2448402.0,-1.21,180.76,1188.78,1496394855
Megacoin,MEC,176,0.0902449,0.00003754,506152.0,2967834.0,32886450.0,32886450.0,-9.22,12.21,-20.72,1496394863
BitSend,BSD,177,0.194224,0.00008080,14237.3,2962343.0,15252200.0,15252200.0,-19.1,1.71,12.82,1496394853
Wild Beast Block,WBB,178,1.27176,0.00052905,35651.1,2956734.0,2324915.0,2324915.0,-0.4,-0.32,-23.62,1496394860
Ethbits,ETB,179,2.19251,0.00091153,2031.22,2953279.0,1346986.0,1634691.0,385.05,,,1496394591
Musicoin,MUSIC,180,0.0170116,0.00000707,54837.8,2917370.0,171492984.0,171492984.0,-0.21,2.71,-11.29,1496394584
PoSW Coin,POSW,181,0.0701043,0.00002915,74014.2,2874276.0,41000000.0,70000000.0,-0.35,25.39,7.3,1496394581
Curecoin,CURE,182,0.118478,0.00004929,17898.9,2808887.0,23708093.0,23708093.0,0.24,1.8,-14.27,1496394852
Zetacoin,ZET,183,0.0168674,0.00000702,377571.0,2802625.0,166156328.0,166156328.0,-5.04,1.24,-5.95,1496394843
Rise,RISE,184,0.0254506,0.00001059,106118.0,2733069.0,107387215.0,107387215.0,-3.43,4.25,19.76,1496394874
RaiBlocks,XRB,185,0.0364823,0.00001517,42716.9,2726412.0,74732457.0,340282367.0,-6.21,10.28,19.36,1496394583
Minereum,MNE,186,6.84485,0.00284574,330125.0,2724457.0,398030.0,398030.0,7.73,95.58,127.32,1496394590
BitBean,BITB,187,0.00132716,0.00000055,95919.7,2599167.0,1958443000.0,1958443000.0,1.35,5.47,-30.99,1496394859
ZcCoin,ZCC,188,0.0420242,0.00001748,1469540.0,2591088.0,61657044.0,61657044.0,-8.98,23.03,-12.49,1496394854
Veros,VRS,189,0.029479,0.00001226,73107.2,2520069.0,85486938.0,10000000000.0,-0.68,-14.72,-11.26,1496394880
Atmos,ATMS,190,0.0241732,0.00001005,178590.0,2419086.0,100073065.0,110073065.0,-1.65,1.07,-2.79,1496394587
Espers,ESP,191,0.000117686,0.00000005,4009.66,2368696.0,20127250494.0,20127250494.0,-7.36,9.23,-17.4,1496394871
Mintcoin,MINT,192,0.0000960886,0.00000004,10620.1,2339626.0,24348635486.0,24348635486.0,-6.39,-0.11,-16.53,1496394847
Zeitcoin,ZEIT,193,0.0000643018,0.00000003,5887.73,2335947.0,36327868712.0,36327868712.0,-1.85,28.66,24.49,1496394848
Steem Dollars,SBD,194,1.62331,0.0006753,738600.0,2296190.0,1414511.0,1414511.0,-1.41,6.36,-10.54,1496394874
Myriad,XMY,195,0.00152667,0.00000064,42022.7,2268712.0,1486052500.0,1486052500.0,-1.53,-4.72,-43.78,1496394848
Spectrecoin,XSPEC,196,0.109758,0.00004563,230150.0,2238564.0,20395456.0,20395456.0,-0.14,-11.46,-3.94,1496394580
Cryptonite,XCN,197,0.00670773,0.00000279,414076.0,2198123.0,327699956.0,327699956.0,-17.33,9.97,-27.97,1496394855
HunterCoin,HUC,198,0.124133,0.00005164,79044.9,2189939.0,17641880.0,17641880.0,0.1,3.92,-0.12,1496394847
bitUSD,BITUSD,199,0.984742,0.00040965,286465.0,2182218.0,2216030.0,2216030.0,-1.43,-0.8,-0.72,1496394856
Digitalcoin,DGC,200,0.0623465,0.00002594,168544.0,2144083.0,34389793.0,34389793.0,-11.13,-1.96,-12.5,1496394841
BoostCoin,BOST,201,0.180493,0.00007509,171716.0,2139832.0,11855487.0,11855487.0,-4.21,3.24,-11.14,1496394852
BlockPay,BLOCKPAY,202,0.38197,0.0001589,1905.58,2073448.0,5428300.0,98928316.0,-1.0,2.72,14.19,1496394876
Breakout Stake,BRX,203,0.330791,0.00013761,15841.2,2073425.0,6268082.0,6268082.0,-2.69,20.19,40.52,1496394873
Groestlcoin,GRS,204,0.0306401,0.00001275,3333.05,2071819.0,67617883.0,67617883.0,-1.13,3.26,3.34,1496394850
Adzcoin,ADZ,205,0.0375953,0.00001564,8457.7,2061859.0,54843520.0,54843520.0,-0.32,8.67,-10.03,1496394867
Bata,BTA,206,0.410824,0.0001709,28401.6,2034072.0,4951201.0,4951201.0,0.7,4.07,20.5,1496394861
FUNCoin,FUNC,207,0.33554,0.0001395,61383.2,1941415.0,5785941.0,100000000.0,-5.62,-3.03,6.42,1496394589
iCash,ICASH,208,0.00865267,0.00000360,9021.13,1911407.0,220903745.0,220903745.0,-2.36,18.03,-10.56,1496394860
MaxCoin,MAX,209,0.0349398,0.00001454,85242.1,1902216.0,54442678.0,54442678.0,-2.74,2.64,-1.26,1496394846
Project Decorum,PDC,210,0.037668,0.00001567,1751.18,1883400.0,50000000.0,50000000.0,-0.59,-0.45,-13.09,1496394873
Tickets,TIX,211,0.0000274705,0.00000001,44987.0,1837125.0,66876281414.0,66876281414.0,0.23,-5.47,-26.28,1496394843
GoldCoin,GLD,212,0.0455729,0.00001896,19582.4,1834506.0,40254320.0,40254320.0,-1.46,4.81,-7.18,1496394845
TransferCoin,TX,213,0.298336,0.00012411,13833.8,1782194.0,5973782.0,5973782.0,-3.4,4.58,-29.91,1496394863
Anoncoin,ANC,214,0.840986,0.00034985,156268.0,1774747.0,2110317.0,2110317.0,12.27,101.0,15.6,1496394842
DeepWebCash,DWC,215,1.3023,0.00054176,21121.4,1736861.0,1333688.0,1333688.0,-0.69,2.14,-28.51,1496394880
CryptoCarbon,CCRB,216,0.461368,0.00019181,2776.35,1643444.0,3562111.0,10000150.0,-2.49,-4.61,34.62,1496394580
Boolberry,XBB,217,0.170488,0.00007092,8311.33,1625173.0,9532480.0,9532480.0,4.92,21.47,4.21,1496394853
vTorrent,VTR,218,0.146321,0.00006087,9730.31,1582603.0,10815966.0,10815966.0,0.78,0.88,9.91,1496394858
Renos,RNS,219,0.0445443,0.00001852,644427.0,1485649.0,33352174.0,33352174.0,1.34,87.38,154.36,1496394583
Sequence,SEQ,220,0.0322113,0.00001340,2900.63,1439852.0,44700226.0,44700226.0,2.79,6.73,20.77,1496394877
Startcoin,START,221,0.0313518,0.00001304,44827.3,1413332.0,45079785.0,70782220.0,2.61,-5.24,-30.95,1496394853
ChainCoin,CHC,222,0.0952661,0.00003963,20679.9,1398618.0,14681171.0,14681171.0,-0.29,7.67,-4.82,1496394863
2GIVE,2GIVE,223,0.00267099,0.00000111,18133.4,1370209.0,512996838.0,512996838.0,0.25,4.12,-15.5,1496394871
EB3 Coin,EB3,224,0.283826,0.000118,11753.0,1307277.0,4605910.0,786000000.0,-2.39,-0.36,0.52,1496394586
Voxels,VOX,225,0.040661,0.00001692,279803.0,1280822.0,31500000.0,210000000.0,-2.12,35.98,-4.84,1496394870
EuropeCoin,ERC,226,0.126177,0.00005249,2690.71,1243010.0,9851323.0,9851323.0,-0.59,0.71,13.55,1496394862
Visio,VISIO,227,0.0244034,0.00001015,619.165,1234761.0,50597894.0,62597894.0,-3.64,-13.11,-21.16,1496394585
Bitswift,SWIFT,228,0.302306,0.00012576,8850.13,1227630.0,4060887.0,4060887.0,-2.35,-3.05,52.13,1496394857
Breakout,BRK,229,0.0674515,0.00002806,3047.75,1208364.0,17914567.0,17914567.0,-8.18,-7.63,-20.62,1496394873
Stealthcoin,XST,230,0.0456488,0.00001899,2179.55,1194864.0,26175155.0,26175155.0,-0.59,-1.17,-5.56,1496394853
Creativecoin,CREA,231,0.111016,0.00004615,4423.82,1172017.0,10557194.0,12268922.0,-1.98,19.3,-42.18,1496394589
Ixcoin,IXC,232,0.0548319,0.00002281,8804.7,1151420.0,20999088.0,20999088.0,-16.88,-85.28,11.09,1496394845
Inpay,INPAY,233,0.111413,0.00004632,51554.2,1114130.0,10000000.0,10000000.0,0.92,-3.75,-30.6,1496394587
MediterraneanCoin,MED,234,0.0223556,0.00000930,113753.0,1111221.0,49706598.0,49706598.0,7.76,68.57,14.46,1496394857
Qwark,QWARK,235,0.0624996,0.00002600,19258.0,1103699.0,17659296.0,250377576.0,3.37,15.19,34.53,1496394870
Dynamic,DYN,236,0.667158,0.00027737,2205.07,1078203.0,1616114.0,4370018.0,-0.73,-4.67,-8.67,1496394585
Yocoin,YOC,237,0.00993969,0.00000413,61571.2,1049818.0,105618830.0,200000000.0,6.15,2.87,11.5,1496394868
DopeCoin,DOPE,238,0.00920668,0.00000383,17857.5,1022730.0,111085648.0,111085648.0,1.69,24.64,-10.61,1496394848
WhiteCoin,XWC,239,0.00403844,0.00000168,21466.0,1001755.0,248055021.0,248055021.0,-0.54,-2.52,42.25,1496394850
LiteDoge,LDOGE,240,0.0000677954,0.00000003,4587.68,1001630.0,14774299159.0,14774299159.0,14.47,-19.55,-11.63,1496394861
TagCoin,TAG,241,0.181963,0.00007570,134595.0,999423.0,5492453.0,5492453.0,-10.63,-3.11,-25.85,1496394844
PepeCoin,PEPE,242,0.0721276,0.00003001,27007.0,993040.0,13767817.0,13767817.0,12.38,5.45,26.37,1496394869
SecureCoin,SRC,243,0.1262,0.00005250,141023.0,982575.0,7785856.0,7785856.0,-8.43,-1.17,-31.79,1496394842
Syndicate,SYNX,244,0.0866772,0.00003606,12977.2,976753.0,11268860.0,11268860.0,2.88,-54.2,47.2,1496394874
Triggers,TRIG,245,0.0302642,0.00001259,30991.3,971650.0,32105593.0,100000000.0,0.94,-7.23,-20.02,1496394879
PutinCoin,PUT,246,0.00483756,0.00000201,3348.61,969532.0,200417616.0,200417616.0,-0.32,10.13,13.11,1496394873
Ripto Bux,RBX,247,0.00281815,0.00000117,8992.64,964089.0,342100100.0,1000000000.0,-2.67,18.8,71.02,1496394586
CannabisCoin,CANN,248,0.0124579,0.00000518,55435.2,962138.0,77231176.0,91859176.0,-0.56,-0.54,28.33,1496394854
Mercury,MER,249,0.00956597,0.00000398,753.35,956597.0,100000000.0,100000000.0,-0.73,-18.81,-23.82,1496394586
DIBCOIN,DIBC,250,0.185621,0.00007717,5123.7,928105.0,5000000.0,5000000000.0,-2.42,-6.15,10.99,1496394587
Hacker Gold,HKG,251,0.0571455,0.00002377,1354.3,920665.0,16110893.0,16110893.0,-0.59,-16.01,-19.57,1496394881
VeriumReserve,VRM,252,0.826672,0.0003439,13932.8,920076.0,1112988.0,1112988.0,0.04,26.88,-13.79,1496394876
AudioCoin,ADC,253,0.00115536,0.00000048,6649.9,916430.0,793198644.0,793198644.0,-0.25,-11.91,-23.97,1496394861
HiCoin,XHI,254,0.00476421,0.00000198,101212.0,903914.0,189729990.0,10189729990.0,-0.23,-2.37,-13.45,1496394872
HTMLCOIN,HTML5,255,0.0000211383,0.000000009,7862.31,859463.0,40659020000.0,40659020000.0,-0.28,1.47,-4.28,1496394855
EverGreenCoin,EGC,256,0.0627402,0.00002610,12814.9,835781.0,13321301.0,13321301.0,1.2,-2.47,-2.41,1496394868
ArcticCoin,ARC,257,0.0351958,0.00001464,31090.7,822008.0,23355273.0,23355273.0,-12.06,-12.11,-35.29,1496394879
GlobalCoin,GLC,258,0.012524,0.00000521,1243.75,816202.0,65171010.0,65171010.0,-0.59,-15.4,-52.32,1496394847
Centurion,CNT,259,0.0312585,0.00001300,32374.6,808041.0,25850279.0,63389078.0,-0.94,-2.4,-9.46,1496394583
BlueCoin,BLU,260,0.00140246,0.00000058,2327.01,805971.0,574683675.0,574683675.0,-1.17,-3.13,144.48,1496394850
Unitus,UIS,261,0.0168771,0.00000702,23193.5,789213.0,46762375.0,46762375.0,-1.86,-4.04,-16.08,1496394859
Hush,HUSH,262,0.71419,0.0002971,169677.0,786243.0,1100888.0,1222363.0,-0.43,7.39,26.96,1496394880
Pesetacoin,PTC,263,0.00584079,0.00000243,4008.98,762477.0,130543533.0,130543533.0,-0.65,-5.46,-20.92,1496394847
e-Gulden,EFL,264,0.0490625,0.00002041,1900.32,752876.0,15345233.0,20384573.0,-0.25,0.91,-18.08,1496394850
Fantomcoin,FCN,265,0.122595,0.00005100,2355.43,718465.0,5860475.0,5860475.0,-1.75,-0.92,-5.73,1496394853
ProCurrency,PROC,266,0.252941,0.00010516,901.586,712081.0,2815205.0,15000053805.0,-0.73,-2.5,19.98,1496394588
GeoCoin,GEO,267,0.280979,0.00011689,7755.17,689826.0,2455079.0,2455079.0,-0.65,4.72,12.93,1496394859
HempCoin,THC,268,0.00324517,0.00000135,11759.1,687402.0,211823061.0,211823061.0,0.44,2.68,-19.08,1496394853
Tokes,TKS,269,1.05833,0.00044,8636.74,685400.0,647624.0,50000000.0,1.58,5.12,-6.22,1496394585
ExclusiveCoin,EXCL,270,0.160114,0.00006661,4532.12,654570.0,4088147.0,4088147.0,-0.59,1.92,-19.1,1496394857
Altcoin,ALT,271,5.24904,0.00218228,2276.45,641303.0,122175.0,134063.0,1.76,4.82,32.44,1496394588
Synergy,SNRG,272,0.230825,0.00009602,1760.07,640531.0,2774965.0,2774965.0,-0.75,9.16,-6.8,1496394862
Version,V,273,0.00139507,0.00000058,1528.99,610131.0,437347970.0,437347970.0,187.88,,,1496394590
Deutsche eMark,DEM,274,0.0217677,0.00000906,1007.17,604999.0,27793416.0,27793416.0,-0.8,2.25,-11.29,1496394844
Magi,XMG,275,0.0812812,0.00003381,3158.51,573479.0,7055492.0,7055492.0,-2.9,7.44,-14.61,1496394856
TrustPlus,TRUST,276,0.0178124,0.00000741,1367.26,571539.0,32086595.0,32086595.0,5.17,3.49,-1.01,1496394853
DT Token,DRACO,277,0.00630437,0.00000262,38922.9,560388.0,88888888.0,88888888.0,2.83,27.18,36.31,1496394873
FujiCoin,FJC,278,0.000578742,0.00000024,4533.68,557122.0,962643974.0,962643974.0,-5.11,13.75,7.82,1496394863
BTSR,BTSR,279,0.167495,0.00006968,18301.0,554546.0,3310819.0,3310819.0,-1.88,14.13,-9.01,1496394869
IncaKoin,NKA,280,0.0000727134,0.00000003,10604.0,548041.0,7536995521.0,7536995521.0,-1.55,27.93,188.24,1496394859
Canada eCoin,CDN,281,0.00560711,0.00000233,1441.8,546220.0,97415544.0,97415544.0,1.08,5.55,9.13,1496394850
TileCoin,XTC,282,0.00535096,0.00000223,12505.6,535096.0,100000000.0,100000000.0,0.34,-0.69,-30.0,1496394858
UniBURST,UNIBURST,283,0.527016,0.00021911,2338.37,527015.0,999999.0,1000000.0,-0.42,11.34,155.69,1496394584
Moin,MOIN,284,0.0754506,0.00003139,3464.17,524314.0,6949100.0,6949100.0,-0.07,24.12,16.43,1496394867
1337,1337,285,0.0000224770,0.000000009,2896.35,512239.0,22789454245.0,22789454245.0,1.67,35.02,46.58,1496394869
NuShares,NSR,286,0.000172356,0.00000007,4247.1,465752.0,2702268334.0,3317584883.0,-1.21,-20.05,-68.96,1496394857
Capricoin,CPC,287,0.458419,0.0001907,29999.7,451300.0,984471.0,200984471.0,-0.68,6.33,17.92,1496394863
NobleCoin,NOBL,288,0.000191421,0.00000008,5252.02,438666.0,2291627348.0,2291627348.0,-0.66,-0.89,-26.62,1496394847
KoreCoin,KORE,289,0.238003,0.00009901,1674.31,435771.0,1830949.0,1830949.0,-1.57,-4.49,-6.31,1496394853
TrumpCoin,TRUMP,290,0.0645772,0.00002686,6909.07,422304.0,6539527.0,6539527.0,-2.18,-6.24,-4.45,1496394870
I0Coin,I0C,291,0.0192547,0.00000801,1624.46,403856.0,20974422.0,20974422.0,-0.76,2.19,-2.78,1496394843
MazaCoin,MZC,292,0.000356609,0.00000015,1522.21,389637.0,1092618137.0,1092618137.0,-0.46,34.91,39.82,1496394849
Bottlecaps,CAP,293,0.00274326,0.00000114,4166.07,380645.0,138756303.0,138756303.0,-2.64,214.38,270.56,1496394842
PostCoin,POST,294,0.0230455,0.00000959,3740.41,363550.0,15775332.0,15775332.0,-3.42,-5.55,-9.09,1496394870
Virtacoinplus,XVP,295,0.0408383,0.00001698,996.336,360123.0,8818254.0,10352848.0,-0.97,-2.35,-46.47,1496394584
iTicoin,ITI,296,11.1772,0.00464692,48409.3,357670.0,32000.0,9999992.0,-2.05,-9.97,24.93,1496394589
TeslaCoin,TES,297,0.00497244,0.00000207,2662.7,356887.0,71772918.0,71772918.0,-5.79,2.04,14.21,1496394846
Master Swiscoin,MSCN,298,0.0339475,0.00001411,9613.62,347679.0,10241660.0,1002567663.0,-0.7,-5.17,-21.41,1496394583
Jewels,JWL,299,0.0168275,0.00000700,1950.47,339512.0,20176007.0,20176007.0,-0.44,-4.88,-5.37,1496394876
MTMGaming,MTM,300,0.112277,0.00004668,858.698,336831.0,3000000.0,5000000.0,17.58,100.46,164.5,1496394584
Elcoin,EL,301,0.0300312,0.00001249,3616.97,336619.0,11208967.0,20935289.0,-27.68,-46.18,-43.97,1496394871
Wyvern,WYV,302,0.305497,0.00012701,748.068,333139.0,1090481.0,1090481.0,-3.02,-17.28,-15.02,1496394586
Dotcoin,DOT,303,0.00146473,0.00000061,72965.3,329300.0,224819250.0,489819250.0,5.14,9.07,16.74,1496394859
Terracoin,TRC,304,0.0162468,0.00000676,5799.08,326490.0,20095680.0,20095680.0,0.59,2.45,-10.24,1496394840
GCoin,GCN,305,0.0000022078,0.0000000009,639.718,306857.0,138985235000,138985235000,-0.65,1.15,24.93,1496394858
CacheCoin,CACH,306,0.0841341,0.00003500,8797.12,303175.0,3603475.0,3603475.0,-0.59,39.36,,1496394847
Asiadigicoin,ADCN,307,0.0118269,0.00000492,722.365,294857.0,24931054.0,210000000.0,-1.98,-4.53,-26.26,1496394868
ParkByte,PKB,308,0.0615381,0.00002560,1237.04,293169.0,4764026.0,4764026.0,-0.65,9.2,7.93,1496394861
Influxcoin,INFX,309,0.173054,0.00007199,7109.51,289586.0,1673383.0,1673383.0,-5.32,1.53,-52.53,1496394865
Newbium,NEWB,310,0.011947,0.00000497,54030.7,286728.0,24000000.0,51000000.0,-0.1,13.47,162.29,1496394873
Karbowanec,KRB,311,0.0788358,0.00003280,5492.13,278832.0,3536873.0,3536873.0,-1.34,-1.01,-8.7,1496394875
Sexcoin,SXC,312,0.00226876,0.00000094,4076.54,278001.0,122534289.0,122534289.0,3.66,2.18,11.18,1496394843
Quatloo,QTL,313,0.036924,0.00001536,14804.4,274591.0,7436649.0,7436649.0,-2.11,-13.99,-21.23,1496394854
KibiCoin,KIC,314,0.018676,0.00000776,630.167,273606.0,14650150.0,14650150.0,-0.74,,,1496394590
Atomic Coin,ATOM,315,0.0271671,0.00001130,696.444,273003.0,10049036.0,10049036.0,-1.82,24.32,3.48,1496394878
Zoin,ZOI,316,0.0246618,0.00001026,1490.51,265039.0,10746950.0,10746950.0,-0.59,7.48,-19.89,1496394879
Bytecent,BYC,317,0.162763,0.00006771,14742.2,263843.0,1621028.0,1621028.0,-0.58,-7.32,-13.46,1496394858
Cryptojacks,CJ,318,0.00063187,0.00000026,941.998,256898.0,406568581.0,406568581.0,-15.62,166.39,105.43,1496394873
UltraCoin,UTC,319,0.00581727,0.00000242,4515.73,250717.0,43098733.0,43098733.0,-0.91,9.46,30.83,1496394846
Neutron,NTRN,320,0.0186124,0.00000774,899.14,234845.0,12617684.0,12617684.0,-1.95,-8.86,142.13,1496394861
8Bit,8BIT,321,0.197613,0.00008221,1784.59,230103.0,1164415.0,1164415.0,-0.45,3.57,-47.31,1496394860
Rubies,RBIES,322,0.021847,0.00000909,2228.88,226630.0,10373505.0,10373505.0,0.5,-9.31,-23.16,1496394869
PRCoin,PRC,323,0.0233843,0.00000972,42418.2,220897.0,9446400.0,789446400.0,2.21,8.71,-3.18,1496394583
NuBits,USNBT,324,1.04574,0.00043503,77809.4,205772.0,196772.0,838087.0,5.19,3.84,2.35,1496394856
Torcoin,TOR,325,0.736908,0.00030637,15888.7,193317.0,262336.0,1262336.0,-0.88,-7.84,-43.3,1496394586
LiteBar,LTB,326,0.292137,0.00012153,860.781,188598.0,645581.0,645581.0,-10.59,0.3,4.12,1496394848
UnbreakableCoin,UNB,327,0.0768474,0.00003197,6113.37,175070.0,2278150.0,2278150.0,-0.59,-1.21,3.39,1496394851
GoldBlocks,GB,328,0.0116623,0.00000485,1945.98,173380.0,14866737.0,14866737.0,-3.44,-6.85,0.85,1496394872
Fastcoin,FST,329,0.0012732,0.00000053,1548.32,161397.0,126764507.0,126764507.0,-0.55,27.93,21.65,1496394842
Netko,NETKO,330,0.0651652,0.00002709,1154.04,158887.0,2438226.0,2438226.0,-10.12,-3.61,-23.3,1496394584
bitBTC,BITBTC,331,2455.31,1.02141,55564.6,157336.0,64.0,64.0,-1.5,2.71,-2.68,1496394856
Flycoin,FLY,332,0.743337,0.00030923,1519.23,156700.0,210806.0,210806.0,0.5,-28.37,71.93,1496394865
Greencoin,GREV2,333,0.0000480766,0.00000002,2255.23,147036.0,3058360641.0,3058360641.0,-0.59,-0.45,14.22,1496394853
Piggycoin,PIGGY,334,0.000290845,0.00000012,1957.91,140714.0,483810831.0,483810831.0,-0.03,0.36,-47.04,1496394853
TheGCCcoin,GCC,335,0.0197716,0.00000822,1058.33,139146.0,7037663.0,867037663.0,-6.32,-9.04,-32.14,1496394582
BERNcash,BERN,336,0.00193277,0.00000080,579.327,137680.0,71234301.0,71234301.0,1.36,16.27,35.93,1496394871
Pascal Lite,PASL,337,0.0678535,0.00002821,2320.7,134041.0,1975450.0,1975450.0,-0.65,-5.01,-36.65,1496394584
bitSilver,BITSILVER,338,20.8998,0.00869438,17259.4,132015.0,6317.0,6317.0,-2.33,6.01,15.04,1496394859
DigitalPrice,DP,339,0.00566295,0.00000236,1434.92,128295.0,22655066.0,22655066.0,-0.56,-3.11,27.14,1496394857
PipCoin,PIP,340,0.0192307,0.00000800,959.932,126407.0,6573177.0,6999979.0,24.4,-12.4,-12.49,1496394878
TEKcoin,TEK,341,0.0000892335,0.00000004,500.254,126181.0,1414054562.0,1414054562.0,22.94,-6.17,76.29,1496394851
Sumokoin,SUMO,342,0.264583,0.00011,9666.61,120686.0,456135.0,9345024.0,-0.73,79.59,,1496394590
Machinecoin,MAC,343,0.00608169,0.00000253,2711.84,118937.0,19556550.0,19556550.0,1.25,3.54,-12.97,1496394859
Tattoocoin (Standard Edition),TSE,344,0.00103254,0.00000043,1507.41,118093.0,114370988.0,604370988.0,-0.76,-26.49,-26.57,1496394581
bitEUR,BITEUR,345,1.12309,0.00046721,14817.0,114667.0,102100.0,102100.0,-1.66,-0.58,-0.59,1496394862
Rimbit,RBT,346,0.000986802,0.00000041,675.516,113975.0,115499623.0,393459356.0,1.44,4.71,-0.82,1496394857
MojoCoin,MOJO,347,0.00944521,0.00000393,1118.41,113872.0,12056018.0,12056018.0,0.18,3.66,-37.52,1496394870
QuazarCoin,QCN,348,0.0192307,0.00000800,995.162,109821.0,5710716.0,5710716.0,10.47,15.08,8.7,1496394851
CHNCoin,CNC,349,0.00432272,0.00000180,14808.4,109193.0,25260247.0,170109984.0,2.62,2.81,-29.32,1496394863
LanaCoin,LANA,350,0.00014419,0.00000006,548.471,107906.0,748357251.0,748357251.0,-0.59,-0.11,27.74,1496394872
Eryllium,ERY,351,0.0225728,0.00000938,2721.89,98286.0,4354170.0,14354170.0,7.37,7.19,-43.59,1496394582
Phoenixcoin,PXC,352,0.00160966,0.00000067,976.727,93158.0,57874500.0,57874500.0,-6.44,48.14,1.03,1496394844
Emerald Crypto,EMD,353,0.0048076,0.00000200,3523.66,91908.0,19117129.0,19117129.0,-0.5,18.56,57.6,1496394864
bitGold,BITGOLD,354,1502.51,0.625047,13732.2,84163.0,56.0,56.0,-2.97,1.67,6.96,1496394858
Spots,SPT,355,0.00359471,0.00000150,611.493,80543.0,22406021.0,22406021.0,-0.65,27.53,45.15,1496394842
Freicoin,FRC,356,0.00264422,0.00000110,17663.4,73785.0,27904216.0,100000000.0,-0.55,-0.45,-0.19,1496394843
Gapcoin,GAP,357,0.00673073,0.00000280,13284.6,73242.0,10881764.0,10881764.0,3.33,4.42,24.11,1496394858
Kurrent,KURT,358,0.00661112,0.00000275,1187.1,65579.0,9919485.0,21319485.0,-0.72,-11.52,4.68,1496394880
CrevaCoin,CREVA,359,0.00175831,0.00000073,12815.7,63986.0,36390750.0,6240390800.0,-3.99,-7.11,-15.7,1496394862
MCAP,MCAP,360,6.32049,0.00262773,223576.0,63237.0,10005.0,100000000.0,-0.92,0.7,,1496394591
Wexcoin,WEX,361,0.352305,0.00014656,5749.42,59011.0,167500.0,10000167500.0,-5.12,-6.87,5.79,1496394878
NevaCoin,NEVA,362,0.0303079,0.00001261,559.073,54937.0,1812615.0,1812615.0,-0.77,7.32,23.71,1496394870
Acoin,ACOIN,363,0.0419905,0.00001747,10735.8,51232.0,1220085.0,1220085.0,-1.62,1.33,-34.51,1496394855
Argentum,ARG,364,0.00677881,0.00000282,875.095,50870.0,7504303.0,7504303.0,-1.49,-26.83,-12.29,1496394842
Philosopher Stones,PHS,365,0.0193749,0.00000806,3537.37,47066.0,2429219.0,2429219.0,-0.62,2.16,0.08,1496394845
Prime-XI,PXI,366,0.00294264,0.00000122,1735.93,43526.0,14791325.0,14791325.0,-6.88,-3.61,51.25,1496394856
PetroDollar,XPD,367,0.000665389,0.00000028,684.517,42580.0,63993275.0,63993275.0,-33.04,-58.8,-53.68,1496394849
Allion,ALL,368,0.00640619,0.00000266,2462.47,39714.0,6199359.0,7323359.0,-0.97,-2.62,-26.7,1496394583
MACRON,MCRN,369,0.0000975521,0.00000004,967.688,39160.0,401421401.0,401421401.0,-0.78,0.2,21.69,1496394587
Independent Money System,IMS,370,0.00666808,0.00000277,1007.63,35800.0,5368934.0,5368934.0,-0.23,-6.89,-15.38,1496394869
Rawcoin,XRC,371,0.0468988,0.00001951,3065.04,33058.0,704882.0,704882.0,-9.34,28.46,238.01,1496394880
Hexx,HXX,372,0.023126,0.00000962,506.695,31286.0,1352836.0,1352836.0,-0.59,-23.21,-32.82,1496394862
PIECoin,PIE,373,0.000361555,0.00000015,533.328,26056.0,72065216.0,72065216.0,-6.94,13.09,-16.05,1496394583
BeaverCoin,BVC,374,0.0083413,0.00000347,637.257,25985.0,3115258.0,3115258.0,-5.87,-9.9,-21.1,1496394856
Kittehcoin,MEOW,375,0.0000010511,0.0000000004,2006.83,25128.0,23905669976.0,23905669976.0,-1.5,50.74,72.9,1496394845
LevoPlus,LVPS,376,0.0577058,0.00002399,4815.38,23712.0,410917.0,91410917.0,-0.73,1.22,-39.79,1496394584
Marijuanacoin,MAR,377,0.03721,0.00001547,4689.23,19449.0,522690.0,522690.0,-1.22,-28.97,-28.59,1496394582
Honey,HONEY,378,0.272728,0.00011339,1018.31,18629.0,68306.0,68306.0,-18.28,-35.3,-70.92,1496394584
Eurocoin,EUC,379,0.00153845,0.00000064,1184.78,18047.0,11730325.0,11730325.0,0.04,1.28,-18.56,1496394864
AllSafe,ASAFE,380,0.0000180703,0.000000008,4030.56,12830.0,710000000.0,710000000.0,-4.1,797.78,262.28,1496394879
Beatcoin,XBTS,381,0.00677796,0.00000282,1788.59,10334.0,1524686.0,2524686.0,4.95,10.43,9.35,1496394877
Ebittree Coin,EBT,382,0.011786,0.00000490,618.162,10262.0,870700.0,810870700.0,-0.73,-2.55,3.84,1496394587
BenjiRolls,BENJI,383,0.000432954,0.00000018,4732.18,8202.0,18944336.0,18944336.0,-2.54,-6.22,-28.47,1496394581
Digital Money Bits,DMB,384,0.0152574,0.00000634,18191.9,4661.0,305500.0,10305500.0,-0.78,5.43,58.25,1496394590
Environ,ENV,385,0.0000240470,0.000000010,2085.94,3153.0,131129509.0,931129509.0,-0.74,-0.39,-95.65,1496394589
Powercoin,PWR,386,0.0000240383,0.00000001,1321.6,1202.0,49983870.0,49983870.0,-0.5,-0.45,-4.71,1496394873
Gold Pressed Latinum,GPL,387,0.176212,0.00007326,7869.63,,,203969.0,-1.05,-14.36,9.8,1496394588
SnakeEyes,SNAKE,388,0.143211,0.00005954,1154.71,,,10000000.0,-0.28,20.88,27.59,1496394588
Arcade Token,ARC,389,3.74133,0.00167261,,10777041.0,2880537.0,2880537.0,,,23.97,1496180681
Scotcoin,SCOT,390,0.00641598,0.00000267,167.196,6415980.0,1000000000.0,1000000000.0,-0.83,-24.31,24.84,1496394852
Jinn,JINN,391,48.1386,0.0200258,481.386,2825880.0,58703.0,1000000.0,-2.77,5.35,13.33,1496394857
XCurrency,XC,392,0.43269,0.00018,353.363,2512551.0,5806815.0,5806815.0,-0.59,-1.0,-8.86,1496394851
InstantDEX,DEX,393,2.37,0.00098592,343.65,2370000.0,1000000.0,1000000.0,-2.77,5.35,-5.28,1496394856
AsiaCoin,AC,394,0.00279546,0.00000116,153.345,2346221.0,839296893.0,839296893.0,-0.57,5.24,-22.64,1496394849
Bitpark Coin,BPC,395,0.020421,0.00000849,284.671,1531575.0,75000000.0,100000000.0,-0.77,21.54,21.12,1496394579
NewYorkCoin,NYC,396,0.0000240383,0.00000001,247.114,1435566.0,59719935819.0,59719935819.0,-0.5,-0.38,24.49,1496394851
InsaneCoin,INSANE,397,0.0713103,0.00002967,237.755,1307900.0,18340973.0,18340973.0,-3.89,-12.48,27.67,1496394879
Pangea Poker,PANGEA,398,0.923375,0.00038413,11.0805,922777.0,999352.0,1000000.0,-2.77,5.35,,1496394858
DubaiCoin,DBIC,399,0.161029,0.00006699,260.452,825920.0,5129014.0,6146942.0,-0.23,1.93,-2.06,1496394868
Woodcoin,LOG,400,0.101971,0.00004242,285.559,819357.0,8035193.0,8035193.0,-0.59,-12.54,-6.88,1496394860
ShadowCash,SDC,401,0.122206,0.00005084,410.987,814755.0,6667061.0,6667061.0,-0.59,-0.85,-27.0,1496394854
Pandacoin,PND,402,0.0000240383,0.00000001,369.684,781603.0,32514916898.0,32514916898.0,-0.5,-0.45,-4.72,1496394848
Carboncoin,CARBON,403,0.0000480766,0.00000002,7.17544,739992.0,15391933439.0,15391933439.0,-0.5,-0.45,-4.72,1496394855
Ultimate Secure Cash,USC,404,0.0714491,0.00002970,127.246,739006.0,10343113.0,38602656.0,-0.73,20.53,-20.18,1496394586
Casino,CASINO,405,0.680539,0.00028293,12.2497,680539.0,1000000.0,1000000.0,-0.42,173.26,8.72,1496394584
Tao,XTO,406,0.0224403,0.00000934,192.962,680309.0,30316388.0,32316388.0,-1.22,27.23,2.16,1496394877
CageCoin,CAGE,407,0.0000057591,0.000000002,224.139,582640.0,101168328395,101168328395,6.36,43.42,11.0,1496394847
Cryptofund,FUND,408,0.5588,0.0002553,,558800.0,1000000.0,1000000.0,,,-28.0,1495948164
SmileyCoin,SMLY,409,0.0000208517,0.000000009,139.435,541315.0,25960250000.0,25960250000.0,-5.91,-1.9,155.32,1496394859
E-Currency Coin ,ECC,410,0.0000240383,0.00000001,1.18338,530299.0,22060603799.0,22060603799.0,-0.59,-0.45,-4.7,1496394848
HitCoin,HTC,411,0.0000480766,0.00000002,166.033,528666.0,10996318099.0,20996318099.0,-0.59,38.36,90.58,1496394870
Shorty,SHORTY,412,0.00501117,0.00000210,,501117.0,100000000.0,100000000.0,,-1.18,37.37,1496365479
YashCoin,YASH,413,0.0457007,0.00001900,336.41,457012.0,10000117.0,10000117.0,-5.13,-18.67,17.16,1496394580
CasinoCoin,CSC,414,0.0118245,0.00000492,319.54,456440.0,38601187.0,38601187.0,-0.14,5.27,-13.82,1496394843
ReeCoin,REE,415,0.0360451,0.00001499,143.902,445795.0,12367704.0,6662367704.0,6.1,-12.31,-13.28,1496394873
Colossuscoin V2,CV2,416,0.0000190497,0.000000008,266.181,422689.0,22188765273.0,22188765273.0,1.53,1.03,-52.39,1496394860
Dashcoin,DSH,417,0.0240204,0.00000999,273.398,415351.0,17291579.0,17291579.0,-1.69,-13.2,-4.62,1496394857
Happycoin,HPC,418,0.03632,0.00001510,233.143,412810.0,11365925.0,11365925.0,-1.39,-10.43,143.52,1496394586
BitBar,BTB,419,11.6111,0.00483024,388.374,378307.0,32582.0,32582.0,-0.55,-3.74,-2.68,1496394841
LTBcoin,LTBC,420,0.000742106,0.00000032,,366499.0,493863915.0,493863915.0,,,,1496287754
Orbitcoin,ORB,421,0.123832,0.00005151,30.8716,365977.0,2955428.0,2955428.0,-0.93,-1.58,-2.46,1496394844
FuelCoin,FC2,422,0.00358171,0.00000149,3.74565,363230.0,101412422.0,101412422.0,-0.65,-0.45,,1496394852
RussiaCoin,RC,423,0.0424997,0.00001768,0.288386,349196.0,8216446.0,8216446.0,-0.59,-0.34,-0.63,1496394867
SuperCoin,SUPER,424,0.00841341,0.00000350,84.1259,346259.0,41155630.0,41155630.0,-0.59,,,1496394852
Trollcoin,TROLL,425,0.000621986,0.00000026,430.618,344407.0,553720969.0,553720969.0,14.94,-0.68,-10.36,1496394856
Mineum,MNM,426,0.0363923,0.00001514,407.775,343411.0,9436367.0,9586367.0,4.41,27.4,-22.34,1496394874
Bitstar,BITS,427,0.014031,0.00000584,81.0064,323832.0,23079737.0,23079737.0,0.82,53.35,15.73,1496394850
SmartCoin,SMC,428,0.0136784,0.00000569,102.16,313128.0,22892142.0,22892142.0,4.59,50.0,-5.68,1496394846
Rare Pepe Party,RAREPEPEPRTY,429,16.1275,0.0067095,,290295.0,18000.0,100000.0,,-4.87,-8.95,1496315982
HOdlcoin,HODL,430,0.00312498,0.00000130,20.9985,289361.0,92595975.0,250000000.0,-0.59,-7.56,17.66,1496394869
Veltor,VLT,431,0.456343,0.00018984,373.192,253204.0,554855.0,554855.0,-0.59,5.56,38.91,1496394876
BTCtalkcoin,TALK,432,0.00357833,0.00000161,,233631.0,65290635.0,65290635.0,,,-17.19,1496191750
Crypto Bullion,CBX,433,0.232767,0.00009683,55.3536,231798.0,995838.0,995838.0,-0.5,-11.52,-38.56,1496394844
AgrolifeCoin,AGLC,434,0.0472658,0.00001990,,216063.0,4571234.0,204571234.0,,,95.44,1496301878
VirtualCoin,VC,435,0.021346,0.00000888,222.507,214832.0,10064287.0,10064287.0,-0.65,10.5,26.78,1496394854
The Cypherfunks,FUNK,436,0.0000047334,0.000000002,72.2911,209006.0,44155520000.0,44155520000.0,-0.52,-2.69,-16.19,1496394862
BritCoin,BRIT,437,0.00959129,0.00000399,164.963,203988.0,21268092.0,21268092.0,-0.65,80.54,-0.56,1496394853
Pesobit,PSB,438,0.00608169,0.00000253,314.989,198685.0,32669358.0,32669358.0,-0.19,-6.03,-12.66,1496394878
Coin(O),CNO,439,0.00192295,0.00000080,353.198,198277.0,103110782.0,103110782.0,-0.65,69.45,115.16,1496394848
SwagBucks,BUCKS,440,0.939845,0.00039098,2.6436,193180.0,205544.0,205544.0,-17.08,-24.27,-29.2,1496394867
Devcoin,DVC,441,0.0000135400,0.000000006,8.65857,189599.0,14002877500.0,14002877500.0,-2.03,-70.36,-51.53,1496394852
42-coin,42,442,4424.63,1.84066,252.285,185834.0,42.0,42.0,-0.55,-7.51,16.75,1496394847
Kobocoin,KOBO,443,0.00733422,0.00000305,181.29,181157.0,24700248.0,24700248.0,-0.65,16.68,-61.33,1496394859
BillaryCoin,BLRY,444,0.0201441,0.00000838,25.3592,180958.0,8983158.0,8983158.0,-0.59,17.49,-23.69,1496394872
Bitz,BITZ,445,0.0892373,0.00003720,,177662.0,1990891.0,1990891.0,,-0.66,-4.31,1496351362
Tristar Coin,TSTR,446,0.0343849,0.00001500,,172882.0,5027857.0,255027857.0,,,43.5,1496271895
Zero,ZER,447,0.231005,0.00009604,201.475,171699.0,743270.0,743270.0,-8.22,-4.11,-18.98,1496394584
NetCoin,NET,448,0.000216257,0.00000009,87.0737,170222.0,787126712.0,787126712.0,-0.44,-1.86,-19.29,1496394844
Titcoin,TIT,449,0.00317182,0.00000132,154.573,158268.0,49898202.0,49898202.0,6.53,4.21,-26.34,1496394854
Crave,CRAVE,450,0.123918,0.00005155,26.9962,154860.0,1249695.0,1249695.0,-0.61,-23.04,98.11,1496394860
LottoCoin,LOT,451,0.0000102885,0.000000004,18.3645,149091.0,14491014421.0,14491014421.0,0.96,16.78,5.68,1496394847
Vault Coin,VLTC,452,0.00485912,0.00000202,60.1457,144432.0,29723980.0,529723980.0,6.72,-13.96,-19.87,1496394580
Truckcoin,TRK,453,0.00112966,0.00000047,28.6681,138964.0,123013858.0,123013858.0,1.58,18.76,67.57,1496394854
Stress,STS,454,0.000240383,0.00000010,1.01922,135849.0,565134332.0,565134332.0,-0.65,,,1496394868
Cannacoin,CCN,455,0.0287739,0.00001197,95.9822,135170.0,4697672.0,4697672.0,-0.55,-5.05,25.42,1496394851
HoboNickels,HBN,456,0.00276441,0.00000115,292.325,134237.0,48558881.0,48558881.0,-0.59,17.48,91.25,1496394844
PureVidz,VIDZ,457,0.000986786,0.00000041,240.292,123530.0,125184194.0,125184194.0,-0.73,-32.69,0.71,1496394580
Bitcurrency,BTCR,458,0.000708839,0.00000029,107.312,119222.0,168193907.0,168193907.0,-0.59,-1.96,26.58,1496394879
MetalCoin,METAL,459,0.00153845,0.00000064,5.82201,118346.0,76925527.0,76925527.0,-0.59,-19.36,-18.69,1496394859
BitcoinTX,BTX,460,0.00141826,0.00000059,58.4299,114966.0,81061292.0,81061292.0,-40.77,-41.27,-71.32,1496394861
Xiaomicoin,MI,461,0.000279286,0.00000012,279.685,113430.0,406141855.0,406141855.0,19.8,10.84,32.57,1496394865
GAIA,GAIA,462,0.00466575,0.00000198,,112451.0,24101381.0,24101381.0,,-2.42,-14.77,1496340859
C-Bit,XCT,463,0.000793265,0.00000033,50.9503,104541.0,131786000.0,131786000.0,-0.59,2.28,-4.15,1496394869
Coin2.1,C2,464,0.00103278,0.00000043,167.851,103254.0,99976323.0,99976323.0,-0.59,21.66,-13.39,1496394852
Pakcoin,PAK,465,0.00272703,0.00000113,254.118,99879.0,36625600.0,36625600.0,-0.6,-2.84,-23.52,1496394864
Swing,SWING,466,0.0432945,0.00001801,9.4067,98586.0,2277101.0,2277101.0,-0.65,-27.38,-13.53,1496394865
Sterlingcoin,SLG,467,0.0253845,0.00001056,88.0254,98521.0,3881156.0,3881156.0,-0.48,-1.02,-17.1,1496394856
Dollarcoin,DLC,468,0.010649,0.00000443,10.485,96977.0,9106714.0,9106714.0,-0.59,8.89,,1496394877
HyperStake,HYP,469,0.000250763,0.00000010,122.295,96743.0,385796097.0,385796097.0,-1.8,2.46,7.46,1496394854
FlutterCoin,FLT,470,0.000288265,0.00000012,9.3426,92883.0,322214524.0,322214524.0,-0.28,9.42,-18.27,1496394850
TittieCoin,TTC,471,0.0000692493,0.00000003,91.3635,87241.0,1259816434.0,1259816434.0,-0.86,38.69,-4.16,1496394857
WayGuide,WAY,472,0.000865379,0.00000036,2.68181,86573.0,100040708.0,100040708.0,-0.59,-0.45,3.96,1496394876
PayCoin,XPY,473,0.00736876,0.00000307,2.06009,86234.0,11702615.0,11752614.0,-0.65,1.72,-59.91,1496394858
Digital Rupees,DRS,474,0.000168371,0.00000007,197.481,86004.0,510802961.0,510802961.0,-0.73,132.49,102.37,1496394581
BunnyCoin,BUN,475,0.0000008348,0.0000000003,141.726,84660.0,101410442501,101410442501,-0.56,6.74,2.17,1496394856
Elementrem,ELE,476,0.00329103,0.00000137,129.26,82332.0,25016952.0,25016952.0,-0.59,12.69,-33.05,1496394875
KiloCoin,KLC,477,0.000408651,0.00000017,4.08651,80217.0,196297971.0,10025186872.0,-0.59,5.77,7.99,1496394868
Darsek,KED,478,0.00769692,0.00000320,26.1702,75867.0,9856778.0,9856778.0,-0.73,-1.88,-29.37,1496394586
CorgiCoin,CORG,479,0.0000604970,0.00000003,6.37856,75733.0,1251855418.0,1251855418.0,-12.47,1.31,-64.48,1496394849
GameUnits,UNITS,480,0.0217886,0.00000906,133.125,75521.0,3466071.0,3466071.0,-0.73,-14.37,-27.83,1496394580
UFO Coin,UFO,481,0.0000229521,0.00000001,,75433.0,3286548762.0,3286548762.0,,,-9.01,1496273048
Triangles,TRI,482,0.997855,0.00041511,10.4532,72735.0,72891.0,72891.0,-0.65,-15.47,-22.89,1496394854
Artex Coin,ATX,483,0.0037198,0.00000155,69.4388,69542.0,18695075.0,268695075.0,-0.59,2.36,48.64,1496394876
Blakecoin,BLC,484,0.00581727,0.00000242,23.1595,69288.0,11910789.0,11910789.0,-0.65,-0.56,-4.47,1496394846
Valorbit,VAL,485,0.0000240383,0.00000001,12.2595,69045.0,2872295078.0,922340072295078,-0.59,-0.45,-4.71,1496394870
SproutsExtreme,SPEX,486,0.0000240383,0.00000001,12.4999,68908.0,2866607586.0,2866607586.0,-0.59,-0.45,-5.47,1496394869
GlobalBoost-Y,BSTY,487,0.0060204,0.00000250,125.109,68623.0,11398430.0,11398430.0,-21.91,-28.8,-22.86,1496394857
NoLimitCoin,NLC2,488,0.000336536,0.00000014,31.4116,67462.0,200458645.0,200458645.0,-0.59,-12.9,-40.87,1496394876
Guncoin,GUN,489,0.000360508,0.00000015,37.6182,65641.0,182079178.0,182079178.0,-3.18,-0.47,35.51,1496394851
AmberCoin,AMBER,490,0.0014952,0.00000063,,65255.0,43643263.0,43643263.0,,-1.72,-18.81,1496347159
HempCoin,HMP,491,0.0000480766,0.00000002,27.4037,65222.0,1356620306.0,2856620306.0,-0.59,-0.45,85.53,1496394868
Yacoin,YAC,492,0.000552881,0.00000023,4.41339,64194.0,116108714.0,116108714.0,-0.59,-0.45,-8.69,1496394842
CCMiner,CCM100,493,0.0263508,0.00001096,34.9675,63673.0,2416354.0,6000000.0,-0.42,21.11,-10.57,1496394582
Debitcoin,DBTC,494,0.00353363,0.00000147,34.0627,63577.0,17991992.0,25991992.0,-0.59,6.07,2.28,1496394873
ChessCoin,CHESS,495,0.00116648,0.00000049,30.5524,62949.0,53965324.0,53965324.0,-0.55,-3.13,26.87,1496394873
Ratecoin,XRA,496,0.000583131,0.00000024,116.697,61858.0,106079619.0,106079619.0,-0.57,-7.51,-25.34,1496394862
Bitcloud,BTD,497,0.00533651,0.00000222,45.3217,59435.0,11137431.0,11137431.0,-0.59,2.79,61.48,1496394877
Jin Coin,JIN,498,0.00600958,0.00000250,0.300479,59185.0,9848485.0,9848485.0,-0.59,-7.43,,1496394876
Chronos,CRX,499,0.000777521,0.00000032,289.953,57327.0,73729962.0,73729962.0,2.04,9.45,8.77,1496394875
RevolverCoin,XRE,500,0.00259614,0.00000108,192.489,56577.0,21792896.0,21792896.0,-0.59,27.99,-3.96,1496394873
Nyancoin,NYAN,501,0.0001801,0.00000007,73.4346,53650.0,297891209.0,297891209.0,11.42,-5.96,8.89,1496394846
Aricoin,ARI,502,0.000380021,0.00000016,0.946793,53303.0,140262505.0,140262505.0,-1.51,9.24,14.73,1496394846
KushCoin,KUSH,503,0.00981363,0.00000408,30.5106,52930.0,5393522.0,5393522.0,-0.78,-9.26,-20.47,1496394581
AquariusCoin,ARCO,504,0.042303,0.00001760,149.712,51685.0,1221786.0,1221786.0,-0.09,11.92,11.05,1496394871
Zayedcoin,ZYD,505,0.00793265,0.00000330,32.2712,49530.0,6243840.0,6243840.0,-0.59,-1.94,-21.19,1496394876
BigUp,BIGUP,506,0.0000240383,0.00000001,7.88512,49379.0,2054177135.0,2054177135.0,-0.65,-0.45,-35.13,1496394869
DigiCube,CUBE,507,0.0000198927,0.000000008,0.00371626,48322.0,2429126009.0,2429126009.0,0.97,,-21.14,1496394866
SatoshiMadness,MAD,508,0.0000240383,0.00000001,120.432,48093.0,2000683485.0,2000683485.0,-0.59,-0.45,-4.71,1496394865
PonziCoin,PONZI,509,0.0552881,0.00002300,389.398,47609.0,861099.0,861099.0,-0.59,-0.46,-4.67,1496394872
AurumCoin,AU,510,0.160528,0.00006678,149.188,47551.0,296216.0,296216.0,-0.1,-20.83,-30.11,1496394857
Francs,FRN,511,0.0273722,0.00001139,155.221,46919.0,1714100.0,1714100.0,-0.62,-4.36,17.31,1496394867
Sativacoin,STV,512,0.00657363,0.00000274,,46521.0,7076841.0,7076841.0,,17.17,6.98,1496351959
Eternity,ENT,513,0.0149852,0.00000623,304.402,45882.0,3061808.0,3061808.0,-0.35,-14.39,-40.41,1496394880
MiloCoin,MILO,514,0.00442575,0.00000184,96.9162,45538.0,10289235.0,10289235.0,-2.03,14.15,91.57,1496394585
Tigercoin,TGC,515,0.00103365,0.00000043,11.0023,45002.0,43536800.0,43536800.0,-0.59,12.14,36.58,1496394845
MarteXcoin,MXT,516,0.01647,0.00000685,0.120693,44933.0,2728161.0,2728161.0,0.23,24.75,-45.17,1496394872
RedCoin,RED,517,0.000600958,0.00000025,17.0314,44536.0,74107896.0,74107896.0,2.58,-2.5,-37.28,1496394846
PX,PX,518,0.00057692,0.00000024,87.164,44299.0,76786142.0,76786142.0,-0.59,19.46,52.67,1496394876
AmsterdamCoin,AMS,519,0.00457605,0.00000190,118.629,43947.0,9603707.0,16803707.0,-0.65,-3.99,8.19,1496394864
BurstOcean,OCEAN,520,0.205078,0.00008526,17.042,43441.0,211827.0,1000000.0,-0.42,52.25,41.94,1496394585
Evotion,EVO,521,0.017256,0.00000718,166.417,42609.0,2469220.0,2469220.0,-0.16,-12.87,-63.51,1496394867
ICOBID,ICOB,522,0.000410042,0.00000017,395.104,42588.0,103862796.0,103862796.0,-0.75,-10.1,-0.63,1496394581
UniCoin,UNIC,523,0.0140209,0.00000583,174.656,40819.0,2911323.0,2911323.0,-0.59,-0.18,7.18,1496394862
Joulecoin,XJO,524,0.00126395,0.00000053,38.0576,40768.0,32254344.0,32254344.0,-0.5,-6.54,3.27,1496394844
UCoin,U,525,0.0149038,0.00000620,5.9347,40088.0,2689812.0,2689812.0,-0.59,-0.45,-5.92,1496394858
808Coin,808,526,0.000192548,0.00000008,147.677,39655.0,205949739.0,205949739.0,-0.58,-1.11,18.39,1496394874
Lex4All,LEX,527,0.0383805,0.00001596,176.551,38382.0,1000043.0,5000000.0,-0.42,29.64,-27.01,1496394584
BTCDragon,DRAGON,528,0.091655,0.00003811,100.821,37042.0,404146.0,1000000.0,-0.42,-47.77,-31.85,1496394583
OctoCoin,888,529,0.000764675,0.00000032,125.736,36983.0,48364308.0,48364308.0,-0.51,-34.92,26.21,1496394849
Franko,FRK,530,0.0570189,0.00002372,1.35877,36318.0,636950.0,636950.0,-0.5,,-50.83,1496394843
SpaceCoin,SPACE,531,0.0020205,0.00000084,3.10754,35951.0,17793275.0,17793275.0,-0.8,-8.87,0.99,1496394865
Universal Currency,UNIT,532,0.00275214,0.00000114,111.857,35906.0,13046431.0,13046431.0,-0.5,64.16,-51.18,1496394863
WMCoin,WMC,533,0.0030769,0.00000128,0.476295,35469.0,11527489.0,911527489.0,-0.65,5.3,,1496394872
Universe,UNI,534,0.0119062,0.00000495,109.188,35347.0,2968748.0,14168748.0,-0.73,5.6,-1.17,1496394586
Bolivarcoin,BOLI,535,0.00533751,0.00000222,470.682,34589.0,6480325.0,6480325.0,-14.1,-6.66,7.76,1496394864
PopularCoin,POP,536,0.0000103472,0.000000004,33.7834,34587.0,3342668661.0,3342668661.0,-3.8,2.22,10.15,1496394850
Cypher,CYP,537,0.00543266,0.00000226,245.816,34580.0,6365285.0,6365285.0,-0.59,9.74,,1496394861
Photon,PHO,538,0.0000019093,0.0000000008,38.7091,34054.0,17835674256.0,17835674256.0,-1.89,28.6,29.24,1496394850
Dobbscoin,BOB,539,0.0065865,0.00000274,0.934493,33330.0,5060382.0,5060382.0,-0.65,-1.21,-1.3,1496394855
Solarflarecoin,SFC,540,0.0023572,0.00000098,41.1327,32338.0,13718750.0,13718750.0,1.69,10.91,-10.38,1496394582
Evil Coin,EVIL,541,0.00151119,0.00000063,0.872396,31766.0,21020383.0,21020383.0,-0.58,-3.93,-4.91,1496394868
CryptoWorldX Token,CWXT,542,0.000577272,0.00000024,5.81566,31566.0,54680540.0,54680540.0,-0.73,9.96,-9.16,1496394582
Uro,URO,543,0.0258893,0.00001077,59.6472,31256.0,1207310.0,1207310.0,-0.59,-2.45,-13.03,1496394853
RonPaulCoin,RPC,544,0.0386314,0.00001607,18.2582,30479.0,788975.0,788975.0,-0.5,-5.67,-8.46,1496394845
FlavorCoin,FLVR,545,0.00143906,0.00000060,8.78533,30074.0,20898106.0,20898106.0,0.11,3.06,103.09,1496394868
Dreamcoin,DRM,546,0.0120275,0.00000503,,29311.0,2436996.0,2436996.0,,-0.98,,1496330352
Creatio,XCRE,547,0.00140948,0.00000059,176.104,28923.0,20520514.0,20520514.0,-0.73,-2.69,38.1,1496394579
SixEleven,611,548,0.0694707,0.00002890,9.01314,28626.0,412062.0,412062.0,-0.59,-21.18,-68.94,1496394872
Hommalicoin,HMC,549,11.7946,0.00496011,,28528.0,2419.0,1000000000.0,,,,1496299177
Zurcoin,ZUR,550,0.000360575,0.00000015,24.1475,28476.0,78973482.0,78973482.0,-0.59,6.66,7.23,1496394872
NeuCoin,NEU,551,0.0000141172,0.000000006,1.47501,28104.0,1990764588.0,2014638413.0,-0.34,25.02,-71.17,1496394865
CoExistCoin,COXST,552,0.00101479,0.00000042,19.648,27540.0,27138905.0,27138905.0,-23.05,-32.51,-66.17,1496394871
Bitzeny,ZNY,553,0.000360575,0.00000015,55.6584,27265.0,75614500.0,75614500.0,-0.59,-0.45,6.43,1496394863
Unrealcoin,URC,554,0.00379805,0.00000158,19.998,26679.0,7024402.0,7024402.0,-0.59,,14.06,1496394861
BumbaCoin,BUMBA,555,0.00120192,0.00000050,22.4336,26376.0,21944828.0,21944828.0,-0.59,-7.0,-23.15,1496394870
HealthyWormCoin,WORM,556,0.00168371,0.00000070,41.8878,26310.0,15626351.0,15626351.0,-0.73,-0.36,-47.89,1496394585
PayCon,CON,557,0.00113566,0.00000047,62.3482,26169.0,23042604.0,23042604.0,3.24,-16.63,-22.38,1496394859
GoldPieces,GP,558,0.0210091,0.00000874,382.579,25634.0,1220161.0,1220161.0,-9.15,-8.94,-31.06,1496394858
Grantcoin,GRT,559,0.000600958,0.00000025,152.481,24836.0,41326601.0,10041326601.0,-0.59,,-4.3,1496394864
Destiny,DES,560,0.0153845,0.00000640,0.240624,24615.0,1600000.0,1600000.0,-0.65,0.33,25.48,1496394868
Cannation,CNNC,561,0.0100008,0.00000416,119.898,24543.0,2454088.0,2454088.0,49.06,-8.2,-16.48,1496394590
AntiBitcoin,ANTI,562,0.00140333,0.00000058,,24509.0,17465159.0,17465159.0,,0.2,31.53,1496385567
CryptoEscudo,CESC,563,0.000168268,0.00000007,32.6376,24248.0,144105100.0,594105100.0,-5.94,-0.45,-4.7,1496394849
Theresa May Coin,MAY,564,0.00156345,0.00000065,101.009,23882.0,15275100.0,15275100.0,-0.73,-13.65,,1496394590
X-Coin,XCO,565,0.00192307,0.00000080,11.4198,23817.0,12384976.0,12384976.0,-11.63,-0.45,-12.38,1496394860
ARbit,ARB,566,0.00357811,0.00000149,,23148.0,6469295.0,6469295.0,,-0.55,9.11,1496362165
PlatinumBAR,XPTX,567,0.1324,0.00005562,,23085.0,174356.0,174356.0,,-1.42,4.79,1496364572
B3Coin,B3,568,0.0737976,0.00003070,67.7069,22672.0,307215.0,307215.0,-0.39,12.58,22.24,1496394876
SoonCoin,SOON,569,0.00177884,0.00000074,41.6868,22169.0,12462620.0,12462620.0,6.55,-17.23,-27.3,1496394859
LeaCoin,LEA,570,0.0000792115,0.00000003,24.7717,21879.0,276216089.0,276216089.0,-1.84,63.79,-25.18,1496394860
BiosCrypto,BIOS,571,0.00104052,0.00000043,0.272063,21577.0,20737003.0,20737003.0,-0.63,-12.02,25.82,1496394863
ParallelCoin,DUO,572,0.0740604,0.00003081,316.841,21292.0,287489.0,287489.0,-1.37,-1.15,-34.66,1496394868
Ride My Car,RIDE,573,0.000204122,0.00000008,46.7152,20636.0,101097205.0,101097205.0,0.6,-8.89,-24.54,1496394583
MindCoin,MND,574,0.00161057,0.00000067,14.8748,20207.0,12546625.0,12546625.0,-0.65,-0.45,9.48,1496394866
Flaxscript,FLAX,575,0.00362979,0.00000151,1.65714,19950.0,5496137.0,5496137.0,-0.59,-3.02,10.88,1496394863
Litecred,LTCR,576,0.000646404,0.00000027,142.754,19539.0,30227750.0,30227750.0,14.39,-29.1,82.41,1496394867
DAPPSTER,DLISK,577,0.000192307,0.00000008,0.240383,19231.0,100000000.0,100000000.0,-0.59,-0.45,-15.3,1496394874
SongCoin,SONG,578,0.000583583,0.00000024,29.4042,19005.0,32565300.0,32565300.0,-2.0,11.62,-17.12,1496394860
PLNcoin,PLNC,579,0.00110576,0.00000046,1.17324,18897.0,17089600.0,19089600.0,-0.5,1.76,8.93,1496394850
IslaCoin,ISL,580,0.0124759,0.00000519,19.0581,18885.0,1513704.0,1513704.0,-0.59,1.5,-17.3,1496394865
Magnum,MGM,581,0.00516496,0.00000225,,18734.0,3627150.0,253627150.0,,,-34.56,1496272491
Luna Coin,LUNA,582,0.0151214,0.00000629,228.84,18560.0,1227386.0,1227386.0,1.51,0.93,-4.16,1496394581
Impact,IMX,583,0.000168371,0.00000007,52.9166,18405.0,109314611.0,109314611.0,-0.73,-15.97,-37.46,1496394585
VIP Tokens,VIP,584,0.000216345,0.00000009,2.64431,18054.0,83450403.0,83450403.0,-10.53,-10.41,-14.24,1496394869
Alexium,AUM,585,0.000889418,0.00000037,1.23143,18053.0,20297336.0,20297336.0,-0.65,-3.08,3.81,1496394863
SecretCoin,SCRT,586,0.00425478,0.00000177,0.425478,17992.0,4228672.0,4228672.0,-0.59,1.26,24.02,1496394866
BipCoin,BIP,587,0.0127884,0.00000532,44.1711,17186.0,1343889.0,1343889.0,-0.59,-6.6,-41.47,1496394879
Halcyon,HAL,588,0.00367786,0.00000153,15.0643,17098.0,4648906.0,4648906.0,-0.59,0.2,-27.25,1496394855
GameBet Coin,GBT,589,0.000793265,0.00000033,0.66103,16867.0,21262780.0,22262780.0,-0.59,,-5.34,1496394871
Vector,VEC2,590,0.00105769,0.00000044,102.448,16756.0,15841730.0,15841730.0,-0.59,-50.79,-46.17,1496394865
Steps,STEPS,591,0.000889418,0.00000037,0.444709,16565.0,18625017.0,18625017.0,-0.59,-0.45,-2.06,1496394865
Sling,SLING,592,0.015072,0.00000627,1.18153,16189.0,1074095.0,1074095.0,-0.59,-1.43,4.84,1496394862
Orlycoin,ORLY,593,0.00043269,0.00000018,0.264397,15857.0,36646779.0,36646779.0,-0.5,5.4,13.51,1496394872
Blackstar,BSTAR,594,0.0000240530,0.00000001,103.363,15173.0,630795971.0,630795971.0,-0.73,-0.36,-4.64,1496394580
AnarchistsPrime,ACP,595,0.00341928,0.00000142,150.302,15027.0,4394874.0,4394874.0,-0.59,1.1,-7.31,1496394863
Prototanium,PR,596,0.0770755,0.00003206,30.2485,14988.0,194462.0,194462.0,-0.62,-20.21,-27.5,1496394865
BowsCoin,BSC,597,0.00269229,0.00000112,2.07489,14942.0,5550102.0,5550102.0,-0.65,,52.65,1496394862
MustangCoin,MST,598,0.0232766,0.00000968,39.7095,14634.0,628710.0,628710.0,-0.59,-3.85,-48.84,1496394877
FuzzBalls,FUZZ,599,0.0029747,0.00000124,398.111,14368.0,4829945.0,4829945.0,0.62,1.21,-7.74,1496394871
BitQuark,BTQ,600,0.00199518,0.00000083,35.9752,14277.0,7155671.0,7155671.0,0.63,7.3,-46.73,1496394852
Firecoin,FIRE,601,0.144422,0.00006008,2.61772,14213.0,98412.0,98412.0,-0.59,-0.39,-49.99,1496394854
GuccioneCoin,GCC,602,0.000697111,0.00000029,2.45092,14141.0,20285537.0,23775537.0,-0.59,-9.79,-13.23,1496394864
Crypto,CTO,603,0.00141826,0.00000059,154.133,14071.0,9921107.0,9921107.0,-0.65,-8.23,-31.89,1496394861
Scorecoin,SCORE,604,0.000836606,0.00000035,4.68252,13931.0,16651760.0,16651760.0,-0.73,4.56,-26.47,1496394587
Sprouts,SPRTS,605,0.0000000776,0.00000000003,27.673,13556.0,174597174065,174597174065,0.23,38.06,-73.16,1496394863
BlazeCoin,BLZ,606,0.0000222057,0.000000009,2.75927,13513.0,608557394.0,608557394.0,-2.24,-0.11,12.18,1496394853
OsmiumCoin,OS76,607,0.0148316,0.00000617,1.9991,13260.0,894026.0,894026.0,-0.65,39.27,1.72,1496394865
BitTokens,BXT,608,0.0252402,0.00001050,6.02754,13104.0,519174.0,519174.0,-0.59,-23.57,135.3,1496394875
GPU Coin,GPU,609,0.000320551,0.00000013,208.715,12975.0,40477042.0,51530001.0,-0.14,2.25,13.26,1496394873
Money,$$$,610,0.000282527,0.00000012,93.0167,12964.0,45887218.0,45887218.0,-0.74,8.5,-27.03,1496394866
Speedcash,SCS,611,0.0495492,0.00002060,11.7909,12933.0,261021.0,476108.0,-0.73,-0.3,12.88,1496394588
JobsCoin,JOBS,612,0.000120192,0.00000005,130.288,12743.0,106019270.0,200019300.0,-0.59,-0.45,19.11,1496394879
LetItRide,LIR,613,0.000360575,0.00000015,91.7397,12716.0,35265887.0,35265887.0,-0.59,113.31,14.37,1496394874
Cabbage,CAB,614,0.00117788,0.00000049,95.5237,12368.0,10499996.0,10499996.0,-0.59,12.41,2.85,1496394870
Solaris,XLR,615,0.0721818,0.00003001,278.536,12173.0,168637.0,268637.0,-0.85,-7.47,-40.65,1496394585
TAGRcoin,TAGR,616,0.000312498,0.00000013,2.98614,12084.0,38669634.0,38669634.0,-0.59,-19.12,-25.31,1496394863
Metal Music Coin,MTLMC3,617,0.000147185,0.00000006,15.4084,11733.0,79719140.0,79719140.0,-0.65,-13.68,2.46,1496394862
WARP,WARP,618,0.010649,0.00000443,1.43761,11663.0,1095224.0,1095224.0,-0.59,2.79,0.75,1496394868
Bitcoin 21,XBTC21,619,0.0145198,0.00000655,,11516.0,793108.0,7093108.0,,,-38.71,1496220571
Comet,CMT,620,0.0124325,0.00000517,2.12973,10851.0,872830.0,872830.0,-0.65,-51.42,0.04,1496394873
Iconic,ICON,621,0.0182906,0.00000750,,10844.0,592894.0,592894.0,,1.02,-14.69,1496321984
Abncoin,ABN,622,0.157972,0.00006568,76.4856,10695.0,67700.0,4734367.0,-4.86,77.97,-21.37,1496394581
TajCoin,TAJ,623,0.00180318,0.00000075,51.7383,10405.0,5770463.0,5770463.0,-3.02,1.5,18.88,1496394876
VapersCoin,VPRC,624,0.0000131581,0.000000005,19.9926,10265.0,780124964.0,1635124964.0,-0.5,116.9,-45.34,1496394875
EGO,EGO,625,0.000168268,0.00000007,0.5168,10096.0,60000001.0,60000001.0,-0.59,16.14,-4.71,1496394878
Zonecoin,ZNE,626,0.00367786,0.00000153,1.78304,9496.0,2581970.0,2581970.0,-0.65,0.2,19.37,1496394875
G3N,G3N,627,0.00124999,0.00000052,2.49929,9452.0,7561891.0,7561891.0,-0.59,-2.33,-8.24,1496394862
Xonecoin,XOC,628,0.0221393,0.00000921,0.504781,9299.0,420000.0,420000.0,-0.59,20.63,-2.49,1496394876
High Voltage,HVCO,629,0.00611441,0.00000256,,9136.0,1494171.0,1694171.0,,-1.09,72.33,1496333672
Bitvolt,VOLT,630,0.000601325,0.00000025,453.793,9088.0,15112554.0,60132654.0,-13.43,-8.32,-35.11,1496394588
1CRedit,1CR,631,0.102374,0.00004246,,9031.0,88213.0,88213.0,,-0.15,-32.36,1496373868
Cashcoin,CASH,632,0.000244984,0.00000011,,8778.0,35831128.0,35831128.0,,,-19.44,1496155747
iBank,IBANK,633,0.00188531,0.00000079,,8534.0,4526324.0,4526324.0,,-1.14,-0.34,1496357683
Elysium,ELS,634,0.00197863,0.00000082,5.27397,7924.0,4005012.0,4005012.0,-0.73,104.91,59.3,1496394582
DPAY,DPAY,635,0.0000961533,0.00000004,2.44068,7648.0,79541001.0,79541001.0,-0.59,-0.45,,1496394878
Hirocoin,HIRO,636,0.0000240383,0.00000001,2.40383,7487.0,311476013.0,311476013.0,-0.65,-0.45,-4.71,1496394849
ImpulseCoin,IMPS,637,0.000360575,0.00000015,39.2419,7300.0,20245510.0,20245510.0,-0.65,-0.46,29.94,1496394878
PosEx,PEX,638,0.00281248,0.00000117,9.05944,6900.0,2453240.0,2453240.0,-0.65,-1.3,-11.51,1496394869
Dix Asset,DIX,639,0.0000000681,0.00000000003,31.3345,6812.0,100000000000,100000000000,-2.46,6.04,-32.56,1496394580
JIO Token,JIO,640,0.00339147,0.00000141,341.926,6471.0,1908128.0,8888888.0,-0.73,-2.44,22.78,1496394580
Argus,ARGUS,641,0.0055743,0.00000232,101.513,6401.0,1148324.0,5194373.0,0.12,-57.53,-8.3,1496394583
SydPak,SDP,642,0.0403123,0.00001677,214.146,6391.0,158533.0,158533.0,-0.59,21.23,15.88,1496394865
Shilling,SH,643,0.0019471,0.00000081,86.5379,6274.0,3222000.0,3222000.0,-0.59,-6.58,15.41,1496394877
Printerium,PRX,644,0.000680593,0.00000028,15.1374,6176.0,9074428.0,9074428.0,-0.73,-4.58,-2.59,1496394582
Concoin,CONX,645,0.0083989,0.00000349,110.253,5777.0,687849.0,1538849.0,-0.62,-11.82,65.03,1496394587
Coinonat,CXT,646,0.00262466,0.00000109,147.161,5581.0,2126402.0,8126402.0,-0.67,-6.37,-23.3,1496394587
Future Digital Currency,FDC,647,0.00216477,0.00000090,60.1325,5579.0,2577301.0,1002577301.0,-44.19,-35.73,-28.03,1496394579
Antilitecoin,ALTC,648,0.000168268,0.00000007,6.86962,5303.0,31512613.0,31512613.0,-0.59,13.13,-13.33,1496394869
Qibuck Asset,QBK,649,0.00343706,0.00000143,34.3706,5005.0,1456187.0,2000000.0,-0.42,9.8,-38.15,1496394590
Save and Gain,SANDG,650,0.00141989,0.00000064,,4352.0,3064800.0,3064800.0,,,10.36,1496226272
GeertCoin,GEERT,651,0.000818384,0.00000034,113.679,4164.0,5088039.0,5088039.0,-0.69,-7.58,-30.84,1496394584
BioBar,BIOB,652,0.00454602,0.00000189,54.7374,4027.0,885756.0,985756.0,-0.2,-26.87,-4.59,1496394586
NodeCoin,NODC,653,0.00221639,0.00000097,,3720.0,1678439.0,5878439.0,,,33.12,1496270080
Revenu,REV,654,0.00278844,0.00000116,25.5682,3334.0,1195525.0,1195525.0,-0.59,-0.45,-8.65,1496394870
Selfiecoin,SLFI,655,0.0000240383,0.00000001,0.480766,2592.0,107829281.0,107829281.0,-0.65,-0.45,-4.71,1496394860
P7Coin,P7C,656,0.0000721150,0.00000003,0.899009,2540.0,35220238.0,35220238.0,-0.59,,,1496394861
Pulse,PULSE,657,0.000176797,0.00000007,128.245,2528.0,14298972.0,14298972.0,-0.11,-61.57,-83.27,1496394870
Californium,CF,658,0.0193749,0.00000806,186.809,2153.0,111110.0,111110.0,-0.59,-0.95,-5.18,1496394861
Doubloon,BOAT,659,0.000526564,0.00000022,242.039,1868.0,3547845.0,18547845.0,-0.68,-12.53,-35.7,1496394583
Dollar Online,DOLLAR,660,0.0152496,0.00000634,135.719,1348.0,88379.0,10088379.0,26.12,-8.84,34.36,1496394580
Enigma,XNG,661,0.0798072,0.00003320,215.293,1327.0,16627.0,66627.0,-0.59,-12.8,-10.8,1496394871
GanjaCoin,420G,662,0.00187499,0.00000078,28.0479,1262.0,672975.0,1741116.0,-0.65,-74.13,-94.6,1496394857
Impeachcoin,IMPCH,663,0.00370416,0.00000154,6.58776,1142.0,308179.0,2501512.0,-0.73,-14.75,-49.53,1496394583
23 Skidoo,CHAO,664,3629.85,1.51003,151.034,917.0,0.0,0.0,-0.59,-0.45,-64.59,1496394864
Zcashshare,ZHS,665,0.000216345,0.00000009,2.1558,611.0,2826000.0,2826000.0,-0.59,-0.45,,1496394880
Digital Credits,DGCS,666,0.0000961533,0.00000004,193.014,560.0,5826388.0,201284316.0,-0.59,-20.36,-52.85,1496394866
PizzaCoin,PIZZA,667,0.00028846,0.00000012,41.4357,397.0,1377917.0,10127917.0,16.96,70.65,63.36,1496394875
CRTCoin,CRT,668,0.00480766,0.00000200,0.0000000240,381.0,79270.0,10079270.0,-0.65,-0.45,-4.72,1496394851
SwapToken,TOKEN,669,0.0000102567,0.000000004,48.5647,360.0,35110531.0,35110531.0,-7.96,-50.43,129.78,1496394875
Xenixcoin,XEN,670,0.0264421,0.00001100,36.0575,267.0,10100.0,10010100.0,-0.59,68.18,-63.75,1496394880
CaliphCoin,CALC,671,0.00110832,0.00000046,4.76163,97.0,87140.0,148587140.0,-0.65,35.61,-46.34,1496394877
MikeTheMug,MUG,672,0.0000051456,0.000000002,,5.0,999279.0,1000000.0,,,,1496047185
BTCGold,XBG,673,0.136044,0.00005656,27.5997,,,99000001.0,-0.73,81.79,-47.63,1496394588
Soarcoin,SOAR,674,0.0191956,0.00000798,315.769,,,5000000000.0,-4.5,21.95,13.47,1496394586
Project-X,NANOX,675,300663.0,125.0,3883.33,,,1.0,-0.73,-56.48,,1496394590
Internet of Things,XOT,676,1212.62,0.504146,1535.38,,,21000000.0,-0.16,18.92,36.98,1496394587
AMIS,AMIS,677,277.548,0.115061,,,,,0.3,-6.86,-42.56,1496391890
Bitcoin Unlimited (Futures),BTU,678,136.772,0.0568626,539.317,,,,-0.31,0.22,-29.11,1496394585
Malcoin,MALC,679,31.3503,0.0130339,42332.7,,,1000000000.0,-0.73,-0.36,-4.51,1496394588
GoldUnionCoin,GUC,680,21.8882,0.0091,24119.0,,,210000000.0,-0.73,7.28,-3.66,1496394588
Qtum (Pre-Launch),QTUM,681,9.92711,0.00412718,42828800.0,,,100000000.0,-6.2,49.55,91.79,1496394590
ZenCash,ZEN,682,8.01788,0.00333342,9155.1,,,1388988.0,-26.5,,,1496394590
Fargocoin,FRGC,683,6.73732,0.00280103,390475.0,,,443806726.0,-0.49,-5.64,-3.08,1496394580
EcoCoin,ECO,684,3.7974,0.00157876,99553.9,,,1093895.0,-2.67,2.16,-24.52,1496394590
Internet of People,IOP,685,3.55581,0.00147922,1669.38,,,2139403.0,-0.65,-2.89,21.16,1496394880
DECENT (Pre-Launch),DCT,686,2.84682,0.00118428,5682.0,,,73290000.0,-0.59,-0.31,-33.62,1496394881
PRIZM,PZM,687,1.07302,0.00044611,32404.4,,,,-0.73,20.13,-0.19,1496394589
Bitcore,BTX,688,1.07019,0.00044493,29048.5,,,16360241.0,1.58,-9.6,-53.29,1496394589
DynamicCoin,DMC,689,0.998104,0.00041521,279769.0,,,10541442931.0,-0.08,0.03,0.04,1496394878
OBITS.WARRANT,WARRANT,690,0.997319,0.00041463,1969.89,,,,-1.58,,,1496394590
Aeternity (Pre-Launch),AE,691,0.817802,0.00034,971.704,,,,-0.73,,,1496394592
Databits,DTB,692,0.812246,0.00033769,113615.0,,,,0.85,1.49,-6.37,1496394586
Bitgem,BTG,693,0.793865,0.00033025,22.3181,,,,-0.5,-6.08,-20.01,1496394842
TechShares,THS,694,0.594595,0.00024735,54.1405,,,646359158.0,-0.46,-6.06,-15.82,1496394875
XDE II,XDE2,695,0.579273,0.00024083,11.9394,,,42249.0,-0.73,-1.46,9.37,1496394585
LEOcoin,LEO,696,0.485576,0.000202,259977.0,,,92909273.0,0.24,6.14,14.8,1496394863
InvisibleCoin,IVZ,697,0.385262,0.00016027,97.674,,,,81.49,161.07,,1496394865
WA Space,WA,698,0.368363,0.00015324,42391.3,,,,-0.58,-4.8,5.42,1496394879
GAY Money,GAY,699,0.34606,0.00014396,23.7235,,,5603045766.0,2.47,-39.92,-2.53,1496394877
ZenGold,ZENGOLD,700,0.341143,0.00014183,961.056,,,,-2.96,44.6,,1496394590
ClubCoin,CLUB,701,0.27654,0.00011504,30358.4,,,90899180.0,1.81,-4.55,-15.89,1496394867
TeslaCoilCoin,TESLA,702,0.267715,0.00011137,166.033,,,100000000.0,-0.65,-51.78,-33.78,1496394872
Yogold,YOG,703,0.264752,0.00011007,11.602,,,100000000.0,-0.73,-0.24,-28.46,1496394585
TROPTIONS,TROPTIONS,704,0.248173,0.00010598,,,,1000000001.0,,,,1496287780
Zilbercoin,ZBC,705,0.230277,0.00009574,60805.8,,,9008986.0,1.96,-5.98,-43.76,1496394581
Pabyosi Coin (Special),PCS,706,0.164876,0.00006855,5730.47,,,30993751760.0,-7.12,-2.5,9.51,1496394580
AlpaCoin,APC,707,0.160095,0.00006660,724.984,,,,0.7,11.14,23.47,1496394867
Golos Gold,GBG,708,0.157451,0.00006546,9651.19,,,,-3.17,9.58,-16.9,1496394582
Quartz,QRZ,709,0.144318,0.00006000,2401.89,,,21000000.0,-16.31,-68.53,,1496394590
Tattoocoin (Limited Edition),TLE,710,0.130076,0.00005400,,,,975531.0,-0.59,53.36,16.02,1496391590
EquiTrader,EQT,711,0.127481,0.00005300,77719.4,,,7663160.0,-0.73,-0.36,1.09,1496394590
Wowecoin,WEC,712,0.104,0.00004326,12080.7,,,8901692.0,-0.0,-0.0,3.94,1496394875
LandCoin,LDCN,713,0.0951763,0.00003957,26775.6,,,19003881978.0,-6.39,26.62,130.39,1496394580
DeusCoin,DEUS,714,0.0871922,0.00003625,6055.37,,,,-0.73,-2.35,-29.21,1496394587
Omicron,OMC,715,0.072115,0.00003000,0.394204,,,10134100.0,-0.59,,-5.87,1496394877
InsaneCoin,INSN,716,0.0689063,0.00002865,2827.02,,,18528278.0,-0.8,17.77,15.69,1496394590
WavesGo,WGO,717,0.0673817,0.00002801,642.154,,,10000000.0,-0.73,-25.99,7.12,1496394587
Fazzcoin,FAZZ,718,0.0542154,0.00002254,336.638,,,1022574810.0,1.49,23.68,-37.24,1496394587
Elacoin,ELC,719,0.0420728,0.00001727,,,,,,0.85,31.9,1496326751
Topaz Coin,TOPAZ,720,0.0397648,0.00001653,97.6625,,,38020.0,-0.73,-70.58,-88.6,1496394588
International Diamond,XID,721,0.038234,0.00001588,,,,,,-0.29,,1496373575
CryptoBuck,BUK,722,0.0310578,0.00001292,0.434809,,,,-0.34,10.01,23.48,1496394856
DeltaCredits,DCRE,723,0.0292546,0.00001217,2.04869,,,,-0.59,,,1496394865
President Johnson,GARY,724,0.0284056,0.00001182,115.954,,,57968072167.0,-0.58,-1.07,7.86,1496394875
RHFCoin,RHFC,725,0.0268676,0.00001117,16397.8,,,200156890.0,-0.73,-16.32,-7.94,1496394587
IvugeoCoin,IEC,726,0.0239181,0.00000995,0.79427,,,,-0.65,0.05,,1496394861
EDRCoin,EDRC,727,0.0216104,0.00000899,14261.9,,,3407292.0,-3.71,-10.29,-42.11,1496394871
ShellPay,SHELL,728,0.0203974,0.00000849,15392.6,,,,-2.25,-0.25,-22.72,1496394863
Avoncoin,ACN,729,0.0196754,0.00000818,2573.93,,,,-1.46,-0.01,-17.42,1496394582
Lepaoquan,HLB,730,0.0181963,0.00000757,852158.0,,,935498588.0,-10.16,-3.29,-37.5,1496394881
Gycoin,GYC,731,0.0166021,0.00000691,12813.6,,,22213403.0,3.07,-5.86,-20.43,1496394874
Digitalfund,DTF,732,0.0155549,0.00000647,22511.6,,,54000053.0,19.91,12.78,-22.14,1496394876
KolschCoin,TP1,733,0.0147961,0.00000620,,,,,,-1.17,31.21,1496357661
PiCoin,PI,734,0.0144318,0.00000600,28.8636,,,1378369.0,-0.73,188.8,90.73,1496394588
Mind Gene,MG,735,0.0120192,0.00000500,5965.35,,,,-7.61,-6.65,-7.65,1496394878
Sharkcoin,SAK,736,0.00918264,0.00000382,2791.35,,,,-2.97,-3.53,2.53,1496394860
Tyrocoin,TYC,737,0.00793749,0.00000330,21.6477,,,50132500.0,-0.73,3.07,,1496394589
Opal,OPAL,738,0.00697111,0.00000290,2809.24,,,,-0.87,9.63,-5.66,1496394856
First Bitcoin,BIT,739,0.00664992,0.00000277,931.961,,,20706894430.0,-0.59,0.6,4.56,1496394874
Goldpay Coin,GP,740,0.00661816,0.00000275,39350.0,,,,-7.05,3.19,-21.57,1496394589
9COIN,9COIN,741,0.00656647,0.00000273,740.337,,,350050250.0,-0.73,-33.66,53.68,1496394589
Slimcoin,SLM,742,0.00649035,0.00000270,7.2115,,,13925626.0,-0.65,78.91,,1496394859
Helleniccoin,HNC,743,0.00624996,0.00000260,7539.27,,,,-0.93,-26.22,51.99,1496394863
Xaucoin,XAU,744,0.00579323,0.00000241,0.926918,,,,-0.65,-0.04,-5.64,1496394859
Psilocybin,PSY,745,0.0057692,0.00000240,16.4502,,,,-0.59,-9.85,-13.73,1496394870
GBCGoldCoin,GBC,746,0.00568637,0.00000237,70.6185,,,,14.07,-12.55,-25.44,1496394866
EggCoin,EGG,747,0.00562322,0.00000237,,,,,,,,1496295864
Axiom,AXIOM,748,0.00475959,0.00000198,26.4911,,,,-0.59,-0.95,-5.85,1496394863
Quotient,XQN,749,0.00461536,0.00000192,57.9628,,,,73.42,59.27,27.95,1496394858
GoldReserve,XGR,750,0.00454324,0.00000189,1958.48,,,17161677.0,6.85,5.86,-5.36,1496394854
netBit,NBIT,751,0.00423074,0.00000176,0.343267,,,,-0.65,3.67,21.53,1496394879
BagCoin,BGC,752,0.00415286,0.00000173,81771.6,,,497214120.0,-10.92,-6.21,-13.5,1496394874
Dashs,DASHS,753,0.00401685,0.00000167,78.6546,,,,-0.78,-12.42,-56.94,1496394587
Bitcoin Scrypt,BTCS,754,0.00389421,0.00000162,44.5026,,,,-0.5,1.74,-10.26,1496394850
AvatarCoin,AV,755,0.00352518,0.00000159,,,,,,,13.61,1496159368
President Trump,PRES,756,0.00275935,0.00000115,256.885,,,57968072167.0,-0.5,-4.95,-22.33,1496394876
ZSEcoin,ZSE,757,0.00266827,0.00000111,125.267,,,6380510.0,-0.76,-14.39,-62.27,1496394585
Clinton,CLINT,758,0.00259614,0.00000108,3.89421,,,,-0.59,-0.45,9.48,1496394871
RoyalCoin 2,RYCN,759,0.00245848,0.00000103,,,,2500124.0,,-1.16,-18.79,1496333388
BitcoinFast,BCF,760,0.00245004,0.00000102,309.925,,,,2.88,-26.29,-32.75,1496394858
GameLeagueCoin,GML,761,0.00237139,0.00000103,,,,,,,7.54,1496142551
OCOW,OCOW,762,0.00227517,0.00000099,,,,,,,-8.9,1496142268
TrickyCoin,TRICK,763,0.00221153,0.00000092,14.2653,,,,-0.65,-3.6,-26.33,1496394860
Neptune Classic,NTCC,764,0.00218882,0.00000091,1703.14,,,,-0.73,-5.55,58.43,1496394583
Digital Bullion Gold,DBG,765,0.00216345,0.00000090,142.042,,,24523275.0,27.82,99.09,94.91,1496394873
VGINA,VGINA,766,0.0021059,0.00000095,,,,11603228.0,,,136.19,1496238289
RichCoin,RICHX,767,0.00210122,0.00000093,,,,5925522.0,,,,1496167172
Advanced Internet Blocks,AIB,768,0.00200067,0.00000083,93.3978,,,31411916876.0,18.48,22.25,-10.88,1496394861
Condensate,RAIN,769,0.0018501,0.00000077,942.521,,,42978104.0,0.23,9.36,-14.69,1496394589
Mavro,MAVRO,770,0.00168043,0.00000070,,,,15005722.0,,-0.56,-25.8,1496349588
MMXVI,MMXVI,771,0.00161057,0.00000067,75.7895,,,,-0.59,0.87,-55.77,1496394868
UR,UR,772,0.00156345,0.00000065,203.216,,,,17.27,17.86,10.56,1496394583
Motocoin,MOTO,773,0.0015227,0.00000063,1.33449,,,,-0.65,83.23,163.83,1496394852
TodayCoin,TODAY,774,0.00124999,0.00000052,17.6075,,,,1.36,-2.33,4.02,1496394875
RoyalCoin,ROYAL,775,0.0011996,0.00000050,107.245,,,2500124.0,-0.59,26.22,22.72,1496394878
True Investment Coin,TIC,776,0.00103428,0.00000043,27.5039,,,,-0.73,2.01,-6.15,1496394583
Skeincoin,SKC,777,0.00103365,0.00000043,0.0519708,,,,-0.59,,,1496394849
Bitcedi,BXC,778,0.00102455,0.00000043,35.1152,,,,-0.35,-1.33,,1496394873
BestChain,BEST,779,0.000967319,0.00000040,20.0716,,,20042911.0,-0.43,7.76,-22.98,1496394585
RubleBit,RUBIT,780,0.000913456,0.00000038,18.8995,,,,-0.59,8.08,44.22,1496394866
The Aladin,ADT,781,0.000892522,0.00000032,,,,,,,,1495722585
SportsCoin,SPORT,782,0.000865379,0.00000036,2.40381,,,19800001.0,-0.59,-0.45,18.29,1496394877
Braincoin,BRAIN,783,0.000841341,0.00000035,0.74514,,,,-0.59,20.14,19.11,1496394871
CBD Crystals,CBD,784,0.000825749,0.00000034,2.77087,,,,-0.59,21.47,81.85,1496394879
Dubstep,DUB,785,0.000817303,0.00000034,7.54618,,,,-0.65,,,1496394862
IrishCoin,IRL,786,0.000817303,0.00000034,402.744,,,,1.8,,,1496394862
Donationcoin,DON,787,0.000817303,0.00000034,18067.2,,,,-0.59,,,1496394853
WeAreSatoshi,WSX,788,0.000769226,0.00000032,150.865,,,,-0.65,,-10.31,1496394855
FrankyWillCoin,FRWC,789,0.000745188,0.00000031,0.264397,,,,-0.59,-0.45,-5.78,1496394875
Lazaruscoin,LAZ,790,0.000745188,0.00000031,14.2027,,,,-0.59,12.63,,1496394877
KashhCoin,KASHH,791,0.000739293,0.00000031,4844.75,,,,4.19,20.5,139.73,1496394583
Opescoin,OPES,792,0.000673073,0.00000028,0.533627,,,,-0.59,,,1496394868
Vsync,XVS,793,0.000641857,0.00000027,382.159,,,103334172.0,-0.41,21.27,-19.12,1496394586
Quebecoin,QBC,794,0.000624996,0.00000026,17.7987,,,,-0.5,-4.14,-2.5,1496394851
BitAlphaCoin,BAC,795,0.000513097,0.00000021,49.1165,,,,26.69,-27.24,-36.46,1496394868
Cubits,QBT,796,0.000504755,0.00000021,15.1475,,,,-0.65,21.48,-21.93,1496394878
BlazerCoin,BLAZR,797,0.00048106,0.00000020,16.4417,,,,-0.73,81.16,71.91,1496394586
MarxCoin,MARX,798,0.000468779,0.00000019,78.8579,,,29128280.0,-1.46,-34.89,-10.19,1496394584
T-coin,TCOIN,799,0.000432954,0.00000018,2135.69,,,,-0.73,-5.61,-3.42,1496394579
Alphabet Coin Fund,FUN,800,0.00043269,0.00000018,63.4793,,,20742012.0,-0.59,-62.67,-59.16,1496394872
GoldMaxCoin,GMX,801,0.000384613,0.00000016,2.2596,,,84078950.0,-0.59,13.77,,1496394870
DarkLisk,DISK,802,0.000384613,0.00000016,3.29325,,,17888425.0,-0.59,,8.58,1496394871
UGAIN,GAIN,803,0.000360575,0.00000015,0.264397,,,,-0.59,-0.45,-5.21,1496394875
Gambleo,GMB,804,0.000336742,0.00000014,1.20217,,,,-0.73,,-65.77,1496394584
PrismChain,PRM,805,0.000336536,0.00000014,57.4418,,,,-0.59,39.36,-81.82,1496394872
Sakuracoin,SKR,806,0.000336525,0.00000014,115.694,,,,0.85,5.19,12.63,1496394878
Happy Creator Coin,HCC,807,0.00028846,0.00000012,90.6651,,,,-0.59,32.73,-0.9,1496394873
Cycling Coin,CYC,808,0.00028846,0.00000012,0.264397,,,,-0.65,8.6,0.86,1496394863
Operand,OP,809,0.00028846,0.00000012,6.03359,,,36309296.0,-0.59,-10.3,-24.17,1496394871
Grumfork,GMF,810,0.00024053,0.00000010,2.4053,,,,-0.73,-0.36,,1496394588
President Sanders,BURN,811,0.00024053,0.00000010,136.752,,,57968072167.0,-0.73,24.55,-44.35,1496394582
The Vegan Initiative,XVE,812,0.000216741,0.00000009,1219.35,,,,-0.73,-10.34,7.85,1496394586
TeraCoin,TERA,813,0.000216477,0.00000009,4198.3,,,,11.68,-10.32,-14.17,1496394583
MobileCash,MBL,814,0.000216345,0.00000009,10.4872,,,1068669648.0,-6.81,27.99,22.51,1496394878
Moneta,MONETA,815,0.000192307,0.00000008,2.90885,,,,-0.59,13.77,-27.33,1496394866
AsicCoin,ASC,816,0.000190727,0.00000008,,,,,,-1.05,-3.3,1496332743
LAthaan,LTH,817,0.000168268,0.00000007,135.27,,,,-0.59,-1.57,10.5,1496394878
Halloween Coin,HALLO,818,0.000119297,0.00000005,176.282,,,264606139.0,10.8,101.04,-20.95,1496394589
TheCreed,TCR,819,0.0000961533,0.00000004,1.20192,,,,-0.65,99.09,24.76,1496394870
TeamUp,TEAM,820,0.0000961533,0.00000004,0.660549,,,301004896.0,-0.59,32.73,87.99,1496394878
Wowcoin,WOW,821,0.0000961533,0.00000004,66.4045,,,,-0.59,32.73,90.58,1496394880
LinkedCoin,LKC,822,0.0000961533,0.00000004,32.6032,,,,-0.59,9.41,-19.22,1496394874
FireFlyCoin,FFC,823,0.0000721150,0.00000003,41.0675,,,,-0.59,198.64,66.57,1496394858
PinkDog,PDG,824,0.0000481060,0.00000002,13.3435,,,,-0.73,-0.36,90.73,1496394583
MoneyCoin,MONEY,825,0.0000481060,0.00000002,1016.93,,,,98.54,-33.57,-6.53,1496394580
PokeCoin,POKE,826,0.0000480766,0.00000002,133.338,,,,-0.65,,-29.17,1496394874
CyberCoin,CC,827,0.0000480766,0.00000002,1.92307,,,549267534.0,-0.59,-0.45,48.5,1496394861
Global Business Revolution,GBRC,828,0.0000480766,0.00000002,38.4613,,,900096049.0,-0.65,-0.45,9.47,1496394879
Rcoin,RCN,829,0.0000480766,0.00000002,202.251,,,,99.01,-0.45,90.58,1496394879
PayPeer,PAYP,830,0.0000480766,0.00000002,40.2561,,,,-0.59,-33.64,-5.72,1496394870
Tellurion,TELL,831,0.0000480766,0.00000002,5.52879,,,,-0.59,-0.25,-5.28,1496394877
Cashme,CME,832,0.0000480766,0.00000002,0.72115,,,,-0.59,99.09,-5.28,1496394867
InflationCoin,IFLT,833,0.0000479198,0.00000002,3134.77,,,3260701214.0,7.49,-2.04,-21.96,1496394580
LePen,LEPEN,834,0.0000431079,0.00000002,189.797,,,,-1.06,9.77,-14.45,1496394582
UNCoin,UNC,835,0.0000284145,0.00000001,878.083,,,,-41.24,-34.66,-22.68,1496394860
VegasCoin,VGC,836,0.0000273145,0.00000001,,,,,,-62.02,-78.35,1496378049
FedoraShare,FEDS,837,0.0000240660,0.00000001,9215.53,,,499001347854,0.0,2.52,25.95,1496394876
Safe Trade Coin,XSTC,838,0.0000240530,0.00000001,361.276,,,604880000.0,-0.73,-0.36,-4.64,1496394581
Yescoin,YES,839,0.0000240443,0.000000010,420.855,,,,-0.73,-0.38,-2.49,1496394581
SuperTurboStake,STRB,840,0.0000240383,0.00000001,12.2595,,,,-0.59,-0.45,-4.71,1496394868
President Clinton,HILL,841,0.0000240383,0.00000001,3.84613,,,57968072167.0,-0.59,-0.45,-52.36,1496394875
Aces,ACES,842,0.0000240383,0.00000001,250.657,,,,-0.59,-1.42,-46.68,1496394876
X2,X2,843,0.0000240383,0.00000001,4.21671,,,,-0.59,,-4.71,1496394866
ChoofCoin,CHOOF,844,0.0000240383,0.00000001,128.365,,,,-0.59,-0.45,-33.67,1496394879
SoulCoin,SOUL,845,0.0000240383,0.00000001,14.1562,,,,-0.59,-0.45,-4.71,1496394871
Victoriouscoin,VTY,846,0.0000237026,0.000000010,122.549,,,10263290326.0,-0.6,-1.85,7.83,1496394877
Dimecoin,DIME,847,0.0000134883,0.000000006,988.278,,,527103332816,2.21,3109.81,223.48,1496394845
Virtacoin,VTA,848,0.0000107951,0.000000004,57.2322,,,12423206610.0,45.6,-41.61,-28.81,1496394855
XP,XP,849,0.0000036442,0.000000002,126.194,,,133635560466,-5.8,191.1,1381.39,1496394875
BitCentavo,NBE,850,0.0000005643,0.0000000002,2.2826,,,,-0.26,3.42,-52.37,1496394856
RabbitCoin,RBBT,851,0.0000005483,0.0000000002,76.9669,,,,-0.88,45.83,35.5,1496394856
BatCoin,BAT,852,0.0000005401,0.0000000002,215.249,,,,-33.68,-32.09,,1496394848
StrongHands,SHND,853,0.0000001127,0.00000000005,90.7227,,,,0.96,-44.02,,1496394866
Paccoin,PAC,854,0.0000000647,0.00000000003,779.401,,,,16.06,-5.61,11.28,1496394866
Bond,BOND,855,,,,,1349.0,1349.0,,,,
bitRUBLE,BITRUBLE,856,,,,,,,,,,
