Name,Symbol,Rank,Price(BTC),Price(USD),24HVolume,MarketCap,%Change_1h,%Change_24h,%Change_7d,LastUpdated
Bitcoin,BTC,1,2435.06,1.0,1456400000.0,39854261761.0,16366850.0,16366850.0,0.65,0.26,-3.04,1496398450
Ethereum,ETH,2,223.59,0.0923066,665503000.0,20601632810.0,92140225.0,92140225.0,-0.22,-3.11,17.43,1496398465
Ripple,XRP,3,0.3114,0.00012856,463632000.0,12026795491.0,38621693933.0,99994661895.0,0.38,2.39,1.2,1496398443
NEM,XEM,4,0.225228,0.00009298,12683700.0,2027052000.0,8999999999.0,8999999999.0,0.63,0.33,-1.15,1496398461
Ethereum Classic,ETC,5,17.2347,0.00711516,107759000.0,1589216651.0,92210288.0,92210288.0,0.35,-2.36,-1.96,1496398475
Litecoin,LTC,6,28.7948,0.0118876,408218000.0,1479393531.0,51377107.0,51377107.0,2.31,3.08,-4.8,1496398441
Dash,DASH,7,142.16,0.0586893,34621200.0,1042427110.0,7332774.0,7332774.0,-0.73,0.67,4.55,1496398447
Stratis,STRAT,8,7.39891,0.00305456,29324900.0,728115090.0,98408426.0,98408426.0,-1.65,34.49,133.83,1496398475
Monero,XMR,9,44.4446,0.0183485,11582100.0,647171121.0,14561299.0,14561299.0,0.7,0.28,1.81,1496398452
Bytecoin,BCN,10,0.00331428,0.00000137,13122200.0,606410473.0,182968992623,182968992623,-1.13,33.75,-0.09,1496398453
Stellar Lumens,XLM,11,0.0405061,0.00001672,24489500.0,391483836.0,9664811867.0,102940435314,0.18,-1.26,-16.56,1496398453
Golem,GNT,12,0.46539,0.00019213,12892900.0,383887180.0,824872000.0,1000000000.0,1.63,1.7,2.12,1496398480
Waves,WAVES,13,3.73754,0.001543,2366640.0,373754000.0,100000000.0,100000000.0,2.75,11.75,30.64,1496398473
Zcash,ZEC,14,246.713,0.101853,17950900.0,353969935.0,1434744.0,1434744.0,-0.13,-3.94,4.46,1496398478
Dogecoin,DOGE,15,0.00293156,0.00000121,30440200.0,321396923.0,109633411214,109633411214,1.05,3.19,-7.5,1496398445
Augur,REP,16,25.5438,0.0105455,4342500.0,280981800.0,11000000.0,11000000.0,0.63,5.07,-4.15,1496398466
Gnosis,GNO,17,249.561,0.103041,1855230.0,275662585.0,1104590.0,10000000.0,0.22,-5.26,1.31,1496398191
Steem,STEEM,18,1.09489,0.00045201,2772570.0,256581694.0,234344723.0,251318817.0,0.01,8.93,-11.06,1496398470
Siacoin,SC,19,0.00890966,0.00000368,24478500.0,236162747.0,26506370319.0,26506370319.0,0.53,13.04,-1.37,1496398464
BitShares,BTS,20,0.0845302,0.00003490,20597400.0,219964486.0,2602200000.0,2602200000.0,2.9,16.64,-0.83,1496398454
DigiByte,DGB,21,0.0260121,0.00001074,57040000.0,210880925.0,8107031908.0,8107031908.0,0.37,35.7,62.29,1496398445
MaidSafeCoin,MAID,22,0.394141,0.00016272,2742440.0,178369460.0,452552412.0,452552412.0,-0.15,-5.05,-9.15,1496398450
GameCredits,GAME,23,2.68718,0.00110937,1830810.0,169368280.0,63028260.0,63028260.0,1.19,6.31,-12.44,1496398455
Basic Attention Token,BAT,24,0.167184,0.00006903,3338000.0,167184000.0,1000000000.0,1500000000.0,-0.03,-2.03,,1496398193
DigixDAO,DGD,25,80.8139,0.0333631,1450970.0,161627800.0,2000000.0,2000000.0,0.84,0.58,-10.95,1496398471
BitConnect,BCC,26,23.0836,0.00953092,1508320.0,148609002.0,6437861.0,6437861.0,0.92,5.6,36.04,1496398184
Lisk,LSK,27,1.31841,0.00054429,2527860.0,142090293.0,107773980.0,107773980.0,2.46,3.07,-5.53,1496398470
Ardor,ARDR,28,0.131953,0.00005448,3135640.0,131820980.0,998999495.0,998999495.0,2.22,14.21,-5.92,1496398476
Decred,DCR,29,25.764,0.0106364,2149110.0,129407489.0,5022803.0,5442803.0,1.55,3.76,4.7,1496398468
Factom,FCT,30,13.462,0.00555765,1254920.0,117835834.0,8753219.0,8753219.0,-0.56,1.7,-10.57,1496398465
SingularDTV,SNGLS,31,0.195672,0.00008078,229102.0,117403200.0,600000000.0,1000000000.0,3.11,4.27,0.62,1496398478
Tether,USDT,32,1.04259,0.00043042,79776000.0,109465371.0,104993690.0,124951468.0,-0.67,1.2,1.05,1496398461
Iconomi,ICN,33,1.20266,0.0004965,798397.0,104631420.0,87000000.0,100000000.0,-0.32,1.28,-12.74,1496398478
Byteball,GBYTE,34,539.191,0.222599,411134.0,102060159.0,189284.0,1000000.0,1.26,3.78,63.66,1496398482
PIVX,PIVX,35,1.67695,0.00069231,936272.0,89779568.0,53537415.0,53537415.0,-0.11,2.9,33.37,1496398468
Round,ROUND,36,0.104562,0.00004317,378130.0,88877700.0,850000000.0,1000000000.0,0.24,-1.67,-29.12,1496398480
Aragon,ANT,37,2.10644,0.00086972,495352.0,70787268.0,33605167.0,39609523.0,0.56,-1.24,-11.94,1496398192
FirstBlood,1ST,38,0.790591,0.00032639,4365470.0,67641678.0,85558371.0,93468691.0,1.09,6.07,-6.42,1496398477
Komodo,KMD,39,0.663089,0.00027378,372943.0,66935857.0,100945510.0,100945510.0,1.06,20.34,16.67,1496398183
SysCoin,SYS,40,0.122185,0.00005044,2218880.0,64167648.0,525167969.0,525167969.0,0.76,12.76,-11.72,1496398454
Nxt,NXT,41,0.0622101,0.00002568,3201390.0,62147889.0,998999983.0,998999983.0,0.65,6.75,-10.42,1496398443
AntShares,ANS,42,1.2253,0.00050585,10694700.0,61265000.0,50000000.0,100000000.0,0.8,16.1,7.01,1496398476
iExec RLC,RLC,43,0.676939,0.0002795,574440.0,52849165.0,78070793.0,86999785.0,2.32,14.81,7.29,1496398190
Ubiq,UBQ,44,1.20992,0.0004995,1594930.0,44883374.0,37096150.0,37096150.0,6.56,17.25,151.33,1496398455
ReddCoin,RDD,45,0.00142694,0.00000059,1879190.0,40703781.0,28525222420.0,28525222420.0,3.3,28.9,-14.77,1496398446
Wings,WINGS,46,0.437611,0.00018068,1667810.0,39257353.0,89708333.0,100000000.0,1.55,36.05,42.19,1496398184
Peercoin,PPC,47,1.6155,0.00066694,1205990.0,38971907.0,24123743.0,24123743.0,2.4,1.29,-11.63,1496398441
Lykke,LKK,48,0.265918,0.00010978,361293.0,36610384.0,137675465.0,1285690000.0,0.03,4.3,15.08,1496398480
Emercoin,EMC,49,0.895762,0.00036981,943248.0,35973948.0,40160163.0,40160163.0,2.61,2.54,-14.44,1496398455
BitcoinDark,BTCD,50,26.6168,0.0109885,145425.0,34305387.0,1288862.0,1288862.0,0.82,8.87,10.47,1496398453
Melon,MLN,51,53.907,0.0222575,428290.0,32311856.0,599400.0,749400.0,0.03,-5.06,-17.45,1496398185
Ark,ARK,52,0.329758,0.00013615,373137.0,31429085.0,95309546.0,126559546.0,-0.67,7.16,20.23,1496398187
Storjcoin X,SJCX,53,0.593919,0.00024519,555382.0,30392703.0,51173144.0,500000000.0,-2.26,-4.87,-9.93,1496398456
Omni,OMNI,54,53.3092,0.0220081,12196000.0,29798926.0,558983.0,615299.0,4.6,-28.81,143.24,1496398445
Counterparty,XCP,55,10.9989,0.00454078,811459.0,28803349.0,2618748.0,2618748.0,0.81,-0.71,-12.52,1496398446
Xaurum,XAUR,56,0.245656,0.00010142,137555.0,27932153.0,113704337.0,113704337.0,0.62,-0.55,27.87,1496398461
Gulden,NLG,57,0.0752865,0.00003108,99203.4,26090322.0,346547145.0,448567300.0,4.89,8.69,1.03,1496398449
Namecoin,NMC,58,1.75013,0.00072252,850894.0,25790616.0,14736400.0,14736400.0,0.86,1.61,-7.07,1496398440
Nexus,NXS,59,0.508781,0.00021005,114124.0,25365525.0,49855487.0,49855487.0,-2.06,1.67,-1.61,1496398459
Blocknet,BLOCK,60,6.42979,0.00265447,221865.0,25143799.0,3910516.0,3910516.0,1.57,45.18,89.71,1496398458
Synereo,AMP,61,0.280959,0.00011599,413701.0,23110655.0,82256324.0,949291063.0,1.59,0.29,-1.21,1496398466
WeTrust,TRST,62,0.248718,0.00010269,390874.0,22918742.0,92147500.0,100000000.0,0.46,6.75,-12.01,1496398191
Burst,BURST,63,0.0127215,0.00000525,6343210.0,22645867.0,1780125522.0,1780125522.0,11.26,33.68,14.38,1496398455
EarthCoin,EAC,64,0.00231521,0.00000096,6705230.0,21639037.0,9346468332.0,9346468332.0,3.28,2.41,-17.39,1496398444
YbCoin,YBC,65,7.13352,0.002945,2731310.0,21545101.0,3020262.0,3020262.0,2.57,6.56,-6.79,1496398446
Matchpool,GUP,66,0.283794,0.00011718,278754.0,21284550.0,75000000.0,98855150.0,2.22,11.83,1.37,1496398188
XtraBYtes,XBY,67,0.0324783,0.00001341,664584.0,21110895.0,650000000.0,650000000.0,17.76,73.46,421.7,1496398190
TokenCard,TKN,68,0.8372,0.00034567,229389.0,19794804.0,23644056.0,39406760.0,-0.7,-7.1,-24.33,1496398191
E-Dinar Coin,EDR,69,0.029757,0.00001228,430907.0,19658508.0,660634755.0,785634755.0,3.5,3.75,11.61,1496398477
OBITS,OBITS,70,1.31849,0.00054432,462750.0,19448204.0,14750362.0,16801100.0,9.39,6.05,24.66,1496398467
Edgeless,EDG,71,0.244199,0.00010083,334682.0,19397322.0,79432438.0,132046997.0,-1.05,0.12,-11.86,1496398188
BitBay,BAY,72,0.0184246,0.00000761,66301.5,18563212.0,1007523213.0,1007523213.0,3.03,6.12,-6.3,1496398458
BlackCoin,BLK,73,0.240814,0.00009942,1108850.0,18342480.0,76168663.0,76168663.0,1.05,3.79,4.55,1496398449
Verge,XVG,74,0.00135801,0.00000056,1755280.0,18210197.0,13409472280.0,13409472280.0,1.77,57.27,3.6,1496398457
Nexium,NXC,75,0.271688,0.00011216,3573080.0,18073117.0,66521586.0,66521586.0,1.76,-7.64,27.41,1496398481
NAV Coin,NAV,76,0.291831,0.00012048,547697.0,17898014.0,61330063.0,61330063.0,0.65,-3.67,-14.34,1496398453
PotCoin,POT,77,0.0824134,0.00003402,913600.0,17878876.0,216941370.0,216941370.0,-2.11,7.19,-19.49,1496398447
BCAP,BCAP,78,1.73366,0.00071581,157843.0,17336600.0,10000000.0,10000000.0,7.79,8.93,-14.61,1496398192
Expanse,EXP,79,2.36565,0.00097663,586665.0,17129910.0,7241101.0,16241101.0,0.99,-1.61,0.57,1496398466
Infinitecoin,IFC,80,0.000182127,0.00000008,3248890.0,16500028.0,90596274910.0,90596274910.0,0.38,-1.45,-11.54,1496398442
ZCoin,XZC,81,7.21245,0.00297758,1272260.0,16108508.0,2233431.0,2233431.0,2.73,-5.55,10.51,1496398479
Pepe Cash,PEPECASH,82,0.0225123,0.00000929,21171.8,15801023.0,701884009.0,701884009.0,0.7,2.37,-13.86,1496398478
Unity Ingot,UNY,83,0.0771436,0.00003185,77038.9,15583007.0,202000000.0,10000000000.0,0.73,-4.99,53.51,1496398192
Humaniq,HMQ,84,0.125701,0.00005190,402270.0,15546579.0,123679044.0,184190414.0,0.36,-1.06,-39.62,1496398192
Agoras Tokens,AGRS,85,0.366753,0.00015141,29443.1,15403626.0,42000000.0,42000000.0,5.86,-7.39,-7.0,1496398465
LBRY Credits,LBC,86,0.222792,0.00009198,769311.0,15266716.0,68524524.0,466424524.0,-2.68,5.66,-4.74,1496398473
Swarm City,SWT,87,2.27448,0.0009391,50046.8,15106481.0,6641730.0,6641730.0,-3.43,1.67,-28.89,1496398187
Bankcoin,B@,88,3.48575,0.00143922,5963.76,14867003.0,4265080.0,25000000.0,2.23,-0.14,-13.08,1496398188
TaaS,TAAS,89,1.79089,0.00073944,183927.0,14588591.0,8146001.0,8146001.0,0.81,6.02,15.27,1496398187
GridCoin,GRC,90,0.0370185,0.00001528,169508.0,14448793.0,390312753.0,390312753.0,1.25,4.1,5.81,1496398461
Radium,RADS,91,4.34279,0.00179287,501276.0,14099093.0,3246552.0,3246552.0,2.73,-8.35,12.93,1496398468
Chronobank,TIME,92,19.611,0.00809715,456633.0,13926022.0,710113.0,710113.0,0.27,-1.88,3.42,1496398185
I/O Coin,IOC,93,0.84538,0.00034901,22608.2,13810333.0,16336242.0,16336242.0,3.72,7.76,-3.75,1496398454
MonaCoin,MONA,94,0.262461,0.00010835,28867.5,13264083.0,50537350.0,50537350.0,-1.6,-4.64,-15.26,1496398448
SuperNET,UNITY,95,15.558,0.00642293,777.898,12696277.0,816061.0,816061.0,1.06,7.22,115.83,1496398457
E-coin,ECN,96,4.53023,0.00187047,138344.0,12624945.0,2786822.0,211075714.0,-0.79,0.1,-4.66,1496398189
Waves Community Token,WCT,97,2.49549,0.00103035,23251.2,12477450.0,5000000.0,10000000.0,1.74,6.42,10.75,1496398184
MergeCoin,MGC,98,0.123694,0.00005107,3251640.0,12229524.0,98869180.0,103869180.0,5.55,15.12,-15.77,1496398191
Vertcoin,VTC,99,0.364902,0.00015065,614095.0,12202772.0,33441231.0,33441231.0,-2.68,-0.64,-4.04,1496398449
Bitland,CADASTRAL,100,0.402402,0.00016613,15640.6,12072060.0,30000000.0,30000000.0,-5.23,-6.04,116.19,1496398473
Golos,GOLOS,101,0.0968478,0.00003998,31192.0,11919246.0,123071931.0,123071931.0,2.11,10.38,45.8,1496398481
Shift,SHIFT,102,1.06019,0.00043769,347243.0,11482232.0,10830353.0,10830353.0,-1.38,7.31,75.54,1496398464
Clams,CLAM,103,4.84297,0.00199937,1211040.0,11148336.0,2301963.0,16207402.0,1.36,4.04,-16.14,1496398455
Pluton,PLU,104,12.7114,0.00524775,156408.0,10804684.0,850000.0,20000000.0,-2.08,-8.81,41.05,1496398477
Etheroll,DICE,105,1.54266,0.00063695,10226.5,10801123.0,7001623.0,7001623.0,-0.42,-15.15,-28.73,1496398192
DigitalNote,XDN,106,0.00155851,0.00000064,2672210.0,10724919.0,6881520569.0,6881520569.0,-0.33,0.98,-17.3,1496398453
Mooncoin,MOON,107,0.0000472875,0.00000002,29008.6,10495245.0,221945447409,221945447409,1.71,25.2,-12.42,1496398445
LuckChain,BASH,108,0.0144133,0.00000595,684890.0,10436396.0,724080932.0,724080932.0,4.9,27.06,37.44,1496398480
HEAT,HEAT,109,0.363117,0.00014991,32594.2,9569748.0,26354448.0,26354448.0,0.67,-5.17,-12.64,1496398475
FlorinCoin,FLO,110,0.0707765,0.00002922,244587.0,9484088.0,134000517.0,134000517.0,1.86,0.94,-6.35,1496398444
VeriCoin,VRC,111,0.306077,0.00012636,181583.0,9247043.0,30211492.0,30211492.0,1.68,7.08,-2.81,1496398451
Bitcrystals,BCY,112,0.393338,0.00016238,112671.0,9161401.0,23291422.0,23291422.0,-0.42,1.87,-13.35,1496398465
Viacoin,VIA,113,0.402224,0.00016605,426257.0,9108808.0,22646108.0,22646108.0,2.31,-4.93,-13.2,1496398453
vSlice,VSL,114,0.270573,0.0001117,172815.0,9034567.0,33390496.0,33390496.0,-0.3,-2.88,-18.92,1496398482
Energycoin,ENRG,115,0.0730551,0.00003016,3558.38,8835389.0,120941443.0,120941443.0,1.0,4.08,21.21,1496398451
Rubycoin,RBY,116,0.360258,0.00014873,29548.0,8787812.0,24393106.0,24393106.0,0.73,-0.37,0.49,1496398448
FedoraCoin,TIPS,117,0.0000192903,0.000000008,62774.2,8548847.0,443168182458,443168182458,-1.84,-7.59,-36.89,1496398447
SaluS,SLS,118,8.47884,0.00350039,84566.1,8508076.0,1003448.0,1003448.0,7.56,-10.31,28.45,1496398467
DNotes,NOTE,119,0.0677707,0.00002798,220308.0,8394140.0,123860903.0,123860903.0,0.91,3.57,2.93,1496398448
NeosCoin,NEOS,120,2.4532,0.00101277,3644160.0,8210478.0,3346844.0,3346844.0,1.36,-0.89,8.74,1496398456
Primecoin,XPM,121,0.416989,0.00017215,940665.0,8058173.0,19324665.0,19324665.0,4.12,6.22,-12.75,1496398457
Crown,CRW,122,0.581017,0.00023987,19821.4,8051438.0,13857492.0,13857492.0,0.05,-3.49,-7.81,1496398458
Pascal Coin,PASC,123,0.781159,0.00032249,162380.0,7808622.0,9996200.0,9996200.0,-0.06,-0.64,-13.16,1496398481
VPNCoin,VASH,124,0.0192309,0.00000794,2208050.0,7698894.0,400339746.0,400339746.0,6.23,10.85,-13.07,1496398459
Skycoin,SKY,125,1.39757,0.00057704,61401.3,7638840.0,5465801.0,100000000.0,1.11,-15.84,-31.84,1496398190
BelaCoin,BELA,126,0.217337,0.00008973,423094.0,7600720.0,34972050.0,34972050.0,1.01,7.57,-4.26,1496398449
SolarCoin,SLR,127,0.211226,0.00008720,71421.4,7427475.0,35163642.0,98034180373.0,0.31,-10.42,6.17,1496398450
Incent,INCNT,128,0.309468,0.00012776,195527.0,7120336.0,23008312.0,46016625.0,2.14,10.98,28.88,1496398481
Einsteinium,EMC2,129,0.0335619,0.00001386,211733.0,7075187.0,210810073.0,210810073.0,3.39,6.09,-9.92,1496398450
Bitcoin Plus,XBC,130,72.5513,0.029952,117525.0,7031588.0,96919.0,96919.0,1.42,1.53,-8.4,1496398450
Creditbit,CRB,131,0.57923,0.00023913,266167.0,6877975.0,11874342.0,11874342.0,-2.21,-12.66,-12.95,1496398468
Aeon,AEON,132,0.482497,0.00019919,3360.26,6865962.0,14230062.0,14230062.0,0.35,2.59,6.91,1496398464
Asch,XAS,133,0.0865791,0.00003575,63889.2,6493433.0,75000000.0,100000000.0,-1.94,-4.66,-14.97,1496398189
Global Currency Reserve,GCR,134,0.0631263,0.00002606,29529.3,6482487.0,102690747.0,102690747.0,0.21,-4.34,-11.45,1496398465
Novacoin,NVC,135,3.68729,0.00152226,50949.0,6400069.0,1735711.0,1735711.0,-0.49,-2.95,-14.76,1496398441
ZClassic,ZCL,136,4.33262,0.00178868,586282.0,6395218.0,1476063.0,1476063.0,1.14,-4.67,33.02,1496398479
Feathercoin,FTC,137,0.0386069,0.00001594,149698.0,6324355.0,163814120.0,163814120.0,-1.53,6.83,5.05,1496398448
Lunyr,LUN,138,2.75152,0.00113607,143977.0,6322589.0,2297853.0,2703356.0,-1.96,5.58,-15.77,1496398191
Gambit,GAM,139,5.18255,0.00213956,38949.2,6136014.0,1183976.0,1183976.0,0.25,15.62,19.95,1496398462
FirstCoin,FRST,140,1.91336,0.00079,133828.0,6003687.0,3137772.0,110000000.0,0.79,10.07,12.01,1496398184
Safe Exchange Coin,SAFEX,141,0.00276281,0.00000114,15919.9,5933089.0,2147483647.0,2147483647.0,3.39,4.1,-9.49,1496398468
WorldCoin,WDC,142,0.0514226,0.00002123,280243.0,5893268.0,114604631.0,114604631.0,3.35,12.41,-9.35,1496398442
SIBCoin,SIB,143,0.396024,0.00016349,23672.0,5801543.0,14649474.0,14649474.0,0.69,2.53,29.15,1496398465
ION,ION,144,0.410473,0.00016946,29370.8,5644876.0,13752124.0,19652124.0,1.72,11.68,-19.06,1496398473
Blitzcash,BLITZ,145,1.33218,0.00054998,156718.0,5413636.0,4063742.0,4063742.0,1.94,31.19,256.05,1496398459
Janus,JNS,146,0.248606,0.00010265,8420.29,5204086.0,20933069.0,25201489.0,1.0,6.52,5.21,1496398183
PinkCoin,PINK,147,0.0161823,0.00000668,684330.0,5193966.0,320965900.0,370965900.0,-3.04,8.02,-7.86,1496398451
Auroracoin,AUR,148,0.593818,0.00024515,15973.9,5141359.0,8658139.0,8658139.0,-3.3,-1.67,-5.75,1496398450
FoldingCoin,FLDC,149,0.0103552,0.00000428,332453.0,5071376.0,489741985.0,1000000000.0,-2.11,6.56,-11.6,1496398455
MonetaryUnit,MUE,150,0.0414273,0.00001710,44460.1,5034236.0,121519760.0,121519760.0,0.62,-4.23,-17.13,1496398458
Ethereum Movie Venture,EMV,151,0.750248,0.00030977,2365.78,5001653.0,6666666.0,6666666.0,12.21,220.63,13.04,1496398189
MUSE,MUSE,152,0.00363658,0.00000150,8694.79,4999717.0,1374840478.0,1524840478.0,25.6,31.87,53.57,1496398461
RouletteToken,RLT,153,0.484215,0.00019993,16117.8,4886799.0,10092210.0,10092933.0,0.75,4.61,8.24,1496398193
Vcash,XVC,154,0.3168,0.00013079,112383.0,4831661.0,15251455.0,15251455.0,0.76,-5.17,0.29,1496398460
Sphere,SPHR,155,1.56129,0.00064456,23394.4,4813364.0,3082940.0,3082940.0,4.14,9.7,104.14,1496398461
Quark,QRK,156,0.0188951,0.00000780,154836.0,4725684.0,250101047.0,250101047.0,17.23,53.93,-4.48,1496398457
FairCoin,FAIR,157,0.0847788,0.00003500,4180.6,4502186.0,53105096.0,53105096.0,2.25,6.79,15.33,1496398448
OKCash,OK,158,0.0625877,0.00002584,322864.0,4479890.0,71577803.0,71577803.0,2.91,-20.2,105.37,1496398459
Unobtanium,UNO,159,22.3332,0.00922,88240.5,4415829.0,197725.0,197725.0,6.05,20.29,0.02,1496398444
CloakCoin,CLOAK,160,0.864436,0.00035687,17679.1,4325186.0,5003477.0,5003477.0,1.98,5.36,13.79,1496398451
Darcrus,DAR,161,0.311247,0.00012851,27736.3,4240355.0,13623762.0,13623762.0,0.62,4.42,-3.55,1496398183
ArtByte,ABY,162,0.00536654,0.00000222,139793.0,4147299.0,772806850.0,772806850.0,10.98,44.42,-9.18,1496398452
bitCNY,BITCNY,163,0.140998,0.00005821,542004.0,4147273.0,29413700.0,29413700.0,0.91,2.57,-1.14,1496398456
ICO OpenLedger,ICOO,164,8.66629,0.00357778,10452.2,4088712.0,471795.0,471795.0,-1.11,14.32,8.82,1496398473
LoMoCoin,LMC,165,0.0196039,0.00000809,356782.0,4088143.0,208537224.0,293537224.0,2.23,11.4,0.73,1496398478
NautilusCoin,NAUT,166,0.243291,0.00010044,420856.0,3936448.0,16180000.0,16180000.0,3.16,0.05,7.02,1496398451
APX,APX,167,4.33775,0.001791,66465.1,3903975.0,900000.0,1000000.0,0.76,8.65,21.32,1496398193
Bitmark,BTM,168,0.993123,0.00041,182500.0,3874351.0,3901180.0,3901180.0,1.15,1.07,16.08,1496398454
Ethbits,ETB,169,2.79663,0.00115469,2054.17,3767020.0,1346986.0,1634691.0,16.69,,,1496398194
DubaiCoin,DBIX,170,4.32314,0.00178497,25373.4,3760836.0,869932.0,869932.0,0.76,-2.07,36.95,1496398188
SpreadCoin,SPR,171,0.437432,0.00018059,31611.7,3557983.0,8133796.0,8133796.0,1.63,10.78,11.88,1496398458
Riecoin,RIC,172,0.102253,0.00004221,556270.0,3496437.0,34193975.0,34193975.0,2.52,6.86,8.6,1496398448
HunterCoin,HUC,173,0.189098,0.00007807,449210.0,3336127.0,17642320.0,17642320.0,51.68,58.49,54.18,1496398447
Circuits of Value,COVAL,174,0.00821143,0.00000339,83796.6,3284572.0,400000000.0,1200000000.0,0.8,8.64,-9.69,1496398459
Diamond,DMD,175,1.53321,0.00063297,21159.6,3256650.0,2124073.0,2124073.0,0.61,4.9,0.0,1496398446
Zennies,ZENI,176,0.00310013,0.00000128,6272.04,3102238.0,1000680107.0,1000680107.0,-0.79,1.66,-3.75,1496398190
Joincoin,J,177,1.24093,0.00051231,1623.51,3038295.0,2448402.0,2448402.0,0.72,279.56,1092.17,1496398454
Megacoin,MEC,178,0.0920058,0.00003798,541207.0,3025744.0,32886450.0,32886450.0,2.28,16.1,-18.42,1496398442
Wild Beast Block,WBB,179,1.27863,0.00052787,35848.0,2972727.0,2324931.0,2324931.0,0.5,0.24,-25.31,1496398459
Musicoin,MUSIC,180,0.0171368,0.00000708,55327.1,2939976.0,171559238.0,171559238.0,0.84,2.97,-12.74,1496398188
BitSend,BSD,181,0.190706,0.00007873,14998.4,2908781.0,15252700.0,15252700.0,-0.7,-0.08,10.18,1496398452
Rise,RISE,182,0.0268093,0.00001107,103827.0,2878976.0,107387215.0,107387215.0,5.29,9.88,26.55,1496398473
PoSW Coin,POSW,183,0.0701382,0.00002896,74031.8,2875666.0,41000000.0,70000000.0,-0.09,16.97,7.9,1496398482
Zetacoin,ZET,184,0.0172332,0.00000711,336865.0,2863408.0,166156515.0,166156515.0,2.11,1.23,-3.27,1496398445
Curecoin,CURE,185,0.119339,0.00004927,17918.3,2829300.0,23708095.0,23708095.0,0.68,2.94,-13.27,1496398451
RaiBlocks,XRB,186,0.0373645,0.00001543,38424.2,2798763.0,74904327.0,340282367.0,3.37,20.76,22.73,1496398186
Minereum,MNE,187,6.88334,0.00284204,331903.0,2741742.0,398316.0,398316.0,0.62,93.72,128.43,1496398193
BitBean,BITB,188,0.00138104,0.00000057,102619.0,2704777.0,1958507000.0,1958507000.0,5.25,12.76,-28.23,1496398459
ZcCoin,ZCC,189,0.0422813,0.00001746,1532460.0,2606940.0,61657044.0,61657044.0,0.67,24.59,-10.63,1496398454
Veros,VRS,190,0.0296761,0.00001225,73581.1,2536919.0,85486938.0,10000000000.0,0.58,-13.55,-9.81,1496398480
Atmos,ATMS,191,0.024922,0.00001029,182752.0,2494022.0,100073116.0,110073116.0,3.02,4.07,0.71,1496398189
Cryptonite,XCN,192,0.00746964,0.00000308,521346.0,2447875.0,327709952.0,327709952.0,4.03,23.78,-19.41,1496398454
Zeitcoin,ZEIT,193,0.0000657646,0.00000003,6526.1,2389089.0,36327888817.0,36327888817.0,2.3,27.45,28.74,1496398448
Espers,ESP,194,0.0001186,0.00000005,4406.32,2387107.0,20127381332.0,20127381332.0,0.83,0.33,-16.56,1496398471
Steem Dollars,SBD,195,1.67377,0.000691,746673.0,2368230.0,1414908.0,1414908.0,3.06,7.48,-7.48,1496398474
Mintcoin,MINT,196,0.0000968506,0.00000004,10716.4,2358183.0,24348665548.0,24348665548.0,0.75,0.29,-18.46,1496398446
Myriad,XMY,197,0.00157477,0.00000065,46266.4,2340202.0,1486059500.0,1486059500.0,1.49,-2.42,-41.92,1496398448
Spectrecoin,XSPEC,198,0.114705,0.00004736,234387.0,2339476.0,20395591.0,20395591.0,4.51,-9.46,0.04,1496398184
BoostCoin,BOST,199,0.1937,0.00007997,195998.0,2296408.0,11855487.0,11855487.0,6.45,10.94,-4.44,1496398451
Digitalcoin,DGC,200,0.0667545,0.00002756,181648.0,2295673.0,34389793.0,34389793.0,5.2,5.69,-5.34,1496398442
Breakout Stake,BRX,201,0.336911,0.00013909,16036.2,2111786.0,6268082.0,6268082.0,-0.57,20.86,41.28,1496398473
Adzcoin,ADZ,202,0.0377838,0.00001560,8522.23,2072197.0,54843520.0,54843520.0,0.4,9.59,-9.59,1496398468
bitUSD,BITUSD,203,0.926188,0.00038237,312586.0,2055156.0,2218940.0,2218940.0,-5.94,-6.24,-6.36,1496398456
Bata,BTA,204,0.414492,0.00017112,28746.2,2052240.0,4951218.0,4951218.0,0.99,6.85,20.45,1496398462
Groestlcoin,GRS,205,0.0298174,0.00001231,3758.32,2016200.0,67618233.0,67618233.0,-2.99,1.33,0.45,1496398449
FUNCoin,FUNC,206,0.335671,0.00013859,61453.5,1942172.0,5785941.0,100000000.0,0.08,-2.88,6.37,1496398192
MaxCoin,MAX,207,0.0355119,0.00001466,84195.8,1933363.0,54442678.0,54442678.0,1.39,4.53,1.21,1496398446
iCash,ICASH,208,0.00871898,0.00000360,9182.0,1926055.0,220903745.0,220903745.0,0.17,19.23,-10.28,1496398461
Project Decorum,PDC,209,0.0379567,0.00001567,1764.6,1897835.0,50000000.0,50000000.0,0.69,0.92,-12.41,1496398473
Tickets,TIX,210,0.0000278814,0.00000001,46977.2,1864604.0,66876281414.0,66876281414.0,1.5,-5.95,-24.09,1496398443
BlockPay,BLOCKPAY,211,0.337739,0.00013943,2189.26,1833349.0,5428300.0,98928316.0,-11.58,-10.64,-0.16,1496398476
Anoncoin,ANC,212,0.861989,0.00035586,173304.0,1819070.0,2110317.0,2110317.0,0.11,97.13,21.52,1496398445
TransferCoin,TX,213,0.304199,0.00012558,13448.2,1817235.0,5973836.0,5973836.0,1.92,4.28,-29.69,1496398464
DeepWebCash,DWC,214,1.33732,0.0005521,21838.5,1783801.0,1333863.0,1333863.0,2.5,5.0,-23.57,1496398481
GoldCoin,GLD,215,0.0431712,0.00001782,19717.1,1737830.0,40254388.0,40254388.0,-5.36,-1.83,-11.5,1496398456
CryptoCarbon,CCRB,216,0.464533,0.0001918,2795.38,1654718.0,3562111.0,10000150.0,0.79,-4.15,35.24,1496398183
Boolberry,XBB,217,0.160915,0.00006643,8913.92,1533919.0,9532480.0,9532480.0,-5.32,15.08,-1.91,1496398453
vTorrent,VTR,218,0.137608,0.00005681,10082.3,1488363.0,10815966.0,10815966.0,-5.33,-8.15,6.04,1496398458
Startcoin,START,219,0.0315716,0.00001303,46044.6,1423241.0,45079785.0,70782220.0,0.64,-4.38,-29.41,1496398452
Sequence,SEQ,220,0.0313924,0.00001296,2676.28,1403251.0,44700348.0,44700348.0,-2.59,2.53,17.42,1496398477
Voxels,VOX,221,0.0435691,0.00001799,331929.0,1372427.0,31500000.0,210000000.0,3.93,44.0,2.79,1496398471
2GIVE,2GIVE,222,0.00260062,0.00000107,16938.4,1334110.0,512996847.0,512996847.0,-1.85,1.92,-16.38,1496398472
EB3 Coin,EB3,223,0.279737,0.0001155,13183.4,1310626.0,4685209.0,786000000.0,-1.38,-1.85,-1.23,1496398189
ChainCoin,CHC,224,0.0876889,0.00003620,19618.5,1287401.0,14681459.0,14681459.0,-7.44,0.35,-13.57,1496398464
Renos,RNS,225,0.037662,0.00001555,552444.0,1256110.0,33352182.0,33352182.0,-13.75,57.26,116.74,1496398186
EuropeCoin,ERC,226,0.127144,0.00005249,2638.09,1252538.0,9851336.0,9851336.0,0.69,1.49,14.46,1496398463
Visio,VISIO,227,0.0245723,0.00001015,623.157,1243313.0,50598161.0,62598161.0,0.75,-7.97,-22.15,1496398186
Bitswift,SWIFT,228,0.304622,0.00012576,8921.62,1237036.0,4060888.0,4060888.0,-0.18,-2.2,53.25,1496398457
Ixcoin,IXC,229,0.0580169,0.00002395,8748.3,1218302.0,20999088.0,20999088.0,5.67,-84.72,17.14,1496398444
Breakout,BRK,230,0.0679684,0.00002806,3440.09,1217634.0,17914707.0,17914707.0,0.69,-4.47,-19.46,1496398473
LiteDoge,LDOGE,231,0.0000822781,0.00000003,5333.06,1215604.0,14774330159.0,14774330159.0,20.55,-0.06,8.03,1496398460
Stealthcoin,XST,232,0.0459986,0.00001899,2173.29,1204050.0,26175807.0,26175807.0,0.72,-0.33,-4.19,1496398453
MediterraneanCoin,MED,233,0.0234958,0.00000970,148245.0,1167896.0,49706598.0,49706598.0,-2.12,79.83,22.55,1496398458
Qwark,QWARK,234,0.0653766,0.00002699,20936.4,1154505.0,17659296.0,250377576.0,4.46,22.46,41.71,1496398471
Yocoin,YOC,235,0.0106854,0.00000441,66769.6,1128579.0,105618830.0,200000000.0,6.58,12.06,19.12,1496398467
Dynamic,DYN,236,0.671782,0.00027737,2144.17,1085683.0,1616124.0,4370028.0,0.76,-1.18,-8.01,1496398187
TagCoin,TAG,237,0.192235,0.00007936,143774.0,1055861.0,5492554.0,5492554.0,2.34,2.91,-20.51,1496398444
Syndicate,SYNX,238,0.0907013,0.00003745,13649.4,1022100.0,11268860.0,11268860.0,4.6,-51.83,58.07,1496398474
SecureCoin,SRC,239,0.130456,0.00005386,143677.0,1015712.0,7785856.0,7785856.0,2.18,2.14,-28.83,1496398443
WhiteCoin,XWC,240,0.00404516,0.00000167,19766.7,1003423.0,248055137.0,248055137.0,-0.11,-4.49,43.24,1496398451
PepeCoin,PEPE,241,0.072679,0.00003000,27116.3,1000689.0,13768611.0,13768611.0,0.68,7.76,27.01,1496398469
Inpay,INPAY,242,0.0981385,0.00004052,42323.2,981385.0,10000000.0,10000000.0,-12.36,-11.56,-39.93,1496398189
Triggers,TRIG,243,0.0305204,0.00001260,31270.2,979876.0,32105593.0,100000000.0,0.78,-6.43,-20.17,1496398478
PutinCoin,PUT,244,0.00486724,0.00000201,3370.89,975481.0,200417616.0,200417616.0,1.0,7.23,14.5,1496398473
CannabisCoin,CANN,245,0.0125574,0.00000518,55868.2,969823.0,77231176.0,91859176.0,0.75,0.28,30.77,1496398455
DopeCoin,DOPE,246,0.0087201,0.00000360,19106.3,968678.0,111085648.0,111085648.0,-5.27,18.24,-15.34,1496398447
VeriumReserve,VRM,247,0.860013,0.00035505,17118.7,957262.0,1113079.0,1113079.0,3.96,33.72,-9.34,1496398477
Mercury,MER,248,0.00937354,0.00000387,823.724,937354.0,100000000.0,100000000.0,-1.95,-20.47,-25.05,1496398187
DIBCOIN,DIBC,249,0.186915,0.00007717,5156.95,934575.0,5000000.0,5000000000.0,0.76,-5.24,11.82,1496398188
Creativecoin,CREA,250,0.0884023,0.00003650,3527.66,933283.0,10557230.0,12268958.0,-20.32,-4.82,-52.43,1496398192
Hacker Gold,HKG,251,0.057603,0.00002378,1354.91,928036.0,16110893.0,16110893.0,0.76,-19.62,-19.03,1496398481
AudioCoin,ADC,252,0.00116431,0.00000048,6701.35,923529.0,793198644.0,793198644.0,0.73,-11.16,-23.75,1496398462
HiCoin,XHI,253,0.0046467,0.00000192,100652.0,881618.0,189729990.0,10189729990.0,-2.38,-5.1,-15.6,1496398471
HTMLCOIN,HTML5,254,0.0000213518,0.000000009,8323.82,868143.0,40659020000.0,40659020000.0,0.92,3.66,-3.31,1496398457
ArcticCoin,ARC,255,0.0363,0.00001499,31341.1,847813.0,23355719.0,23355719.0,3.09,-7.92,-32.99,1496398478
EverGreenCoin,EGC,256,0.0631317,0.00002606,12901.9,840996.0,13321301.0,13321301.0,0.52,-1.91,-1.29,1496398468
GlobalCoin,GLC,257,0.0126926,0.00000524,1253.72,827190.0,65171010.0,65171010.0,1.28,-14.22,-48.56,1496398443
Centurion,CNT,258,0.0313796,0.00001296,32452.0,811171.0,25850279.0,63389078.0,0.01,-2.32,-8.46,1496398185
BlueCoin,BLU,259,0.00141144,0.00000058,2348.08,811132.0,574683675.0,574683675.0,0.6,-7.65,146.56,1496398450
Unitus,UIS,260,0.0170762,0.00000705,22487.0,798549.0,46763869.0,46763869.0,1.18,-3.02,-15.14,1496398459
Pesetacoin,PTC,261,0.00598821,0.00000247,4069.72,781726.0,130544181.0,130544181.0,2.48,-4.24,-19.58,1496398448
Hush,HUSH,262,0.701492,0.0002896,157553.0,772264.0,1100888.0,1222363.0,-1.98,6.57,23.71,1496398480
e-Gulden,EFL,263,0.049496,0.00002043,1945.86,759529.0,15345268.0,20384608.0,0.84,0.92,-18.16,1496398450
Fantomcoin,FCN,264,0.123535,0.00005100,2358.32,723988.0,5860592.0,5860592.0,0.72,0.81,-6.14,1496398451
ProCurrency,PROC,265,0.254694,0.00010516,907.833,717016.0,2815205.0,15000053805.0,0.76,-1.88,20.87,1496398191
HempCoin,THC,266,0.00329371,0.00000136,13051.9,697684.0,211823061.0,211823061.0,1.31,4.94,-15.96,1496398452
GeoCoin,GEO,267,0.283133,0.00011689,7772.79,695114.0,2455079.0,2455079.0,0.72,4.95,11.86,1496398460
Tokes,TKS,268,1.06567,0.00044,2716.84,690153.0,647624.0,50000000.0,1.51,3.94,-7.76,1496398187
ExclusiveCoin,EXCL,269,0.16134,0.00006661,4566.84,659590.0,4088197.0,4088197.0,0.72,-0.15,-17.82,1496398456
Ripto Bux,RBX,270,0.00188065,0.00000078,6381.52,643371.0,342100100.0,1000000000.0,-33.23,-18.32,23.54,1496398189
Altcoin,ALT,271,5.26394,0.00217341,2283.86,643123.0,122175.0,134063.0,0.31,5.07,37.69,1496398190
UniBURST,UNIBURST,272,0.633515,0.00026157,2807.74,633514.0,999999.0,1000000.0,20.75,33.2,203.33,1496398185
Synergy,SNRG,273,0.227207,0.00009380,1912.65,630516.0,2775075.0,2775075.0,-1.69,5.84,-8.65,1496398462
Version,V,274,0.00142896,0.00000059,1608.43,624963.0,437355107.0,437355107.0,30.15,,,1496398194
Magi,XMG,275,0.0838562,0.00003462,3093.75,591658.0,7055622.0,7055622.0,3.12,11.79,-11.63,1496398456
Deutsche eMark,DEM,276,0.0211723,0.00000874,996.28,588451.0,27793416.0,27793416.0,-2.19,-1.4,-11.97,1496398444
TrustPlus,TRUST,277,0.0179489,0.00000741,1377.74,575919.0,32086595.0,32086595.0,0.25,1.82,-0.72,1496398453
FujiCoin,FJC,278,0.000592609,0.00000024,4573.53,570500.0,962692538.0,962692538.0,2.35,12.91,8.32,1496398462
DT Token,DRACO,279,0.00635302,0.00000262,40002.8,564713.0,88888888.0,88888888.0,0.54,28.71,35.54,1496398473
BTSR,BTSR,280,0.168763,0.00006967,18451.5,558744.0,3310819.0,3310819.0,0.76,14.99,-7.31,1496398470
IncaKoin,NKA,281,0.0000734646,0.00000003,10750.2,553702.0,7536991535.0,7536991535.0,0.95,27.78,191.25,1496398460
Canada eCoin,CDN,282,0.0056524,0.00000233,1455.49,550632.0,97415544.0,97415544.0,0.73,6.84,11.81,1496398451
Moin,MOIN,283,0.078025,0.00003221,3492.99,542209.0,6949170.0,6949170.0,3.33,26.79,20.45,1496398467
TileCoin,XTC,284,0.00517717,0.00000214,12964.4,517717.0,100000000.0,100000000.0,-3.25,-5.37,-32.38,1496398458
1337,1337,285,0.0000226669,0.000000009,2914.6,516604.0,22791129725.0,22791129725.0,0.75,35.17,47.01,1496398466
NuShares,NSR,286,0.000173837,0.00000007,4281.57,469754.0,2702268334.0,3317548923.0,0.62,-22.93,-69.08,1496398458
KoreCoin,KORE,287,0.251914,0.000104,1735.96,461242.0,1830949.0,1830949.0,5.8,1.12,-1.21,1496398452
Wyvern,WYV,288,0.411711,0.00016999,727.987,448963.0,1090481.0,1090481.0,34.85,23.71,12.43,1496398189
NobleCoin,NOBL,289,0.000192519,0.00000008,8681.04,441182.0,2291630744.0,2291630744.0,3.91,-0.28,-25.34,1496398446
Capricoin,CPC,290,0.446215,0.00018421,30817.4,439298.0,984498.0,200984498.0,-2.6,-1.05,11.08,1496398464
TrumpCoin,TRUMP,291,0.0649908,0.00002683,7015.01,425009.0,6539528.0,6539528.0,-0.24,-3.98,-5.47,1496398469
I0Coin,I0C,292,0.0194264,0.00000802,1577.92,407458.0,20974424.0,20974424.0,0.72,3.14,-1.86,1496398443
Bottlecaps,CAP,293,0.00279033,0.00000115,4226.05,387255.0,138784676.0,138784676.0,1.61,223.38,280.94,1496398444
iTicoin,ITI,294,11.7291,0.0048428,50163.4,375331.0,32000.0,9999992.0,9.27,1.32,31.61,1496398192
PostCoin,POST,295,0.0237462,0.00000980,3776.28,374604.0,15775332.0,15775332.0,2.95,-2.89,-6.41,1496398470
MTMGaming,MTM,296,0.124695,0.00005148,1203.06,374085.0,3000000.0,5000000.0,11.45,119.54,210.81,1496398186
MazaCoin,MZC,297,0.000336792,0.00000014,1482.56,367985.0,1092618137.0,1092618137.0,-5.63,27.47,35.28,1496398450
TeslaCoin,TES,298,0.00501106,0.00000207,2683.29,359659.0,71773023.0,71773023.0,0.73,3.78,18.55,1496398446
Jewels,JWL,299,0.0175618,0.00000725,2037.42,354327.0,20176035.0,20176035.0,4.35,-0.71,-1.63,1496398476
Master Swiscoin,MSCN,300,0.0341618,0.00001410,9675.2,349913.0,10242820.0,1002568837.0,0.72,-2.34,-20.88,1496398185
Virtacoinplus,XVP,301,0.0396708,0.00001638,1210.6,349834.0,8818435.0,10353029.0,-2.87,-6.24,-47.36,1496398186
Cryptojacks,CJ,302,0.000842215,0.00000035,1261.97,342418.0,406568581.0,406568581.0,32.04,261.43,163.23,1496398474
Elcoin,EL,303,0.0301894,0.00001246,3635.8,338392.0,11208967.0,20935289.0,0.46,-44.98,-43.9,1496398472
Terracoin,TRC,304,0.0168146,0.00000694,5908.2,337908.0,20096120.0,20096120.0,2.36,4.15,-6.95,1496398441
GCoin,GCN,305,0.0000024032,0.0000000010,711.518,334020.0,138991910000,138991910000,7.07,5.12,33.47,1496398458
Dotcoin,DOT,306,0.0014384,0.00000059,70382.6,323386.0,224823750.0,489823750.0,-1.38,6.49,14.17,1496398460
Newbium,NEWB,307,0.0128622,0.00000531,53340.5,308693.0,24000000.0,51000000.0,7.5,22.21,183.06,1496398473
CacheCoin,CACH,308,0.0847788,0.00003500,8864.52,305498.0,3603477.0,3603477.0,0.72,40.46,,1496398446
Asiadigicoin,ADCN,309,0.0119175,0.00000492,738.58,297116.0,24931054.0,210000000.0,0.72,-3.78,-23.66,1496398469
ParkByte,PKB,310,0.0620096,0.00002560,1257.28,295415.0,4764026.0,4764026.0,0.69,11.32,7.29,1496398463
PRCoin,PRC,311,0.0305021,0.00001259,43446.4,288172.0,9447600.0,789447600.0,33.77,41.73,25.46,1496398186
Karbowanec,KRB,312,0.0794379,0.00003280,5534.1,280997.0,3537317.0,3537317.0,0.66,-0.37,-7.93,1496398476
Influxcoin,INFX,313,0.16524,0.00006822,8714.4,276510.0,1673383.0,1673383.0,-4.62,-5.37,-54.41,1496398469
Atomic Coin,ATOM,314,0.0271485,0.00001121,707.66,272818.0,10049103.0,10049103.0,0.46,20.11,4.56,1496398479
Quatloo,QTL,315,0.0365325,0.00001508,14951.8,271684.0,7436772.0,7436772.0,-1.1,-14.61,-22.13,1496398453
Zoin,ZOI,316,0.0248507,0.00001026,1434.16,267094.0,10747950.0,10747950.0,0.7,2.3,-19.0,1496398480
Bytecent,BYC,317,0.163914,0.00006767,14666.3,265719.0,1621088.0,1621088.0,0.63,-7.2,-13.35,1496398459
UltraCoin,UTC,318,0.00591029,0.00000244,4553.13,254728.0,43099028.0,43099028.0,1.45,12.05,32.42,1496398446
Sexcoin,SXC,319,0.00206023,0.00000085,3836.32,252451.0,122535426.0,122535426.0,-7.3,-11.05,1.08,1496398444
KibiCoin,KIC,320,0.0170958,0.00000706,642.276,250492.0,14652250.0,14652250.0,-8.4,,,1496398193
8Bit,8BIT,321,0.199098,0.00008220,2083.09,231833.0,1164415.0,1164415.0,0.65,3.31,-48.16,1496398462
Neutron,NTRN,322,0.018333,0.00000757,897.466,231320.0,12617684.0,12617684.0,-1.58,-8.66,152.2,1496398462
Rubies,RBIES,323,0.0220144,0.00000909,2245.96,228366.0,10373505.0,10373505.0,0.69,-4.09,-22.53,1496398469
NuBits,USNBT,324,1.00236,0.00041381,78706.5,197236.0,196772.0,838087.0,-2.97,0.61,-1.55,1496398456
Torcoin,TOR,325,0.7421,0.0003064,15961.6,194723.0,262395.0,1262395.0,0.77,-7.3,-45.59,1496398190
LiteBar,LTB,326,0.294376,0.00012153,872.761,190048.0,645595.0,645595.0,0.69,-2.78,4.97,1496398449
GoldBlocks,GB,327,0.0120903,0.00000499,1474.58,179744.0,14866800.0,14866800.0,3.24,-5.64,6.95,1496398473
UnbreakableCoin,UNB,328,0.0774363,0.00003197,6160.21,176412.0,2278150.0,2278150.0,0.72,-0.42,3.3,1496398452
bitBTC,BITBTC,329,2727.22,1.1259,67382.6,174760.0,64.0,64.0,11.07,14.43,8.52,1496398457
Fastcoin,FST,330,0.00127056,0.00000052,1546.82,161062.0,126764507.0,126764507.0,-0.28,18.76,26.61,1496398442
Netko,NETKO,331,0.0656167,0.00002709,1162.04,160090.0,2439780.0,2439780.0,0.76,-3.02,-23.17,1496398187
TheGCCcoin,GCC,332,0.0215555,0.00000890,1104.42,151706.0,7037941.0,867037941.0,9.13,-0.84,-26.34,1496398184
Greencoin,GREV2,333,0.0000484450,0.00000002,1426.43,148169.0,3058492641.0,3058492641.0,0.72,33.7,27.49,1496398452
Piggycoin,PIGGY,334,0.00029516,0.00000012,1797.55,142802.0,483811004.0,483811004.0,1.46,14.07,-46.97,1496398454
BERNcash,BERN,335,0.0019493,0.00000080,578.556,138857.0,71234301.0,71234301.0,0.83,14.15,26.92,1496398470
Pascal Lite,PASL,336,0.0685417,0.00002830,2686.54,135445.0,1976100.0,1976100.0,0.43,-4.31,-35.82,1496398186
bitSilver,BITSILVER,337,20.5166,0.00847007,17002.4,129595.0,6317.0,6317.0,-1.83,4.07,14.59,1496398460
DigitalPrice,DP,338,0.00565872,0.00000234,1444.19,128201.0,22655502.0,22655502.0,-0.12,-5.18,27.09,1496398457
TEKcoin,TEK,339,0.0000899221,0.00000004,504.439,127155.0,1414054562.0,1414054562.0,0.73,-0.66,76.22,1496398451
Sumokoin,SUMO,340,0.269105,0.00011111,9858.73,122886.0,456647.0,9345536.0,1.43,81.41,,1496398194
Machinecoin,MAC,341,0.00620096,0.00000256,2709.06,121269.0,19556550.0,19556550.0,-4.56,5.91,-11.34,1496398460
Tattoocoin (Standard Edition),TSE,342,0.0010406,0.00000043,1489.1,119015.0,114371038.0,604371038.0,0.87,-25.95,-24.6,1496398184
Flycoin,FLY,343,0.559782,0.0002311,1586.68,118005.0,210806.0,210806.0,-24.73,-46.04,29.5,1496398464
bitEUR,BITEUR,344,1.13082,0.00046685,19223.7,115457.0,102100.0,102100.0,0.58,0.47,0.19,1496398463
MojoCoin,MOJO,345,0.00951758,0.00000393,1126.98,114744.0,12056036.0,12056036.0,0.69,3.53,-36.99,1496398471
CHNCoin,CNC,346,0.00450818,0.00000186,15367.1,113878.0,25260247.0,170109984.0,4.2,5.87,-27.59,1496398456
Rimbit,RBT,347,0.000971895,0.00000040,640.387,112254.0,115499623.0,393459356.0,-0.99,3.13,-5.43,1496398457
QuazarCoin,QCN,348,0.019378,0.00000800,1002.79,110665.0,5710862.0,5710862.0,0.72,21.16,9.36,1496398451
LanaCoin,LANA,349,0.000145302,0.00000006,552.623,108738.0,748361427.0,748361427.0,0.69,0.51,33.39,1496398472
Eryllium,ERY,350,0.0230983,0.00000954,2872.17,100574.0,4354170.0,14354170.0,2.12,9.96,-42.28,1496398185
Phoenixcoin,PXC,351,0.00171876,0.00000071,974.042,99474.0,57875425.0,57875425.0,7.13,48.34,4.64,1496398442
Emerald Crypto,EMD,352,0.00484444,0.00000200,3550.66,92612.0,19117129.0,19117129.0,0.69,22.18,58.96,1496398443
bitGold,BITGOLD,353,1476.28,0.609465,13512.7,82694.0,56.0,56.0,-1.75,-0.16,5.28,1496398459
Spots,SPT,354,0.00350244,0.00000145,614.471,78476.0,22406021.0,22406021.0,-2.61,23.44,43.16,1496398443
Freicoin,FRC,355,0.00266448,0.00000110,17798.7,74350.0,27904285.0,100000000.0,0.69,0.34,0.58,1496398442
Gapcoin,GAP,356,0.00670964,0.00000277,13090.6,73014.0,10881956.0,10881956.0,2.29,3.09,24.31,1496398458
PonziCoin,PONZI,357,0.077512,0.00003200,591.217,66746.0,861099.0,861099.0,40.08,39.53,33.71,1496398472
Kurrent,KURT,358,0.00659674,0.00000272,1091.44,65436.0,9919485.0,21319485.0,-0.3,-30.28,3.98,1496398481
CrevaCoin,CREVA,359,0.00177175,0.00000073,13007.3,64475.0,36390750.0,6240390800.0,-1.77,-5.58,-15.37,1496398463
MCAP,MCAP,360,6.31576,0.00260769,188084.0,63189.0,10005.0,100000000.0,-0.05,0.58,,1496398193
Wexcoin,WEX,361,0.353391,0.00014589,5774.4,59202.0,167525.0,10000167525.0,-2.21,-6.57,5.8,1496398477
Argentum,ARG,362,0.00726675,0.00000300,829.14,54533.0,7504522.0,7504522.0,6.68,-21.38,-7.47,1496398442
NevaCoin,NEVA,363,0.028323,0.00001169,505.69,51345.0,1812830.0,1812830.0,-3.82,-1.78,14.38,1496398470
Acoin,ACOIN,364,0.0419492,0.00001732,10817.6,51182.0,1220085.0,1220085.0,-0.98,0.18,-34.55,1496398456
Philosopher Stones,PHS,365,0.019596,0.00000809,3531.19,47603.0,2429219.0,2429219.0,0.91,2.96,1.26,1496398444
Prime-XI,PXI,366,0.00295023,0.00000122,1741.84,43640.0,14791985.0,14791985.0,0.21,-3.67,46.86,1496398457
PetroDollar,XPD,367,0.0006712,0.00000028,690.642,42952.0,63993275.0,63993275.0,7.84,-58.46,-49.31,1496398449
Allion,ALL,368,0.00646941,0.00000267,2522.96,40106.0,6199359.0,7323359.0,1.05,-1.71,-25.13,1496398186
MACRON,MCRN,369,0.0000983042,0.00000004,922.358,39461.0,401421401.0,401421401.0,0.83,3.1,16.68,1496398190
Independent Money System,IMS,370,0.00686328,0.00000283,1029.9,36848.0,5368934.0,5368934.0,2.7,-4.69,-12.16,1496398469
Rawcoin,XRC,371,0.0472581,0.00001951,3088.53,33311.0,704882.0,704882.0,0.7,20.73,240.65,1496398481
Hexx,HXX,372,0.0233034,0.00000962,509.593,31527.0,1352902.0,1352902.0,0.67,-22.63,-32.98,1496398463
Honey,HONEY,373,0.399424,0.00016492,1022.13,27283.0,68306.0,68306.0,46.55,-4.14,-57.15,1496398187
BeaverCoin,BVC,374,0.00862321,0.00000356,648.068,26864.0,3115258.0,3115258.0,1.29,-4.15,-18.54,1496398456
Kittehcoin,MEOW,375,0.0000011076,0.0000000005,2064.68,26479.0,23905669976.0,23905669976.0,5.36,55.1,81.01,1496398445
PIECoin,PIE,376,0.000361991,0.00000015,539.446,26087.0,72065465.0,72065465.0,0.18,13.33,-16.35,1496398187
Marijuanacoin,MAR,377,0.0394539,0.00001629,5163.52,20622.0,522690.0,522690.0,4.19,-25.24,-25.17,1496398186
Eurocoin,EUC,378,0.00152602,0.00000063,1168.92,17901.0,11730325.0,11730325.0,-0.46,-0.66,-19.73,1496398464
AllSafe,ASAFE,379,0.0000181120,0.000000007,4083.34,12860.0,710000000.0,710000000.0,0.2,841.49,237.21,1496398479
LevoPlus,LVPS,380,0.0293718,0.00001213,4657.44,12075.0,411112.0,91411112.0,-49.07,-48.13,-72.72,1496398187
Beatcoin,XBTS,381,0.0068291,0.00000282,1784.24,10412.0,1524686.0,2524686.0,-0.25,6.6,7.95,1496398478
Ebittree Coin,EBT,382,0.0118676,0.00000490,622.446,10335.0,870860.0,810870860.0,0.75,-1.92,4.59,1496398190
BenjiRolls,BENJI,383,0.000460174,0.00000019,4928.29,8718.0,18944436.0,18944436.0,6.35,0.51,-23.95,1496398183
Digital Money Bits,DMB,384,0.0153523,0.00000634,17902.6,4704.0,306400.0,10306400.0,0.56,20.54,58.02,1496398193
Environ,ENV,385,0.0000242134,0.000000010,2020.47,3175.0,131129509.0,931129509.0,0.75,0.25,-95.63,1496398191
Powercoin,PWR,386,0.0000242225,0.00000001,1331.12,1211.0,49983870.0,49983870.0,0.67,0.34,-3.97,1496398473
Gold Pressed Latinum,GPL,387,0.176392,0.00007283,7843.14,,,203982.0,0.61,-11.45,12.15,1496398191
SnakeEyes,SNAKE,388,0.15905,0.00006567,1282.42,,,10000000.0,11.45,33.64,39.31,1496398192
Arcade Token,ARC,389,3.74133,0.00167261,,10777041.0,2880537.0,2880537.0,,,23.54,1496180681
Scotcoin,SCOT,390,0.00649102,0.00000268,169.152,6491020.0,1000000000.0,1000000000.0,0.51,-21.86,8.49,1496398452
Jinn,JINN,391,48.6653,0.0200909,486.653,2856799.0,58703.0,1000000.0,0.77,6.79,16.3,1496398457
XCurrency,XC,392,0.436005,0.00018,356.071,2531802.0,5806818.0,5806818.0,0.72,-0.21,-8.13,1496398451
InstantDEX,DEX,393,2.39593,0.00098913,347.409,2395930.0,1000000.0,1000000.0,0.77,6.79,,1496398456
AsiaCoin,AC,394,0.00281683,0.00000116,154.392,2364239.0,839325956.0,839325956.0,0.72,8.17,-21.25,1496398450
Bitpark Coin,BPC,395,0.0205649,0.00000849,286.677,1542368.0,75000000.0,100000000.0,0.7,22.38,23.01,1496398482
NewYorkCoin,NYC,396,0.0000242225,0.00000001,249.008,1446566.0,59719935819.0,59719935819.0,0.72,0.39,25.22,1496398451
InsaneCoin,INSANE,397,0.0716727,0.00002959,241.547,1314547.0,18340976.0,18340976.0,0.52,-16.69,30.65,1496398479
Pangea Poker,PANGEA,398,0.933477,0.00038538,11.2017,932872.0,999352.0,1000000.0,0.77,6.79,,1496398458
Devcoin,DVC,399,0.0000633063,0.00000003,41.0188,886480.0,14003027500.0,14003027500.0,367.07,-6.43,140.01,1496398440
DubaiCoin,DBIC,400,0.162234,0.00006698,251.758,832100.0,5129014.0,6146942.0,0.67,-3.75,-1.4,1496398469
Woodcoin,LOG,401,0.102752,0.00004242,287.747,825632.0,8035193.0,8035193.0,0.72,-11.84,-6.13,1496398461
ShadowCash,SDC,402,0.123143,0.00005084,414.136,821004.0,6667076.0,6667076.0,0.72,-0.09,-26.32,1496398453
Pandacoin,PND,403,0.0000242225,0.00000001,372.274,787593.0,32514916898.0,32514916898.0,0.72,0.33,-3.96,1496398447
Casino,CASINO,404,0.755805,0.00031206,13.6045,755805.0,1000000.0,1000000.0,11.45,132.65,17.26,1496398186
Carboncoin,CARBON,405,0.0000484450,0.00000002,7.47265,745662.0,15391933481.0,15391933481.0,0.72,0.34,-3.97,1496398455
Ultimate Secure Cash,USC,406,0.0719443,0.00002970,128.127,744128.0,10343113.0,38602656.0,0.76,,-19.61,1496398189
Tao,XTO,407,0.0226122,0.00000934,194.44,685522.0,30316459.0,32316459.0,0.72,28.23,2.97,1496398476
CageCoin,CAGE,408,0.0000059392,0.000000002,214.33,600863.0,101168328395,101168328395,4.52,31.7,22.94,1496398447
Cryptofund,FUND,409,0.5588,0.0002553,,558800.0,1000000.0,1000000.0,,,-26.92,1495948164
SmileyCoin,SMLY,410,0.0000211938,0.000000009,132.778,550196.0,25960250000.0,25960250000.0,1.54,-3.19,156.62,1496398460
E-Currency Coin ,ECC,411,0.0000242225,0.00000001,1.19245,534363.0,22060603799.0,22060603799.0,0.72,0.34,-3.97,1496398449
HitCoin,HTC,412,0.0000484450,0.00000002,114.644,532717.0,10996318099.0,20996318099.0,0.72,100.65,92.12,1496398470
Shorty,SHORTY,413,0.00501117,0.00000210,,501117.0,100000000.0,100000000.0,,-1.15,28.01,1496365479
CasinoCoin,CSC,414,0.0119392,0.00000493,328.877,460867.0,38601187.0,38601187.0,1.13,5.22,-12.7,1496398442
YashCoin,YASH,415,0.0460228,0.00001900,337.549,460233.0,10000117.0,10000117.0,0.7,-10.04,15.31,1496398482
ReeCoin,REE,416,0.0363213,0.00001499,145.004,449211.0,12367704.0,6662367704.0,0.69,-11.59,-12.71,1496398474
Colossuscoin V2,CV2,417,0.0000192528,0.000000008,267.05,427198.0,22188900273.0,22188900273.0,0.99,-1.85,-50.64,1496398461
Dashcoin,DSH,418,0.0243083,0.00001004,279.301,420329.0,17291579.0,17291579.0,-2.65,-11.99,-4.21,1496398458
Happycoin,HPC,419,0.0363538,0.00001501,227.951,413195.0,11365939.0,11365939.0,-0.07,10.15,140.79,1496398190
BitBar,BTB,420,11.699,0.00482979,375.813,381172.0,32582.0,32582.0,0.72,-3.11,-0.96,1496398441
Orbitcoin,ORB,421,0.125374,0.00005176,28.0508,370537.0,2955451.0,2955451.0,1.17,-0.52,-1.38,1496398445
LTBcoin,LTBC,422,0.000742106,0.00000032,,366499.0,493863915.0,493863915.0,,,,1496287754
FuelCoin,FC2,423,0.00360915,0.00000149,3.77435,366013.0,101412434.0,101412434.0,0.72,1.62,,1496398452
RussiaCoin,RC,424,0.0428254,0.00001768,0.290596,351873.0,8216446.0,8216446.0,0.72,0.44,0.24,1496398467
SuperCoin,SUPER,425,0.00847788,0.00000350,84.7706,348912.0,41155630.0,41155630.0,0.72,,,1496398451
Trollcoin,TROLL,426,0.000628896,0.00000026,436.788,348235.0,553724220.0,553724220.0,1.07,-0.38,-8.6,1496398457
Mineum,MNM,427,0.0363015,0.00001499,323.654,342554.0,9436367.0,9586367.0,-0.29,-10.05,-22.24,1496398472
Bitstar,BITS,428,0.0141385,0.00000584,81.6271,326313.0,23079737.0,23079737.0,0.72,52.97,17.58,1496398450
HOdlcoin,HODL,429,0.00314893,0.00000130,21.1594,291624.0,92610495.0,250000000.0,0.72,-6.84,19.16,1496398469
Rare Pepe Party,RAREPEPEPRTY,430,16.1275,0.0067095,,290295.0,18000.0,100000.0,,-3.06,-8.5,1496315982
Veltor,VLT,431,0.45984,0.00018984,374.125,255145.0,554855.0,554855.0,0.7,-2.68,40.03,1496398476
SmartCoin,SMC,432,0.0107243,0.00000443,78.7365,245505.0,22892422.0,22892422.0,-21.62,15.33,-25.89,1496398447
BTCtalkcoin,TALK,433,0.00357833,0.00000161,,233631.0,65290635.0,65290635.0,,,-15.02,1496191750
Crypto Bullion,CBX,434,0.23455,0.00009683,55.7777,233574.0,995841.0,995841.0,0.69,-10.78,-38.04,1496398443
VirtualCoin,VC,435,0.0215096,0.00000888,224.212,216479.0,10064287.0,10064287.0,0.72,11.38,19.67,1496398454
AgrolifeCoin,AGLC,436,0.0472658,0.00001990,,216071.0,4571399.0,204571399.0,,,94.71,1496301878
The Cypherfunks,FUNK,437,0.0000048222,0.000000002,74.4452,212926.0,44155520000.0,44155520000.0,1.78,-1.94,-19.75,1496398462
BritCoin,BRIT,438,0.00966478,0.00000399,166.227,205551.0,21268092.0,21268092.0,0.72,81.99,-4.33,1496398453
Pesobit,PSB,439,0.0061283,0.00000253,317.403,200209.0,32669576.0,32669576.0,0.77,-5.27,-10.66,1496398478
Coin(O),CNO,440,0.00193769,0.00000080,355.905,199798.0,103111194.0,103111194.0,0.69,70.81,117.23,1496398449
SwagBucks,BUCKS,441,0.958258,0.00039561,2.6143,196975.0,205555.0,205555.0,-2.95,-27.59,-27.16,1496398467
42-coin,42,442,4505.68,1.86012,155.749,189239.0,42.0,42.0,1.77,0.4,17.17,1496398446
Kobocoin,KOBO,443,0.00739041,0.00000305,182.68,182545.0,24700248.0,24700248.0,0.69,17.62,-62.84,1496398460
BillaryCoin,BLRY,444,0.0202985,0.00000838,25.5536,182345.0,8983158.0,8983158.0,0.72,18.41,-21.02,1496398472
Bitz,BITZ,445,0.0892373,0.00003720,,177662.0,1990891.0,1990891.0,,-0.63,-4.63,1496351362
Tristar Coin,TSTR,446,0.0343849,0.00001500,,172882.0,5027857.0,255027857.0,,,45.03,1496271895
NetCoin,NET,447,0.000219406,0.00000009,88.1186,172700.0,787126712.0,787126712.0,1.41,-0.62,-19.36,1496398444
Zero,ZER,448,0.230087,0.00009500,257.84,171088.0,743580.0,743580.0,-0.34,-4.96,-16.82,1496398188
Titcoin,TIT,449,0.00320026,0.00000132,155.678,159687.0,49898202.0,49898202.0,0.86,5.18,-27.73,1496398454
Crave,CRAVE,450,0.124867,0.00005155,27.2031,156046.0,1249695.0,1249695.0,0.72,-22.44,82.3,1496398460
LottoCoin,LOT,451,0.0000105806,0.000000004,11.179,153324.0,14491014421.0,14491014421.0,2.62,10.08,7.68,1496398446
Vault Coin,VLTC,452,0.00489336,0.00000202,60.5695,145451.0,29724230.0,529724230.0,0.67,-15.45,-23.09,1496398482
Truckcoin,TRK,453,0.00113832,0.00000047,28.4771,140038.0,123021353.0,123021353.0,0.72,20.9,61.22,1496398453
Stress,STS,454,0.000242225,0.00000010,1.02703,136890.0,565134332.0,565134332.0,0.69,,,1496398469
Cannacoin,CCN,455,0.0289943,0.00001197,96.7177,136206.0,4697672.0,4697672.0,0.72,-4.31,26.42,1496398450
PipCoin,PIP,456,0.0205649,0.00000849,465.467,135177.0,6573177.0,6999979.0,4.26,-4.43,-8.05,1496398478
HoboNickels,HBN,457,0.00273714,0.00000113,286.358,132915.0,48559834.0,48559834.0,-0.6,18.57,87.86,1496398444
PureVidz,VIDZ,458,0.000993624,0.00000041,241.957,124386.0,125184247.0,125184247.0,0.76,-32.2,1.79,1496398183
Bitcurrency,BTCR,459,0.00071427,0.00000029,108.134,120144.0,168205079.0,168205079.0,0.67,-1.12,26.85,1496398481
MetalCoin,METAL,460,0.00155024,0.00000064,5.86662,119253.0,76925527.0,76925527.0,0.72,-18.71,-18.03,1496398459
BitcoinTX,BTX,461,0.00142913,0.00000059,58.8776,115847.0,81061380.0,81061380.0,0.69,-40.8,-71.1,1496398462
Xiaomicoin,MI,462,0.00028198,0.00000012,307.499,114524.0,406141855.0,406141855.0,0.88,19.22,39.73,1496398465
GAIA,GAIA,463,0.00466575,0.00000198,,112451.0,24101381.0,24101381.0,,-2.4,-14.73,1496340859
Coin2.1,C2,464,0.00107859,0.00000045,364.119,107833.0,99976323.0,99976323.0,4.39,28.72,-8.49,1496398453
C-Bit,XCT,465,0.000799343,0.00000033,10.3419,105343.0,131786750.0,131786750.0,0.69,3.48,1.91,1496398470
Pakcoin,PAK,466,0.00274621,0.00000113,227.137,100587.0,36627750.0,36627750.0,0.66,-1.87,-22.32,1496398465
BigUp,BIGUP,467,0.0000484450,0.00000002,129.058,99516.0,2054211868.0,2054211868.0,101.44,100.65,39.3,1496398469
Sterlingcoin,SLG,468,0.0256228,0.00001058,88.7691,99446.0,3881156.0,3881156.0,0.9,-0.5,-17.82,1496398456
Swing,SWING,469,0.0436262,0.00001801,9.47877,99344.0,2277162.0,2277162.0,0.72,-26.82,-14.1,1496398465
Digital Rupees,DRS,470,0.000193758,0.00000008,199.14,98972.0,510802961.0,510802961.0,15.15,48.94,127.06,1496398184
Dollarcoin,DLC,471,0.0107306,0.00000443,10.5653,97721.0,9106714.0,9106714.0,0.67,9.74,,1496398477
HyperStake,HYP,472,0.000253117,0.00000010,123.423,97652.0,385796097.0,385796097.0,0.9,-0.93,6.71,1496398454
FlutterCoin,FLT,473,0.000292125,0.00000012,10.178,94127.0,322214524.0,322214524.0,1.31,1.64,-21.2,1496398449
GlobalBoost-Y,BSTY,474,0.00803774,0.00000332,132.948,91618.0,11398430.0,11398430.0,33.45,-4.97,1.2,1496398457
TittieCoin,TTC,475,0.0000698032,0.00000003,91.9692,87939.0,1259816434.0,1259816434.0,0.76,41.91,-2.33,1496398458
WayGuide,WAY,476,0.00087201,0.00000036,2.70236,87236.0,100040708.0,100040708.0,0.7,0.33,4.8,1496398476
PayCoin,XPY,477,0.00742523,0.00000307,2.07588,86895.0,11702637.0,11752637.0,0.72,2.53,-59.62,1496398458
BunnyCoin,BUN,478,0.0000008553,0.0000000004,145.477,86735.0,101410987566,101410987566,2.42,6.42,3.65,1496398456
Elementrem,ELE,479,0.00331613,0.00000137,129.693,82960.0,25017158.0,25017158.0,0.66,13.57,-29.34,1496398475
KiloCoin,KLC,480,0.000411783,0.00000017,4.11783,80832.0,196297971.0,10025186872.0,0.72,6.58,8.87,1496398468
CorgiCoin,CORG,481,0.0000613167,0.00000003,6.47481,76760.0,1251855418.0,1251855418.0,1.27,3.26,-64.03,1496398447
Darsek,KED,482,0.00775026,0.00000320,26.3516,76396.0,9857270.0,9857270.0,0.76,-1.25,-28.15,1496398189
GameUnits,UNITS,483,0.0219421,0.00000906,134.063,76053.0,3466085.0,3466085.0,0.72,-13.85,-28.79,1496398482
UFO Coin,UFO,484,0.0000229521,0.00000001,,75435.0,3286630012.0,3286630012.0,,,-9.01,1496273048
Triangles,TRI,485,1.0055,0.00041511,10.5333,73292.0,72891.0,72891.0,0.72,-14.8,-23.79,1496398453
CCMiner,CCM100,486,0.0292652,0.00001208,38.8349,70715.0,2416354.0,6000000.0,11.56,33.59,-1.97,1496398185
Artex Coin,ATX,487,0.00374831,0.00000155,69.9708,70075.0,18695075.0,268695075.0,0.72,3.89,49.39,1496398475
Blakecoin,BLC,488,0.00586185,0.00000242,9.01435,69819.0,11910789.0,11910789.0,0.72,0.02,-3.1,1496398446
Valorbit,VAL,489,0.0000242225,0.00000001,12.3535,69574.0,2872301973.0,922340072301973,0.7,0.33,-3.97,1496398471
SproutsExtreme,SPEX,490,0.0000242225,0.00000001,12.5957,69436.0,2866607586.0,2866607586.0,0.7,0.34,-3.28,1496398469
NoLimitCoin,NLC2,491,0.000339115,0.00000014,31.6523,67979.0,200458661.0,200458661.0,0.72,-11.98,-37.99,1496398476
Guncoin,GUN,492,0.000363271,0.00000015,38.0755,66145.0,182082628.0,182082628.0,0.72,0.31,34.93,1496398450
HempCoin,HMP,493,0.0000484450,0.00000002,148.726,65721.0,1356620378.0,2856620378.0,0.72,0.33,87.03,1496398468
AmberCoin,AMBER,494,0.0014952,0.00000063,,65255.0,43643263.0,43643263.0,,-1.68,-18.8,1496347159
Yacoin,YAC,495,0.000557118,0.00000023,4.44721,64687.0,116109460.0,116109460.0,0.7,0.34,-7.97,1496398442
Debitcoin,DBTC,496,0.00356071,0.00000147,34.3237,64064.0,17991999.0,25991999.0,0.72,6.89,2.73,1496398473
ChessCoin,CHESS,497,0.00117579,0.00000049,30.6937,63452.0,53965476.0,53965476.0,0.69,-2.33,31.55,1496398474
Ratecoin,XRA,498,0.000586683,0.00000024,152.604,62236.0,106081240.0,106081240.0,0.56,-10.57,-25.63,1496398462
Bitcloud,BTD,499,0.0053774,0.00000222,45.669,59895.0,11138273.0,11138273.0,0.67,3.59,62.74,1496398477
Jin Coin,JIN,500,0.00605563,0.00000250,0.302781,59639.0,9848485.0,9848485.0,0.72,-6.7,,1496398477
Chronos,CRX,501,0.000783519,0.00000032,292.164,57769.0,73729962.0,73729962.0,0.67,9.15,7.91,1496398475
RevolverCoin,XRE,502,0.00261603,0.00000108,193.964,57011.0,21793020.0,21793020.0,0.7,28.99,-2.45,1496398473
Nyancoin,NYAN,503,0.000183293,0.00000008,74.8643,54601.0,297891209.0,297891209.0,1.76,-3.94,6.47,1496398447
KushCoin,KUSH,504,0.00988164,0.00000408,30.722,53297.0,5393554.0,5393554.0,0.76,-8.67,-20.01,1496398184
AquariusCoin,ARCO,505,0.0419151,0.00001730,139.538,51214.0,1221849.0,1221849.0,-1.06,5.81,3.07,1496398472
Lex4All,LEX,506,0.0508959,0.00002101,240.738,50898.0,1000043.0,5000000.0,27.01,71.15,-5.65,1496398186
Zayedcoin,ZYD,507,0.00799343,0.00000330,32.5185,49910.0,6243840.0,6243840.0,0.67,-1.17,-20.58,1496398477
DigiCube,CUBE,508,0.0000205122,0.000000008,0.003832,49827.0,2429126009.0,2429126009.0,3.13,,-18.65,1496398466
SatoshiMadness,MAD,509,0.0000242225,0.00000001,131.044,48462.0,2000683485.0,2000683485.0,0.67,0.34,-3.97,1496398468
AurumCoin,AU,510,0.161685,0.00006675,138.206,47894.0,296216.0,296216.0,0.76,-20.57,-29.6,1496398457
Aricoin,ARI,511,0.000341077,0.00000014,15.4548,47840.0,140262505.0,140262505.0,-10.33,-2.11,2.88,1496398449
Francs,FRN,512,0.0271536,0.00001121,61.0091,46544.0,1714100.0,1714100.0,-0.88,-4.44,16.66,1496398468
Sativacoin,STV,513,0.00657363,0.00000274,,46521.0,7076843.0,7076843.0,,-0.63,7.35,1496351959
PX,PX,514,0.000605563,0.00000025,92.3144,46501.0,76789499.0,76789499.0,4.92,25.39,53.72,1496398475
Eternity,ENT,515,0.0151028,0.00000624,305.014,46250.0,3062336.0,3062336.0,0.73,-13.5,-39.98,1496398481
MiloCoin,MILO,516,0.00445642,0.00000184,97.5878,45854.0,10289397.0,10289397.0,0.76,21.39,92.7,1496398187
Tigercoin,TGC,517,0.00104157,0.00000043,11.0867,45347.0,43536800.0,43536800.0,0.72,7.87,37.64,1496398445
MarteXcoin,MXT,518,0.0164843,0.00000681,0.120797,44972.0,2728161.0,2728161.0,0.31,16.81,-44.82,1496398472
RedCoin,RED,519,0.000605563,0.00000025,17.1619,44877.0,74107896.0,74107896.0,0.72,-2.98,-38.11,1496398446
AmsterdamCoin,AMS,520,0.00461108,0.00000190,119.998,44283.0,9603707.0,16803707.0,0.72,-3.26,10.22,1496398464
Evotion,EVO,521,0.017451,0.00000720,155.542,43090.0,2469220.0,2469220.0,1.11,-6.36,-61.54,1496398466
ICOBID,ICOB,522,0.000412814,0.00000017,396.632,42876.0,103862796.0,103862796.0,0.74,-9.37,0.15,1496398184
UniCoin,UNIC,523,0.0141331,0.00000583,176.109,41147.0,2911378.0,2911378.0,0.72,0.65,6.97,1496398463
BTCDragon,DRAGON,524,0.101792,0.00004203,111.971,41139.0,404146.0,1000000.0,11.45,-42.25,-25.07,1496398186
Joulecoin,XJO,525,0.00127372,0.00000053,38.0358,41084.0,32254968.0,32254968.0,0.67,-6.19,2.73,1496398444
BurstOcean,OCEAN,526,0.192132,0.00007933,13.3205,40699.0,211827.0,1000000.0,-5.98,35.84,32.91,1496398186
UCoin,U,527,0.015018,0.00000620,5.98018,40396.0,2689812.0,2689812.0,0.72,0.33,-4.81,1496398458
808Coin,808,528,0.000193962,0.00000008,246.65,39948.0,205957132.0,205957132.0,0.69,-1.19,20.68,1496398474
OctoCoin,888,529,0.000769465,0.00000032,129.865,37216.0,48365548.0,48365548.0,0.53,-33.8,26.98,1496398451
Franko,FRK,530,0.0574558,0.00002372,2.13122,36596.0,636950.0,636950.0,0.72,,-50.45,1496398441
SpaceCoin,SPACE,531,0.00203826,0.00000084,3.13363,36267.0,17793275.0,17793275.0,0.78,-8.06,2.03,1496398465
Universal Currency,UNIT,532,0.00277322,0.00000114,112.714,36181.0,13046431.0,13046431.0,0.67,78.56,-53.95,1496398463
WMCoin,WMC,533,0.00310048,0.00000128,0.479945,35741.0,11527489.0,911527489.0,0.67,6.15,,1496398473
Universe,UNI,534,0.0119887,0.00000495,109.945,35604.0,2969777.0,14169777.0,0.76,6.38,-0.95,1496398189
PopularCoin,POP,535,0.0000105316,0.000000004,34.3333,35204.0,3342673809.0,3342673809.0,1.69,2.07,7.15,1496398449
Cypher,CYP,536,0.00547429,0.00000226,247.699,34845.0,6365285.0,6365285.0,0.72,10.62,,1496398461
Photon,PHO,537,0.0000019526,0.0000000008,39.5407,34827.0,17836264080.0,17836264080.0,2.18,37.26,33.01,1496398448
Bolivarcoin,BOLI,538,0.00537236,0.00000222,475.152,34821.0,6481550.0,6481550.0,1.0,-6.84,6.41,1496398464
Dobbscoin,BOB,539,0.00663697,0.00000274,3.58217,33586.0,5060382.0,5060382.0,0.72,-0.48,-0.75,1496398454
Solarflarecoin,SFC,540,0.00237353,0.00000098,32.554,32562.0,13718750.0,13718750.0,0.76,10.47,-9.75,1496398184
Evil Coin,EVIL,541,0.00152292,0.00000063,0.879251,32012.0,21020383.0,21020383.0,0.7,-3.64,-4.2,1496398468
CryptoWorldX Token,CWXT,542,0.000581273,0.00000024,5.85596,31785.0,54681610.0,54681610.0,0.76,14.6,-8.48,1496398185
Uro,URO,543,0.0260876,0.00001077,60.1043,31496.0,1207310.0,1207310.0,0.72,-1.66,-12.32,1496398452
RonPaulCoin,RPC,544,0.0389119,0.00001606,20.2156,30701.0,788995.0,788995.0,0.68,-6.69,-7.47,1496398445
Creatio,XCRE,545,0.001487,0.00000061,181.477,30514.0,20520514.0,20520514.0,2.56,2.65,45.76,1496398481
FlavorCoin,FLVR,546,0.00144164,0.00000060,8.79899,30128.0,20898106.0,20898106.0,0.01,3.17,83.55,1496398469
Dreamcoin,DRM,547,0.0120275,0.00000503,,29311.0,2436996.0,2436996.0,,-0.96,,1496330352
SixEleven,611,548,0.0700031,0.00002890,9.08221,28846.0,412067.0,412067.0,0.69,-20.56,-68.44,1496398472
Zurcoin,ZUR,549,0.000363338,0.00000015,24.0263,28695.0,78975435.0,78975435.0,0.7,7.51,6.8,1496398472
Hommalicoin,HMC,550,11.7946,0.00496011,,28528.0,2419.0,1000000000.0,,,,1496299177
NeuCoin,NEU,551,0.0000141294,0.000000006,0.0633465,28128.0,1990764588.0,2014638413.0,0.31,17.26,-71.38,1496398465
Bitzeny,ZNY,552,0.000363338,0.00000015,56.0849,27474.0,75614500.0,75614500.0,0.67,0.34,9.43,1496398464
GoldPieces,GP,553,0.0224051,0.00000925,399.138,27338.0,1220161.0,1220161.0,5.18,-4.44,-28.17,1496398459
Unrealcoin,URC,554,0.00382716,0.00000158,20.1512,26884.0,7024402.0,7024402.0,0.72,,14.98,1496398461
BumbaCoin,BUMBA,555,0.00121113,0.00000050,2.30694,26578.0,21944950.0,21944950.0,0.69,-2.73,-22.56,1496398470
HealthyWormCoin,WORM,556,0.00169538,0.00000070,42.1781,26561.0,15666746.0,15666746.0,0.76,0.28,-45.01,1496398188
PayCon,CON,557,0.00114595,0.00000047,62.9992,26406.0,23042604.0,23042604.0,0.87,-15.85,-21.64,1496398459
Grantcoin,GRT,558,0.000605563,0.00000025,153.65,25026.0,41327071.0,10041327071.0,0.72,,-3.62,1496398463
Cannation,CNNC,559,0.0100701,0.00000416,120.729,24714.0,2454202.0,2454202.0,0.76,-8.39,-17.52,1496398192
AntiBitcoin,ANTI,560,0.00140333,0.00000058,,24509.0,17465159.0,17465159.0,,0.23,27.3,1496385567
CryptoEscudo,CESC,561,0.000169558,0.00000007,34.4815,24434.0,144105100.0,594105100.0,0.72,0.33,-3.97,1496398449
X-Coin,XCO,562,0.0019378,0.00000080,11.5073,24000.0,12384976.0,12384976.0,-5.2,0.34,-11.7,1496398460
Theresa May Coin,MAY,563,0.00152584,0.00000063,47.4403,23309.0,15276000.0,15276000.0,-2.31,-15.77,,1496398192
ARbit,ARB,564,0.00357811,0.00000149,,23149.0,6469590.0,6469590.0,,-0.52,9.16,1496362165
PlatinumBAR,XPTX,565,0.1324,0.00005562,,23088.0,174378.0,174378.0,,-1.39,-3.9,1496364572
B3Coin,B3,566,0.0743631,0.00003070,68.2257,22846.0,307228.0,307228.0,0.7,12.99,22.54,1496398476
Litecred,LTCR,567,0.000747437,0.00000031,144.114,22593.0,30227750.0,30227750.0,22.58,-18.01,109.73,1496398467
LeaCoin,LEA,568,0.0000812192,0.00000003,24.4615,22434.0,276216089.0,276216089.0,2.45,67.93,-29.51,1496398462
SoonCoin,SOON,569,0.00179247,0.00000074,42.0062,22339.0,12462620.0,12462620.0,0.72,-16.57,-26.72,1496398459
BiosCrypto,BIOS,570,0.00104157,0.00000043,0.266423,21599.0,20737003.0,20737003.0,0.23,-11.96,22.87,1496398463
ParallelCoin,DUO,571,0.0747248,0.00003085,308.34,21483.0,287489.0,287489.0,0.16,-0.22,-31.14,1496398466
Ride My Car,RIDE,572,0.000205537,0.00000008,47.039,20779.0,101097263.0,101097263.0,0.76,-8.98,-26.81,1496398185
MindCoin,MND,573,0.00162291,0.00000067,14.9888,20362.0,12546625.0,12546625.0,0.72,0.34,10.1,1496398467
CoExistCoin,COXST,574,0.000742706,0.00000031,15.2768,20156.0,27138905.0,27138905.0,-33.39,-50.93,-74.34,1496398471
Flaxscript,FLAX,575,0.0036576,0.00000151,1.66984,20103.0,5496140.0,5496140.0,0.72,-2.27,12.91,1496398463
DAPPSTER,DLISK,576,0.00019378,0.00000008,0.242225,19378.0,100000000.0,100000000.0,0.7,0.34,-15.53,1496398475
PLNcoin,PLNC,577,0.00111424,0.00000046,1.18223,19042.0,17089600.0,19089600.0,0.72,2.57,8.57,1496398449
IslaCoin,ISL,578,0.0125715,0.00000519,19.2042,19030.0,1513704.0,1513704.0,0.72,2.29,-16.63,1496398465
SongCoin,SONG,579,0.000583512,0.00000024,27.8573,19002.0,32565300.0,32565300.0,-0.06,9.31,-17.56,1496398460
Destiny,DES,580,0.0117479,0.00000485,203.604,18797.0,1600000.0,1600000.0,-23.67,-23.38,-4.14,1496398468
Magnum,MGM,581,0.00516496,0.00000225,,18734.0,3627150.0,253627150.0,,,-42.49,1496272491
Luna Coin,LUNA,582,0.0152424,0.00000629,226.945,18708.0,1227386.0,1227386.0,0.78,1.62,-2.22,1496398483
Impact,IMX,583,0.000169538,0.00000007,53.2833,18533.0,109314611.0,109314611.0,0.76,-15.43,-33.57,1496398188
VIP Tokens,VIP,584,0.000218003,0.00000009,2.66457,18192.0,83450403.0,83450403.0,0.67,-9.69,-13.57,1496398470
Alexium,AUM,585,0.000896233,0.00000037,1.24087,18191.0,20297336.0,20297336.0,0.72,-2.3,4.2,1496398464
SecretCoin,SCRT,586,0.00428738,0.00000177,0.428738,18130.0,4228672.0,4228672.0,0.67,2.07,24.98,1496398470
BipCoin,BIP,587,0.0128864,0.00000532,44.5095,17318.0,1343889.0,1343889.0,0.7,-5.87,-41.15,1496398479
GameBet Coin,GBT,588,0.000799343,0.00000033,0.666095,16996.0,21262780.0,22262780.0,0.72,,-5.49,1496398470
Halcyon,HAL,589,0.00363338,0.00000150,15.2532,16892.0,4649043.0,4649043.0,-1.25,-0.98,-27.97,1496398455
Vector,VEC2,590,0.00106579,0.00000044,103.233,16884.0,15841898.0,15841898.0,0.72,-50.39,-45.88,1496398464
Steps,STEPS,591,0.000896233,0.00000037,0.448116,16692.0,18625017.0,18625017.0,0.72,0.33,-1.32,1496398465
Sling,SLING,592,0.0151875,0.00000627,0.563149,16313.0,1074095.0,1074095.0,0.72,0.5,4.6,1496398461
Orlycoin,ORLY,593,0.000436005,0.00000018,0.266423,15978.0,36646779.0,36646779.0,0.67,6.23,13.22,1496398471
Prototanium,PR,594,0.0799141,0.00003299,31.1832,15540.0,194462.0,194462.0,3.03,-17.24,-25.13,1496398466
Blackstar,BSTAR,595,0.0000242225,0.00000001,104.091,15279.0,630795971.0,630795971.0,0.7,0.33,-3.97,1496398482
VapersCoin,VPRC,596,0.0000194854,0.000000008,46.8958,15201.0,780124964.0,1635124964.0,48.03,214.18,-14.27,1496398475
AnarchistsPrime,ACP,597,0.00344548,0.00000142,151.454,15142.0,4394874.0,4394874.0,0.69,1.91,-5.69,1496398463
BowsCoin,BSC,598,0.00271292,0.00000112,2.09079,15057.0,5550102.0,5550102.0,0.69,,53.7,1496398463
MustangCoin,MST,599,0.023459,0.00000968,40.0218,14749.0,628710.0,628710.0,0.68,-3.01,-48.48,1496398478
FuzzBalls,FUZZ,600,0.00302212,0.00000125,416.293,14597.0,4829945.0,4829945.0,1.51,2.84,-5.78,1496398471
BitQuark,BTQ,601,0.00201047,0.00000083,35.9533,14386.0,7155671.0,7155671.0,1.33,8.16,-47.61,1496398452
Firecoin,FIRE,602,0.145529,0.00006008,2.63778,14322.0,98412.0,98412.0,0.67,0.41,-52.51,1496398455
GuccioneCoin,GCC,603,0.000702453,0.00000029,2.4697,14250.0,20285537.0,23775537.0,0.72,-9.06,-13.87,1496398464
Crypto,CTO,604,0.00142913,0.00000059,155.314,14179.0,9921591.0,9921591.0,0.67,-7.5,-32.51,1496398463
BlazeCoin,BLZ,605,0.0000225701,0.000000009,2.80456,13735.0,608557394.0,608557394.0,1.54,-0.92,14.71,1496398454
Sprouts,SPRTS,606,0.0000000777,0.00000000003,26.5094,13578.0,174728704831,174728704831,-0.09,32.97,-74.16,1496398464
OsmiumCoin,OS76,607,0.0149453,0.00000617,2.01442,13361.0,894026.0,894026.0,0.69,40.37,2.48,1496398466
BitTokens,BXT,608,0.0254336,0.00001050,6.07372,13205.0,519210.0,519210.0,0.7,-22.96,136.11,1496398477
Money,$$$,609,0.000285107,0.00000012,93.5482,13083.0,45887218.0,45887218.0,0.82,10.3,-26.09,1496398467
GPU Coin,GPU,610,0.000321798,0.00000013,209.706,13025.0,40477042.0,51530001.0,0.49,2.44,12.31,1496398472
Speedcash,SCS,611,0.0498926,0.00002060,11.373,13023.0,261021.0,476108.0,0.76,0.29,13.02,1496398191
JobsCoin,JOBS,612,0.000121113,0.00000005,131.286,12840.0,106019270.0,200019300.0,0.67,0.34,20.04,1496398479
TajCoin,TAJ,613,0.00218317,0.00000090,54.8747,12598.0,5770463.0,5770463.0,21.02,21.09,42.27,1496398475
Shilling,SH,614,0.00386665,0.00000160,156.174,12458.0,3222000.0,3222000.0,98.39,85.98,118.06,1496398479
Solaris,XLR,615,0.0726819,0.00003001,276.706,12265.0,168745.0,268745.0,0.76,-0.51,-40.1,1496398188
TAGRcoin,TAGR,616,0.000314893,0.00000013,3.00902,12177.0,38669634.0,38669634.0,0.69,-18.47,-23.19,1496398464
Metal Music Coin,MTLMC3,617,0.000148313,0.00000006,15.5265,11823.0,79719140.0,79719140.0,0.67,-12.97,3.32,1496398464
WARP,WARP,618,0.0107306,0.00000443,1.44863,11752.0,1095224.0,1095224.0,0.72,3.62,1.56,1496398468
Bitcoin 21,XBTC21,619,0.0145198,0.00000655,,11516.0,793108.0,7093108.0,,,-40.0,1496220571
Cabbage,CAB,620,0.00106579,0.00000044,96.9804,11191.0,10499996.0,10499996.0,-9.59,1.74,-3.82,1496398470
Comet,CMT,621,0.0125278,0.00000517,2.14605,10935.0,872830.0,872830.0,0.67,-51.35,0.87,1496398474
Iconic,ICON,622,0.0182906,0.00000750,,10844.0,592894.0,592894.0,,0.97,-14.68,1496321984
Abncoin,ABN,623,0.159067,0.00006568,77.0156,10769.0,67700.0,4734367.0,0.79,124.25,-20.8,1496398183
Zonecoin,ZNE,624,0.00370604,0.00000153,1.7967,9569.0,2581970.0,2581970.0,0.67,1.0,20.43,1496398476
G3N,G3N,625,0.00125957,0.00000052,2.51844,9525.0,7561891.0,7561891.0,0.72,-1.55,-7.53,1496398463
LetItRide,LIR,626,0.000266448,0.00000011,92.9756,9397.0,35266172.0,35266172.0,-26.16,57.66,-15.52,1496398474
Xonecoin,XOC,627,0.0223089,0.00000921,0.508649,9370.0,420000.0,420000.0,0.69,21.58,-1.73,1496398477
Scorecoin,SCORE,628,0.000553122,0.00000023,21.4034,9210.0,16651760.0,16651760.0,-33.84,-30.9,-52.16,1496398188
Bitvolt,VOLT,629,0.000605492,0.00000025,460.598,9151.0,15112554.0,60132654.0,0.76,-19.46,-34.77,1496398191
High Voltage,HVCO,630,0.00611441,0.00000256,,9136.0,1494171.0,1694171.0,,-1.07,74.42,1496333672
1CRedit,1CR,631,0.102374,0.00004246,,9031.0,88213.0,88213.0,,-0.14,-32.36,1496373868
Cashcoin,CASH,632,0.000244984,0.00000011,,8778.0,35831128.0,35831128.0,,,-19.12,1496155747
EGO,EGO,633,0.000145335,0.00000006,10.2259,8720.0,60000001.0,60000001.0,-13.67,0.31,-17.66,1496398477
iBank,IBANK,634,0.00188531,0.00000079,,8534.0,4526324.0,4526324.0,,-1.2,-0.31,1496357683
Elysium,ELS,635,0.00199234,0.00000082,5.31052,7979.0,4005012.0,4005012.0,0.76,106.23,55.74,1496398185
DPAY,DPAY,636,0.0000968900,0.00000004,2.45938,7707.0,79541001.0,79541001.0,0.72,-7.39,,1496398478
Hirocoin,HIRO,637,0.0000242225,0.00000001,2.42225,7545.0,311481795.0,311481795.0,0.72,0.33,-17.29,1496398448
ImpulseCoin,IMPS,638,0.000363338,0.00000015,39.5426,7356.0,20245510.0,20245510.0,0.67,5.19,29.66,1496398480
PosEx,PEX,639,0.00283403,0.00000117,10.8264,6953.0,2453240.0,2453240.0,0.69,-0.52,-10.83,1496398470
Dix Asset,DIX,640,0.0000000686,0.00000000003,31.563,6862.0,100000000000,100000000000,0.73,6.93,-31.0,1496398184
Argus,ARGUS,641,0.00569999,0.00000235,98.196,6545.0,1148324.0,5194373.0,2.36,-58.32,-5.1,1496398185
JIO Token,JIO,642,0.00341537,0.00000141,84.7362,6517.0,1908128.0,8888888.0,0.7,-1.76,23.09,1496398482
SydPak,SDP,643,0.0406212,0.00001677,215.787,6440.0,158534.0,158534.0,0.72,22.21,16.5,1496398464
Concoin,CONX,644,0.00860182,0.00000355,94.5603,5917.0,687849.0,1538849.0,2.48,4.56,66.01,1496398190
Future Digital Currency,FDC,645,0.00218003,0.00000090,60.5563,5619.0,2577401.0,1002577401.0,0.67,-44.04,-27.31,1496398483
Coinonat,CXT,646,0.00263546,0.00000109,150.212,5608.0,2127902.0,8127902.0,0.49,2.76,-21.8,1496398190
Qibuck Asset,QBK,647,0.0038172,0.00000158,38.172,5559.0,1456187.0,2000000.0,11.45,21.4,-31.34,1496398192
Printerium,PRX,648,0.000600838,0.00000025,25.0738,5452.0,9074428.0,9074428.0,-11.66,-15.8,-12.96,1496398184
Antilitecoin,ALTC,649,0.000169558,0.00000007,6.92226,5343.0,31512613.0,31512613.0,0.72,17.05,-10.75,1496398469
BioBar,BIOB,650,0.00566741,0.00000234,62.1164,5020.0,885756.0,985756.0,14.64,-1.79,21.16,1496398188
Save and Gain,SANDG,651,0.00141989,0.00000064,,4352.0,3064800.0,3064800.0,,,7.38,1496226272
GeertCoin,GEERT,652,0.000816724,0.00000034,124.452,4156.0,5088039.0,5088039.0,-0.1,16.81,-34.61,1496398186
NodeCoin,NODC,653,0.00221639,0.00000097,,3720.0,1678439.0,5878439.0,,,30.79,1496270080
Revenu,REV,654,0.00280981,0.00000116,25.7641,3359.0,1195525.0,1195525.0,0.72,0.34,-7.94,1496398470
Selfiecoin,SLFI,655,0.0000242225,0.00000001,0.48445,2612.0,107829281.0,107829281.0,0.69,0.34,-3.97,1496398461
P7Coin,P7C,656,0.0000726675,0.00000003,0.905898,2559.0,35220238.0,35220238.0,0.69,,46.92,1496398461
Pulse,PULSE,657,0.000177716,0.00000007,128.696,2541.0,14298972.0,14298972.0,0.39,-61.58,-83.27,1496398469
Californium,CF,658,0.0195233,0.00000806,187.777,2169.0,111110.0,111110.0,0.67,-0.15,-5.34,1496398462
Doubloon,BOAT,659,0.000530213,0.00000022,243.716,1881.0,3547845.0,18547845.0,0.79,-12.01,-35.17,1496398184
Dollar Online,DOLLAR,660,0.0153571,0.00000634,136.676,1357.0,88379.0,10088379.0,0.67,4.77,35.3,1496398482
Enigma,XNG,661,0.0804187,0.00003320,53.5894,1337.0,16627.0,66627.0,0.69,-31.43,-7.93,1496398471
GanjaCoin,420G,662,0.00188936,0.00000078,28.2628,1271.0,672975.0,1741116.0,0.72,-73.93,-94.56,1496398457
Impeachcoin,IMPCH,663,0.00372983,0.00000154,6.63341,1149.0,308179.0,2501512.0,0.76,-14.21,-49.3,1496398185
23 Skidoo,CHAO,664,3657.67,1.51003,149.335,924.0,0.0,0.0,0.72,0.34,-64.31,1496398463
Zcashshare,ZHS,665,0.000218003,0.00000009,2.17232,616.0,2826000.0,2826000.0,0.72,0.33,,1496398480
Digital Credits,DGCS,666,0.0000968900,0.00000004,194.493,565.0,5826388.0,201284316.0,0.67,-19.72,-52.73,1496398467
CRTCoin,CRT,667,0.0048445,0.00000200,0.0000000242,384.0,79270.0,10079270.0,0.72,0.34,-3.94,1496398450
SwapToken,TOKEN,668,0.0000102990,0.000000004,49.3133,362.0,35110531.0,35110531.0,0.36,-48.56,128.84,1496398474
PizzaCoin,PIZZA,669,0.000218003,0.00000009,42.1,300.0,1377917.0,10127917.0,-24.46,28.98,23.51,1496398475
Xenixcoin,XEN,670,0.0266448,0.00001100,36.3338,269.0,10100.0,10010100.0,0.67,69.78,-62.9,1496398481
CaliphCoin,CALC,671,0.00111681,0.00000046,4.79812,97.0,87140.0,148587140.0,0.72,38.35,-49.44,1496398478
MikeTheMug,MUG,672,0.0000051456,0.000000002,,5.0,999279.0,1000000.0,,,,1496047185
BTCGold,XBG,673,0.136987,0.00005656,27.7909,,,99000001.0,0.76,82.96,-47.27,1496398191
Soarcoin,SOAR,674,0.0192961,0.00000797,317.787,,,5000000000.0,0.57,57.63,15.16,1496398188
Project-X,NANOX,675,302746.0,125.0,3698.95,,,1.0,0.76,-56.11,,1496398192
Internet of Things,XOT,676,1214.45,0.501429,1539.97,,,21000000.0,0.16,19.07,37.21,1496398190
AMIS,AMIS,677,277.548,0.115061,,,,,,-7.01,-42.69,1496391890
Bitcoin Unlimited (Futures),BTU,678,140.993,0.0582142,655.087,,,,3.08,-4.65,-26.97,1496398187
Malcoin,MALC,679,31.5676,0.0130339,42626.1,,,1000000000.0,0.79,0.28,-3.82,1496398190
GoldUnionCoin,GUC,680,22.0399,0.0091,24286.1,,,210000000.0,0.76,7.96,-2.76,1496398190
Qtum (Pre-Launch),QTUM,681,10.097,0.00416892,44648800.0,,,100000000.0,3.19,42.49,96.64,1496398193
ZenCash,ZEN,682,9.80898,0.00405,10797.3,,,1389288.0,22.41,,,1496398194
Fargocoin,FRGC,683,7.21079,0.00297689,576692.0,,,443812223.0,7.08,0.99,3.9,1496398483
EcoCoin,ECO,684,3.96098,0.00163544,101802.0,,,1093895.0,5.73,5.47,-18.4,1496398193
Internet of People,IOP,685,3.49222,0.00144172,1672.65,,,2139403.0,-1.83,-4.61,18.59,1496398481
DECENT (Pre-Launch),DCT,686,2.86875,0.00118433,6442.97,,,73290000.0,0.7,0.48,-33.1,1496398481
PRIZM,PZM,687,1.08043,0.0004461,32628.4,,,,0.75,20.9,1.0,1496398193
Bitcore,BTX,688,1.07591,0.00044423,28575.1,,,16360253.0,1.44,-7.41,-50.1,1496398191
OBITS.WARRANT,WARRANT,689,1.00085,0.00041324,1976.87,,,,0.35,,,1496398193
DynamicCoin,DMC,690,0.998557,0.00041224,368672.0,,,10541442931.0,0.03,0.04,0.1,1496398480
Aeternity (Pre-Launch),AE,691,0.82347,0.00034,980.084,,,,0.76,,,1496398193
Databits,DTB,692,0.82347,0.00034,118558.0,,,,2.63,2.18,-4.46,1496398188
Bitgem,BTG,693,0.799948,0.00033025,22.4891,,,,0.69,-5.33,-19.2,1496398442
TechShares,THS,694,0.597688,0.00024675,54.3916,,,646359158.0,0.46,-5.55,-15.35,1496398475
XDE II,XDE2,695,0.58327,0.00024083,12.0206,,,42249.0,0.79,-0.85,9.64,1496398187
LEOcoin,LEO,696,0.488346,0.00020161,260109.0,,,92910832.0,0.56,6.81,15.32,1496398464
InvisibleCoin,IVZ,697,0.388214,0.00016027,98.4224,,,,0.67,163.17,189.82,1496398469
WA Space,WA,698,0.371186,0.00015324,42716.2,,,,0.7,-4.06,4.94,1496398480
GAY Money,GAY,699,0.350002,0.00014449,23.9657,,,5603045964.0,1.03,-43.63,1.44,1496398478
ClubCoin,CLUB,700,0.276814,0.00011428,28593.6,,,90899180.0,0.02,-4.47,-15.49,1496398467
ZenGold,ZENGOLD,701,0.276459,0.00011415,742.741,,,,-18.96,17.19,,1496398193
TeslaCoilCoin,TESLA,702,0.269766,0.00011137,167.305,,,100000000.0,0.67,-51.4,-33.27,1496398473
Yogold,YOG,703,0.266586,0.00011007,11.6824,,,100000000.0,0.76,0.4,-11.44,1496398188
TROPTIONS,TROPTIONS,704,0.248173,0.00010598,,,,1000000001.0,,,,1496287780
Zilbercoin,ZBC,705,0.23184,0.00009572,61229.8,,,9009003.0,0.74,-5.09,-43.55,1496398184
Pabyosi Coin (Special),PCS,706,0.166038,0.00006855,5770.85,,,30993751760.0,0.7,-1.83,6.33,1496398482
AlpaCoin,APC,707,0.161322,0.00006660,682.735,,,,1.22,12.02,24.86,1496398468
Golos Gold,GBG,708,0.1583,0.00006536,9719.13,,,,0.6,8.12,-16.35,1496398185
Quartz,QRZ,709,0.145318,0.00006000,3306.1,,,21000000.0,0.76,-68.33,,1496398193
Tattoocoin (Limited Edition),TLE,710,0.130076,0.00005400,,,,975531.0,,53.29,-1.32,1496391590
EquiTrader,EQT,711,0.128364,0.00005300,82622.5,,,7663520.0,0.79,0.28,1.82,1496398192
Wowecoin,WEC,712,0.104,0.00004294,12080.7,,,8901692.0,,-0.0,3.94,1496398476
LandCoin,LDCN,713,0.0952655,0.00003933,26599.0,,,19003881978.0,-0.48,26.55,137.53,1496398183
DeusCoin,DEUS,714,0.0871667,0.00003599,6228.19,,,,0.03,-2.43,-29.88,1496398191
InsaneCoin,INSN,715,0.0757975,0.00003130,3620.45,,,18528283.0,10.03,29.49,28.42,1496398193
Omicron,OMC,716,0.0726675,0.00003000,0.397225,,,10134100.0,0.69,,-5.24,1496398478
WavesGo,WGO,717,0.0678565,0.00002802,646.667,,,10000000.0,0.77,-23.81,25.54,1496398190
Fazzcoin,FAZZ,718,0.0590851,0.00002440,389.918,,,1022574811.0,6.88,27.03,-30.27,1496398190
Topaz Coin,TOPAZ,719,0.0400275,0.00001653,90.6374,,,38051.0,0.72,-45.35,-88.74,1496398191
International Diamond,XID,720,0.038234,0.00001588,,,,,,-0.28,,1496373575
Elacoin,ELC,721,0.0319253,0.00001318,12.0967,,,,,-23.43,0.1,1496398442
CryptoBuck,BUK,722,0.0310848,0.00001283,0.435187,,,,0.31,2.79,18.95,1496398457
DeltaCredits,DCRE,723,0.0294788,0.00001217,2.06439,,,,0.67,,-7.14,1496398465
President Johnson,GARY,724,0.0286217,0.00001182,116.829,,,57968072167.0,0.72,-0.31,8.72,1496398475
RHFCoin,RHFC,725,0.0270538,0.00001117,16393.7,,,200156890.0,0.76,-15.78,-7.25,1496398190
IvugeoCoin,IEC,726,0.0241014,0.00000995,0.800356,,,,0.69,0.85,,1496398462
EDRCoin,EDRC,727,0.023217,0.00000958,15543.0,,,3407292.0,5.48,-4.85,-38.15,1496398471
ShellPay,SHELL,728,0.0208377,0.00000860,14680.6,,,,2.16,1.27,-22.76,1496398463
Avoncoin,ACN,729,0.0198117,0.00000818,2591.77,,,,0.76,-0.68,-16.52,1496398185
Lepaoquan,HLB,730,0.0191795,0.00000792,914717.0,,,935498602.0,5.15,2.75,-34.8,1496398482
Gycoin,GYC,731,0.0166331,0.00000687,12953.3,,,22213403.0,0.29,-6.47,-20.19,1496398475
KolschCoin,TP1,732,0.0147961,0.00000620,,,,,,-1.14,30.76,1496357661
PiCoin,PI,733,0.0145318,0.00000600,29.0636,,,1378369.0,0.76,189.27,92.11,1496398191
Digitalfund,DTF,734,0.0142342,0.00000588,20008.6,,,54000053.0,-4.43,6.34,-28.75,1496398476
Mind Gene,MG,735,0.0123535,0.00000510,5271.06,,,,2.74,-2.82,-4.82,1496398477
Sharkcoin,SAK,736,0.00930144,0.00000384,2929.94,,,,0.46,-4.78,3.97,1496398460
Tyrocoin,TYC,737,0.0079925,0.00000330,21.7977,,,50132500.0,0.76,3.74,,1496398190
Opal,OPAL,738,0.00690346,0.00000285,2759.9,,,,1.61,8.67,-6.58,1496398456
First Bitcoin,BIT,739,0.00670087,0.00000277,939.103,,,20706894430.0,0.72,-1.58,4.74,1496398474
Goldpay Coin,GP,740,0.00667686,0.00000276,39718.3,,,,-0.13,4.19,-18.58,1496398191
9COIN,9COIN,741,0.00661198,0.00000273,745.468,,,350050250.0,0.76,-33.23,63.22,1496398192
Slimcoin,SLM,742,0.00654008,0.00000270,7.26675,,,13925626.0,0.72,80.62,,1496398459
Helleniccoin,HNC,743,0.00629785,0.00000260,7597.04,,,,0.67,-26.77,53.18,1496398464
Psilocybin,PSY,744,0.0058134,0.00000240,16.5763,,,,0.69,-9.12,-12.63,1496398470
Xaucoin,XAU,745,0.0058134,0.00000240,21.6189,,,,0.46,0.34,-10.68,1496398461
GBCGoldCoin,GBC,746,0.00571482,0.00000236,67.8088,,,,0.5,-12.21,-28.96,1496398467
EggCoin,EGG,747,0.00562322,0.00000237,,,,,,,-15.35,1496295864
Axiom,AXIOM,748,0.00479606,0.00000198,26.6941,,,,0.67,-0.16,-5.15,1496398464
Quotient,XQN,749,0.00465072,0.00000192,58.4069,,,,0.72,60.55,28.98,1496398458
GoldReserve,XGR,750,0.00457805,0.00000189,1964.61,,,17161716.0,3.24,5.07,-4.07,1496398454
netBit,NBIT,751,0.00426316,0.00000176,0.345897,,,,0.7,4.48,20.97,1496398480
BagCoin,BGC,752,0.0040472,0.00000167,78287.1,,,497214120.0,-3.47,-5.56,-14.56,1496398474
Dashs,DASHS,753,0.00404469,0.00000167,79.1997,,,,0.76,-11.86,-56.77,1496398191
Bitcoin Scrypt,BTCS,754,0.00382716,0.00000158,43.9495,,,,-1.77,-0.41,-11.77,1496398448
AvatarCoin,AV,755,0.00352518,0.00000159,,,,,,,10.13,1496159368
ZSEcoin,ZSE,756,0.00280602,0.00000116,131.408,,,6380600.0,5.23,-12.59,-59.52,1496398188
President Trump,PRES,757,0.0027805,0.00000115,258.853,,,57968072167.0,0.72,-4.2,-22.82,1496398475
BitcoinFast,BCF,758,0.00246893,0.00000102,312.325,,,,0.72,-16.66,-31.76,1496398459
RoyalCoin 2,RYCN,759,0.00245848,0.00000103,,,,2500124.0,,-1.14,-18.75,1496333388
GameLeagueCoin,GML,760,0.00237139,0.00000103,,,,,,,3.29,1496142551
Neptune Classic,NTCC,761,0.00232509,0.00000096,1611.03,,,,7.47,0.28,66.03,1496398186
OCOW,OCOW,762,0.00227517,0.00000099,,,,,,,-8.89,1496142268
TrickyCoin,TRICK,763,0.00222847,0.00000092,14.3746,,,,0.72,-2.84,-25.2,1496398460
Digital Bullion Gold,DBG,764,0.00218003,0.00000090,143.13,,,24523275.0,0.72,100.66,88.25,1496398473
VGINA,VGINA,765,0.0021059,0.00000095,,,,11603228.0,,,137.72,1496238289
RichCoin,RICHX,766,0.00210122,0.00000093,,,,5925522.0,,,-8.23,1496167172
Advanced Internet Blocks,AIB,767,0.002016,0.00000083,94.1134,,,31411916935.0,0.72,23.23,-10.48,1496398461
Condensate,RAIN,768,0.00180136,0.00000074,953.996,,,42978104.0,-1.98,6.4,-15.18,1496398192
Mavro,MAVRO,769,0.00168043,0.00000070,,,,15005722.0,,-0.61,-30.17,1496349588
Clinton,CLINT,770,0.00164713,0.00000068,36.0577,,,,-36.58,-36.83,-31.73,1496398471
MMXVI,MMXVI,771,0.00162291,0.00000067,72.6331,,,,0.69,0.92,-56.17,1496398468
UR,UR,772,0.00133208,0.00000055,173.178,,,,-14.75,0.36,-6.06,1496398186
TodayCoin,TODAY,773,0.00123535,0.00000051,15.4567,,,,-1.22,-3.46,4.62,1496398475
RoyalCoin,ROYAL,774,0.00120494,0.00000050,40.798,,,2500124.0,0.36,17.22,29.03,1496398479
Skeincoin,SKC,775,0.00104157,0.00000043,0.0523691,,,,0.67,,,1496398451
Bitcedi,BXC,776,0.00103619,0.00000043,35.4908,,,,1.05,-1.32,,1496398473
BestChain,BEST,777,0.00100932,0.00000042,17.8567,,,20042911.0,4.4,11.82,-22.85,1496398188
True Investment Coin,TIC,778,0.000944568,0.00000039,36.6972,,,,-8.58,-6.88,-12.22,1496398186
RubleBit,RUBIT,779,0.000920455,0.00000038,19.0443,,,,0.72,8.93,42.95,1496398466
The Aladin,ADT,780,0.000892522,0.00000032,,,,,,,,1495722585
SportsCoin,SPORT,781,0.00087201,0.00000036,2.42223,,,19800001.0,0.67,0.34,17.02,1496398478
Braincoin,BRAIN,782,0.000847788,0.00000035,0.750849,,,,0.67,21.1,19.46,1496398472
CBD Crystals,CBD,783,0.000832077,0.00000034,2.7921,,,,0.67,22.42,72.31,1496398480
Dubstep,DUB,784,0.000823565,0.00000034,7.604,,,,0.72,,-1.81,1496398462
Donationcoin,DON,785,0.000799343,0.00000033,16727.1,,,,-2.24,,,1496398452
Motocoin,MOTO,786,0.000788754,0.00000033,16.8908,,,,-48.22,-5.08,34.15,1496398451
WeAreSatoshi,WSX,787,0.00077512,0.00000032,152.021,,,,0.72,,-9.59,1496398455
KashhCoin,KASHH,788,0.000753286,0.00000031,4610.13,,,,1.26,23.47,141.56,1496398185
IrishCoin,IRL,789,0.000750898,0.00000031,359.732,,,,-4.66,,,1496398462
FrankyWillCoin,FRWC,790,0.000750898,0.00000031,0.266423,,,,0.72,0.33,-6.94,1496398474
Lazaruscoin,LAZ,791,0.000750898,0.00000031,14.3116,,,,0.7,17.93,4.81,1496398478
Opescoin,OPES,792,0.00067823,0.00000028,0.537716,,,,0.69,,-14.09,1496398467
Vsync,XVS,793,0.000646502,0.00000027,396.001,,,103334172.0,0.79,24.09,-20.87,1496398189
Quebecoin,QBC,794,0.000605563,0.00000025,18.5299,,,,-3.15,-7.09,-11.18,1496398450
BitAlphaCoin,BAC,795,0.000504766,0.00000021,47.9426,,,,-1.7,-30.5,-38.03,1496398468
BlazerCoin,BLAZR,796,0.000484394,0.00000020,16.5556,,,,0.76,82.33,50.33,1496398189
MarxCoin,MARX,797,0.000472027,0.00000019,79.4044,,,29128280.0,0.76,-34.47,-8.04,1496398186
T-coin,TCOIN,798,0.000436005,0.00000018,2323.5,,,,0.7,-4.95,-1.44,1496398482
Alphabet Coin Fund,FUN,799,0.000436005,0.00000018,63.9657,,,20742012.0,0.7,-62.38,-58.83,1496398472
GoldMaxCoin,GMX,800,0.00038756,0.00000016,2.27692,,,84078950.0,0.69,14.66,,1496398470
DarkLisk,DISK,801,0.00038756,0.00000016,3.31848,,,17888425.0,0.72,,4.65,1496398471
UGAIN,GAIN,802,0.000363338,0.00000015,0.266423,,,,0.69,0.33,-2.33,1496398475
PrismChain,PRM,803,0.000339115,0.00000014,58.1823,,,,0.72,40.46,-81.7,1496398472
Sakuracoin,SKR,804,0.000339105,0.00000014,118.632,,,,0.67,7.34,14.18,1496398479
Gambleo,GMB,805,0.000339076,0.00000014,1.2105,,,,0.76,,-65.53,1496398187
Happy Creator Coin,HCC,806,0.00029067,0.00000012,91.1173,,,,0.69,33.79,7.65,1496398474
Operand,OP,807,0.00029067,0.00000012,6.07983,,,36309296.0,0.69,0.31,-21.87,1496398470
Cycling Coin,CYC,808,0.00029067,0.00000012,0.266423,,,,0.69,9.45,1.68,1496398463
Cubits,QBT,809,0.00029006,0.00000012,0.00348072,,,,-42.59,-39.1,-55.03,1496398480
The Vegan Initiative,XVE,810,0.000266154,0.00000011,1243.08,,,,22.87,10.04,24.67,1496398189
Grumfork,GMF,811,0.000242197,0.00000010,2.42197,,,,0.79,0.28,,1496398190
President Sanders,BURN,812,0.000242197,0.00000010,137.7,,,57968072167.0,0.76,25.35,-44.98,1496398183
MobileCash,MBL,813,0.000218003,0.00000009,10.5676,,,1068669648.0,0.67,28.99,23.47,1496398479
TeraCoin,TERA,814,0.000217977,0.00000009,2466.93,,,,0.79,-9.75,-14.01,1496398185
Moneta,MONETA,815,0.00019378,0.00000008,2.93114,,,,0.69,14.66,-26.7,1496398465
AsicCoin,ASC,816,0.000192396,0.00000008,2.74222,,,,,-2.33,-1.81,1496398445
LAthaan,LTH,817,0.000169558,0.00000007,136.307,,,,0.67,0.34,13.75,1496398479
Halloween Coin,HALLO,818,0.000119977,0.00000005,150.826,,,264606139.0,0.68,78.32,-20.37,1496398192
TheCreed,TCR,819,0.0000968900,0.00000004,1.21113,,,,0.72,100.66,13.75,1496398471
TeamUp,TEAM,820,0.0000968900,0.00000004,0.66561,,,301004896.0,0.72,33.77,75.28,1496398479
PayPeer,PAYP,821,0.0000968900,0.00000004,40.9793,,,,101.44,33.75,91.27,1496398469
Wowcoin,WOW,822,0.0000968900,0.00000004,66.9133,,,,0.67,33.77,92.06,1496398480
LinkedCoin,LKC,823,0.0000968900,0.00000004,11.7695,,,,0.72,26.98,-22.13,1496398474
FireFlyCoin,FFC,824,0.0000726675,0.00000003,41.3822,,,,0.72,201.03,64.07,1496398458
InflationCoin,IFLT,825,0.0000517848,0.00000002,3019.24,,,3262732151.0,8.14,21.9,-15.94,1496398183
PokeCoin,POKE,826,0.0000484450,0.00000002,134.36,,,,0.72,,-32.64,1496398474
CyberCoin,CC,827,0.0000484450,0.00000002,1.9378,,,549267534.0,0.72,0.33,49.74,1496398460
Global Business Revolution,GBRC,828,0.0000484450,0.00000002,38.756,,,900096049.0,0.69,0.33,0.11,1496398480
MoneyCoin,MONEY,829,0.0000484450,0.00000002,1024.58,,,,0.72,-33.12,-13.29,1496398481
Tellurion,TELL,830,0.0000484450,0.00000002,5.57115,,,,0.7,,-2.64,1496398477
Cashme,CME,831,0.0000484450,0.00000002,0.726675,,,,0.69,100.69,-2.64,1496398467
PinkDog,PDG,832,0.0000484394,0.00000002,13.4359,,,,0.79,0.28,92.11,1496398185
LePen,LEPEN,833,0.0000434681,0.00000002,191.134,,,,0.91,18.29,-13.7,1496398184
UNCoin,UNC,834,0.0000295637,0.00000001,928.461,,,,4.0,-38.76,-19.14,1496398460
VegasCoin,VGC,835,0.0000273145,0.00000001,,,,,,-62.01,-78.34,1496378049
President Clinton,HILL,836,0.0000242225,0.00000001,3.8756,,,57968072167.0,0.67,0.33,-51.97,1496398475
SuperTurboStake,STRB,837,0.0000242225,0.00000001,12.3535,,,,0.72,0.33,-3.94,1496398468
Aces,ACES,838,0.0000242225,0.00000001,252.578,,,,0.7,-0.32,-46.15,1496398475
Safe Trade Coin,XSTC,839,0.0000242225,0.00000001,363.822,,,604880000.0,0.67,0.33,-3.97,1496398483
X2,X2,840,0.0000242225,0.00000001,4.24902,,,,0.72,,-3.94,1496398466
Rcoin,RCN,841,0.0000242225,0.00000001,204.091,,,,-44.05,-48.73,-3.94,1496398478
ChoofCoin,CHOOF,842,0.0000242225,0.00000001,43.6621,,,,0.7,0.33,-24.09,1496398480
SoulCoin,SOUL,843,0.0000242225,0.00000001,14.2646,,,,0.67,0.33,-3.97,1496398472
Yescoin,YES,844,0.0000242125,0.000000010,375.381,,,,0.76,0.26,-1.04,1496398184
FedoraShare,FEDS,845,0.0000240660,0.000000010,8026.91,,,499001348114,0.0,2.39,22.96,1496398476
Victoriouscoin,VTY,846,0.0000238863,0.000000010,123.475,,,10263290326.0,0.71,-1.07,17.83,1496398477
Dimecoin,DIME,847,0.0000129219,0.000000005,1049.47,,,527103979856,-4.25,3340.55,205.8,1496398445
Virtacoin,VTA,848,0.0000109464,0.000000005,58.1969,,,12423206610.0,1.38,-40.76,-28.79,1496398454
XP,XP,849,0.0000036377,0.000000002,128.821,,,133635560466,-0.12,184.2,1374.16,1496398476
BitCentavo,NBE,850,0.0000005705,0.0000000002,,,,,0.99,15.22,-51.53,1496398156
BatCoin,BAT,851,0.0000005491,0.0000000002,218.715,,,,1.57,-35.07,,1496398447
RabbitCoin,RBBT,852,0.0000005158,0.0000000002,71.5671,,,,-5.98,53.75,33.26,1496398456
StrongHands,SHND,853,0.0000001162,0.00000000005,93.5476,,,,3.14,-44.69,,1496398466
Paccoin,PAC,854,0.0000000667,0.00000000003,808.841,,,,3.1,-1.14,13.97,1496398466
Bond,BOND,855,,,,,1349.0,1349.0,,,,
bitRUBLE,BITRUBLE,856,,,,,,,,,,
