Name,Symbol,Rank,Price(BTC),Price(USD),24HVolume,MarketCap,%Change_1h,%Change_24h,%Change_7d,LastUpdated
Bitcoin,BTC,1,2415.07,1.0,1434120000.0,39527298541.0,16366937.0,16366937.0,-0.66,-0.36,-3.64,1496402052
Ethereum,ETH,2,227.722,0.0947304,671612000.0,20982627420.0,92141415.0,92141415.0,1.69,-1.12,19.84,1496402065
Ripple,XRP,3,0.308912,0.00012851,439284000.0,11930704716.0,38621693933.0,99994661895.0,-0.8,2.28,1.16,1496402042
NEM,XEM,4,0.227176,0.00009450,12440000.0,2044584000.0,8999999999.0,8999999999.0,0.75,2.06,0.85,1496402062
Ethereum Classic,ETC,5,17.2959,0.00719496,103914000.0,1594880381.0,92211471.0,92211471.0,0.4,-1.35,-1.86,1496402074
Litecoin,LTC,6,28.5225,0.0118651,401065000.0,1465419232.0,51377657.0,51377657.0,-0.81,1.97,-4.43,1496402041
Dash,DASH,7,141.938,0.0590449,34695000.0,1040809462.0,7332846.0,7332846.0,-0.58,1.22,4.94,1496402047
Stratis,STRAT,8,7.20813,0.00299852,29775100.0,709341112.0,98408479.0,98408479.0,-3.43,29.38,128.55,1496402075
Monero,XMR,9,44.2932,0.0184256,11494100.0,644977360.0,14561544.0,14561544.0,-0.18,-0.25,2.37,1496402053
Bytecoin,BCN,10,0.00317786,0.00000132,13199500.0,581450388.0,182969164097,182969164097,-3.64,28.81,-7.14,1496402052
Stellar Lumens,XLM,11,0.0402779,0.00001676,23070800.0,389278326.0,9664811867.0,102940435314,-0.59,-1.67,-15.76,1496402055
Golem,GNT,12,0.461682,0.00019206,12956400.0,380828555.0,824872000.0,1000000000.0,-0.73,0.96,2.1,1496402080
Waves,WAVES,13,3.75212,0.00156085,2389380.0,375212000.0,100000000.0,100000000.0,0.39,13.25,31.5,1496402072
Zcash,ZEC,14,245.557,0.10215,17080900.0,352378899.0,1435019.0,1435019.0,-0.32,-4.01,4.63,1496402080
Dogecoin,DOGE,15,0.00291017,0.00000121,29701900.0,319051864.0,109633411214,109633411214,-0.78,3.38,-7.18,1496402044
Augur,REP,16,25.8322,0.010746,4091180.0,284154200.0,11000000.0,11000000.0,0.92,4.15,-3.08,1496402066
Gnosis,GNO,17,248.525,0.10317,1766980.0,274518230.0,1104590.0,10000000.0,-0.25,-4.48,0.84,1496401791
Steem,STEEM,18,1.09158,0.00045409,2770580.0,255805776.0,234344506.0,251318600.0,-0.71,9.03,-10.48,1496402070
Siacoin,SC,19,0.00893974,0.00000372,24063500.0,236975532.0,26508101172.0,26508101172.0,0.28,14.07,-0.56,1496402065
BitShares,BTS,20,0.0840092,0.00003495,20159800.0,218608740.0,2602200000.0,2602200000.0,-0.16,17.53,-0.44,1496402054
DigiByte,DGB,21,0.0265348,0.00001104,57434300.0,215118470.0,8107031908.0,8107031908.0,1.46,38.9,66.26,1496402048
MaidSafeCoin,MAID,22,0.393451,0.00016367,2662860.0,178057199.0,452552412.0,452552412.0,-0.25,-4.58,-8.76,1496402051
Basic Attention Token,BAT,23,0.167484,0.00006953,3365170.0,167484000.0,1000000000.0,1500000000.0,0.27,-2.28,,1496401793
GameCredits,GAME,24,2.65466,0.00110432,1813800.0,167319779.0,63028704.0,63028704.0,-1.02,4.13,-12.33,1496402056
DigixDAO,DGD,25,80.4433,0.0334638,1360420.0,160886600.0,2000000.0,2000000.0,-1.24,0.76,-10.67,1496402070
BitConnect,BCC,26,23.1783,0.00964198,1589130.0,149229046.0,6438309.0,6438309.0,0.42,5.92,36.91,1496402084
Lisk,LSK,27,1.31097,0.00054535,2506830.0,141290795.0,107775765.0,107775765.0,-0.18,1.65,-4.31,1496402070
Ardor,ARDR,28,0.128071,0.00005328,3077620.0,127942864.0,998999495.0,998999495.0,-3.17,12.87,-6.97,1496402074
Decred,DCR,29,25.1596,0.0104662,1777300.0,126380535.0,5023154.0,5443154.0,-2.38,0.37,2.71,1496402067
Factom,FCT,30,13.5952,0.0056555,1228980.0,119001763.0,8753219.0,8753219.0,0.64,2.59,-8.55,1496402065
SingularDTV,SNGLS,31,0.192195,0.00007995,233910.0,115317000.0,600000000.0,1000000000.0,-2.63,2.34,-3.82,1496402078
Tether,USDT,32,1.04126,0.00043316,76602100.0,109325729.0,104993690.0,124951468.0,-0.19,1.07,0.79,1496402060
Iconomi,ICN,33,1.20707,0.00050213,780884.0,105015090.0,87000000.0,100000000.0,0.14,2.16,-11.79,1496402079
Byteball,GBYTE,34,539.392,0.224383,415638.0,102098205.0,189284.0,1000000.0,0.17,1.7,64.21,1496402083
PIVX,PIVX,35,1.66623,0.00069314,931196.0,89206104.0,53537689.0,53537689.0,-0.44,2.45,26.35,1496402068
Round,ROUND,36,0.104035,0.00004328,361146.0,88429750.0,850000000.0,1000000000.0,-0.5,-3.01,-29.38,1496402081
Aragon,ANT,37,2.10345,0.0008732,498431.0,70686789.0,33605167.0,39609523.0,-0.04,-1.42,-12.29,1496401791
FirstBlood,1ST,38,0.804896,0.00033483,4305780.0,68865590.0,85558371.0,93468691.0,2.27,6.54,-3.5,1496402078
SysCoin,SYS,39,0.125253,0.00005210,2490650.0,65778979.0,525168887.0,525168887.0,2.42,15.51,-10.47,1496402056
Komodo,KMD,40,0.629014,0.00026167,370888.0,63496139.0,100945510.0,100945510.0,-3.38,13.79,9.06,1496402084
Nxt,NXT,41,0.062615,0.00002605,3231860.0,62552384.0,998999983.0,998999983.0,0.4,8.52,-7.97,1496402044
AntShares,ANS,42,1.24363,0.00051734,11008500.0,62181500.0,50000000.0,100000000.0,1.44,14.85,10.11,1496402077
iExec RLC,RLC,43,0.673738,0.00027969,572841.0,52599260.0,78070793.0,86999785.0,-0.06,13.42,5.9,1496401790
Ubiq,UBQ,44,1.14322,0.00047557,1562250.0,42409472.0,37096510.0,37096510.0,-2.9,12.66,137.63,1496402056
Wings,WINGS,45,0.443404,0.00018445,1680930.0,39777034.0,89708333.0,100000000.0,1.31,36.76,42.58,1496402082
Peercoin,PPC,46,1.5999,0.00066555,1216200.0,38595912.0,24123953.0,24123953.0,-0.91,0.34,-12.01,1496402040
ReddCoin,RDD,47,0.00134828,0.00000056,1979630.0,38460018.0,28525245631.0,28525245631.0,-5.1,23.15,-18.95,1496402046
Lykke,LKK,48,0.266428,0.00011083,430147.0,36680614.0,137675520.0,1285690000.0,0.15,4.14,14.78,1496402080
Emercoin,EMC,49,0.869642,0.00036176,950126.0,34925001.0,40160205.0,40160205.0,-2.73,-0.14,-16.64,1496402056
BitcoinDark,BTCD,50,26.4238,0.0109921,149276.0,34056637.0,1288862.0,1288862.0,-0.14,7.95,9.88,1496402054
Ark,ARK,51,0.349027,0.00014489,386597.0,33265918.0,95310444.0,126560444.0,5.25,16.35,28.05,1496401787
Melon,MLN,52,54.004,0.0224652,365465.0,32369998.0,599400.0,749400.0,0.18,-4.23,-18.68,1496402085
Storjcoin X,SJCX,53,0.612315,0.00025472,382582.0,31334084.0,51173144.0,500000000.0,3.06,-4.36,-5.9,1496402055
Omni,OMNI,54,52.9011,0.0220065,12121500.0,29570821.0,558983.0,615299.0,0.26,-21.71,143.56,1496402047
Counterparty,XCP,55,11.0034,0.00457734,774002.0,28815134.0,2618748.0,2618748.0,0.01,0.23,-12.1,1496402047
Xaurum,XAUR,56,0.242382,0.00010083,131667.0,27559884.0,113704334.0,113704334.0,-1.25,-0.71,25.81,1496402061
Namecoin,NMC,57,1.73101,0.00072009,828365.0,25508856.0,14736400.0,14736400.0,-0.75,0.45,-7.64,1496402041
Blocknet,BLOCK,58,6.46885,0.00269099,233388.0,25296544.0,3910516.0,3910516.0,0.62,46.47,90.53,1496402059
Gulden,NLG,59,0.072062,0.00002998,97483.2,24973061.0,346549645.0,448569800.0,-4.25,4.79,-2.37,1496402051
Nexus,NXS,60,0.495267,0.00020603,109643.0,24692285.0,49856511.0,49856511.0,-2.64,-2.68,-3.53,1496402059
XtraBYtes,XBY,61,0.0361098,0.00001499,725833.0,23471370.0,650000000.0,650000000.0,12.37,88.29,487.63,1496401790
Synereo,AMP,62,0.278396,0.00011581,413050.0,22899832.0,82256324.0,949291063.0,-0.86,0.33,-1.34,1496402067
Burst,BURST,63,0.0124739,0.00000519,6586290.0,22205613.0,1780166002.0,1780166002.0,-1.25,31.53,12.42,1496402056
WeTrust,TRST,64,0.237301,0.00009851,394303.0,21866694.0,92147500.0,100000000.0,-4.49,0.77,-16.91,1496401790
EarthCoin,EAC,65,0.00231905,0.00000096,6619860.0,21674927.0,9346468332.0,9346468332.0,-1.05,3.79,-16.14,1496402045
YbCoin,YBC,66,7.09126,0.00294991,2539380.0,21417464.0,3020262.0,3020262.0,-0.29,5.23,-6.59,1496402045
Matchpool,GUP,67,0.279296,0.00011594,270736.0,20947200.0,75000000.0,98855150.0,-0.65,8.89,1.21,1496401789
TokenCard,TKN,68,0.848316,0.00035216,229874.0,20057631.0,23644056.0,39406760.0,1.4,-6.1,-23.1,1496401791
BitBay,BAY,69,0.0193164,0.00000804,65000.7,19461723.0,1007523297.0,1007523297.0,4.61,11.09,-2.1,1496402058
Edgeless,EDG,70,0.236307,0.00009810,367085.0,18770441.0,79432438.0,132046997.0,-3.24,-2.52,-14.43,1496401788
Verge,XVG,71,0.00139409,0.00000058,1838220.0,18694011.0,13409472280.0,13409472280.0,3.3,60.95,6.68,1496402057
BlackCoin,BLK,72,0.24412,0.00010155,1117900.0,18594313.0,76168742.0,76168742.0,1.4,6.39,7.34,1496402049
OBITS,OBITS,73,1.21617,0.00050592,494851.0,17938947.0,14750362.0,16801100.0,-7.78,1.98,15.64,1496402067
Nexium,NXC,74,0.26734,0.00011121,3450110.0,17783881.0,66521586.0,66521586.0,-0.44,-4.24,25.59,1496402082
PotCoin,POT,75,0.0818586,0.00003405,914116.0,17758517.0,216941373.0,216941373.0,-0.6,5.42,-19.33,1496402047
NAV Coin,NAV,76,0.288565,0.00012004,515730.0,17697752.0,61330211.0,61330211.0,-0.91,-2.88,-14.75,1496402053
E-Dinar Coin,EDR,77,0.0261148,0.00001086,432990.0,17252345.0,660634755.0,785634755.0,-12.2,-12.73,-1.51,1496402075
Expanse,EXP,78,2.34783,0.00097668,564251.0,17001609.0,7241414.0,16241414.0,-0.84,-2.7,0.71,1496402065
BCAP,BCAP,79,1.69483,0.00070357,168373.0,16948300.0,10000000.0,10000000.0,-1.5,6.25,-16.79,1496401791
Infinitecoin,IFC,80,0.000181558,0.00000008,3129300.0,16448478.0,90596274910.0,90596274910.0,-0.33,-1.45,-10.99,1496402041
Humaniq,HMQ,81,0.132285,0.00005492,419446.0,16360882.0,123679044.0,184190414.0,4.94,5.43,-37.1,1496401792
Unity Ingot,UNY,82,0.0808244,0.00003355,80510.9,16326529.0,202000000.0,10000000000.0,4.72,-0.67,62.37,1496401792
ZCoin,XZC,83,7.02648,0.00292296,1234200.0,15693860.0,2233531.0,2233531.0,-2.38,-7.9,8.19,1496402078
Pepe Cash,PEPECASH,84,0.0223435,0.00000929,22936.0,15682545.0,701884009.0,701884009.0,-0.75,-0.99,-13.4,1496402078
Swarm City,SWT,85,2.35723,0.00097855,42347.1,15656084.0,6641730.0,6641730.0,2.52,1.24,-25.03,1496401786
LBRY Credits,LBC,86,0.224832,0.00009353,750483.0,15406506.0,68524524.0,466424524.0,0.96,7.59,-2.65,1496402074
Agoras Tokens,AGRS,87,0.36056,0.00014999,29858.6,15143520.0,42000000.0,42000000.0,-1.7,-8.41,-6.54,1496402064
Bankcoin,B@,88,3.50709,0.00145589,5978.99,14958019.0,4265080.0,25000000.0,0.79,2.19,-8.07,1496401787
GridCoin,GRC,89,0.0370957,0.00001543,169706.0,14478925.0,390312753.0,390312753.0,0.08,3.6,6.33,1496402060
Radium,RADS,90,4.44273,0.00184814,501974.0,14423736.0,3246593.0,3246593.0,2.46,-3.74,16.14,1496402067
TaaS,TAAS,91,1.76717,0.0007336,176514.0,14395368.0,8146001.0,8146001.0,-0.77,5.36,12.29,1496401787
Chronobank,TIME,92,19.4532,0.00807557,459946.0,13813967.0,710113.0,710113.0,-0.89,-1.53,0.48,1496401786
I/O Coin,IOC,93,0.841371,0.00035,32570.1,13744848.0,16336251.0,16336251.0,-0.44,7.27,-4.01,1496402054
SuperNET,UNITY,94,15.6739,0.00652022,783.695,12790858.0,816061.0,816061.0,0.77,9.07,121.83,1496402057
MonaCoin,MONA,95,0.250199,0.00010408,29723.9,12644832.0,50539100.0,50539100.0,-4.97,-8.68,-19.15,1496402049
Shift,SHIFT,96,1.1562,0.00048097,350227.0,12522207.0,10830485.0,10830485.0,9.16,15.0,90.65,1496402064
E-coin,ECN,97,4.47445,0.00185747,102666.0,12471463.0,2787262.0,211076154.0,-1.35,-1.27,-6.97,1496401789
Waves Community Token,WCT,98,2.48193,0.00103246,23460.7,12409650.0,5000000.0,10000000.0,-0.41,6.2,10.55,1496402084
Bitland,CADASTRAL,99,0.412939,0.00017178,14973.9,12388170.0,30000000.0,30000000.0,2.44,-2.61,118.04,1496402073
Vertcoin,VTC,100,0.369146,0.00015356,625424.0,12344697.0,33441231.0,33441231.0,1.31,0.76,-2.32,1496402046
Golos,GOLOS,101,0.0986116,0.00004102,26735.4,12136421.0,123072954.0,123072954.0,1.83,12.2,49.2,1496402081
MergeCoin,MGC,102,0.119441,0.00004958,3150350.0,11809256.0,98871040.0,103871040.0,-3.64,12.93,-17.6,1496401791
Clams,CLAM,103,4.82934,0.00200897,1212160.0,11117226.0,2302018.0,16207457.0,-0.27,3.23,-15.79,1496402054
Etheroll,DICE,104,1.56008,0.00064764,10342.0,10923091.0,7001623.0,7001623.0,1.04,-14.21,-24.61,1496401792
Pluton,PLU,105,12.75,0.0053039,149649.0,10837494.0,850000.0,20000000.0,0.28,-6.18,39.97,1496402077
DigitalNote,XDN,106,0.00154779,0.00000064,2730700.0,10651151.0,6881522069.0,6881522069.0,-0.36,2.78,-17.23,1496402054
LuckChain,BASH,107,0.0145288,0.00000604,575350.0,10520020.0,724080432.0,724080432.0,1.34,17.19,41.84,1496402080
Mooncoin,MOON,108,0.0000454620,0.00000002,28804.1,10090090.0,221945572751,221945572751,-3.75,17.96,-19.53,1496402045
FlorinCoin,FLO,109,0.0714398,0.00002972,304331.0,9573002.0,134000968.0,134000968.0,1.05,3.68,-4.81,1496402044
HEAT,HEAT,110,0.360278,0.00014987,32666.3,9495277.0,26355416.0,26355416.0,-0.81,-3.82,-11.96,1496402073
Viacoin,VIA,111,0.4099,0.00017051,344749.0,9282676.0,22646196.0,22646196.0,2.23,-5.74,-10.65,1496402054
Bitcrystals,BCY,112,0.39797,0.00016555,111952.0,9269287.0,23291422.0,23291422.0,0.14,2.55,-10.85,1496402065
vSlice,VSL,113,0.276915,0.00011519,171587.0,9246329.0,33390496.0,33390496.0,2.34,-1.2,-16.82,1496402081
NeosCoin,NEOS,114,2.72616,0.00113406,2609620.0,9124185.0,3346900.0,3346900.0,11.24,-8.54,21.39,1496402055
Energycoin,ENRG,115,0.0724773,0.00003015,3047.69,8765519.0,120941573.0,120941573.0,-0.78,3.69,21.32,1496402052
FedoraCoin,TIPS,116,0.0000197693,0.000000008,62331.4,8761125.0,443168182458,443168182458,1.69,-4.21,-33.68,1496402044
Rubycoin,RBY,117,0.357527,0.00014873,29349.6,8721251.0,24393266.0,24393266.0,-0.79,-1.07,-0.92,1496402049
VeriCoin,VRC,118,0.287391,0.00011955,334969.0,8682528.0,30211552.0,30211552.0,-6.56,0.57,-5.99,1496402052
DNotes,NOTE,119,0.0686754,0.00002857,215184.0,8506252.0,123861696.0,123861696.0,1.55,3.79,5.41,1496402050
Primecoin,XPM,120,0.416402,0.00017322,944298.0,8047005.0,19325087.0,19325087.0,0.73,7.23,-11.81,1496402044
Crown,CRW,121,0.572504,0.00023816,21963.5,7933748.0,13857978.0,13857978.0,-1.16,-6.82,-7.5,1496402058
Pascal Coin,PASC,122,0.788107,0.00032785,156528.0,7878784.0,9997100.0,9997100.0,0.58,0.68,-11.65,1496402081
SaluS,SLS,123,7.79028,0.0032407,88627.3,7817149.0,1003449.0,1003449.0,-7.44,-17.16,21.02,1496402068
Creditbit,CRB,124,0.650031,0.00027041,286871.0,7718690.0,11874342.0,11874342.0,11.85,-2.05,-1.92,1496402067
Skycoin,SKY,125,1.38999,0.00057702,58935.6,7597409.0,5465801.0,100000000.0,-0.57,-18.96,-32.37,1496401789
BelaCoin,BELA,126,0.214189,0.00008910,411363.0,7490628.0,34972050.0,34972050.0,-1.14,6.93,-5.23,1496402049
SolarCoin,SLR,127,0.209403,0.00008711,72542.6,7363377.0,35163664.0,98034180395.0,-0.93,-11.59,5.0,1496402050
VPNCoin,VASH,128,0.0183576,0.00000764,2122900.0,7349277.0,400339746.0,400339746.0,-4.34,6.92,-16.18,1496402059
Bitcoin Plus,XBC,129,74.0194,0.0307915,120861.0,7173946.0,96920.0,96920.0,1.99,3.53,-6.09,1496402051
Incent,INCNT,130,0.309633,0.00012881,191541.0,7124133.0,23008312.0,46016625.0,0.04,10.46,29.61,1496402081
Einsteinium,EMC2,131,0.0333662,0.00001388,220705.0,7033931.0,210810073.0,210810073.0,-1.23,7.14,-9.23,1496402050
Global Currency Reserve,GCR,132,0.0671661,0.00002794,29536.0,6897346.0,102690882.0,102690882.0,5.77,2.75,-6.07,1496402065
Asch,XAS,133,0.0878998,0.00003649,61628.9,6592485.0,75000000.0,100000000.0,1.14,-3.09,-11.46,1496401788
Aeon,AEON,134,0.454011,0.00018887,3590.81,6460736.0,14230351.0,14230351.0,-4.8,-3.69,0.53,1496402064
Novacoin,NVC,135,3.66761,0.0015257,45308.2,6366011.0,1735738.0,1735738.0,-0.61,-3.29,-14.6,1496402041
Lunyr,LUN,136,2.7424,0.00113845,133753.0,6301632.0,2297853.0,2703356.0,-0.43,5.81,-16.71,1496401792
ION,ION,137,0.456809,0.00019003,32063.5,6282498.0,13753008.0,19653008.0,11.29,24.42,-9.88,1496402072
Feathercoin,FTC,138,0.0381959,0.00001589,147564.0,6257211.0,163818920.0,163818920.0,-0.92,4.97,3.81,1496402046
ZClassic,ZCL,139,4.1535,0.00172782,502236.0,6131552.0,1476238.0,1476238.0,-4.3,-3.45,28.39,1496402079
Gambit,GAM,140,5.13192,0.00213484,38474.7,6076121.0,1183986.0,1183986.0,-0.97,16.19,19.11,1496402062
Safe Exchange Coin,SAFEX,141,0.00274185,0.00000114,15756.0,5888078.0,2147483647.0,2147483647.0,-0.75,3.43,-10.45,1496402068
SIBCoin,SIB,142,0.394446,0.00016409,25911.8,5778571.0,14649841.0,14649841.0,-0.39,3.0,28.12,1496402065
FirstCoin,FRST,143,1.82276,0.00075825,125354.0,5749847.0,3154473.0,110000000.0,-4.57,5.47,6.87,1496402084
WorldCoin,WDC,144,0.0485095,0.00002018,284086.0,5559413.0,114604631.0,114604631.0,-4.4,5.55,-12.77,1496402041
Blitzcash,BLITZ,145,1.32211,0.00054999,162295.0,5372774.0,4063787.0,4063787.0,-0.75,30.44,245.49,1496402058
Janus,JNS,146,0.254954,0.00010606,8000.2,5336970.0,20933069.0,25201489.0,2.63,9.54,7.28,1496402083
FoldingCoin,FLDC,147,0.0107185,0.00000446,328276.0,5249299.0,489741985.0,1000000000.0,3.58,9.54,-7.36,1496402057
PinkCoin,PINK,148,0.0162766,0.00000677,668732.0,5224275.0,320968450.0,370968450.0,0.63,8.65,-6.73,1496402051
Auroracoin,AUR,149,0.591213,0.00024594,9854.81,5118804.0,8658139.0,8658139.0,-0.42,-3.49,-5.0,1496402047
MonetaryUnit,MUE,150,0.0420237,0.00001748,55359.1,5106860.0,121523320.0,121523320.0,1.44,-3.72,-15.89,1496402058
Ethereum Movie Venture,EMV,151,0.75872,0.00031497,2392.5,5058133.0,6666666.0,6666666.0,1.15,217.16,14.48,1496401789
MUSE,MUSE,152,0.00362299,0.00000151,8784.09,4981033.0,1374840478.0,1524840478.0,-0.12,26.91,39.87,1496402062
Vcash,XVC,153,0.317832,0.00013222,107734.0,4847410.0,15251486.0,15251486.0,0.25,-1.46,0.7,1496402060
Sphere,SPHR,154,1.54957,0.00064461,23852.4,4777232.0,3082940.0,3082940.0,-0.74,7.33,108.63,1496402062
RouletteToken,RLT,155,0.457766,0.00019003,15163.9,4619870.0,10092210.0,10092933.0,-5.45,-1.41,2.24,1496401792
OKCash,OK,156,0.0637185,0.00002651,274914.0,4560846.0,71578056.0,71578056.0,0.31,-23.16,110.75,1496402059
Quark,QRK,157,0.0180339,0.00000750,157915.0,4510297.0,250101047.0,250101047.0,-3.62,49.12,-6.91,1496402044
FairCoin,FAIR,158,0.0841362,0.00003500,4100.92,4468079.0,53105310.0,53105310.0,-0.74,7.29,14.55,1496402050
Darcrus,DAR,159,0.314958,0.00013102,26745.4,4290913.0,13623762.0,13623762.0,1.2,2.85,-1.36,1496402083
Unobtanium,UNO,160,21.3294,0.00887287,84654.0,4217353.0,197725.0,197725.0,-4.64,16.56,-4.31,1496402044
LoMoCoin,LMC,161,0.0201871,0.00000840,362590.0,4210125.0,208555201.0,293555201.0,2.09,14.17,4.61,1496402076
bitCNY,BITCNY,162,0.140637,0.00005850,526892.0,4155866.0,29550300.0,29550300.0,-0.08,0.32,-1.35,1496402056
ICO OpenLedger,ICOO,163,8.62726,0.00358887,10735.6,4070297.0,471795.0,471795.0,-0.17,13.45,9.36,1496402072
CloakCoin,CLOAK,164,0.809898,0.00033691,17527.2,4052320.0,5003494.0,5003494.0,-6.31,-1.78,6.18,1496402052
Bitmark,BTM,165,1.01399,0.00042181,193522.0,3955757.0,3901180.0,3901180.0,2.12,3.62,19.64,1496402056
NautilusCoin,NAUT,166,0.240458,0.00010003,415840.0,3890610.0,16180000.0,16180000.0,-0.72,-2.05,4.3,1496402051
DubaiCoin,DBIX,167,4.45115,0.0018478,27991.9,3872224.0,869938.0,869938.0,2.97,3.35,41.06,1496401788
Ethbits,ETB,168,2.82821,0.00117407,2077.36,3809558.0,1346986.0,1634691.0,1.15,,,1496401793
APX,APX,169,4.20744,0.00174663,62885.4,3786696.0,900000.0,1000000.0,-3.01,6.83,17.79,1496401793
SpreadCoin,SPR,170,0.465334,0.00019358,31091.3,3785054.0,8134058.0,8134058.0,6.63,20.83,20.57,1496402059
ArtByte,ABY,171,0.00471056,0.00000196,134311.0,3640411.0,772819250.0,772819250.0,-9.67,26.53,-18.71,1496402052
Riecoin,RIC,172,0.103212,0.00004294,631598.0,3529321.0,34194875.0,34194875.0,0.77,8.24,10.89,1496402048
HunterCoin,HUC,173,0.197118,0.00008200,2353720.0,3477700.0,17642730.0,17642730.0,-5.86,66.1,62.72,1496402047
Circuits of Value,COVAL,174,0.00826939,0.00000344,84620.3,3307756.0,400000000.0,1200000000.0,1.32,9.05,-9.37,1496402060
Minereum,MNE,175,8.06976,0.00334999,360537.0,3216902.0,398637.0,398637.0,17.23,126.18,170.08,1496401791
Diamond,DMD,176,1.4875,0.00061879,20803.5,3159662.0,2124142.0,2124142.0,-3.0,-0.15,-2.78,1496402044
Rise,RISE,177,0.0288087,0.00001198,106985.0,3093686.0,107387215.0,107387215.0,7.46,22.05,35.59,1496402074
Zennies,ZENI,178,0.00308339,0.00000128,6457.5,3085487.0,1000680146.0,1000680146.0,0.0,0.91,-4.09,1496401790
Joincoin,J,179,1.23153,0.00051231,1611.21,3015280.0,2448402.0,2448402.0,-0.75,276.83,1088.79,1496402055
Wild Beast Block,WBB,180,1.26886,0.00052784,35561.1,2950069.0,2324976.0,2324976.0,-0.76,-0.48,-27.42,1496402060
PoSW Coin,POSW,181,0.071758,0.00002985,70435.3,2942078.0,41000000.0,70000000.0,3.16,17.13,11.88,1496402082
Musicoin,MUSIC,182,0.0170404,0.00000707,54661.7,2924572.0,171625806.0,171625806.0,-0.71,1.9,-14.03,1496401787
Curecoin,CURE,183,0.122812,0.00005109,17756.3,2911640.0,23708106.0,23708106.0,2.8,8.91,-10.47,1496402052
BitSend,BSD,184,0.190343,0.00007918,15305.0,2903340.0,15253200.0,15253200.0,-0.19,-0.99,10.46,1496402052
Zetacoin,ZET,185,0.0173508,0.00000722,306702.0,2882951.0,166156653.0,166156653.0,0.98,2.26,-1.27,1496402059
Megacoin,MEC,186,0.0870154,0.00003620,506899.0,2861628.0,32886450.0,32886450.0,-6.8,11.37,-21.75,1496402043
RaiBlocks,XRB,187,0.0372203,0.00001545,42014.9,2788598.0,74921427.0,340282367.0,0.17,20.43,22.33,1496401786
BitBean,BITB,188,0.00135712,0.00000056,95935.7,2658023.0,1958576000.0,1958576000.0,-1.47,11.92,-29.12,1496402060
ZcCoin,ZCC,189,0.0426994,0.00001776,1589930.0,2632719.0,61657044.0,61657044.0,0.36,26.4,-8.15,1496402055
Veros,VRS,190,0.0294501,0.00001225,71938.0,2517599.0,85486938.0,10000000000.0,-0.77,-13.71,-8.76,1496402080
Zeitcoin,ZEIT,191,0.0000675786,0.00000003,6208.0,2454989.0,36327910762.0,36327910762.0,10.68,30.03,34.42,1496402048
Atmos,ATMS,192,0.0243056,0.00001009,175352.0,2432339.0,100073176.0,110073176.0,-1.85,0.98,-1.47,1496401789
Cryptonite,XCN,193,0.00741435,0.00000308,535619.0,2429829.0,327719748.0,327719748.0,-1.78,22.56,-19.53,1496402054
Steem Dollars,SBD,194,1.68922,0.0007027,702929.0,2390649.0,1415239.0,1415239.0,1.38,9.05,-6.4,1496402074
Mintcoin,MINT,195,0.0000959747,0.00000004,7962.85,2336856.0,24348665548.0,24348665548.0,-0.89,-0.56,-19.13,1496402048
Spectrecoin,XSPEC,196,0.113984,0.00004742,227654.0,2324786.0,20395726.0,20395726.0,-0.71,-9.75,-1.29,1496402083
Myriad,XMY,197,0.00155546,0.00000065,45516.0,2311521.0,1486069000.0,1486069000.0,-0.58,-3.39,-42.42,1496402048
BoostCoin,BOST,198,0.190765,0.00007936,194873.0,2261612.0,11855487.0,11855487.0,-0.95,10.97,-5.76,1496402052
Digitalcoin,DGC,199,0.0655994,0.00002729,189699.0,2255950.0,34389793.0,34389793.0,-2.69,5.82,-5.86,1496402042
bitUSD,BITUSD,200,0.991676,0.00041253,298393.0,2182272.0,2200590.0,2200590.0,5.68,-0.25,0.36,1496402056
Espers,ESP,201,0.000104894,0.00000004,4363.49,2111252.0,20127478911.0,20127478911.0,-11.57,-9.8,-25.39,1496402071
Breakout Stake,BRX,202,0.334357,0.00013909,15911.2,2095777.0,6268082.0,6268082.0,-0.75,14.94,38.28,1496402073
Bata,BTA,203,0.420004,0.00017472,35082.2,2079536.0,4951230.0,4951230.0,1.61,10.54,21.72,1496402062
iCash,ICASH,204,0.00939444,0.00000391,8699.38,2075267.0,220903745.0,220903745.0,7.39,27.98,-3.61,1496402061
FUNCoin,FUNC,205,0.356109,0.00014783,59879.7,2060426.0,5785941.0,100000000.0,6.05,3.17,13.08,1496401792
Adzcoin,ADZ,206,0.0372459,0.00001549,8596.11,2042702.0,54843680.0,54843680.0,-1.45,7.16,-10.75,1496402066
Groestlcoin,GRS,207,0.0289205,0.00001203,4575.73,1955563.0,67618559.0,67618559.0,-2.99,-1.41,-2.75,1496402051
Anoncoin,ANC,208,0.915196,0.00038071,195771.0,1931354.0,2110317.0,2110317.0,4.0,100.34,33.79,1496402058
MaxCoin,MAX,209,0.0347791,0.00001447,81564.4,1893467.0,54442678.0,54442678.0,-1.57,2.18,0.59,1496402047
Project Decorum,PDC,210,0.037669,0.00001567,1676.85,1883450.0,50000000.0,50000000.0,-0.75,1.66,-12.83,1496402073
BlockPay,BLOCKPAY,211,0.337316,0.00014032,2186.18,1831052.0,5428300.0,98928316.0,-0.12,-12.3,-1.61,1496402076
TransferCoin,TX,212,0.305072,0.00012691,12912.8,1822467.0,5973893.0,5973893.0,1.0,3.71,-30.18,1496402064
Tickets,TIX,213,0.0000272504,0.00000001,44728.6,1822405.0,66876281414.0,66876281414.0,-1.4,-5.98,-24.37,1496402043
GoldCoin,GLD,214,0.0450223,0.00001873,20205.1,1812348.0,40254452.0,40254452.0,3.13,1.63,-7.08,1496402043
DeepWebCash,DWC,215,1.32002,0.00054912,22013.5,1761171.0,1334200.0,1334200.0,-0.38,3.68,-21.21,1496402081
CryptoCarbon,CCRB,216,0.444912,0.00018508,2696.01,1584826.0,3562111.0,10000150.0,-4.23,-7.57,29.05,1496402083
vTorrent,VTR,217,0.145027,0.00006033,10511.3,1568607.0,10815966.0,10815966.0,5.4,-4.58,12.83,1496402059
VeriumReserve,VRM,218,1.30361,0.00054229,40187.7,1451151.0,1113179.0,1113179.0,48.51,95.92,39.24,1496402077
Startcoin,START,219,0.0312818,0.00001301,44460.4,1410177.0,45079785.0,70782220.0,-0.91,-7.19,-29.86,1496402053
Boolberry,XBB,220,0.146303,0.00006086,8725.02,1394630.0,9532480.0,9532480.0,-9.86,4.78,-10.0,1496402053
Sequence,SEQ,221,0.0311544,0.00001296,2653.13,1392616.0,44700444.0,44700444.0,-0.79,1.97,17.0,1496402077
Voxels,VOX,222,0.0440283,0.00001832,346767.0,1386891.0,31500000.0,210000000.0,0.82,47.19,6.11,1496402070
Renos,RNS,223,0.0401798,0.00001668,594684.0,1340084.0,33352191.0,33352191.0,1.61,67.5,132.62,1496401786
2GIVE,2GIVE,224,0.00256428,0.00000107,17494.4,1315468.0,512996860.0,512996860.0,-1.32,0.77,-16.29,1496402072
ChainCoin,CHC,225,0.0890912,0.00003706,20009.1,1308009.0,14681683.0,14681683.0,1.24,2.25,-13.08,1496402064
Breakout,BRK,226,0.0726456,0.00003022,3249.43,1301430.0,17914787.0,17914787.0,6.85,6.0,-13.27,1496402072
EB3 Coin,EB3,227,0.272687,0.0001132,13081.8,1277543.0,4685018.0,786000000.0,-2.57,-4.19,-3.95,1496401788
Visio,VISIO,228,0.0244836,0.00001016,620.079,1238832.0,50598426.0,62598426.0,-0.4,-8.22,-21.08,1496401786
EuropeCoin,ERC,229,0.125748,0.00005231,2876.71,1238788.0,9851352.0,9851352.0,-1.13,0.57,11.82,1496402062
LiteDoge,LDOGE,230,0.0000831990,0.00000003,5235.51,1229212.0,14774355659.0,14774355659.0,-0.13,5.05,8.53,1496402060
Ixcoin,IXC,231,0.0585083,0.00002434,8774.89,1228621.0,20999088.0,20999088.0,0.86,-84.02,16.81,1496402044
Bitswift,SWIFT,232,0.300438,0.00012498,8443.31,1220045.0,4060889.0,4060889.0,-1.37,-3.61,51.17,1496402057
Stealthcoin,XST,233,0.0456499,0.00001899,2155.01,1194932.0,26175995.0,26175995.0,-0.75,-0.78,-3.86,1496402054
Qwark,QWARK,234,0.0672849,0.00002799,23656.9,1188204.0,17659296.0,250377576.0,4.13,22.37,47.51,1496402070
MediterraneanCoin,MED,235,0.022837,0.00000950,158796.0,1135150.0,49706598.0,49706598.0,-3.54,75.51,20.88,1496402059
Yocoin,YOC,236,0.010188,0.00000424,63552.9,1076045.0,105618830.0,200000000.0,-4.21,2.03,12.93,1496402067
TagCoin,TAG,237,0.19517,0.00008119,151180.0,1071987.0,5492579.0,5492579.0,0.45,5.27,-17.96,1496402043
SecureCoin,SRC,238,0.135592,0.00005640,158554.0,1055700.0,7785856.0,7785856.0,2.96,9.21,-25.39,1496402046
Dynamic,DYN,239,0.643801,0.00026726,2134.08,1040494.0,1616174.0,4370078.0,-4.16,-4.7,-11.01,1496401787
Syndicate,SYNX,240,0.0905119,0.00003765,13618.5,1019966.0,11268860.0,11268860.0,1.13,-51.71,62.46,1496402074
WhiteCoin,XWC,241,0.0040145,0.00000167,20255.1,995818.0,248055241.0,248055241.0,-0.45,-9.58,43.47,1496402050
Inpay,INPAY,242,0.0979003,0.00004064,39778.9,979003.0,10000000.0,10000000.0,-0.7,-9.29,-39.75,1496401789
Triggers,TRIG,243,0.030289,0.00001260,31266.3,972446.0,32105593.0,100000000.0,-0.75,-7.1,-21.27,1496402079
CannabisCoin,CANN,244,0.0124593,0.00000518,55409.3,962246.0,77231176.0,91859176.0,-0.77,-0.51,31.44,1496402054
DIBCOIN,DIBC,245,0.19226,0.00007981,5216.24,961300.0,5000000.0,5000000000.0,2.82,-2.84,15.89,1496401789
DopeCoin,DOPE,246,0.00858189,0.00000357,19076.2,953325.0,111085648.0,111085648.0,-1.57,20.37,-16.49,1496402048
Hacker Gold,HKG,247,0.0591443,0.00002460,1346.01,952867.0,16110893.0,16110893.0,2.68,-15.43,-16.7,1496402081
Creativecoin,CREA,248,0.0888247,0.00003687,2928.55,937745.0,10557251.0,12268979.0,0.12,-1.8,-50.38,1496401792
AudioCoin,ADC,249,0.00115538,0.00000048,6650.01,916446.0,793198644.0,793198644.0,-0.76,-11.14,-24.58,1496402062
Mercury,MER,250,0.00909039,0.00000377,607.364,909039.0,100000000.0,100000000.0,-2.86,-22.63,-26.18,1496401788
PutinCoin,PUT,251,0.00446181,0.00000186,4147.88,894225.0,200417616.0,200417616.0,-8.33,-3.33,6.17,1496402074
PepeCoin,PEPE,252,0.0634197,0.00002638,27581.7,873256.0,13769480.0,13769480.0,-12.4,-2.34,9.77,1496402068
HTMLCOIN,HTML5,253,0.0000211039,0.000000009,8199.42,858064.0,40659020000.0,40659020000.0,-1.05,2.84,-4.77,1496402056
HiCoin,XHI,254,0.00443541,0.00000185,101169.0,841530.0,189729990.0,10189729990.0,-5.27,-9.84,-19.35,1496402072
EverGreenCoin,EGC,255,0.0621038,0.00002583,12882.1,827303.0,13321301.0,13321301.0,-0.45,-1.93,-2.05,1496402067
ArcticCoin,ARC,256,0.035175,0.00001463,30290.0,821548.0,23356028.0,23356028.0,-3.09,-10.9,-34.75,1496402079
GlobalCoin,GLC,257,0.0125964,0.00000524,1244.22,820920.0,65171010.0,65171010.0,-0.74,-14.85,-44.99,1496402043
Woodcoin,LOG,258,0.101973,0.00004242,577.317,819373.0,8035193.0,8035193.0,-0.74,-12.48,-6.6,1496402061
BlueCoin,BLU,259,0.00139827,0.00000058,2382.99,803563.0,574683675.0,574683675.0,-0.82,-6.72,147.31,1496402051
Unitus,UIS,260,0.0170139,0.00000708,22465.3,795666.0,46765625.0,46765625.0,-0.36,-0.32,-15.85,1496402060
Centurion,CNT,261,0.0306908,0.00001277,32396.1,793366.0,25850279.0,63389078.0,-1.7,-4.46,-9.01,1496402085
Pesetacoin,PTC,262,0.00602797,0.00000251,4228.1,786920.0,130544761.0,130544761.0,0.51,-2.77,-19.19,1496402048
Hush,HUSH,263,0.697405,0.00029012,145178.0,767764.0,1100888.0,1222363.0,-0.58,9.81,20.71,1496402082
e-Gulden,EFL,264,0.0490604,0.00002041,1930.63,752848.0,15345319.0,20384659.0,-0.87,-1.28,-19.69,1496402050
Fantomcoin,FCN,265,0.125002,0.00005200,2389.71,732586.0,5860592.0,5860592.0,1.2,2.91,-6.83,1496402053
ProCurrency,PROC,266,0.253251,0.00010513,1095.16,712953.0,2815205.0,15000053805.0,-0.56,-2.3,19.39,1496401790
HempCoin,THC,267,0.00333932,0.00000139,13515.0,707345.0,211823061.0,211823061.0,1.4,6.16,-13.43,1496402054
GeoCoin,GEO,268,0.284476,0.00011834,7965.88,698411.0,2455079.0,2455079.0,0.49,5.57,11.6,1496402060
Tokes,TKS,269,1.0551,0.000438,3226.07,683308.0,647624.0,50000000.0,-1.04,1.74,-9.91,1496401787
ExclusiveCoin,EXCL,270,0.156969,0.00006530,4400.14,641729.0,4088253.0,4088253.0,-2.7,-3.44,-19.43,1496402058
Altcoin,ALT,271,5.23327,0.00217248,2320.36,639376.0,122175.0,134063.0,-0.6,4.58,33.74,1496401790
Ripto Bux,RBX,272,0.00186716,0.00000078,6321.24,638756.0,342100100.0,1000000000.0,-15.23,-15.21,29.57,1496401789
UniBURST,UNIBURST,273,0.627495,0.00026049,2781.06,627494.0,999999.0,1000000.0,-1.02,32.58,201.56,1496401786
Synergy,SNRG,274,0.225484,0.00009380,1893.68,625760.0,2775185.0,2775185.0,-0.74,0.53,-7.99,1496402063
Version,V,275,0.00142125,0.00000059,1597.81,621603.0,437363527.0,437363527.0,-0.58,,,1496401794
Deutsche eMark,DEM,276,0.0212541,0.00000884,1031.38,590724.0,27793416.0,27793416.0,0.78,0.03,-10.51,1496402044
Magi,XMG,277,0.0832201,0.00003462,3050.53,587171.0,7055635.0,7055635.0,-0.21,10.1,-11.6,1496402056
TrustPlus,TRUST,278,0.0182215,0.00000758,1345.16,584666.0,32086595.0,32086595.0,1.49,1.9,0.81,1496402053
DT Token,DRACO,279,0.00628526,0.00000261,44841.4,558690.0,88888888.0,88888888.0,-1.06,27.39,32.83,1496402073
BTSR,BTSR,280,0.168498,0.00007009,18422.5,557866.0,3310819.0,3310819.0,0.11,14.45,-6.39,1496402069
IncaKoin,NKA,281,0.0000728707,0.00000003,10615.6,549226.0,7536991869.0,7536991869.0,-0.79,28.99,189.72,1496402060
Canada eCoin,CDN,282,0.00561101,0.00000233,1342.62,546600.0,97415544.0,97415544.0,-0.73,7.31,13.14,1496402051
Moin,MOIN,283,0.0775518,0.00003226,3449.89,538927.0,6949251.0,6949251.0,-0.6,25.83,19.45,1496402067
TileCoin,XTC,284,0.00526419,0.00000219,13070.5,526419.0,100000000.0,100000000.0,0.48,-3.17,-30.91,1496402058
FujiCoin,FJC,285,0.000542943,0.00000023,5131.63,522714.0,962742806.0,962742806.0,-8.38,-2.14,-2.07,1496402062
1337,1337,286,0.0000208468,0.000000009,2939.92,475161.0,22792975214.0,22792975214.0,-4.94,26.86,34.42,1496402067
NuShares,NSR,287,0.000172439,0.00000007,4248.18,465976.0,2702268334.0,3317514603.0,-0.82,-23.48,-69.39,1496402058
KoreCoin,KORE,288,0.250005,0.000104,1722.8,457746.0,1830949.0,1830949.0,-0.74,0.42,-1.72,1496402053
Elcoin,EL,289,0.0406601,0.00001691,4691.42,455758.0,11208967.0,20935289.0,34.65,-25.15,-24.47,1496402071
Capricoin,CPC,290,0.458736,0.00019083,36509.0,451637.0,984525.0,200984525.0,2.81,0.75,12.82,1496402063
TrumpCoin,TRUMP,291,0.0645921,0.00002687,7050.55,422402.0,6539529.0,6539529.0,-0.6,-5.9,-5.34,1496402070
I0Coin,I0C,292,0.0193032,0.00000803,1507.71,404874.0,20974426.0,20974426.0,-0.65,2.5,-2.27,1496402043
PostCoin,POST,293,0.0235696,0.00000980,3763.98,371818.0,15775332.0,15775332.0,-0.74,-4.17,-6.99,1496402070
MTMGaming,MTM,294,0.12351,0.00005127,1251.28,370530.0,3000000.0,5000000.0,-1.3,124.63,210.2,1496401788
MazaCoin,MZC,295,0.000334064,0.00000014,1490.27,365004.0,1092618137.0,1092618137.0,-0.8,25.87,36.65,1496402048
iTicoin,ITI,296,11.2481,0.00466941,49099.0,359939.0,32000.0,9999992.0,0.4,-5.47,24.35,1496401792
Virtacoinplus,XVP,297,0.0403558,0.00001675,1259.43,355880.0,8818547.0,10353141.0,-0.23,-6.73,-46.06,1496401787
Master Swiscoin,MSCN,298,0.0345318,0.00001436,8816.8,353754.0,10244290.0,1002570319.0,0.66,-1.36,-19.73,1496402085
Jewels,JWL,299,0.0174287,0.00000725,2021.98,351643.0,20176063.0,20176063.0,-0.79,-1.39,-2.37,1496402076
TeslaCoin,TES,300,0.00483176,0.00000201,2554.16,346790.0,71773023.0,71773023.0,-3.57,0.11,18.29,1496402046
Terracoin,TRC,301,0.0166734,0.00000694,5764.85,335080.0,20096700.0,20096700.0,0.29,3.71,-7.26,1496402041
Wyvern,WYV,302,0.305953,0.00012701,694.255,333636.0,1090481.0,1090481.0,-20.71,-7.24,-17.46,1496401789
NobleCoin,NOBL,303,0.00014348,0.00000006,7419.35,328804.0,2291633191.0,2291633191.0,-25.46,-23.35,-43.09,1496402047
GCoin,GCN,304,0.0000023504,0.0000000010,712.871,326712.0,139004585000,139004585000,-2.17,2.28,26.73,1496402059
Cryptojacks,CJ,305,0.000795187,0.00000033,1381.46,323298.0,406568581.0,406568581.0,-3.05,233.56,140.39,1496402073
Newbium,NEWB,306,0.0131974,0.00000549,49014.6,316738.0,24000000.0,51000000.0,2.57,25.47,192.43,1496402072
Dotcoin,DOT,307,0.00137434,0.00000057,60861.6,308991.0,224828500.0,489828500.0,-4.39,0.66,8.9,1496402061
CacheCoin,CACH,308,0.0841362,0.00003500,8797.33,303183.0,3603477.0,3603477.0,-0.74,-2.7,,1496402047
ParkByte,PKB,309,0.0615396,0.00002560,1245.7,293176.0,4764026.0,4764026.0,-0.74,11.45,5.44,1496402062
Asiadigicoin,ADCN,310,0.0110819,0.00000461,1111.95,276283.0,24931054.0,210000000.0,-7.01,-10.49,-27.88,1496402068
Influxcoin,INFX,311,0.163988,0.00006822,8659.67,274415.0,1673383.0,1673383.0,-0.79,-6.65,-54.78,1496402065
Quatloo,QTL,312,0.0362316,0.00001507,14893.4,269449.0,7436849.0,7436849.0,-0.82,-14.81,-22.52,1496402054
Atomic Coin,ATOM,313,0.026666,0.00001109,661.842,267972.0,10049215.0,10049215.0,-1.3,15.66,2.46,1496402078
Bytecent,BYC,314,0.162671,0.00006767,14555.2,263713.0,1621143.0,1621143.0,-0.75,-6.87,-14.58,1496402058
Karbowanec,KRB,315,0.0742764,0.00003090,5643.84,262767.0,3537687.0,3537687.0,-6.5,-7.44,-13.6,1496402075
Sexcoin,SXC,316,0.00210725,0.00000088,3794.68,258215.0,122536551.0,122536551.0,-0.75,-8.29,2.97,1496402044
UltraCoin,UTC,317,0.00584146,0.00000243,4462.68,251763.0,43099340.0,43099340.0,-1.18,11.17,31.5,1496402046
KibiCoin,KIC,318,0.0170269,0.00000707,655.674,249493.0,14652850.0,14652850.0,-0.46,,,1496401793
LiteBar,LTB,319,0.384622,0.00016,906.288,248310.0,645595.0,645595.0,30.64,10.77,31.72,1496402049
Zoin,ZOI,320,0.0220907,0.00000919,1167.72,237460.0,10749300.0,10749300.0,-11.1,-11.95,-27.39,1496402080
8Bit,8BIT,321,0.202248,0.00008413,2763.3,235501.0,1164415.0,1164415.0,0.41,4.57,-48.22,1496402061
Rubies,RBIES,322,0.0224234,0.00000933,2570.32,232610.0,10373520.0,10373520.0,1.83,3.84,-20.82,1496402068
Neutron,NTRN,323,0.0181913,0.00000757,889.775,229532.0,12617684.0,12617684.0,-0.77,0.88,163.01,1496402061
PRCoin,PRC,324,0.0230343,0.00000956,43310.3,217656.0,9449200.0,789449200.0,-24.51,7.15,-6.35,1496401787
NuBits,USNBT,325,0.990631,0.0004121,78123.2,194928.0,196772.0,838087.0,-1.16,-0.26,-2.3,1496402057
Torcoin,TOR,326,0.739197,0.00030686,15836.0,194000.0,262448.0,1262448.0,-0.49,-6.67,-48.3,1496401789
GoldBlocks,GB,327,0.0119034,0.00000495,1436.78,176966.0,14866853.0,14866853.0,-1.57,-6.29,6.81,1496402073
UnbreakableCoin,UNB,328,0.0768494,0.00003197,6108.84,175074.0,2278150.0,2278150.0,-0.74,-0.41,2.11,1496402052
Fastcoin,FST,329,0.00136648,0.00000057,1441.21,173221.0,126764507.0,126764507.0,7.56,17.24,42.47,1496402042
DigitalPrice,DP,330,0.00760029,0.00000316,1491.11,172190.0,22655748.0,22655748.0,34.05,24.22,70.69,1496402057
Bottlecaps,CAP,331,0.00121862,0.00000051,2427.43,169165.0,138816835.0,138816835.0,-56.31,36.75,69.03,1496402058
Netko,NETKO,332,0.0681463,0.00002829,1234.89,166315.0,2440557.0,2440557.0,3.81,-1.37,-20.48,1496401788
bitBTC,BITBTC,333,2522.45,1.04932,67599.9,161639.0,64.0,64.0,-5.99,6.3,-0.02,1496402057
TheGCCcoin,GCC,334,0.0213946,0.00000890,1488.01,150580.0,7038214.0,867038214.0,-0.79,-2.69,-27.23,1496402084
Greencoin,GREV2,335,0.0000480778,0.00000002,1415.62,147052.0,3058620641.0,3058620641.0,-0.74,99.22,42.9,1496402053
Pascal Lite,PASL,336,0.0737844,0.00003063,2884.79,145820.0,1976300.0,1976300.0,5.87,3.13,-31.05,1496401787
Piggycoin,PIGGY,337,0.000289618,0.00000012,1806.08,140120.0,483811177.0,483811177.0,-1.9,22.13,-47.95,1496402053
BERNcash,BERN,338,0.00175477,0.00000073,567.25,125000.0,71234301.0,71234301.0,-9.99,2.2,5.26,1496402070
LanaCoin,LANA,339,0.000166726,0.00000007,548.703,124771.0,748361427.0,748361427.0,14.71,15.37,54.6,1496402071
Machinecoin,MAC,340,0.00608185,0.00000253,2606.13,118940.0,19556550.0,19556550.0,-6.08,3.19,-13.08,1496402059
Tattoocoin (Standard Edition),TSE,341,0.00103313,0.00000043,1469.5,118160.0,114371151.0,604371151.0,-0.73,-26.42,-23.44,1496402084
Flycoin,FLY,342,0.555539,0.0002311,1568.46,117111.0,210806.0,210806.0,-0.74,-46.4,28.88,1496402069
bitEUR,BITEUR,343,1.13975,0.00047413,19495.1,116368.0,102100.0,102100.0,0.54,-0.21,0.9,1496402063
MojoCoin,MOJO,344,0.00944485,0.00000393,847.045,113868.0,12056060.0,12056060.0,-0.79,3.07,-37.31,1496402069
CHNCoin,CNC,345,0.00445717,0.00000185,14834.2,112589.0,25260247.0,170109984.0,0.01,4.64,-29.19,1496402057
Rimbit,RBT,346,0.000964665,0.00000040,606.287,111418.0,115499623.0,393459356.0,-1.3,2.43,-8.51,1496402058
bitSilver,BITSILVER,347,20.4848,0.00852153,16976.2,108960.0,5319.0,5319.0,0.04,3.56,15.9,1496402061
Phoenixcoin,PXC,348,0.00180178,0.00000075,990.809,104281.0,57876750.0,57876750.0,6.01,53.61,6.67,1496402042
Sumokoin,SUMO,349,0.219378,0.00009107,8208.08,100249.0,456967.0,9345856.0,-18.52,28.4,,1496401793
Eryllium,ERY,350,0.0226646,0.00000943,2879.01,98686.0,4354171.0,14354171.0,-1.97,8.16,-43.46,1496402085
QuazarCoin,QCN,351,0.0168272,0.00000700,798.112,96100.0,5711013.0,5711013.0,-13.15,5.91,-4.8,1496402052
Emerald Crypto,EMD,352,0.00480772,0.00000200,3517.84,91910.0,19117129.0,19117129.0,-0.77,24.11,58.31,1496402042
bitGold,BITGOLD,353,1474.19,0.61325,13493.5,82577.0,56.0,56.0,0.15,-0.67,5.3,1496402059
Spots,SPT,354,0.00334456,0.00000139,610.14,74938.0,22406021.0,22406021.0,-4.54,-4.72,32.23,1496402043
Freicoin,FRC,355,0.00264428,0.00000110,17663.8,73787.0,27904285.0,100000000.0,-0.74,-0.39,0.03,1496402042
Gapcoin,GAP,356,0.00651455,0.00000271,12468.0,70893.0,10882180.0,10882180.0,-2.28,0.08,20.01,1496402058
Kurrent,KURT,357,0.00680848,0.00000283,599.945,67537.0,9919485.0,21319485.0,3.21,-34.57,3.11,1496402081
PonziCoin,PONZI,358,0.0769245,0.00003200,586.735,66240.0,861099.0,861099.0,-0.74,38.55,33.03,1496402073
MCAP,MCAP,359,6.54637,0.00271758,171246.0,65496.0,10005.0,100000000.0,3.61,4.4,,1496401793
CrevaCoin,CREVA,360,0.00173602,0.00000072,11921.1,63175.0,36390750.0,6240390800.0,-1.6,-4.87,-17.1,1496402063
Wexcoin,WEX,361,0.369183,0.00015358,5899.11,61855.0,167545.0,10000167545.0,4.47,-2.38,10.95,1496402077
NevaCoin,NEVA,362,0.0303896,0.00001264,533.569,55097.0,1813015.0,1813015.0,7.3,4.87,21.75,1496402069
Argentum,ARG,363,0.00709148,0.00000295,891.171,53220.0,7504753.0,7504753.0,-1.12,-29.07,-10.24,1496402045
Acoin,ACOIN,364,0.0416554,0.00001733,10834.6,50823.0,1220085.0,1220085.0,-1.13,-0.45,-34.79,1496402056
PetroDollar,XPD,365,0.000744819,0.00000031,755.609,47663.0,63993275.0,63993275.0,10.97,-53.91,-37.6,1496402050
Philosopher Stones,PHS,366,0.0194234,0.00000808,3466.12,47184.0,2429219.0,2429219.0,-0.65,1.53,0.44,1496402047
Prime-XI,PXI,367,0.00296036,0.00000123,1591.09,43792.0,14792700.0,14792700.0,0.21,-3.49,46.38,1496402057
Allion,ALL,368,0.00643448,0.00000267,2509.34,39890.0,6199359.0,7323359.0,-0.58,-2.11,-24.84,1496401786
Independent Money System,IMS,369,0.00674594,0.00000281,996.763,36219.0,5368934.0,5368934.0,-0.54,-4.33,-13.41,1496402069
Rawcoin,XRC,370,0.0504817,0.00002100,3293.5,35584.0,704882.0,704882.0,2.71,21.55,268.11,1496402081
Hexx,HXX,371,0.0231268,0.00000962,504.926,31290.0,1352980.0,1352980.0,-0.77,-19.45,-33.54,1496402063
MACRON,MCRN,372,0.0000751063,0.00000003,916.063,30149.0,401421401.0,401421401.0,-23.64,-9.97,-11.24,1496401790
BeaverCoin,BVC,373,0.0087742,0.00000365,657.724,27334.0,3115258.0,3115258.0,1.69,-0.49,-17.35,1496402058
Kittehcoin,MEOW,374,0.0000010995,0.0000000005,1846.26,26284.0,23905669976.0,23905669976.0,-1.28,57.61,81.9,1496402045
PIECoin,PIE,375,0.000312257,0.00000013,516.584,22503.0,72065683.0,72065683.0,-13.78,-1.93,-27.71,1496401787
Marijuanacoin,MAR,376,0.0394577,0.00001638,5477.23,20624.0,522690.0,522690.0,3.47,-24.45,-25.75,1496401785
Honey,HONEY,377,0.286115,0.00011878,981.005,19543.0,68306.0,68306.0,-28.4,-29.46,-67.47,1496401788
Eurocoin,EUC,378,0.00153849,0.00000064,1142.66,18047.0,11730325.0,11730325.0,0.79,-1.43,-19.54,1496402064
AllSafe,ASAFE,379,0.0000180974,0.000000008,4028.1,12849.0,710000000.0,710000000.0,-0.07,803.4,217.46,1496402079
LevoPlus,LVPS,380,0.0293825,0.00001220,4404.81,12083.0,411247.0,91411247.0,2.4,-42.29,-73.19,1496401786
Ebittree Coin,EBT,381,0.0118036,0.00000490,619.085,10282.0,871120.0,810871120.0,-0.58,-2.31,4.28,1496401790
Beatcoin,XBTS,382,0.00672882,0.00000280,1694.47,10259.0,1524686.0,2524686.0,-1.11,-0.18,5.69,1496402078
BenjiRolls,BENJI,383,0.000456739,0.00000019,5073.54,8653.0,18944486.0,18944486.0,0.58,-0.6,-24.32,1496402083
Digital Money Bits,DMB,384,0.0152779,0.00000634,17914.6,4690.0,307000.0,10307000.0,-0.53,24.42,59.43,1496401793
Environ,ENV,385,0.0000240829,0.000000010,2038.45,3158.0,131129509.0,931129509.0,-0.59,-0.15,-95.7,1496401791
Powercoin,PWR,386,0.0000240389,0.00000001,1321.04,1202.0,49983870.0,49983870.0,-0.75,-0.39,-4.42,1496402072
Gold Pressed Latinum,GPL,387,0.175223,0.00007274,7788.08,,,203993.0,-1.19,-9.86,14.22,1496401791
SnakeEyes,SNAKE,388,0.157539,0.00006540,1270.23,,,10000000.0,-1.42,33.13,36.17,1496401791
Arcade Token,ARC,389,3.74133,0.00167261,,10777041.0,2880537.0,2880537.0,,,24.77,1496180681
Scotcoin,SCOT,390,0.00648299,0.00000270,168.942,6482990.0,1000000000.0,1000000000.0,-0.16,-21.17,2.64,1496402053
Jinn,JINN,391,49.028,0.0203952,490.28,2878091.0,58703.0,1000000.0,0.82,8.63,19.53,1496402057
XCurrency,XC,392,0.4327,0.00018,353.372,2512612.0,5806823.0,5806823.0,-0.79,-0.94,-13.82,1496402051
InstantDEX,DEX,393,2.41378,0.00100411,349.998,2413780.0,1000000.0,1000000.0,0.82,8.63,,1496402056
AsiaCoin,AC,394,0.00276416,0.00000115,128.527,2320115.0,839356247.0,839356247.0,-1.86,5.51,-22.85,1496402051
NewYorkCoin,NYC,395,0.0000240389,0.00000001,247.121,1435602.0,59719935819.0,59719935819.0,-0.74,-0.36,24.44,1496402051
Bitpark Coin,BPC,396,0.0190629,0.00000793,275.254,1429718.0,75000000.0,100000000.0,-5.74,13.49,14.13,1496402083
InsaneCoin,INSANE,397,0.0723298,0.00003009,224.195,1326599.0,18340977.0,18340977.0,0.82,-16.02,41.97,1496402079
Pangea Poker,PANGEA,398,0.940434,0.00039121,11.2852,939825.0,999352.0,1000000.0,0.82,8.63,,1496402059
Devcoin,DVC,399,0.0000625880,0.00000003,40.5534,876437.0,14003277500.0,14003277500.0,-1.06,-7.05,152.53,1496402040
DubaiCoin,DBIC,400,0.159944,0.00006654,249.333,820355.0,5129014.0,6146942.0,-0.84,-5.1,-2.5,1496402070
ShadowCash,SDC,401,0.122209,0.00005084,410.997,814778.0,6667089.0,6667089.0,-0.75,-0.5,-26.66,1496402054
Pandacoin,PND,402,0.0000240389,0.00000001,395.348,781623.0,32514916898.0,32514916898.0,-0.77,-0.39,-4.43,1496402048
Casino,CASINO,403,0.748623,0.00031078,13.4752,748623.0,1000000.0,1000000.0,-1.3,97.57,12.88,1496401787
Ultimate Secure Cash,USC,404,0.0715558,0.00002970,127.436,740110.0,10343113.0,38602656.0,-0.58,,-19.9,1496401789
Carboncoin,CARBON,405,0.0000480778,0.00000002,7.41601,740010.0,15391933523.0,15391933523.0,-0.74,-0.36,-4.43,1496402054
Cryptofund,FUND,406,0.5588,0.0002553,,558800.0,1000000.0,1000000.0,,,-25.52,1495948164
SmileyCoin,SMLY,407,0.0000209534,0.000000009,131.271,543956.0,25960250000.0,25960250000.0,-1.09,-4.29,74.88,1496402059
E-Currency Coin ,ECC,408,0.0000240389,0.00000001,1.18341,530313.0,22060603799.0,22060603799.0,-0.74,-0.39,-4.43,1496402049
Happycoin,HPC,409,0.0452872,0.00001880,225.968,514732.0,11365939.0,11365939.0,24.59,63.66,202.36,1496401789
Shorty,SHORTY,410,0.00501117,0.00000210,,501117.0,100000000.0,100000000.0,,-1.12,23.75,1496365479
Tao,XTO,411,0.0165277,0.00000688,175.526,501062.0,30316511.0,32316511.0,-26.93,-6.17,-24.64,1496402076
ReeCoin,REE,412,0.0391396,0.00001628,308.857,484067.0,12367704.0,6662367704.0,6.28,-4.7,-5.51,1496402075
YashCoin,YASH,413,0.047549,0.00001978,339.712,475496.0,10000117.0,10000117.0,3.28,-5.38,17.81,1496402082
CasinoCoin,CSC,414,0.0118008,0.00000491,329.047,455525.0,38601187.0,38601187.0,-1.19,3.31,-13.5,1496402045
Colossuscoin V2,CV2,415,0.0000190565,0.000000008,264.222,422846.0,22189045273.0,22189045273.0,-0.99,-5.73,-50.4,1496402062
Dashcoin,DSH,416,0.0241215,0.00001003,276.871,417099.0,17291579.0,17291579.0,-0.67,-12.39,-5.72,1496402057
BitBar,BTB,417,11.7779,0.00489951,374.236,383747.0,32582.0,32582.0,0.71,-2.43,0.15,1496402042
LTBcoin,LTBC,418,0.000742106,0.00000032,,366499.0,493863915.0,493863915.0,,,,1496287754
Orbitcoin,ORB,419,0.123972,0.00005157,26.7103,366398.0,2955486.0,2955486.0,-1.11,-1.58,-2.36,1496402045
FuelCoin,FC2,420,0.0035818,0.00000149,3.66707,363239.0,101412445.0,101412445.0,-0.77,4.07,,1496402053
CageCoin,CAGE,421,0.0000035317,0.000000001,181.515,357300.0,101168328395,101168328395,-40.5,-27.19,-18.92,1496402048
RussiaCoin,RC,422,0.0425008,0.00001768,0.288393,349206.0,8216446.0,8216446.0,-0.75,-0.28,-0.21,1496402067
SuperCoin,SUPER,423,0.00841362,0.00000350,84.128,346268.0,41155630.0,41155630.0,-0.75,,,1496402052
Mineum,MNM,424,0.0360281,0.00001499,320.947,339974.0,9436367.0,9586367.0,-0.74,-10.86,-22.92,1496402073
Trollcoin,TROLL,425,0.000599553,0.00000025,428.417,331989.0,553727178.0,553727178.0,-3.67,-5.92,-11.88,1496402057
Bitstar,BITS,426,0.0140313,0.00000584,81.0084,323839.0,23079737.0,23079737.0,-0.74,51.8,18.65,1496402051
Rare Pepe Party,RAREPEPEPRTY,427,16.1275,0.0067095,,290295.0,18000.0,100000.0,,-1.05,-8.16,1496315982
HOdlcoin,HODL,428,0.00312506,0.00000130,109.308,289457.0,92624410.0,250000000.0,-0.79,2.41,18.97,1496402068
HitCoin,HTC,429,0.0000240389,0.00000001,88.8634,264339.0,10996318099.0,20996318099.0,-50.37,-0.39,-4.43,1496402071
Veltor,VLT,430,0.456355,0.00018984,371.289,253211.0,554855.0,554855.0,-0.75,-5.45,39.32,1496402076
SmartCoin,SMC,431,0.0106365,0.00000442,78.9617,243498.0,22892638.0,22892638.0,-0.82,14.41,-26.02,1496402046
BTCtalkcoin,TALK,432,0.00357833,0.00000161,,233631.0,65290635.0,65290635.0,,,-16.56,1496191750
Crypto Bullion,CBX,433,0.232773,0.00009683,55.3549,231805.0,995843.0,995843.0,-0.74,-11.42,-38.39,1496402043
AgrolifeCoin,AGLC,434,0.0472658,0.00001990,,216072.0,4571434.0,204571434.0,,,93.64,1496301878
VirtualCoin,VC,435,0.0213466,0.00000888,222.513,214838.0,10064287.0,10064287.0,-0.75,10.57,10.63,1496402055
BritCoin,BRIT,436,0.00959153,0.00000399,164.967,203994.0,21268092.0,21268092.0,-0.74,80.66,-5.84,1496402053
The Cypherfunks,FUNK,437,0.0000045093,0.000000002,85.562,199120.0,44157745000.0,44157745000.0,-6.42,-6.02,-28.76,1496402062
SwagBucks,BUCKS,438,0.948031,0.00039437,2.62536,194889.0,205572.0,205572.0,-1.09,-29.99,-27.04,1496402067
Pesobit,PSB,439,0.00584146,0.00000243,445.919,190839.0,32669787.0,32669787.0,-4.68,-9.65,-12.64,1496402077
42-coin,42,440,4463.11,1.85662,158.739,187451.0,42.0,42.0,-1.0,-0.64,14.42,1496402046
Kobocoin,KOBO,441,0.0073344,0.00000305,181.295,181161.0,24700248.0,24700248.0,-0.74,-15.6,-63.9,1496402061
BillaryCoin,BLRY,442,0.0201446,0.00000838,25.3599,180962.0,8983158.0,8983158.0,-0.79,17.57,-19.25,1496402071
Bitz,BITZ,443,0.0892373,0.00003720,,177662.0,1990891.0,1990891.0,,-0.6,-5.27,1496351362
Tristar Coin,TSTR,444,0.0343849,0.00001500,,172882.0,5027857.0,255027857.0,,,42.36,1496271895
NetCoin,NET,445,0.000217601,0.00000009,87.4179,171280.0,787126712.0,787126712.0,-0.81,1.1,-20.41,1496402045
Zero,ZER,446,0.228845,0.00009500,257.828,170247.0,743940.0,743940.0,-0.85,-5.34,-17.62,1496401787
Coin(O),CNO,447,0.00156244,0.00000065,306.94,161106.0,103111566.0,103111566.0,-19.35,37.77,75.42,1496402049
Titcoin,TIT,448,0.00317047,0.00000132,153.749,158201.0,49898202.0,49898202.0,-0.93,5.2,-28.15,1496402055
Crave,CRAVE,449,0.123921,0.00005155,26.9969,154863.0,1249695.0,1249695.0,-0.74,-22.99,67.0,1496402061
Vault Coin,VLTC,450,0.00518647,0.00000216,62.6245,154165.0,29724380.0,529724380.0,5.99,-8.21,-22.03,1496402081
Truckcoin,TRK,451,0.00112969,0.00000047,28.261,138984.0,123028846.0,123028846.0,-0.74,24.25,60.97,1496402054
Stress,STS,452,0.000240389,0.00000010,1.01925,135852.0,565134332.0,565134332.0,-0.79,,,1496402068
PipCoin,PIP,453,0.020385,0.00000848,462.489,133994.0,6573177.0,6999979.0,-0.87,3.57,-10.04,1496402078
HoboNickels,HBN,454,0.0027164,0.00000113,279.157,131913.0,48561767.0,48561767.0,-0.79,12.01,87.35,1496402045
TEKcoin,TEK,455,0.0000915296,0.00000004,452.38,129428.0,1414054562.0,1414054562.0,0.78,-1.49,78.36,1496402052
PureVidz,VIDZ,456,0.000986208,0.00000041,240.151,123458.0,125184300.0,125184300.0,-0.74,-32.65,1.28,1496402084
Cannacoin,CCN,457,0.0256976,0.00001069,89.6711,120719.0,4697672.0,4697672.0,-11.36,-12.44,12.32,1496402051
Bitcurrency,BTCR,458,0.000708856,0.00000029,107.314,119238.0,168211254.0,168211254.0,-0.75,-1.79,25.66,1496402080
MetalCoin,METAL,459,0.00153849,0.00000064,5.82215,118349.0,76925527.0,76925527.0,-0.74,-19.3,-18.44,1496402059
BitcoinTX,BTX,460,0.0014183,0.00000059,58.4314,114970.0,81061488.0,81061488.0,-0.79,-41.23,-71.56,1496402061
Xiaomicoin,MI,461,0.000280722,0.00000012,297.235,114013.0,406141855.0,406141855.0,-0.44,18.47,38.15,1496402065
GAIA,GAIA,462,0.00466575,0.00000198,,112451.0,24101381.0,24101381.0,,-2.36,-14.51,1496340859
C-Bit,XCT,463,0.000793284,0.00000033,10.2635,104545.0,131787500.0,131787500.0,-0.75,2.72,1.47,1496402069
Coin2.1,C2,464,0.00100963,0.00000042,443.87,100939.0,99976323.0,99976323.0,-5.55,20.52,-13.26,1496402053
Pakcoin,PAK,465,0.00272519,0.00000113,222.401,99824.0,36630250.0,36630250.0,-0.76,-2.58,-22.33,1496402065
LottoCoin,LOT,466,0.0000068082,0.000000003,12.0742,98657.0,14491014421.0,14491014421.0,-35.67,-31.73,-31.16,1496402045
Swing,SWING,467,0.0432956,0.00001801,9.40693,98595.0,2277242.0,2277242.0,-0.75,-27.34,-15.56,1496402065
Sterlingcoin,SLG,468,0.0253574,0.00001055,85.0216,98416.0,3881156.0,3881156.0,-1.03,-1.98,-18.23,1496402056
Digital Rupees,DRS,469,0.000192311,0.00000008,197.365,98233.0,510802961.0,510802961.0,-0.74,5.71,109.04,1496402084
Dollarcoin,DLC,470,0.0106492,0.00000443,10.4852,96979.0,9106714.0,9106714.0,-0.75,8.99,,1496402077
HyperStake,HYP,471,0.000250331,0.00000010,114.253,96577.0,385796097.0,385796097.0,-1.1,-4.14,4.79,1496402055
GlobalBoost-Y,BSTY,472,0.00818465,0.00000340,133.344,93292.0,11398430.0,11398430.0,0.53,-2.84,0.95,1496402057
FlutterCoin,FLT,473,0.000287045,0.00000012,10.4264,92490.0,322214524.0,322214524.0,-1.75,-0.95,-25.82,1496402051
TittieCoin,TTC,474,0.0000720484,0.00000003,96.4919,90768.0,1259816434.0,1259816434.0,3.22,33.73,2.17,1496402058
WayGuide,WAY,475,0.000865401,0.00000036,2.68188,86575.0,100040708.0,100040708.0,-0.75,-0.26,4.26,1496402076
PayCoin,XPY,476,0.00736895,0.00000307,2.06015,86236.0,11702679.0,11752679.0,-0.74,1.78,-59.84,1496402059
BunnyCoin,BUN,477,0.0000008354,0.0000000003,141.868,84723.0,101411059820,101411059820,-2.31,1.02,0.79,1496402056
Elementrem,ELE,478,0.00329099,0.00000137,128.71,82332.0,25017400.0,25017400.0,-0.74,12.77,-24.59,1496402075
KiloCoin,KLC,479,0.000408662,0.00000017,4.08662,80220.0,196297971.0,10025186872.0,-0.74,5.84,8.32,1496402069
CorgiCoin,CORG,480,0.0000606958,0.00000003,6.405,75982.0,1251855418.0,1251855418.0,-0.98,2.24,-64.25,1496402048
GameUnits,UNITS,481,0.0217758,0.00000906,133.047,75477.0,3466106.0,3466106.0,-0.74,-15.94,-29.31,1496402083
UFO Coin,UFO,482,0.0000229521,0.00000001,,75437.0,3286722512.0,3286722512.0,,,-8.74,1496273048
CCMiner,CCM100,483,0.0308071,0.00001282,28.8971,74441.0,2416354.0,6000000.0,5.44,41.28,3.16,1496402084
Triangles,TRI,484,0.997879,0.00041511,10.4535,72737.0,72891.0,72891.0,-0.74,-15.41,-24.41,1496402055
Darsek,KED,485,0.00722666,0.00000300,46.3928,71239.0,9857798.0,9857798.0,-6.8,-7.42,-32.21,1496401789
Artex Coin,ATX,486,0.0037199,0.00000155,69.4405,69544.0,18695075.0,268695075.0,-0.74,4.32,48.02,1496402076
Blakecoin,BLC,487,0.00581742,0.00000242,8.6056,69290.0,11910789.0,11910789.0,-0.77,-0.7,-3.64,1496402046
Valorbit,VAL,488,0.0000240389,0.00000001,12.2598,69047.0,2872312040.0,922340072312040,-0.74,-0.39,-4.42,1496402070
SproutsExtreme,SPEX,489,0.0000240389,0.00000001,12.2598,68910.0,2866607586.0,2866607586.0,-0.79,-0.39,-3.19,1496402068
NoLimitCoin,NLC2,490,0.000336545,0.00000014,31.0518,67463.0,200458672.0,200458672.0,-0.74,-9.54,-36.83,1496402077
Guncoin,GUN,491,0.000360555,0.00000015,37.7858,65652.0,182086078.0,182086078.0,-0.73,-0.38,32.58,1496402052
AmberCoin,AMBER,492,0.0014952,0.00000063,,65255.0,43643263.0,43643263.0,,-1.66,-18.57,1496347159
HempCoin,HMP,493,0.0000480778,0.00000002,123.56,65223.0,1356620462.0,2856620462.0,-0.75,-0.39,88.58,1496402068
Yacoin,YAC,494,0.000552895,0.00000023,4.4135,64197.0,116110938.0,116110938.0,-0.77,-0.16,-8.41,1496402042
Debitcoin,DBTC,495,0.00353372,0.00000147,34.0636,63579.0,17992004.0,25992004.0,-0.75,6.19,3.46,1496402073
ChessCoin,CHESS,496,0.00116961,0.00000049,30.6764,63119.0,53965536.0,53965536.0,-0.48,-2.83,36.41,1496402074
Ratecoin,XRA,497,0.00056299,0.00000023,155.655,59724.0,106083140.0,106083140.0,-4.02,-19.72,-30.45,1496402063
Bitcloud,BTD,498,0.00533664,0.00000222,45.3228,59442.0,11138396.0,11138396.0,-0.75,2.85,61.97,1496402077
Jin Coin,JIN,499,0.00600973,0.00000250,0.300486,59187.0,9848485.0,9848485.0,-0.79,-7.37,,1496402076
Chronos,CRX,500,0.000777571,0.00000032,289.921,57330.0,73729962.0,73729962.0,-0.76,8.51,7.42,1496402074
RevolverCoin,XRE,501,0.0025962,0.00000108,192.493,56579.0,21793148.0,21793148.0,-0.75,28.07,-2.31,1496402072
Nyancoin,NYAN,502,0.000179797,0.00000007,72.9341,53560.0,297891209.0,297891209.0,-1.92,-6.32,0.77,1496402047
KushCoin,KUSH,503,0.00980788,0.00000408,30.4927,52900.0,5393576.0,5393576.0,-0.74,-9.28,-21.02,1496402084
AquariusCoin,ARCO,504,0.0426022,0.00001772,140.89,52056.0,1221906.0,1221906.0,1.18,5.67,-0.72,1496402072
Lex4All,LEX,505,0.0504123,0.00002093,233.661,50414.0,1000043.0,5000000.0,-1.3,70.51,-6.47,1496401787
Zayedcoin,ZYD,506,0.00793284,0.00000330,32.272,49531.0,6243840.0,6243840.0,-0.74,-1.88,-20.95,1496402078
BigUp,BIGUP,507,0.0000240389,0.00000001,131.035,49382.0,2054265410.0,2054265410.0,-50.38,-0.39,-22.81,1496402070
DigiCube,CUBE,508,0.0000198343,0.000000008,0.00370537,48180.0,2429126009.0,2429126009.0,-3.36,,-21.14,1496402066
SatoshiMadness,MAD,509,0.0000240389,0.00000001,130.051,48094.0,2000683485.0,2000683485.0,-0.74,-0.36,-4.42,1496402065
Aricoin,ARI,510,0.000338443,0.00000014,15.3361,47471.0,140262505.0,140262505.0,-6.71,-2.55,2.4,1496402047
AurumCoin,AU,511,0.160027,0.00006657,131.935,47403.0,296216.0,296216.0,-0.34,-21.86,-29.8,1496402057
MarteXcoin,MXT,512,0.017089,0.00000711,0.125228,46622.0,2728161.0,2728161.0,3.62,18.97,-42.23,1496402072
Sativacoin,STV,513,0.00657363,0.00000274,,46521.0,7076846.0,7076846.0,,-0.59,7.98,1496351959
Francs,FRN,514,0.0269477,0.00001121,60.5466,46191.0,1714100.0,1714100.0,-0.98,-4.98,15.8,1496402067
PX,PX,515,0.000600973,0.00000025,91.6147,46151.0,76793556.0,76793556.0,-0.75,24.51,49.26,1496402075
Eternity,ENT,516,0.014909,0.00000620,294.836,45663.0,3062806.0,3062806.0,-1.14,-14.53,-40.17,1496402082
MiloCoin,MILO,517,0.00443236,0.00000184,97.0609,45607.0,10289567.0,10289567.0,-0.58,21.73,81.7,1496401787
Tigercoin,TGC,518,0.00103367,0.00000043,11.0026,45003.0,43536800.0,43536800.0,-0.77,7.08,37.0,1496402046
808Coin,808,519,0.000216408,0.00000009,275.98,44573.0,205966321.0,205966321.0,11.54,6.59,35.09,1496402074
RedCoin,RED,520,0.000600973,0.00000025,13.6568,44537.0,74107896.0,74107896.0,-0.77,-3.78,-39.4,1496402046
AmsterdamCoin,AMS,521,0.00457617,0.00000190,118.586,43948.0,9603707.0,16803707.0,-0.75,-4.19,12.9,1496402064
Evotion,EVO,522,0.0173569,0.00000722,155.034,42858.0,2469220.0,2469220.0,-0.51,-2.94,-60.1,1496402066
ICOBID,ICOB,523,0.000411578,0.00000017,132.706,42748.0,103862796.0,103862796.0,-0.31,-11.97,0.58,1496402083
Universal Currency,UNIT,524,0.00316106,0.00000131,80.9227,41241.0,13046431.0,13046431.0,13.95,83.61,-50.37,1496402061
UniCoin,UNIC,525,0.0140234,0.00000583,174.637,40828.0,2911440.0,2911440.0,-0.77,-2.69,5.43,1496402063
Joulecoin,XJO,526,0.00126407,0.00000053,37.7475,40773.0,32255632.0,32255632.0,-0.79,-6.39,1.01,1496402044
BTCDragon,DRAGON,527,0.100825,0.00004186,110.907,40748.0,404146.0,1000000.0,-1.3,-42.47,-28.47,1496401785
BurstOcean,OCEAN,528,0.190307,0.00007900,13.194,40312.0,211827.0,1000000.0,-1.42,19.75,31.83,1496401787
UCoin,U,529,0.0149041,0.00000620,5.93485,40089.0,2689812.0,2689812.0,-0.74,-0.39,-4.84,1496402059
OctoCoin,888,530,0.000766743,0.00000032,120.087,37085.0,48367068.0,48367068.0,-0.34,-33.15,27.71,1496402050
Franko,FRK,531,0.0570203,0.00002372,2.11506,36319.0,636950.0,636950.0,-0.79,,-50.73,1496402041
SpaceCoin,SPACE,532,0.00201411,0.00000084,3.66688,35838.0,17793275.0,17793275.0,-1.17,-9.11,0.71,1496402065
Universe,UNI,533,0.0120204,0.00000499,166.981,35710.0,2970790.0,14170790.0,0.21,6.65,-0.77,1496401788
WMCoin,WMC,534,0.00307698,0.00000128,0.476307,35470.0,11527489.0,911527489.0,-0.79,5.41,,1496402071
PopularCoin,POP,535,0.0000103903,0.000000004,33.8806,34731.0,3342673809.0,3342673809.0,-1.3,2.28,1.84,1496402050
Cypher,CYP,536,0.00543279,0.00000226,245.822,34581.0,6365285.0,6365285.0,-0.75,9.81,,1496402061
Photon,PHO,537,0.0000019228,0.0000000008,41.525,34297.0,17836788368.0,17836788368.0,-1.62,42.57,32.11,1496402049
Dobbscoin,BOB,538,0.00658666,0.00000274,3.55502,33331.0,5060382.0,5060382.0,-0.92,-1.2,-1.61,1496402055
Evil Coin,EVIL,539,0.00151121,0.00000063,0.872396,31766.0,21020383.0,21020383.0,-0.77,-4.37,-4.73,1496402068
CryptoWorldX Token,CWXT,540,0.000578134,0.00000024,5.82434,31615.0,54683850.0,54683850.0,-0.58,14.15,-8.81,1496401785
Uro,URO,541,0.0258899,0.00001077,59.6487,31257.0,1207310.0,1207310.0,-0.74,-2.38,-12.77,1496402054
Bolivarcoin,BOLI,542,0.00480432,0.00000200,437.942,31140.0,6481700.0,6481700.0,-10.26,-16.5,-6.53,1496402065
FlavorCoin,FLVR,543,0.00148611,0.00000062,9.05535,31057.0,20898106.0,20898106.0,3.09,6.7,70.88,1496402067
RonPaulCoin,RPC,544,0.038591,0.00001605,19.138,30449.0,789027.0,789027.0,-0.81,-12.05,-7.53,1496402048
Creatio,XCRE,545,0.00147573,0.00000061,180.102,30283.0,20520514.0,20520514.0,-0.75,1.92,44.94,1496402081
Dreamcoin,DRM,546,0.0120275,0.00000503,,29311.0,2436996.0,2436996.0,,-0.92,,1496330352
NeuCoin,NEU,547,0.0000146477,0.000000006,0.0656701,29160.0,1990764588.0,2014638413.0,3.62,19.4,-70.3,1496402065
Solarflarecoin,SFC,548,0.00211542,0.00000088,97.7241,29021.0,13718750.0,13718750.0,-10.87,-1.51,-20.57,1496402085
SixEleven,611,549,0.0694725,0.00002890,9.01337,28628.0,412072.0,412072.0,-0.75,-21.13,-67.79,1496402071
Hommalicoin,HMC,550,11.7946,0.00496011,,28528.0,2419.0,1000000000.0,,,,1496299177
Zurcoin,ZUR,551,0.000360584,0.00000015,23.7089,28478.0,78976947.0,78976947.0,-0.75,6.72,5.44,1496402071
Bitzeny,ZNY,552,0.000360584,0.00000015,55.6598,27265.0,75614500.0,75614500.0,-0.75,-0.39,10.28,1496402063
Unrealcoin,URC,553,0.00379815,0.00000158,19.9985,26680.0,7024402.0,7024402.0,-0.74,,14.4,1496402062
GoldPieces,GP,554,0.0218265,0.00000908,377.162,26632.0,1220161.0,1220161.0,-1.29,-7.49,-31.32,1496402059
HealthyWormCoin,WORM,555,0.00168622,0.00000070,41.2421,26419.0,15667876.0,15667876.0,-0.58,-0.12,-42.26,1496401788
BumbaCoin,BUMBA,556,0.00120195,0.00000050,2.28945,26377.0,21945052.0,21945052.0,-0.75,-0.39,-22.92,1496402070
PayCon,CON,557,0.00113922,0.00000047,60.5854,26251.0,23042604.0,23042604.0,-0.59,-16.2,-21.91,1496402060
Grantcoin,GRT,558,0.000600973,0.00000025,153.644,24837.0,41327458.0,10041327458.0,-0.79,,-4.08,1496402063
Cannation,CNNC,559,0.0100158,0.00000416,120.077,24581.0,2454266.0,2454266.0,-0.58,-8.74,-18.32,1496401792
AntiBitcoin,ANTI,560,0.00140333,0.00000058,,24509.0,17465159.0,17465159.0,,0.26,22.96,1496385567
CryptoEscudo,CESC,561,0.000168272,0.00000007,33.3122,24249.0,144105100.0,594105100.0,-0.74,-0.39,-4.43,1496402050
X-Coin,XCO,562,0.00192311,0.00000080,11.42,23818.0,12384976.0,12384976.0,-0.75,-0.39,-12.12,1496402060
Theresa May Coin,MAY,563,0.0015176,0.00000063,47.1841,23185.0,15277150.0,15277150.0,-0.53,-16.29,,1496401792
ARbit,ARB,564,0.00357811,0.00000149,,23150.0,6469870.0,6469870.0,,-0.49,9.43,1496362165
PlatinumBAR,XPTX,565,0.1324,0.00005562,,23091.0,174405.0,174405.0,,-1.36,-10.78,1496364572
B3Coin,B3,566,0.0737995,0.00003070,67.7086,22675.0,307246.0,307246.0,-0.75,10.36,21.21,1496402076
Litecred,LTCR,567,0.000741772,0.00000031,143.022,22422.0,30227750.0,30227750.0,-0.79,-18.51,108.85,1496402067
SoonCoin,SOON,568,0.00177888,0.00000074,41.4121,22170.0,12462620.0,12462620.0,-0.74,-17.18,-27.53,1496402060
LeaCoin,LEA,569,0.0000799617,0.00000003,24.5109,22087.0,276216489.0,276216489.0,-1.26,65.38,-34.71,1496402061
ParallelCoin,DUO,570,0.0751843,0.00003128,294.952,21615.0,287489.0,287489.0,0.21,0.21,-27.47,1496402066
BiosCrypto,BIOS,571,0.00103367,0.00000043,0.264404,21435.0,20737003.0,20737003.0,-0.74,-12.58,18.94,1496402064
Ride My Car,RIDE,572,0.000204003,0.00000008,46.6879,20624.0,101097344.0,101097344.0,-0.74,-9.58,-28.34,1496402085
CoExistCoin,COXST,573,0.000754455,0.00000031,16.0832,20475.0,27138905.0,27138905.0,1.58,-50.16,-72.5,1496402070
Flaxscript,FLAX,574,0.00362988,0.00000151,1.65718,19950.0,5496163.0,5496163.0,-0.74,-2.96,13.71,1496402064
MindCoin,MND,575,0.00156253,0.00000065,15.9006,19604.0,12546625.0,12546625.0,-3.71,-3.36,3.2,1496402068
DAPPSTER,DLISK,576,0.000192311,0.00000008,0.240389,19231.0,100000000.0,100000000.0,-0.74,-0.39,-17.4,1496402074
SongCoin,SONG,577,0.000580678,0.00000024,29.8096,18910.0,32565300.0,32565300.0,-0.48,7.37,-18.79,1496402060
PLNcoin,PLNC,578,0.00110579,0.00000046,1.17327,18898.0,17089600.0,19089600.0,-0.74,1.82,5.78,1496402051
IslaCoin,ISL,579,0.0124762,0.00000519,19.0586,18885.0,1513704.0,1513704.0,-0.79,1.57,-17.05,1496402065
Magnum,MGM,580,0.00516496,0.00000225,,18734.0,3627175.0,253627175.0,,,-46.38,1496272491
Destiny,DES,581,0.0116589,0.00000485,202.061,18654.0,1600000.0,1600000.0,-0.74,-23.92,-4.62,1496402069
Impact,IMX,582,0.000168622,0.00000007,52.9956,18433.0,109314611.0,109314611.0,-0.58,-15.77,-29.5,1496401788
Luna Coin,LUNA,583,0.0148062,0.00000616,215.133,18173.0,1227386.0,1227386.0,-2.88,-1.47,-5.42,1496402082
VIP Tokens,VIP,584,0.00021635,0.00000009,2.64438,18054.0,83450403.0,83450403.0,-0.74,-10.35,-13.98,1496402069
Alexium,AUM,585,0.00088944,0.00000037,1.23147,18053.0,20297336.0,20297336.0,-0.75,-3.01,3.68,1496402064
SecretCoin,SCRT,586,0.00425489,0.00000177,0.425489,17993.0,4228672.0,4228672.0,-0.74,1.33,24.39,1496402070
BipCoin,BIP,587,0.0127887,0.00000532,44.1722,17187.0,1343889.0,1343889.0,-0.75,-6.54,-41.63,1496402080
GameBet Coin,GBT,588,0.000793284,0.00000033,0.661046,16867.0,21262780.0,22262780.0,-0.74,,-6.89,1496402071
Halcyon,HAL,589,0.00360584,0.00000150,15.316,16764.0,4649168.0,4649168.0,-0.74,-1.7,-27.85,1496402055
Vector,VEC2,590,0.00105771,0.00000044,102.45,16756.0,15842072.0,15842072.0,-0.75,-50.75,-46.09,1496402065
Steps,STEPS,591,0.00088944,0.00000037,0.44472,16566.0,18625017.0,18625017.0,-0.75,-0.39,-2.45,1496402065
Sling,SLING,592,0.0150724,0.00000627,0.558881,16189.0,1074095.0,1074095.0,-0.79,-0.23,2.93,1496402061
Orlycoin,ORLY,593,0.0004327,0.00000018,0.264404,15857.0,36646779.0,36646779.0,-0.79,5.47,11.49,1496402070
Prototanium,PR,594,0.0781191,0.00003250,30.5821,15191.0,194462.0,194462.0,-2.93,-19.07,-26.91,1496402066
AnarchistsPrime,ACP,595,0.00345434,0.00000144,21.4974,15181.0,4394874.0,4394874.0,0.24,2.23,-0.1,1496402063
Blackstar,BSTAR,596,0.0000240389,0.00000001,103.302,15164.0,630795971.0,630795971.0,-0.75,-0.39,-4.43,1496402082
VapersCoin,VPRC,597,0.0000193519,0.000000008,46.4703,15097.0,780124964.0,1635124964.0,-0.69,213.55,-10.03,1496402075
BowsCoin,BSC,598,0.00269236,0.00000112,2.07494,14943.0,5550102.0,5550102.0,-0.75,,52.92,1496402063
MustangCoin,MST,599,0.0232775,0.00000968,39.4583,14635.0,628711.0,628711.0,-0.77,-3.69,-48.8,1496402077
BitQuark,BTQ,600,0.00199523,0.00000083,36.112,14277.0,7155671.0,7155671.0,-0.77,7.41,-48.6,1496402052
Firecoin,FIRE,601,0.144426,0.00006008,2.61779,14213.0,98412.0,98412.0,-0.75,-0.32,-54.27,1496402054
FuzzBalls,FUZZ,602,0.00294043,0.00000122,415.915,14202.0,4829945.0,4829945.0,-1.58,0.1,-7.65,1496402071
GuccioneCoin,GCC,603,0.000697129,0.00000029,2.45098,14142.0,20285537.0,23775537.0,-0.75,-9.73,-15.55,1496402064
Sprouts,SPRTS,604,0.0000000806,0.00000000003,27.4818,14080.0,174770185446,174770185446,3.68,34.91,-71.0,1496402063
Crypto,CTO,605,0.0014183,0.00000059,154.137,14073.0,9922112.0,9922112.0,-0.74,-8.17,-33.97,1496402062
BlazeCoin,BLZ,606,0.0000223140,0.000000009,2.77273,13579.0,608557394.0,608557394.0,-1.09,-1.51,14.39,1496402055
OsmiumCoin,OS76,607,0.014832,0.00000617,1.99915,13260.0,894026.0,894026.0,-0.79,39.36,2.03,1496402065
GPU Coin,GPU,608,0.000327333,0.00000014,211.853,13249.0,40477042.0,51530001.0,2.18,4.15,13.33,1496402072
BitTokens,BXT,609,0.0252409,0.00001050,6.02769,13106.0,519240.0,519240.0,-0.75,-23.52,134.82,1496402076
Speedcash,SCS,610,0.0496232,0.00002060,11.3116,12953.0,261021.0,476108.0,-0.58,-0.12,11.89,1496401791
JobsCoin,JOBS,611,0.000120195,0.00000005,130.05,12743.0,106019270.0,200019300.0,-0.75,-0.39,19.47,1496402078
TajCoin,TAJ,612,0.00217718,0.00000091,54.6507,12563.0,5770463.0,5770463.0,-1.05,20.79,39.51,1496402076
Solaris,XLR,613,0.0722895,0.00003001,269.936,12205.0,168838.0,268838.0,-0.58,-0.18,-40.53,1496401789
TAGRcoin,TAGR,614,0.000312506,0.00000013,2.98621,12084.0,38669634.0,38669634.0,-0.74,-19.04,-22.06,1496402064
Shilling,SH,615,0.00372692,0.00000155,164.606,12008.0,3222000.0,3222000.0,-3.61,76.2,103.64,1496402077
Metal Music Coin,MTLMC3,616,0.000147189,0.00000006,15.4088,11734.0,79719140.0,79719140.0,-0.74,-13.6,2.41,1496402064
WARP,WARP,617,0.0106492,0.00000443,1.43765,11663.0,1095224.0,1095224.0,-0.74,2.86,1.05,1496402068
Bitcoin 21,XBTC21,618,0.0145198,0.00000655,,11516.0,793108.0,7093108.0,,,-41.09,1496220571
Cabbage,CAB,619,0.00105771,0.00000044,96.2453,11106.0,10499996.0,10499996.0,-0.75,1.14,-1.05,1496402069
Money,$$$,620,0.000238006,0.00000010,78.6425,10921.0,45887218.0,45887218.0,-16.54,-4.8,-37.0,1496402066
Comet,CMT,621,0.0124328,0.00000517,2.12978,10852.0,872830.0,872830.0,-0.77,-52.8,0.47,1496402073
Iconic,ICON,622,0.0182906,0.00000750,,10844.0,592894.0,592894.0,,1.05,-14.45,1496321984
Abncoin,ABN,623,0.157924,0.00006569,76.1928,10691.0,67700.0,4734367.0,-0.73,126.33,-21.17,1496402083
Bitvolt,VOLT,624,0.000650401,0.00000027,465.594,9829.0,15112554.0,60132654.0,3.23,-17.4,-29.74,1496401791
Zonecoin,ZNE,625,0.00367795,0.00000153,1.78309,9496.0,2581970.0,2581970.0,-0.75,0.3,19.86,1496402075
G3N,G3N,626,0.00125002,0.00000052,2.49935,9453.0,7561891.0,7561891.0,-0.77,-2.27,-7.96,1496402062
LetItRide,LIR,627,0.000264428,0.00000011,94.9151,9325.0,35266426.0,35266426.0,-0.75,56.53,-15.88,1496402074
Xonecoin,XOC,628,0.0221398,0.00000921,0.504793,9299.0,420000.0,420000.0,-0.75,20.71,-2.19,1496402077
Scorecoin,SCORE,629,0.000550226,0.00000023,21.2688,9162.0,16651760.0,16651760.0,-17.88,-31.17,-53.28,1496401788
High Voltage,HVCO,630,0.00611441,0.00000256,,9136.0,1494171.0,1694171.0,,-1.03,76.98,1496333672
1CRedit,1CR,631,0.102374,0.00004246,,9031.0,88213.0,88213.0,,-0.09,-32.16,1496373868
Cashcoin,CASH,632,0.000244984,0.00000011,,8778.0,35831128.0,35831128.0,,,-18.83,1496155747
EGO,EGO,633,0.000144233,0.00000006,10.1484,8654.0,60000001.0,60000001.0,-0.75,-0.39,-18.08,1496402078
iBank,IBANK,634,0.00188531,0.00000079,,8534.0,4526324.0,4526324.0,,-1.11,-0.06,1496357683
JIO Token,JIO,635,0.0044472,0.00000185,127.427,8486.0,1908128.0,8888888.0,30.22,27.97,60.74,1496402082
Elysium,ELS,636,0.00197747,0.00000082,5.27088,7920.0,4005012.0,4005012.0,-0.75,104.85,49.2,1496402084
DPAY,DPAY,637,0.0000961557,0.00000004,0.480874,7648.0,79541001.0,79541001.0,-0.75,-17.54,,1496402078
Hirocoin,HIRO,638,0.0000240389,0.00000001,2.40389,7488.0,311484383.0,311484383.0,-0.79,-0.39,-27.89,1496402049
ImpulseCoin,IMPS,639,0.000360584,0.00000015,0.264404,7300.0,20245510.0,20245510.0,-0.75,21.69,21.96,1496402079
PosEx,PEX,640,0.00281255,0.00000117,10.7443,6900.0,2453240.0,2453240.0,-0.74,-1.23,-11.25,1496402070
Dix Asset,DIX,641,0.0000000690,0.00000000003,31.724,6897.0,100000000000,100000000000,0.86,8.63,-29.22,1496402083
SydPak,SDP,642,0.0403133,0.00001677,214.151,6391.0,158534.0,158534.0,-0.79,20.64,14.07,1496402064
Argus,ARGUS,643,0.00524617,0.00000218,207.48,6024.0,1148324.0,5194373.0,-8.01,-50.41,-11.41,1496401786
Concoin,CONX,644,0.00855319,0.00000355,91.8746,5883.0,687849.0,1538849.0,-0.62,19.71,61.09,1496401790
Printerium,PRX,645,0.000633162,0.00000026,82.5403,5746.0,9074428.0,9074428.0,1.76,-11.2,-6.76,1496402083
Future Digital Currency,FDC,646,0.0021635,0.00000090,60.0973,5576.0,2577401.0,1002577401.0,-0.74,-46.64,-26.95,1496402083
Qibuck Asset,QBK,647,0.00378092,0.00000157,37.8092,5506.0,1456187.0,2000000.0,-1.42,20.95,-31.9,1496401792
Coinonat,CXT,648,0.00255438,0.00000106,150.784,5439.0,2129402.0,8129402.0,-3.12,2.79,-21.72,1496401790
Antilitecoin,ALTC,649,0.000168272,0.00000007,6.86979,5303.0,31512613.0,31512613.0,-0.75,16.21,-10.06,1496402069
BioBar,BIOB,650,0.0058777,0.00000244,73.2137,5206.0,885756.0,985756.0,3.67,5.48,21.78,1496401788
Save and Gain,SANDG,651,0.00141989,0.00000064,,4352.0,3064800.0,3064800.0,,,2.93,1496226272
GeertCoin,GEERT,652,0.000763563,0.00000032,16.6104,3885.0,5088039.0,5088039.0,-6.85,55.59,-41.01,1496401786
NodeCoin,NODC,653,0.00221639,0.00000097,,3720.0,1678439.0,5878439.0,,,22.62,1496270080
Revenu,REV,654,0.00274044,0.00000114,29.8154,3276.0,1195525.0,1195525.0,-2.5,-2.11,-10.04,1496402069
Doubloon,BOAT,655,0.000782156,0.00000032,245.368,2775.0,3547845.0,18547845.0,47.45,29.92,-4.36,1496401785
Selfiecoin,SLFI,656,0.0000240389,0.00000001,0.480778,2592.0,107829281.0,107829281.0,-0.75,-0.39,-4.42,1496402060
Pulse,PULSE,657,0.000179287,0.00000007,131.19,2564.0,14298972.0,14298972.0,0.87,-61.51,-82.91,1496402069
Californium,CF,658,0.0193754,0.00000806,186.353,2153.0,111110.0,111110.0,-0.77,-0.85,-5.84,1496402061
P7Coin,P7C,659,0.0000480778,0.00000002,1.23517,1693.0,35220238.0,35220238.0,-33.84,-33.75,-1.56,1496402061
Enigma,XNG,660,0.0798092,0.00003320,53.1832,1327.0,16627.0,66627.0,-0.75,-39.36,-9.84,1496402071
GanjaCoin,420G,661,0.00187504,0.00000078,28.0486,1262.0,672975.0,1741116.0,-0.74,-74.12,-94.6,1496402058
Dollar Online,DOLLAR,662,0.014231,0.00000592,61.42,1258.0,88379.0,10088379.0,-7.33,0.32,24.35,1496402082
Impeachcoin,IMPCH,663,0.00370199,0.00000154,6.5839,1141.0,308179.0,2501512.0,-0.74,-14.78,-50.28,1496402085
23 Skidoo,CHAO,664,3629.94,1.51003,144.084,917.0,0.0,0.0,-0.75,-0.39,-66.11,1496402063
Digital Credits,DGCS,665,0.000120195,0.00000005,195.69,700.0,5826388.0,201284316.0,24.06,-0.36,-41.47,1496402066
Zcashshare,ZHS,666,0.00021635,0.00000009,2.15586,611.0,2826000.0,2826000.0,-0.74,-0.39,,1496402081
CRTCoin,CRT,667,0.00480778,0.00000200,0.0000000240,381.0,79270.0,10079270.0,-0.74,-0.39,-4.43,1496402052
SwapToken,TOKEN,668,0.0000102898,0.000000004,48.1576,361.0,35110531.0,35110531.0,-0.1,-49.16,127.77,1496402075
PizzaCoin,PIZZA,669,0.00021635,0.00000009,41.9084,298.0,1377917.0,10127917.0,-0.79,28.07,22.89,1496402075
Xenixcoin,XEN,670,0.0264428,0.00001100,36.0584,267.0,10100.0,10010100.0,-0.74,68.57,-62.97,1496402082
CaliphCoin,CALC,671,0.000890882,0.00000037,12.0195,78.0,87140.0,148587140.0,-20.22,11.25,-59.25,1496402079
MikeTheMug,MUG,672,0.0000051456,0.000000002,,5.0,999279.0,1000000.0,,,,1496047185
BTCGold,XBG,673,0.136247,0.00005656,27.6409,,,99000001.0,-0.58,82.23,-47.46,1496401791
Soarcoin,SOAR,674,0.019233,0.00000798,313.589,,,5000000000.0,-0.36,57.42,14.63,1496401788
Project-X,NANOX,675,301112.0,125.0,3184.17,,,1.0,-0.59,-54.04,,1496401792
Internet of Things,XOT,676,1213.01,0.503556,1536.37,,,21000000.0,-0.13,19.01,37.18,1496401789
AMIS,AMIS,677,277.548,0.115061,,,,,,-6.86,-42.63,1496391890
Bitcoin Unlimited (Futures),BTU,678,151.964,0.0630844,704.105,,,,7.78,1.51,-20.82,1496401788
Malcoin,MALC,679,31.3971,0.0130339,42396.0,,,1000000000.0,-0.58,-0.12,-4.19,1496401791
GoldUnionCoin,GUC,680,21.9209,0.0091,24155.0,,,210000000.0,-0.59,7.53,-2.79,1496401790
Qtum (Pre-Launch),QTUM,681,10.4837,0.00435207,42609400.0,,,100000000.0,4.3,38.69,106.07,1496401792
ZenCash,ZEN,682,8.45789,0.00351111,11036.2,,,1389550.0,-0.57,,,1496401793
Fargocoin,FRGC,683,7.19366,0.00299251,575816.0,,,443818967.0,2.54,0.76,3.47,1496402082
EcoCoin,ECO,684,4.03805,0.00167631,101329.0,,,1093895.0,1.78,12.64,-11.11,1496401793
Internet of People,IOP,685,3.45133,0.00143573,1551.27,,,2139403.0,-1.17,-5.65,20.71,1496402080
DECENT (Pre-Launch),DCT,686,1.9672,0.00081834,7782.16,,,73290000.0,-31.42,-31.06,-53.99,1496402081
PRIZM,PZM,687,1.07461,0.0004461,32452.7,,,,-0.58,20.42,1.0,1496401793
Bitcore,BTX,688,1.07022,0.00044428,27575.3,,,16360328.0,-0.63,-4.83,-47.64,1496401791
DynamicCoin,DMC,689,0.99877,0.00041548,368591.0,,,10541442931.0,0.02,0.08,0.13,1496402079
OBITS.WARRANT,WARRANT,690,0.99649,0.00041367,1968.26,,,,-0.1,,,1496401794
Databits,DTB,691,0.842655,0.00034981,122733.0,,,,2.29,6.19,-2.9,1496401788
Aeternity (Pre-Launch),AE,692,0.819024,0.00034,2087.36,,,,-0.59,,,1496401793
Bitgem,BTG,693,0.793885,0.00033025,22.3186,,,,-0.77,-6.02,-19.47,1496402042
TechShares,THS,694,0.59625,0.00024804,54.3224,,,646359158.0,-0.25,-5.7,-15.42,1496402075
XDE II,XDE2,695,0.580647,0.00024104,11.957,,,42249.0,-0.45,-1.17,7.29,1496401788
LEOcoin,LEO,696,0.477715,0.00019873,256487.0,,,92912101.0,-2.17,4.96,12.81,1496402064
InvisibleCoin,IVZ,697,0.4327,0.00018,132.755,,,,11.46,193.4,225.7,1496402066
WA Space,WA,698,0.368372,0.00015324,42055.5,,,,-0.75,-4.74,3.92,1496402080
GAY Money,GAY,699,0.338441,0.00014079,113.933,,,5603046174.0,-3.3,-45.35,-2.06,1496402077
ZenGold,ZENGOLD,700,0.333769,0.00013856,603.809,,,,20.37,29.12,,1496401793
ClubCoin,CLUB,701,0.274406,0.00011415,27570.5,,,90899180.0,-0.85,-5.44,-16.07,1496402067
TeslaCoilCoin,TESLA,702,0.267721,0.00011137,166.037,,,100000000.0,-0.74,-51.74,-33.58,1496402072
Yogold,YOG,703,0.265147,0.00011007,11.6193,,,100000000.0,-0.59,-0.0,5.21,1496401787
TROPTIONS,TROPTIONS,704,0.248173,0.00010598,,,,1000000001.0,,,,1496287780
Zilbercoin,ZBC,705,0.219409,0.00009127,38707.1,,,9009024.0,-5.37,-9.06,-45.91,1496402084
Pabyosi Coin (Special),PCS,706,0.164779,0.00006855,5727.11,,,30993751760.0,-0.75,-2.53,2.82,1496402082
Golos Gold,GBG,707,0.161806,0.00006731,8193.54,,,,2.21,11.01,-14.7,1496402084
AlpaCoin,APC,708,0.160099,0.00006660,602.431,,,,-0.79,11.22,24.13,1496402067
Tattoocoin (Limited Edition),TLE,709,0.130076,0.00005400,,,,975531.0,,53.51,-14.37,1496391590
EquiTrader,EQT,710,0.127671,0.00005300,86340.2,,,7663760.0,-0.53,-0.12,1.42,1496401792
Wowecoin,WEC,711,0.104,0.00004326,12080.7,,,8901692.0,,-0.0,3.94,1496402075
LandCoin,LDCN,712,0.094541,0.00003933,24619.7,,,19003881978.0,-0.77,24.92,146.16,1496402083
DeusCoin,DEUS,713,0.0915138,0.00003799,6728.85,,,,4.94,2.58,-26.98,1496401790
InsaneCoin,INSN,714,0.0763625,0.00003170,3655.9,,,18528285.0,0.75,30.64,27.81,1496401792
Omicron,OMC,715,0.0721167,0.00003000,0.394214,,,10134100.0,-0.74,,-5.94,1496402078
WavesGo,WGO,716,0.06559,0.00002723,686.282,,,10000000.0,-3.3,-24.89,38.7,1496401790
Quartz,QRZ,717,0.064751,0.00002688,2513.55,,,21000000.0,-55.46,-85.87,,1496401793
Fazzcoin,FAZZ,718,0.0587906,0.00002441,394.437,,,1022574812.0,-0.49,27.49,-29.09,1496401789
Topaz Coin,TOPAZ,719,0.0398039,0.00001652,90.8129,,,38054.0,-0.55,-3.01,-88.92,1496401791
International Diamond,XID,720,0.038234,0.00001588,,,,,,-0.23,,1496373575
CryptoBuck,BUK,721,0.032225,0.00001341,0.45115,,,,4.4,4.92,18.65,1496402057
Elacoin,ELC,722,0.0316833,0.00001318,12.005,,,,-0.75,-23.98,-0.5,1496402047
DeltaCredits,DCRE,723,0.0292554,0.00001217,2.04874,,,,-0.74,,-7.08,1496402069
President Johnson,GARY,724,0.0284063,0.00001182,115.957,,,57968072167.0,-0.74,-1.0,8.18,1496402076
IvugeoCoin,IEC,725,0.0239187,0.00000995,0.794289,,,,-0.75,0.11,,1496402062
EDRCoin,EDRC,726,0.0237987,0.00000990,14700.3,,,3407292.0,2.51,-2.88,-36.0,1496402071
RHFCoin,RHFC,727,0.0233907,0.00000971,16303.4,,,200157080.0,-13.58,-27.08,-19.62,1496401790
ShellPay,SHELL,728,0.0208377,0.00000867,14416.4,,,,-0.0,1.44,-23.9,1496402062
Lepaoquan,HLB,729,0.0184164,0.00000766,882190.0,,,935498615.0,-4.27,-0.03,-38.05,1496402082
Gycoin,GYC,730,0.0166331,0.00000692,12953.3,,,22213403.0,0.0,-6.98,-19.47,1496402075
Avoncoin,ACN,731,0.0150243,0.00000625,3379.35,,,,-24.23,-24.08,-36.57,1496402085
KolschCoin,TP1,732,0.0147961,0.00000620,,,,,,-1.11,30.05,1496357661
Digitalfund,DTF,733,0.0135005,0.00000562,18737.8,,,54000053.0,-8.23,-0.78,-32.42,1496402076
PiCoin,PI,734,0.0132248,0.00000549,28.9067,,,1378369.0,-9.03,163.63,76.65,1496401792
Mind Gene,MG,735,0.0122598,0.00000510,5255.87,,,,-0.1,-4.2,-5.68,1496402078
Sharkcoin,SAK,736,0.010505,0.00000437,3376.12,,,,12.66,6.48,18.16,1496402061
Tyrocoin,TYC,737,0.00794935,0.00000330,21.68,,,50132600.0,-0.53,3.37,,1496401790
Opal,OPAL,738,0.00680308,0.00000283,2730.58,,,,-1.79,3.35,-5.94,1496402056
First Bitcoin,BIT,739,0.00662841,0.00000276,910.026,,,20706894430.0,-1.08,-3.37,4.81,1496402074
Goldpay Coin,GP,740,0.00662256,0.00000275,39719.9,,,,-2.37,4.28,-17.14,1496401791
9COIN,9COIN,741,0.00657628,0.00000273,473.601,,,350050250.0,-0.59,-33.49,71.09,1496401791
Slimcoin,SLM,742,0.00649051,0.00000270,7.21167,,,13925626.0,-0.74,79.3,,1496402060
Helleniccoin,HNC,743,0.00625012,0.00000260,3604.71,,,,-0.74,-27.28,51.64,1496402063
GBCGoldCoin,GBC,744,0.00577755,0.00000240,62.3375,,,,0.67,-11.34,-27.94,1496402068
Psilocybin,PSY,745,0.00576934,0.00000240,16.4506,,,,-0.74,-9.79,-12.78,1496402071
Xaucoin,XAU,746,0.00576934,0.00000240,21.4551,,,,-0.79,-0.39,-15.22,1496402060
EggCoin,EGG,747,0.00562322,0.00000237,,,,,,,-14.78,1496295864
Axiom,AXIOM,748,0.00475971,0.00000198,25.9177,,,,-0.74,-0.89,-5.98,1496402064
Quotient,XQN,749,0.00461547,0.00000192,57.9642,,,,-0.79,59.38,28.32,1496402058
RoyalCoin 2,RYCN,750,0.00451932,0.00000188,422.065,,,2500124.0,,81.81,49.59,1496402079
GoldReserve,XGR,751,0.004327,0.00000180,1799.9,,,17161756.0,-2.77,-2.74,-8.51,1496402053
netBit,NBIT,752,0.00423085,0.00000176,0.343276,,,,-0.74,3.74,20.11,1496402082
BagCoin,BGC,753,0.00420862,0.00000175,82983.7,,,497214120.0,2.86,-4.73,-9.94,1496402074
Dashs,DASHS,754,0.00402285,0.00000167,78.772,,,,-0.59,-12.21,-63.07,1496401790
Bitcoin Scrypt,BTCS,755,0.00379815,0.00000158,43.6164,,,,-1.27,-1.45,-12.2,1496402049
AvatarCoin,AV,756,0.00352518,0.00000159,,,,,,,5.71,1496159368
President Trump,PRES,757,0.00275652,0.00000115,253.886,,,57968072167.0,-0.85,-5.14,-23.11,1496402076
BitcoinFast,BCF,758,0.00245022,0.00000102,309.85,,,,-0.77,-10.9,-31.78,1496402059
GameLeagueCoin,GML,759,0.00237139,0.00000103,,,,,,,-1.39,1496142551
ZSEcoin,ZSE,760,0.0023021,0.00000096,110.795,,,6380765.0,-17.95,-29.07,-66.56,1496401788
OCOW,OCOW,761,0.00227517,0.00000099,,,,,,,-8.63,1496142268
TrickyCoin,TRICK,762,0.00221158,0.00000092,14.2656,,,,-0.74,-3.54,-24.74,1496402062
Digital Bullion Gold,DBG,763,0.0021635,0.00000090,142.045,,,24523275.0,-0.75,99.22,77.45,1496402073
RichCoin,RICHX,764,0.00210122,0.00000093,,,,5925522.0,,,-7.84,1496167172
Neptune Classic,NTCC,765,0.00201927,0.00000084,1651.17,,,,-13.16,-12.84,43.36,1496402085
Condensate,RAIN,766,0.00182603,0.00000076,1001.28,,,42978104.0,1.3,7.99,-11.54,1496401792
Mavro,MAVRO,767,0.00168043,0.00000070,,,,15005722.0,,-0.46,-33.07,1496349588
Clinton,CLINT,768,0.00163465,0.00000068,35.7844,,,,-0.75,-37.28,-33.62,1496402071
Advanced Internet Blocks,AIB,769,0.00143871,0.00000060,102.663,,,31411916986.0,-28.63,-12.03,-36.24,1496402062
TodayCoin,TODAY,770,0.00139426,0.00000058,15.4862,,,,12.88,10.32,23.1,1496402076
MMXVI,MMXVI,771,0.00134618,0.00000056,85.8303,,,,-17.04,-15.79,-63.57,1496402069
UR,UR,772,0.00132489,0.00000055,198.509,,,,-4.91,-0.04,-6.75,1496401786
RoyalCoin,ROYAL,773,0.00119581,0.00000050,40.4888,,,2500124.0,-0.79,10.74,33.71,1496402078
BestChain,BEST,774,0.000998032,0.00000041,17.6791,,,20042911.0,-1.16,10.69,-26.36,1496401788
Skeincoin,SKC,775,0.000961557,0.00000040,0.673358,,,,-6.03,,,1496402049
True Investment Coin,TIC,776,0.000939468,0.00000039,36.4991,,,,-0.58,-7.25,-11.91,1496401787
RubleBit,RUBIT,777,0.000913479,0.00000038,18.9,,,,-0.75,8.15,38.76,1496402066
The Aladin,ADT,778,0.000892522,0.00000032,,,,,,,,1495722585
Bitcedi,BXC,779,0.000873742,0.00000036,39.2074,,,,-15.68,-14.85,,1496402072
SportsCoin,SPORT,780,0.000865401,0.00000036,2.40387,,,19800001.0,-0.74,-0.36,13.97,1496402077
Braincoin,BRAIN,781,0.000841362,0.00000035,0.745158,,,,-0.75,20.22,18.23,1496402070
CBD Crystals,CBD,782,0.00082577,0.00000034,2.77094,,,,-0.75,21.55,61.91,1496402080
Dubstep,DUB,783,0.000817323,0.00000034,7.54637,,,,-0.75,,-1.85,1496402062
IrishCoin,IRL,784,0.000817323,0.00000034,372.001,,,,2.22,,,1496402062
Donationcoin,DON,785,0.000793284,0.00000033,15662.6,,,,-0.74,,,1496402053
Motocoin,MOTO,786,0.000782776,0.00000033,16.7628,,,,-0.87,-5.76,30.84,1496402054
WeAreSatoshi,WSX,787,0.000769245,0.00000032,150.869,,,,-0.74,2.02,-10.05,1496402056
FrankyWillCoin,FRWC,788,0.000745206,0.00000031,0.264404,,,,-0.75,-0.39,-7.41,1496402074
Lazaruscoin,LAZ,789,0.000745206,0.00000031,7.588,,,,-0.75,21.68,4.82,1496402078
KashhCoin,KASHH,790,0.000722211,0.00000030,4819.49,,,,-4.11,20.63,129.77,1496401785
Opescoin,OPES,791,0.00067309,0.00000028,0.53364,,,,-0.74,,-14.11,1496402069
Quebecoin,QBC,792,0.000600973,0.00000025,18.3895,,,,-0.77,-7.77,-17.01,1496402050
Vsync,XVS,793,0.00057363,0.00000024,395.717,,,103334172.0,-11.31,10.39,-29.99,1496401789
BitAlphaCoin,BAC,794,0.00050094,0.00000021,47.5792,,,,-0.74,-31.16,-38.4,1496402069
T-coin,TCOIN,795,0.0004327,0.00000018,2341.3,,,,-0.74,-5.63,-0.49,1496402082
Alphabet Coin Fund,FUN,796,0.0004327,0.00000018,63.4809,,,20742012.0,-0.75,-62.65,-59.04,1496402072
MarxCoin,MARX,797,0.000412301,0.00000017,111.442,,,29128280.0,-12.69,-42.68,-17.14,1496401787
GoldMaxCoin,GMX,798,0.000384623,0.00000016,2.25966,,,84078950.0,-0.79,13.84,,1496402069
DarkLisk,DISK,799,0.000384623,0.00000016,3.29333,,,17888425.0,-0.75,,-0.12,1496402071
UGAIN,GAIN,800,0.000360584,0.00000015,0.264404,,,,-0.75,-0.39,-2.2,1496402075
Gambleo,GMB,801,0.000337245,0.00000014,1.20396,,,,-0.53,,-65.65,1496401787
PrismChain,PRM,802,0.000336545,0.00000014,57.7413,,,,-0.74,39.45,-81.81,1496402073
Sakuracoin,SKR,803,0.000312499,0.00000013,109.652,,,,-5.6,-1.59,5.58,1496402079
BlazerCoin,BLAZR,804,0.000289067,0.00000012,17.5832,,,,-40.35,8.96,-13.28,1496401790
Happy Creator Coin,HCC,805,0.000288467,0.00000012,91.869,,,,-0.75,32.81,12.18,1496402073
Operand,OP,806,0.000288467,0.00000012,6.03374,,,36309296.0,-0.74,-0.39,-21.76,1496402070
Cubits,QBT,807,0.000280475,0.00000012,0.0033657,,,,-3.32,-44.66,-56.11,1496402079
VGINA,VGINA,808,0.000280363,0.00000012,0.00280362,,,11603228.0,-3.34,,-68.14,1496401790
TeraCoin,TERA,809,0.000240889,0.00000010,3960.36,,,,10.46,-0.12,-6.34,1496401787
The Vegan Initiative,XVE,810,0.000240889,0.00000010,1236.61,,,,-9.54,-0.26,7.24,1496401789
Cycling Coin,CYC,811,0.000240389,0.00000010,3.70997,,,,-17.29,-9.45,-15.61,1496402063
MobileCash,MBL,812,0.00021635,0.00000009,10.4875,,,1068669648.0,-0.75,28.07,22.88,1496402078
President Sanders,BURN,813,0.00021635,0.00000009,140.305,,,57968072167.0,-10.68,12.06,-51.77,1496402083
AsicCoin,ASC,814,0.000211166,0.00000009,24.2397,,,,9.8,7.64,8.72,1496402046
Grumfork,GMF,815,0.000192711,0.00000008,2.40889,,,,-20.47,-20.1,,1496401791
Moneta,MONETA,816,0.000192311,0.00000008,2.90893,,,,-0.74,13.84,-27.08,1496402066
LAthaan,LTH,817,0.000168272,0.00000007,135.273,,,,-0.74,-0.39,13.95,1496402079
Halloween Coin,HALLO,818,0.0000991296,0.00000004,159.685,,,264606141.0,-17.43,30.9,-33.27,1496401793
TheCreed,TCR,819,0.0000961557,0.00000004,1.20195,,,,-0.74,99.22,3.14,1496402072
TeamUp,TEAM,820,0.0000961557,0.00000004,0.660565,,,301004896.0,-0.74,32.81,62.45,1496402080
Wowcoin,WOW,821,0.0000961557,0.00000004,66.4062,,,,-0.75,32.81,91.15,1496402080
PayPeer,PAYP,822,0.0000961557,0.00000004,40.6687,,,,-0.74,32.81,91.19,1496402071
LinkedCoin,LKC,823,0.0000961557,0.00000004,11.6802,,,,-0.74,32.81,-24.79,1496402074
FireFlyCoin,FFC,824,0.0000721167,0.00000003,41.8587,,,,-0.77,198.83,50.7,1496402058
LePen,LEPEN,825,0.0000602135,0.00000003,242.142,,,,38.52,72.21,19.85,1496402085
InflationCoin,IFLT,826,0.0000516434,0.00000002,2950.64,,,3264839089.0,-0.08,29.83,-9.08,1496402083
PinkDog,PDG,827,0.0000481779,0.00000002,13.3634,,,,-0.58,-0.12,91.37,1496401785
PokeCoin,POKE,828,0.0000480778,0.00000002,133.341,,,,-0.74,,-36.28,1496402076
CyberCoin,CC,829,0.0000480778,0.00000002,1.92311,,,549267534.0,-0.74,34.68,40.31,1496402061
Global Business Revolution,GBRC,830,0.0000480778,0.00000002,38.4623,,,900096049.0,-0.75,-0.39,-4.43,1496402080
Rcoin,RCN,831,0.0000480778,0.00000002,264.165,,,,98.49,38.4,91.16,1496402078
MoneyCoin,MONEY,832,0.0000480778,0.00000002,1024.99,,,,-0.74,-30.81,-15.89,1496402082
Tellurion,TELL,833,0.0000480778,0.00000002,5.52893,,,,-0.75,-0.7,-2.44,1496402078
Cashme,CME,834,0.0000480778,0.00000002,0.721167,,,,-0.75,99.22,-2.44,1496402066
UNCoin,UNC,835,0.0000295456,0.00000001,888.01,,,,-0.09,-38.79,-18.9,1496402060
VegasCoin,VGC,836,0.0000273145,0.00000001,,,,,,-62.0,-78.28,1496378049
President Clinton,HILL,837,0.0000240389,0.00000001,3.84623,,,57968072167.0,-0.75,-0.39,-52.21,1496402075
SuperTurboStake,STRB,838,0.0000240389,0.00000001,12.2598,,,,-0.74,-0.39,-4.43,1496402069
Aces,ACES,839,0.0000240389,0.00000001,250.904,,,,-0.75,-0.55,-47.68,1496402075
Safe Trade Coin,XSTC,840,0.0000240389,0.00000001,361.064,,,604880000.0,-0.77,-0.39,-4.43,1496402083
X2,X2,841,0.0000240389,0.00000001,4.21681,,,,-0.75,,-4.42,1496402066
ChoofCoin,CHOOF,842,0.0000240389,0.00000001,43.0908,,,,-0.74,-0.39,-24.18,1496402080
SoulCoin,SOUL,843,0.0000240389,0.00000001,14.1565,,,,-0.74,-0.39,-4.43,1496402073
Yescoin,YES,844,0.0000240288,0.000000010,374.689,,,,-0.76,-0.42,-0.68,1496402084
Victoriouscoin,VTY,845,0.0000236921,0.000000010,122.623,,,10263290326.0,-0.81,-1.83,23.96,1496402079
FedoraShare,FEDS,846,0.0000198105,0.000000008,5561.6,,,499001348234,-17.68,-20.3,-2.52,1496402076
Dimecoin,DIME,847,0.0000148941,0.000000006,892.021,,,527105529296,10.65,4075.62,268.11,1496402047
Virtacoin,VTA,848,0.0000104942,0.000000004,55.101,,,12423206610.0,-4.14,-43.18,-32.84,1496402055
XP,XP,849,0.0000036738,0.000000002,124.761,,,133635560466,0.97,187.03,1342.6,1496402076
BitCentavo,NBE,850,0.0000005705,0.0000000002,,,,,,33.27,-51.09,1496398156
BatCoin,BAT,851,0.0000005425,0.0000000002,155.867,,,,-1.18,-29.69,,1496402049
RabbitCoin,RBBT,852,0.0000005111,0.0000000002,69.4753,,,,-0.87,54.39,39.61,1496402056
StrongHands,SHND,853,0.0000001124,0.00000000005,89.7178,,,,-3.32,-46.53,,1496402066
Paccoin,PAC,854,0.0000000644,0.00000000003,791.501,,,,-3.37,-7.07,11.03,1496402066
Bond,BOND,855,,,,,1349.0,1349.0,,,,
bitRUBLE,BITRUBLE,856,,,,,,,,,,
