Name,Symbol,Rank,Price(BTC),Price(USD),24HVolume,MarketCap,%Change_1h,%Change_24h,%Change_7d,LastUpdated
Bitcoin,BTC,1,2425.82,1.0,1419910000.0,39703517231.0,16367050.0,16367050.0,0.51,-0.26,-2.08,1496405648
Ethereum,ETH,2,227.166,0.0941393,655467000.0,20931634679.0,92142463.0,92142463.0,-0.1,-0.86,20.85,1496405667
Ripple,XRP,3,0.305646,0.00012666,397379000.0,11804566264.0,38621693933.0,99994661895.0,-1.61,-1.0,0.8,1496405643
NEM,XEM,4,0.225056,0.00009326,12284100.0,2025504000.0,8999999999.0,8999999999.0,-1.07,0.28,1.21,1496405664
Ethereum Classic,ETC,5,17.3644,0.00719033,97350900.0,1601220326.0,92212822.0,92212822.0,0.31,-0.53,-0.59,1496405375
Litecoin,LTC,6,28.4518,0.0117906,396162000.0,1461806037.0,51378332.0,51378332.0,-0.01,1.35,-2.64,1496405645
Dash,DASH,7,142.518,0.0590606,33838200.0,1045077404.0,7332950.0,7332950.0,0.37,2.14,6.53,1496405649
Stratis,STRAT,8,7.45462,0.00308684,30273500.0,733598213.0,98408532.0,98408532.0,2.7,32.41,138.74,1496405376
Monero,XMR,9,44.5959,0.0184809,11429500.0,649396045.0,14561788.0,14561788.0,0.66,-0.25,4.55,1496405653
Bytecoin,BCN,10,0.00337526,0.00000140,13709100.0,617568867.0,182969272687,182969272687,6.33,37.64,-1.56,1496405655
Stellar Lumens,XLM,11,0.0402604,0.00001668,22213000.0,389109192.0,9664811867.0,102940435314,-0.32,-2.98,-14.98,1496405657
Waves,WAVES,12,3.83845,0.00158944,2396560.0,383845000.0,100000000.0,100000000.0,1.97,14.25,35.87,1496405372
Golem,GNT,13,0.462959,0.0001917,13309600.0,381881916.0,824872000.0,1000000000.0,-0.02,1.13,3.67,1496405381
Zcash,ZEC,14,247.32,0.102411,17163500.0,355004674.0,1435406.0,1435406.0,0.64,-2.45,6.42,1496405379
Dogecoin,DOGE,15,0.00292993,0.00000121,29819400.0,321218221.0,109633411214,109633411214,0.65,3.64,-5.12,1496405645
Augur,REP,16,26.0695,0.0108034,3982350.0,286764500.0,11000000.0,11000000.0,0.95,4.68,-1.28,1496405669
Gnosis,GNO,17,251.288,0.104054,1662790.0,277570212.0,1104590.0,10000000.0,1.2,-3.1,2.82,1496405391
Steem,STEEM,18,1.10413,0.00045756,2735070.0,258748155.0,234345734.0,251319828.0,0.9,10.98,-8.3,1496405674
DigiByte,DGB,19,0.0309179,0.00001281,66910400.0,250652402.0,8107031908.0,8107031908.0,16.44,61.38,94.99,1496405646
Siacoin,SC,20,0.00924886,0.00000383,24972600.0,245180388.0,26509255029.0,26509255029.0,3.32,16.98,3.8,1496405666
BitShares,BTS,21,0.084171,0.00003488,20396600.0,219029776.0,2602200000.0,2602200000.0,-0.09,17.91,1.53,1496405656
MaidSafeCoin,MAID,22,0.393853,0.00016322,2708230.0,178239125.0,452552412.0,452552412.0,0.07,-3.83,-7.39,1496405653
Basic Attention Token,BAT,23,0.166898,0.00006911,3283490.0,166898000.0,1000000000.0,1500000000.0,-0.73,-3.71,,1496405392
GameCredits,GAME,24,2.63968,0.0010939,1826940.0,166376876.0,63029184.0,63029184.0,-0.51,2.14,-11.44,1496405658
DigixDAO,DGD,25,81.0645,0.0335937,1364840.0,162129000.0,2000000.0,2000000.0,0.75,1.28,-8.44,1496405674
BitConnect,BCC,26,23.3891,0.00968508,1571980.0,150592038.0,6438556.0,6438556.0,0.69,6.03,39.42,1496405383
Lisk,LSK,27,1.29825,0.000538,2530020.0,139922217.0,107777560.0,107777560.0,-0.6,-0.06,-3.47,1496405672
Ardor,ARDR,28,0.129747,0.00005373,3100810.0,129617187.0,998999495.0,998999495.0,0.17,15.93,-3.44,1496405374
Decred,DCR,29,25.7666,0.0106779,1749300.0,129438630.0,5023504.0,5443504.0,2.55,4.18,7.47,1496405672
SingularDTV,SNGLS,30,0.202115,0.00008369,242014.0,121269000.0,600000000.0,1000000000.0,4.56,7.55,0.12,1496405378
Factom,FCT,31,13.8157,0.00572534,1267060.0,120931848.0,8753219.0,8753219.0,1.31,3.41,-5.05,1496405668
Tether,USDT,32,1.03502,0.00042892,73949800.0,108670569.0,104993690.0,124951468.0,-0.55,0.37,0.31,1496405663
Iconomi,ICN,33,1.22323,0.00050652,775457.0,106421010.0,87000000.0,100000000.0,1.23,2.98,-8.67,1496405378
Byteball,GBYTE,34,543.671,0.225126,409553.0,102908151.0,189284.0,1000000.0,0.56,2.27,67.43,1496405382
PIVX,PIVX,35,1.68325,0.00069755,938516.0,90117755.0,53537950.0,53537950.0,0.77,2.58,24.22,1496405670
Round,ROUND,36,0.104467,0.00004326,362650.0,88796950.0,850000000.0,1000000000.0,0.22,-3.45,-28.54,1496405380
Aragon,ANT,37,2.11331,0.00087509,524265.0,71018135.0,33605167.0,39609523.0,0.48,-0.82,-11.12,1496405392
FirstBlood,1ST,38,0.787037,0.0003259,3808730.0,67337603.0,85558371.0,93468691.0,-1.5,1.8,-4.05,1496405378
Komodo,KMD,39,0.661895,0.00027408,427303.0,66815328.0,100945510.0,100945510.0,5.0,19.61,14.76,1496405383
SysCoin,SYS,40,0.125405,0.00005197,2741760.0,65858917.0,525169788.0,525169788.0,0.53,15.48,-10.25,1496405657
AntShares,ANS,41,1.25702,0.00052051,9938860.0,62851000.0,50000000.0,100000000.0,0.34,11.36,13.42,1496405377
Nxt,NXT,42,0.062679,0.00002597,3179260.0,62616320.0,998999983.0,998999983.0,0.0,9.36,-6.62,1496405646
iExec RLC,RLC,43,0.689501,0.00028551,577518.0,53829890.0,78070793.0,86999785.0,2.16,15.23,8.57,1496405389
Ubiq,UBQ,44,1.1341,0.00046998,1551620.0,42071701.0,37096994.0,37096994.0,-0.86,12.69,138.49,1496405657
Wings,WINGS,45,0.43992,0.00018216,1689740.0,39464490.0,89708333.0,100000000.0,-0.96,34.73,40.74,1496405383
ReddCoin,RDD,46,0.00137579,0.00000057,2002440.0,39244952.0,28525393990.0,28525393990.0,0.74,24.0,-15.67,1496405647
Peercoin,PPC,47,1.61662,0.00066994,1237770.0,38999603.0,24124162.0,24124162.0,0.5,1.23,-9.86,1496405640
Lykke,LKK,48,0.267295,0.00011068,417566.0,36799978.0,137675520.0,1285690000.0,0.21,4.1,13.87,1496405380
Emercoin,EMC,49,0.888931,0.00036838,969421.0,35699717.0,40160279.0,40160279.0,1.73,1.79,-13.93,1496405657
BitcoinDark,BTCD,50,26.533,0.0109955,146390.0,34197380.0,1288862.0,1288862.0,1.04,7.66,11.02,1496405655
Ark,ARK,51,0.348258,0.00014421,400473.0,33192938.0,95311344.0,126561344.0,0.23,16.46,28.85,1496405387
Melon,MLN,52,54.4771,0.0225581,369929.0,32653574.0,599400.0,749400.0,0.94,-3.92,-18.22,1496405385
Storjcoin X,SJCX,53,0.615612,0.00025511,384342.0,31502802.0,51173144.0,500000000.0,0.99,-4.14,-3.79,1496405657
Omni,OMNI,54,52.0971,0.0215894,12159100.0,29121418.0,558983.0,615299.0,-0.53,-17.07,144.44,1496405646
Counterparty,XCP,55,10.9415,0.00453423,699350.0,28653033.0,2618748.0,2618748.0,-0.74,-2.81,-11.51,1496405648
Xaurum,XAUR,56,0.244655,0.00010139,125805.0,27818334.0,113704334.0,113704334.0,0.76,-0.75,27.27,1496405663
Blocknet,BLOCK,57,6.79362,0.00281533,239627.0,26566562.0,3910516.0,3910516.0,6.47,51.96,101.31,1496405659
Namecoin,NMC,58,1.75676,0.00072801,832977.0,25888318.0,14736400.0,14736400.0,1.45,1.98,-4.77,1496405668
Nexus,NXS,59,0.490015,0.00020307,109092.0,24430994.0,49857645.0,49857645.0,-0.96,-5.79,-3.74,1496405661
Gulden,NLG,60,0.0701363,0.00002907,104224.0,24305871.0,346551945.0,448572100.0,-2.55,2.23,-3.24,1496405651
XtraBYtes,XBY,61,0.0362935,0.00001503,734631.0,23590775.0,650000000.0,650000000.0,1.21,84.83,495.93,1496405389
Synereo,AMP,62,0.282898,0.00011723,423764.0,23270150.0,82256324.0,949291063.0,1.58,2.52,2.26,1496405669
Burst,BURST,63,0.0123129,0.00000510,6744230.0,21919300.0,1780189922.0,1780189922.0,-1.27,28.44,11.84,1496405658
WeTrust,TRST,64,0.236945,0.00009812,398542.0,21833889.0,92147500.0,100000000.0,0.06,0.05,-17.49,1496405389
EarthCoin,EAC,65,0.00233279,0.00000097,6642460.0,21803348.0,9346468332.0,9346468332.0,0.71,3.76,-14.17,1496405645
Matchpool,GUP,66,0.284906,0.00011797,274795.0,21367950.0,75000000.0,98855150.0,1.55,10.0,5.41,1496405389
YbCoin,YBC,67,6.99228,0.00289766,2494400.0,21118519.0,3020262.0,3020262.0,-1.7,2.66,-5.98,1496405646
OBITS,OBITS,68,1.40483,0.00058217,857082.0,21067297.0,14996332.0,16801100.0,14.9,36.8,35.87,1496405670
TokenCard,TKN,69,0.834887,0.00034571,240658.0,19740115.0,23644056.0,39406760.0,-1.48,-7.21,-23.02,1496405391
BitBay,BAY,70,0.0193659,0.00000803,63361.7,19511597.0,1007523373.0,1007523373.0,0.22,10.65,-0.98,1496405660
Verge,XVG,71,0.00142385,0.00000059,2099330.0,19093077.0,13409472280.0,13409472280.0,2.05,61.71,9.96,1496405660
Edgeless,EDG,72,0.236092,0.00009776,396810.0,18753363.0,79432438.0,132046997.0,-1.37,-2.03,-13.88,1496405387
Humaniq,HMQ,73,0.149855,0.00006205,494079.0,18533073.0,123673373.0,184190414.0,13.31,18.94,-28.16,1496405391
BlackCoin,BLK,74,0.238661,0.00009890,1074570.0,18178528.0,76168823.0,76168823.0,-1.51,5.1,7.1,1496405651
PotCoin,POT,75,0.0834263,0.00003457,918840.0,18098617.0,216941378.0,216941378.0,1.9,5.58,-16.6,1496405655
NAV Coin,NAV,76,0.292172,0.00012108,527701.0,17919029.0,61330412.0,61330412.0,0.84,-0.08,-13.28,1496405655
Nexium,NXC,77,0.269258,0.0001115,3253450.0,17911469.0,66521586.0,66521586.0,0.29,0.15,27.66,1496405381
E-Dinar Coin,EDR,78,0.0269823,0.00001117,446351.0,17825445.0,660634755.0,785634755.0,2.15,-14.27,2.65,1496405377
Expanse,EXP,79,2.36492,0.00098004,461099.0,17126154.0,7241748.0,16241748.0,-0.1,-1.65,2.69,1496405668
BCAP,BCAP,80,1.71197,0.0007089,173374.0,17119700.0,10000000.0,10000000.0,-1.2,6.58,-15.37,1496405392
Unity Ingot,UNY,81,0.0820862,0.00003399,82696.4,16581412.0,202000000.0,10000000000.0,2.71,0.7,68.0,1496405391
Infinitecoin,IFC,82,0.00018145,0.00000008,3039030.0,16438694.0,90596274910.0,90596274910.0,-0.18,-1.44,-8.54,1496405642
LBRY Credits,LBC,83,0.235309,0.00009744,789759.0,16124437.0,68524524.0,466424524.0,5.02,12.79,3.91,1496405374
ZCoin,XZC,84,7.16945,0.00296876,1280370.0,16014981.0,2233781.0,2233781.0,0.81,-5.59,11.3,1496405379
Agoras Tokens,AGRS,85,0.361938,0.00014999,29981.4,15201396.0,42000000.0,42000000.0,0.32,-5.44,-3.24,1496405666
Bankcoin,B@,86,3.55842,0.00147349,6043.97,15176946.0,4265080.0,25000000.0,1.49,2.16,-0.1,1496405388
Swarm City,SWT,87,2.26796,0.00093913,38989.9,15063177.0,6641730.0,6641730.0,-3.8,-3.49,-26.3,1496405385
TaaS,TAAS,88,1.79491,0.00074324,175359.0,14621338.0,8146001.0,8146001.0,1.43,7.37,13.62,1496405387
GridCoin,GRC,89,0.0369402,0.00001531,181954.0,14418231.0,390312753.0,390312753.0,-0.27,3.24,7.05,1496405662
Radium,RADS,90,4.34896,0.00180224,491423.0,14119485.0,3246635.0,3246635.0,-2.01,-3.08,15.18,1496405669
Pepe Cash,PEPECASH,91,0.0195878,0.00000811,23746.4,13748364.0,701884009.0,701884009.0,-12.49,-16.55,-22.76,1496405378
I/O Coin,IOC,92,0.840004,0.0003481,38773.5,13722523.0,16336260.0,16336260.0,-0.19,3.44,-2.79,1496405656
Chronobank,TIME,93,19.2909,0.00798806,356375.0,13698715.0,710113.0,710113.0,0.76,-2.82,-0.17,1496405385
MonaCoin,MONA,94,0.264582,0.00010964,29626.7,13372305.0,50541250.0,50541250.0,4.05,-4.26,-13.98,1496405650
Waves Community Token,WCT,95,2.58603,0.00107083,23790.2,12930150.0,5000000.0,10000000.0,3.98,4.13,14.88,1496405384
Golos,GOLOS,96,0.104013,0.00004307,28176.3,12801339.0,123074413.0,123074413.0,6.04,19.97,59.04,1496405381
SuperNET,UNITY,97,15.6846,0.00649983,784.231,12799590.0,816061.0,816061.0,0.27,9.91,125.24,1496405659
Shift,SHIFT,98,1.16485,0.00048272,350567.0,12616044.0,10830617.0,10830617.0,-0.05,16.11,93.11,1496405666
E-coin,ECN,99,4.46054,0.00184704,86696.6,12433904.0,2787533.0,211076425.0,-0.09,-1.36,-5.82,1496405388
Bitland,CADASTRAL,100,0.413776,0.00017134,15701.3,12413280.0,30000000.0,30000000.0,1.5,-2.17,115.36,1496405373
Vertcoin,VTC,101,0.369183,0.00015299,642190.0,12345934.0,33441231.0,33441231.0,-0.62,2.2,-1.13,1496405647
MergeCoin,MGC,102,0.120807,0.00005002,3249400.0,11945202.0,98878390.0,103878390.0,1.24,14.36,-14.83,1496405390
Clams,CLAM,103,4.85974,0.00201391,1214940.0,11187485.0,2302075.0,16207514.0,0.43,1.57,-14.01,1496405656
Etheroll,DICE,104,1.57182,0.00065087,9703.28,11005291.0,7001623.0,7001623.0,0.73,-13.31,-23.94,1496405392
Pluton,PLU,105,12.9411,0.00535872,151352.0,10999929.0,850000.0,20000000.0,1.62,-4.92,41.59,1496405378
DigitalNote,XDN,106,0.00157246,0.00000065,2853060.0,10820921.0,6881523569.0,6881523569.0,0.82,6.98,-15.18,1496405655
Mooncoin,MOON,107,0.0000467628,0.00000002,29541.8,10378797.0,221945590657,221945590657,2.79,7.28,-19.09,1496405647
LuckChain,BASH,108,0.0138244,0.00000572,590594.0,10009940.0,724077692.0,724077692.0,-2.89,2.87,34.81,1496405380
FlorinCoin,FLO,109,0.0722262,0.00002993,311588.0,9678504.0,134002669.0,134002669.0,0.16,4.28,-2.8,1496405643
HEAT,HEAT,110,0.361909,0.00014986,32047.0,9538607.0,26356368.0,26356368.0,0.32,-1.44,-9.22,1496405375
Bitcrystals,BCY,111,0.400988,0.00016617,109988.0,9339581.0,23291422.0,23291422.0,0.49,3.0,-7.94,1496405667
vSlice,VSL,112,0.279541,0.00011575,177993.0,9334013.0,33390496.0,33390496.0,1.52,-0.51,-14.95,1496405381
Viacoin,VIA,113,0.407839,0.00016901,302970.0,9236045.0,22646302.0,22646302.0,-0.59,-6.12,-9.42,1496405656
NeosCoin,NEOS,114,2.65342,0.0010996,1763140.0,8880885.0,3346958.0,3346958.0,-3.0,-14.96,19.57,1496405657
Energycoin,ENRG,115,0.0727545,0.00003015,2857.59,8799051.0,120941668.0,120941668.0,0.31,3.95,24.0,1496405654
Rubycoin,RBY,116,0.355637,0.00014738,29672.6,8675198.0,24393406.0,24393406.0,-0.59,-1.91,-1.0,1496405650
FedoraCoin,TIPS,117,0.0000195689,0.000000008,62495.1,8672314.0,443168182458,443168182458,-1.04,-4.14,-33.05,1496405645
VeriCoin,VRC,118,0.284386,0.00011785,343744.0,8591753.0,30211589.0,30211589.0,-1.18,-0.62,-4.45,1496405653
DNotes,NOTE,119,0.0676391,0.00002803,200073.0,8378010.0,123863411.0,123863411.0,-1.16,-0.6,5.66,1496405649
SaluS,SLS,120,8.26388,0.00342462,83475.4,8292384.0,1003449.0,1003449.0,3.08,-6.51,32.49,1496405670
Primecoin,XPM,121,0.413649,0.00017142,923248.0,7993950.0,19325442.0,19325442.0,-0.37,6.9,-10.5,1496405642
Crown,CRW,122,0.574691,0.00023816,22164.2,7964376.0,13858536.0,13858536.0,0.32,-9.24,-4.66,1496405661
Pascal Coin,PASC,123,0.795477,0.0003294,159720.0,7953099.0,9997900.0,9997900.0,1.38,1.47,-9.39,1496405380
Skycoin,SKY,124,1.41689,0.00058671,58702.1,7744439.0,5465801.0,100000000.0,1.92,-15.13,-30.63,1496405388
VPNCoin,VASH,125,0.0189198,0.00000784,2159090.0,7574348.0,400339746.0,400339746.0,0.48,10.61,-12.58,1496405660
SolarCoin,SLR,126,0.212211,0.00008794,71491.4,7462121.0,35163684.0,98034180415.0,1.26,-11.27,7.39,1496405651
BelaCoin,BELA,127,0.213095,0.00008831,412783.0,7452763.0,34973900.0,34973900.0,-1.18,6.42,-4.85,1496405653
Incent,INCNT,128,0.30844,0.00012772,194513.0,7096684.0,23008312.0,46016625.0,1.15,9.61,30.25,1496405381
Bitcoin Plus,XBC,129,73.0992,0.0302929,120075.0,7084801.0,96920.0,96920.0,-1.39,1.41,-6.0,1496405652
Creditbit,CRB,130,0.591008,0.00024492,262891.0,7017831.0,11874342.0,11874342.0,-8.28,-10.75,-10.22,1496405670
Einsteinium,EMC2,131,0.0331922,0.00001376,215279.0,6997250.0,210810073.0,210810073.0,-0.71,7.75,-8.09,1496405649
Global Currency Reserve,GCR,132,0.0665784,0.00002759,29980.3,6837016.0,102691198.0,102691198.0,1.3,0.68,-5.82,1496405667
Asch,XAS,133,0.0891463,0.00003691,60338.7,6685973.0,75000000.0,100000000.0,1.42,-0.78,-7.13,1496405387
Aeon,AEON,134,0.466414,0.00019329,5082.69,6637340.0,14230576.0,14230576.0,2.67,-1.7,4.73,1496405665
Novacoin,NVC,135,3.70002,0.00153332,45963.2,6422705.0,1735857.0,1735857.0,0.59,-2.31,-12.69,1496405640
RouletteToken,RLT,136,0.627217,0.00025972,53738.4,6330005.0,10092210.0,10092933.0,37.0,31.02,38.78,1496405391
Lunyr,LUN,137,2.75186,0.0011395,132529.0,6323370.0,2297853.0,2703356.0,0.35,5.44,-16.15,1496405390
Feathercoin,FTC,138,0.0385665,0.00001598,148947.0,6318104.0,163823640.0,163823640.0,0.72,5.84,5.56,1496405643
ION,ION,139,0.458914,0.00019003,34396.8,6311877.0,13753943.0,19653943.0,0.29,24.33,-8.7,1496405373
ZClassic,ZCL,140,4.10425,0.00169951,487375.0,6060643.0,1476675.0,1476675.0,-2.14,-4.62,28.14,1496405379
Gambit,GAM,141,5.04334,0.00209,36720.2,5971299.0,1183997.0,1183997.0,-1.63,16.23,18.49,1496405665
WorldCoin,WDC,142,0.0514834,0.00002134,315827.0,5900242.0,114604744.0,114604744.0,3.64,12.53,-4.09,1496405641
Safe Exchange Coin,SAFEX,143,0.0027046,0.00000112,15922.7,5808084.0,2147483647.0,2147483647.0,-1.42,1.7,-11.73,1496405670
SIBCoin,SIB,144,0.394156,0.00016334,27049.4,5774508.0,14650310.0,14650310.0,0.25,2.49,27.9,1496405667
FirstCoin,FRST,145,1.78768,0.00074025,122387.0,5647958.0,3159379.0,110000000.0,-2.11,3.1,5.06,1496405384
Blitzcash,BLITZ,146,1.3393,0.00055502,192704.0,5442676.0,4063822.0,4063822.0,1.24,32.7,246.04,1496405660
PinkCoin,PINK,147,0.0168433,0.00000698,707133.0,5406207.0,320970800.0,370970800.0,4.05,13.39,-2.7,1496405653
Janus,JNS,148,0.255495,0.0001058,8018.68,5348294.0,20933069.0,25201489.0,0.07,9.44,7.81,1496405383
FoldingCoin,FLDC,149,0.0108802,0.00000451,334628.0,5328491.0,489741985.0,1000000000.0,1.61,10.6,-4.01,1496405658
Ethereum Movie Venture,EMV,150,0.77855,0.00032239,2351.44,5190333.0,6666666.0,6666666.0,2.59,232.9,19.07,1496405389
Auroracoin,AUR,151,0.593558,0.00024598,9838.49,5139108.0,8658139.0,8658139.0,0.34,-2.87,-3.05,1496405648
MonetaryUnit,MUE,152,0.0414437,0.00001717,55723.6,5036512.0,121526600.0,121526600.0,0.96,-7.09,-16.23,1496405659
Vcash,XVC,153,0.32335,0.000134,97788.0,4931579.0,15251520.0,15251520.0,0.99,3.19,-0.2,1496405661
MUSE,MUSE,154,0.00353917,0.00000147,8580.81,4865794.0,1374840478.0,1524840478.0,-2.35,23.72,26.62,1496405665
Sphere,SPHR,155,1.5555,0.00064461,23906.4,4795514.0,3082940.0,3082940.0,0.32,7.04,118.13,1496405665
OKCash,OK,156,0.0656855,0.00002722,255339.0,4701666.0,71578447.0,71578447.0,2.88,-21.41,120.96,1496405661
FairCoin,FAIR,157,0.0844579,0.00003500,4883.23,4485164.0,53105322.0,53105322.0,0.32,9.69,16.99,1496405650
Darcrus,DAR,158,0.321698,0.00013321,26897.7,4382737.0,13623762.0,13623762.0,1.91,2.49,2.84,1496405382
Quark,QRK,159,0.0171423,0.00000710,155865.0,4287307.0,250101047.0,250101047.0,-6.31,43.41,-8.84,1496405642
LoMoCoin,LMC,160,0.0198814,0.00000823,358972.0,4146373.0,208555397.0,293555397.0,-1.05,11.85,4.33,1496405376
bitCNY,BITCNY,161,0.140025,0.00005803,530876.0,4138089.0,29552500.0,29552500.0,-0.3,-2.27,-1.81,1496405658
ICO OpenLedger,ICOO,162,8.67454,0.00359199,10933.6,4092604.0,471795.0,471795.0,0.34,13.76,11.1,1496405372
NautilusCoin,NAUT,163,0.243423,0.00010088,385439.0,3938584.0,16180000.0,16180000.0,1.06,-1.02,3.66,1496405653
CloakCoin,CLOAK,164,0.780739,0.00032354,18036.7,3906423.0,5003494.0,5003494.0,-4.14,-4.99,3.2,1496405654
Bitmark,BTM,165,0.989919,0.00041023,194050.0,3861852.0,3901180.0,3901180.0,-2.32,0.35,18.5,1496405657
Unobtanium,UNO,166,19.3369,0.00801336,91470.2,3823387.0,197725.0,197725.0,-9.44,5.73,-12.61,1496405644
APX,APX,167,4.21808,0.00174664,61887.5,3796272.0,900000.0,1000000.0,0.24,5.54,19.49,1496405392
ArtByte,ABY,168,0.00479094,0.00000199,136921.0,3702548.0,772822850.0,772822850.0,1.44,24.54,-14.77,1496405654
DubaiCoin,DBIX,169,4.16838,0.00172606,26541.1,3626311.0,869957.0,869957.0,-5.96,-3.16,34.83,1496405388
Riecoin,RIC,170,0.105312,0.00004364,661752.0,3601262.0,34196125.0,34196125.0,0.72,10.44,15.02,1496405649
SpreadCoin,SPR,171,0.431794,0.00017894,31980.1,3512330.0,8134273.0,8134273.0,-7.26,9.39,14.78,1496405660
Circuits of Value,COVAL,172,0.00859058,0.00000356,93954.4,3436232.0,400000000.0,1200000000.0,3.82,15.0,-5.49,1496405661
Minereum,MNE,173,8.51362,0.00352536,385258.0,3396225.0,398917.0,398917.0,7.92,123.69,189.07,1496405391
HunterCoin,HUC,174,0.184723,0.00007655,2757130.0,3259110.0,17643230.0,17643230.0,-3.37,54.09,54.07,1496405648
Diamond,DMD,175,1.49319,0.00061879,19592.3,3171784.0,2124167.0,2124167.0,0.32,-2.52,-1.07,1496405647
Zennies,ZENI,176,0.00313944,0.00000130,6545.97,3141575.0,1000680197.0,1000680197.0,1.8,1.4,-1.22,1496405389
Rise,RISE,177,0.0281694,0.00001166,94834.3,3025033.0,107387215.0,107387215.0,-1.78,22.95,32.6,1496405373
Megacoin,MEC,178,0.0910481,0.00003773,530217.0,2994249.0,32886450.0,32886450.0,-1.74,16.56,-16.82,1496405649
Joincoin,J,179,1.21163,0.00050211,1653.56,2966557.0,2448402.0,2448402.0,-1.68,208.85,1086.39,1496405657
Wild Beast Block,WBB,180,1.27344,0.00052772,35686.3,2960758.0,2325007.0,2325007.0,0.3,-0.72,-28.16,1496405663
Musicoin,MUSIC,181,0.0171085,0.00000708,57502.3,2937195.0,171680442.0,171680442.0,0.64,2.28,-13.3,1496405386
PoSW Coin,POSW,182,0.0705342,0.00002921,67987.8,2891902.0,41000000.0,70000000.0,-1.9,10.2,12.37,1496405382
BitSend,BSD,183,0.188763,0.00007822,15860.0,2879358.0,15253825.0,15253825.0,1.01,-2.79,10.9,1496405654
Zetacoin,ZET,184,0.0171504,0.00000711,302555.0,2849656.0,166156844.0,166156844.0,-1.16,1.58,0.79,1496405642
Curecoin,CURE,185,0.117178,0.00004856,16305.3,2778070.0,23708117.0,23708117.0,-3.68,4.6,-13.56,1496405656
Ethbits,ETB,186,2.02091,0.00083683,2131.16,2722137.0,1346986.0,1634691.0,-28.56,,,1496405392
RaiBlocks,XRB,187,0.0361469,0.00001497,42387.4,2708795.0,74938527.0,340282367.0,-0.8,13.83,19.81,1496405386
BitBean,BITB,188,0.00135115,0.00000056,97720.5,2646420.0,1958643000.0,1958643000.0,-0.12,10.66,-28.45,1496405661
ZcCoin,ZCC,189,0.0425204,0.00001762,1603880.0,2621682.0,61657044.0,61657044.0,-0.51,25.28,-6.33,1496405656
Myriad,XMY,190,0.0017139,0.00000071,68028.5,2546989.0,1486078000.0,1486078000.0,10.2,5.5,-35.92,1496405650
Cryptonite,XCN,191,0.00768088,0.00000318,565767.0,2517242.0,327728344.0,327728344.0,2.72,25.11,-14.54,1496405657
Zeitcoin,ZEIT,192,0.0000686420,0.00000003,6295.67,2493622.0,36327929620.0,36327929620.0,6.56,27.77,40.17,1496405653
Steem Dollars,SBD,193,1.69395,0.00070144,702935.0,2398043.0,1415652.0,1415652.0,0.14,10.69,-5.01,1496405375
Atmos,ATMS,194,0.0239324,0.00000991,174362.0,2394992.0,100073226.0,110073226.0,-2.66,-0.88,-2.0,1496405388
Espers,ESP,195,0.000118691,0.00000005,4745.89,2388954.0,20127509146.0,20127509146.0,13.01,3.82,-14.88,1496405371
Spectrecoin,XSPEC,196,0.11597,0.00004802,227933.0,2365305.0,20395835.0,20395835.0,1.09,-7.08,0.24,1496405383
Digitalcoin,DGC,197,0.0681901,0.00002826,196248.0,2345043.0,34389793.0,34389793.0,2.75,9.29,-0.07,1496405644
Mintcoin,MINT,198,0.0000962199,0.00000004,7945.46,2342826.0,24348665548.0,24348665548.0,0.18,-0.82,-18.08,1496405648
BoostCoin,BOST,199,0.187654,0.00007777,188598.0,2224730.0,11855487.0,11855487.0,-2.2,10.19,-5.96,1496405654
bitUSD,BITUSD,200,0.994826,0.00041226,314786.0,2167815.0,2179090.0,2179090.0,0.05,-0.84,0.82,1496405658
Breakout Stake,BRX,201,0.338095,0.00014,15919.9,2119207.0,6268082.0,6268082.0,0.99,14.32,39.11,1496405374
FUNCoin,FUNC,202,0.357598,0.00014808,60182.6,2069041.0,5785941.0,100000000.0,0.34,3.54,14.94,1496405392
Adzcoin,ADZ,203,0.0373818,0.00001549,8591.66,2050166.0,54843960.0,54843960.0,0.03,6.03,-9.27,1496405669
Bata,BTA,204,0.410316,0.00017004,36732.1,2031575.0,4951246.0,4951246.0,-2.42,10.58,20.75,1496405664
Groestlcoin,GRS,205,0.0296561,0.00001229,4579.3,2005312.0,67618879.0,67618879.0,2.35,1.05,0.37,1496405651
BlockPay,BLOCKPAY,206,0.366989,0.00015196,2909.3,1992126.0,5428300.0,98928316.0,8.7,-5.87,7.52,1496405376
Veros,VRS,207,0.0226345,0.00000937,49428.0,1934954.0,85486938.0,10000000000.0,-23.26,-33.58,-28.21,1496405380
iCash,ICASH,208,0.00873393,0.00000362,8582.66,1929480.0,220917781.0,220917781.0,-7.09,15.56,-9.39,1496405664
MaxCoin,MAX,209,0.0351893,0.00001458,80857.1,1915800.0,54442678.0,54442678.0,1.02,3.47,4.88,1496405647
Project Decorum,PDC,210,0.0378425,0.00001567,1714.85,1892125.0,50000000.0,50000000.0,0.24,2.28,-11.51,1496405373
Anoncoin,ANC,211,0.877625,0.00036369,197322.0,1852067.0,2110317.0,2110317.0,-2.63,93.36,33.07,1496405643
Tickets,TIX,212,0.0000276676,0.00000001,45405.3,1850306.0,66876281414.0,66876281414.0,0.4,-2.15,-21.1,1496405643
GoldCoin,GLD,213,0.0451069,0.00001869,20056.9,1815757.0,40254532.0,40254532.0,3.36,0.96,-5.82,1496405641
TransferCoin,TX,214,0.302108,0.0001252,11405.4,1804777.0,5973947.0,5973947.0,-0.33,2.7,-30.49,1496405666
DeepWebCash,DWC,215,1.3136,0.00054394,21913.2,1752999.0,1334500.0,1334500.0,-0.24,2.54,-17.6,1496405381
CryptoCarbon,CCRB,216,0.422859,0.0001751,2649.2,1506271.0,3562111.0,10000150.0,-5.94,-12.56,21.54,1496405383
vTorrent,VTR,217,0.138535,0.00005741,10586.8,1498390.0,10815966.0,10815966.0,-1.57,-9.62,9.96,1496405660
Voxels,VOX,218,0.0451431,0.00001871,353533.0,1422008.0,31500000.0,210000000.0,1.54,59.84,11.75,1496405672
Sequence,SEQ,219,0.031298,0.00001296,2377.91,1399038.0,44700566.0,44700566.0,0.24,2.75,18.37,1496405378
Boolberry,XBB,220,0.14633,0.00006064,8697.27,1394888.0,9532480.0,9532480.0,-0.99,4.42,-7.93,1496405655
Startcoin,START,221,0.0305611,0.00001266,44151.2,1377688.0,45079785.0,70782220.0,-2.38,-9.82,-31.61,1496405655
Renos,RNS,222,0.0410295,0.00001699,621099.0,1368424.0,33352197.0,33352197.0,1.49,70.64,141.31,1496405386
EB3 Coin,EB3,223,0.289965,0.00012007,37634.2,1358850.0,4686255.0,786000000.0,5.78,1.3,3.05,1496405388
Qwark,QWARK,224,0.0756502,0.00003135,26492.1,1335929.0,17659296.0,250377576.0,6.78,34.24,68.8,1496405673
2GIVE,2GIVE,225,0.00259267,0.00000107,18121.3,1330032.0,512996868.0,512996868.0,-0.26,1.97,-16.5,1496405371
Breakout,BRK,226,0.0729803,0.00003022,3375.68,1307431.0,17914847.0,17914847.0,0.29,7.22,-11.34,1496405373
ChainCoin,CHC,227,0.0882496,0.00003657,19869.4,1295690.0,14682107.0,14682107.0,0.67,0.59,-14.64,1496405665
MediterraneanCoin,MED,228,0.0260613,0.00001080,189265.0,1295419.0,49706598.0,49706598.0,15.26,97.99,43.01,1496405659
EuropeCoin,ERC,229,0.126663,0.00005249,2877.43,1247804.0,9851368.0,9851368.0,0.67,2.32,10.28,1496405665
Ixcoin,IXC,230,0.0593409,0.00002459,8259.33,1246105.0,20999088.0,20999088.0,1.6,-83.06,16.82,1496405641
Visio,VISIO,231,0.024557,0.00001017,621.261,1242552.0,50598698.0,62598698.0,0.34,-8.53,-18.07,1496405386
Yocoin,YOC,232,0.0117037,0.00000485,73734.6,1236131.0,105618830.0,200000000.0,5.86,24.77,30.18,1496405670
LiteDoge,LDOGE,233,0.0000830680,0.00000003,5059.66,1227278.0,14774382659.0,14774382659.0,0.97,10.6,-5.44,1496405662
Bitswift,SWIFT,234,0.301587,0.00012498,7889.6,1224712.0,4060891.0,4060891.0,0.32,-3.82,53.1,1496405659
Dynamic,DYN,235,0.74719,0.0003094,4128.3,1207623.0,1616219.0,4370123.0,14.95,10.11,5.55,1496405386
Stealthcoin,XST,236,0.0458244,0.00001899,2161.89,1199509.0,26176199.0,26176199.0,0.32,-0.51,-2.04,1496405657
VeriumReserve,VRM,237,0.982479,0.00040683,47683.3,1093739.0,1113244.0,1113244.0,-24.74,39.21,7.1,1496405378
TagCoin,TAG,238,0.195008,0.00008081,152729.0,1071146.0,5492832.0,5492832.0,-0.38,5.46,-16.23,1496405643
SecureCoin,SRC,239,0.133573,0.00005535,149916.0,1039980.0,7785856.0,7785856.0,-1.21,8.26,-25.48,1496405643
WhiteCoin,XWC,240,0.00400572,0.00000166,18020.2,993640.0,248055347.0,248055347.0,-0.28,-13.44,44.67,1496405651
Inpay,INPAY,241,0.0974211,0.00004034,39631.6,974211.0,10000000.0,10000000.0,0.16,-11.22,-38.27,1496405389
CannabisCoin,CANN,242,0.0125084,0.00000518,55541.5,966038.0,77231176.0,91859176.0,0.33,-0.73,34.85,1496405656
Triggers,TRIG,243,0.0300663,0.00001245,31423.9,965296.0,32105593.0,100000000.0,-0.86,-8.06,-21.67,1496405379
Creativecoin,CREA,244,0.0912159,0.00003777,2996.55,962994.0,10557303.0,12269031.0,1.99,2.9,-46.88,1496405392
DIBCOIN,DIBC,245,0.192425,0.00007968,5209.04,962125.0,5000000.0,5000000000.0,2.24,-3.31,14.49,1496405388
DopeCoin,DOPE,246,0.00859058,0.00000356,15706.0,954290.0,111085648.0,111085648.0,-2.29,25.37,-15.64,1496405648
PutinCoin,PUT,247,0.0047035,0.00000195,3909.95,942664.0,200417616.0,200417616.0,5.28,1.48,13.12,1496405374
Syndicate,SYNX,248,0.0835832,0.00003461,14871.0,941887.0,11268860.0,11268860.0,-7.86,-55.67,56.2,1496405374
ArcticCoin,ARC,249,0.039404,0.00001632,33880.9,920342.0,23356555.0,23356555.0,5.13,-2.37,-26.77,1496405379
AudioCoin,ADC,250,0.00115981,0.00000048,6673.08,919960.0,793198644.0,793198644.0,0.32,-9.55,-24.14,1496405664
Hacker Gold,HKG,251,0.055925,0.00002316,2023.13,901002.0,16110893.0,16110893.0,-4.33,-15.04,-20.47,1496405381
HTMLCOIN,HTML5,252,0.0000217024,0.000000009,8254.06,882398.0,40659020000.0,40659020000.0,2.69,3.69,-2.67,1496405658
PepeCoin,PEPE,253,0.0637593,0.00002642,27168.1,877974.0,13770138.0,13770138.0,0.47,-7.45,13.66,1496405672
HiCoin,XHI,254,0.00462557,0.00000192,110712.0,877609.0,189729990.0,10189729990.0,4.91,-6.43,-14.81,1496405674
Mercury,MER,255,0.00869177,0.00000360,657.245,869177.0,100000000.0,100000000.0,-4.92,-23.76,-27.56,1496405386
ExclusiveCoin,EXCL,256,0.208941,0.00008659,6131.93,854215.0,4088307.0,4088307.0,33.03,31.48,7.61,1496405658
EverGreenCoin,EGC,257,0.0623332,0.00002583,11756.9,830359.0,13321301.0,13321301.0,0.32,-1.89,0.26,1496405669
GlobalCoin,GLC,258,0.0126446,0.00000524,1248.98,824061.0,65171010.0,65171010.0,0.27,-15.01,-40.71,1496405643
Woodcoin,LOG,259,0.102363,0.00004242,579.524,822506.0,8035193.0,8035193.0,0.32,-12.68,-5.16,1496405662
Pesetacoin,PTC,260,0.00624068,0.00000259,4368.54,814692.0,130545402.0,130545402.0,3.47,3.64,-15.35,1496405650
Unitus,UIS,261,0.0170106,0.00000705,22425.4,795532.0,46766857.0,46766857.0,-0.03,1.28,-15.38,1496405660
Centurion,CNT,262,0.0306951,0.00001271,32345.6,793477.0,25850279.0,63389078.0,-0.1,-4.89,-6.97,1496405385
Hush,HUSH,263,0.713565,0.00029548,136797.0,785555.0,1100888.0,1222363.0,2.05,16.49,23.67,1496405380
e-Gulden,EFL,264,0.0492155,0.00002040,1927.99,755230.0,15345373.0,20384713.0,0.25,-1.82,-19.76,1496405651
BlueCoin,BLU,265,0.00129927,0.00000054,2210.38,746669.0,574683675.0,574683675.0,-4.58,-9.53,135.19,1496405652
Fantomcoin,FCN,266,0.123067,0.00005100,2350.41,721297.0,5861012.0,5861012.0,-1.61,1.37,-7.66,1496405654
ProCurrency,PROC,267,0.253889,0.00010513,1097.92,714750.0,2815205.0,15000053805.0,0.24,-2.61,19.16,1496405390
GeoCoin,GEO,268,0.283679,0.00011756,7803.65,696454.0,2455079.0,2455079.0,-0.34,5.1,11.92,1496405663
Tokes,TKS,269,1.05775,0.000438,3139.89,685024.0,647624.0,50000000.0,0.24,1.41,-12.8,1496405386
HempCoin,THC,270,0.00316307,0.00000131,14696.0,670011.0,211823061.0,211823061.0,-5.34,-1.1,-16.58,1496405655
Ripto Bux,RBX,271,0.00191634,0.00000079,6461.02,655580.0,342100100.0,1000000000.0,2.62,-13.25,40.28,1496405388
Altcoin,ALT,272,5.23877,0.00216929,2323.16,640048.0,122175.0,134063.0,-0.03,4.51,29.26,1496405389
Synergy,SNRG,273,0.227792,0.00009440,1477.03,632190.0,2775295.0,2775295.0,0.98,-1.84,-3.66,1496405664
UniBURST,UNIBURST,274,0.605286,0.00025064,2682.63,605285.0,999999.0,1000000.0,-3.47,26.71,193.66,1496405385
Magi,XMG,275,0.0835355,0.00003462,3094.48,589399.0,7055668.0,7055668.0,0.32,9.94,-9.83,1496405658
DT Token,DRACO,276,0.00662889,0.00000274,45980.8,589235.0,88888888.0,88888888.0,0.2,33.29,39.7,1496405373
TrustPlus,TRUST,277,0.0183153,0.00000759,1281.72,587676.0,32086595.0,32086595.0,0.45,4.44,2.61,1496405656
Deutsche eMark,DEM,278,0.0207041,0.00000858,625.502,575438.0,27793416.0,27793416.0,-2.33,-1.82,-9.72,1496405644
FujiCoin,FJC,279,0.000585386,0.00000024,5162.87,563605.0,962792222.0,962792222.0,7.61,2.5,7.72,1496405665
Canada eCoin,CDN,280,0.00566336,0.00000235,1353.67,551699.0,97415544.0,97415544.0,0.87,8.27,17.67,1496405653
IncaKoin,NKA,281,0.0000726695,0.00000003,10892.1,547709.0,7536992303.0,7536992303.0,-0.3,29.45,192.28,1496405661
BTSR,BTSR,282,0.164551,0.00006819,17991.0,544799.0,3310819.0,3310819.0,-2.38,11.6,-7.1,1496405672
TileCoin,XTC,283,0.00528904,0.00000219,13011.0,528904.0,100000000.0,100000000.0,0.33,-0.81,-29.24,1496405659
Elcoin,EL,284,0.0444995,0.00001844,5175.9,498793.0,11208967.0,20935289.0,16.23,-18.62,-17.34,1496405674
1337,1337,285,0.0000216677,0.000000009,3102.13,493917.0,22795082136.0,22795082136.0,3.93,30.38,41.27,1496405673
Moin,MOIN,286,0.0706751,0.00002929,3465.12,491144.0,6949319.0,6949319.0,-7.22,13.31,9.16,1496405669
NuShares,NSR,287,0.000173002,0.00000007,4265.78,467498.0,2702268334.0,3317517403.0,0.27,-25.39,-69.11,1496405659
KoreCoin,KORE,288,0.250961,0.000104,1679.05,459497.0,1830949.0,1830949.0,0.32,-0.08,-0.53,1496405656
Capricoin,CPC,289,0.460228,0.00019072,37231.9,453118.0,984551.0,200984551.0,0.26,2.41,12.16,1496405665
TrumpCoin,TRUMP,290,0.0633965,0.00002627,7105.84,414583.0,6539531.0,6539531.0,-1.92,-8.98,-4.63,1496405671
I0Coin,I0C,291,0.0193529,0.00000802,1464.45,405916.0,20974427.0,20974427.0,0.22,2.34,-1.01,1496405643
NobleCoin,NOBL,292,0.000168208,0.00000007,11660.7,385471.0,2291635684.0,2291635684.0,3.37,-8.62,-30.85,1496405647
PostCoin,POST,293,0.0236821,0.00000981,3784.97,373593.0,15775332.0,15775332.0,0.58,-4.35,-5.44,1496405673
Version,V,294,0.000845238,0.00000035,951.935,369682.0,437370528.0,437370528.0,-40.54,,,1496405392
MazaCoin,MZC,295,0.000335271,0.00000014,1469.98,366323.0,1092618137.0,1092618137.0,-3.09,23.74,40.54,1496405648
Virtacoinplus,XVP,296,0.0404892,0.00001677,1211.5,357063.0,8818722.0,10353315.0,0.36,-7.66,-45.06,1496405386
Jewels,JWL,297,0.017509,0.00000725,2031.29,353263.0,20176088.0,20176088.0,0.33,-1.54,-0.89,1496405377
Master Swiscoin,MSCN,298,0.0340079,0.00001408,8799.34,348411.0,10244990.0,1002570995.0,-1.42,-4.43,-19.69,1496405385
TeslaCoin,TES,299,0.00484984,0.00000201,2563.79,348088.0,71773119.0,71773119.0,-0.89,-2.83,23.72,1496405646
Wyvern,WYV,300,0.309116,0.000128,744.477,337090.0,1090496.0,1090496.0,1.11,0.35,-16.61,1496405389
Newbium,NEWB,301,0.0139102,0.00000576,48545.1,333845.0,24000000.0,51000000.0,6.82,31.52,211.37,1496405372
Terracoin,TRC,302,0.0164934,0.00000684,5754.94,331471.0,20097200.0,20097200.0,-0.15,2.75,-7.23,1496405640
GCoin,GCN,303,0.0000023604,0.0000000010,716.361,328116.0,139006910000,139006910000,0.17,2.7,25.98,1496405660
iTicoin,ITI,304,10.186,0.00421788,45492.4,325952.0,32000.0,9999992.0,-4.29,-18.28,9.42,1496405391
Dotcoin,DOT,305,0.00137077,0.00000057,56530.4,308208.0,224843250.0,489843250.0,0.46,-3.32,9.08,1496405661
CacheCoin,CACH,306,0.0844579,0.00003500,7879.68,304343.0,3603482.0,3603482.0,0.32,-20.51,,1496405647
Bottlecaps,CAP,307,0.00214811,0.00000089,3379.29,298234.0,138835581.0,138835581.0,75.94,123.54,205.39,1496405642
ParkByte,PKB,308,0.0617749,0.00002560,1269.72,294297.0,4764026.0,4764026.0,0.32,11.19,5.79,1496405664
Cryptojacks,CJ,309,0.000695421,0.00000029,1658.07,282736.0,406568581.0,406568581.0,-12.31,193.22,102.8,1496405373
Quatloo,QTL,310,0.0379527,0.00001573,16803.8,282253.0,7436955.0,7436955.0,4.69,-10.41,-18.28,1496405655
Trollcoin,TROLL,311,0.000507884,0.00000021,997.082,281231.0,553730563.0,553730563.0,-15.39,-20.67,-23.74,1496405659
Torcoin,TOR,312,1.03755,0.00042963,22520.4,272366.0,262509.0,1262509.0,40.34,28.2,-29.77,1496405388
Influxcoin,INFX,313,0.162444,0.00006732,8442.56,271831.0,1673383.0,1673383.0,-1.0,-7.45,-56.31,1496405667
Atomic Coin,ATOM,314,0.0268664,0.00001112,650.507,269988.0,10049285.0,10049285.0,-0.86,15.87,1.73,1496405378
Bytecent,BYC,315,0.16561,0.00006863,15189.0,268486.0,1621196.0,1621196.0,1.53,-3.42,-12.54,1496405660
Asiadigicoin,ADCN,316,0.0106417,0.00000441,1191.83,265309.0,24931054.0,210000000.0,-4.03,-14.54,-28.51,1496405670
Karbowanec,KRB,317,0.0746089,0.00003089,5476.82,263969.0,3538032.0,3538032.0,0.23,-8.15,-12.22,1496405375
MTMGaming,MTM,318,0.0850992,0.00003524,846.312,255298.0,3000000.0,5000000.0,-31.05,56.15,115.64,1496405386
KibiCoin,KIC,319,0.0170685,0.00000707,658.853,250107.0,14653150.0,14653150.0,0.23,,,1496405392
UltraCoin,UTC,320,0.00574314,0.00000238,4343.17,247527.0,43099655.0,43099655.0,-0.72,7.44,31.56,1496405648
Sexcoin,SXC,321,0.00199257,0.00000083,3648.89,244164.0,122537139.0,122537139.0,-6.65,-12.94,-2.26,1496405645
Neutron,NTRN,322,0.0191108,0.00000792,993.24,241134.0,12617684.0,12617684.0,4.99,17.52,191.14,1496405663
Zoin,ZOI,323,0.0221925,0.00000919,1170.43,238579.0,10750450.0,10750450.0,0.28,-12.46,-26.53,1496405380
Rubies,RBIES,324,0.0224609,0.00000931,2531.65,232999.0,10373535.0,10373535.0,0.11,2.87,-19.61,1496405670
8Bit,8BIT,325,0.195652,0.00008108,2770.04,227820.0,1164415.0,1164415.0,-3.32,1.49,-49.69,1496405664
PRCoin,PRC,326,0.0230189,0.00000953,43368.7,217561.0,9451400.0,789451400.0,-0.06,6.5,-6.32,1496405385
NuBits,USNBT,327,0.992702,0.00041138,78545.2,195336.0,196772.0,838087.0,-0.11,-0.56,-1.39,1496405658
LiteBar,LTB,328,0.293406,0.00012159,698.982,189448.0,645687.0,645687.0,-23.76,-24.15,-6.69,1496405649
GoldBlocks,GB,329,0.0120732,0.00000500,1420.73,179491.0,14866931.0,14866931.0,0.73,-4.57,9.22,1496405373
UnbreakableCoin,UNB,330,0.0771431,0.00003197,5955.71,175744.0,2278150.0,2278150.0,0.32,-2.08,2.93,1496405654
bitBTC,BITBTC,331,2695.14,1.11688,93281.9,172705.0,64.0,64.0,5.9,12.73,6.69,1496405659
Fastcoin,FST,332,0.0013515,0.00000056,1385.4,171322.0,126764507.0,126764507.0,-0.85,15.35,45.52,1496405641
Netko,NETKO,333,0.067978,0.00002815,1240.12,166027.0,2442370.0,2442370.0,1.22,-2.04,-20.13,1496405387
DigitalPrice,DP,334,0.00701356,0.00000291,1148.16,158901.0,22656267.0,22656267.0,-8.71,-1.97,58.55,1496405659
TheGCCcoin,GCC,335,0.0214932,0.00000890,1533.5,151281.0,7038551.0,867038551.0,0.28,-3.78,-26.58,1496405384
Greencoin,GREV2,336,0.0000482617,0.00000002,1421.03,147619.0,3058724641.0,3058724641.0,0.32,98.76,65.76,1496405655
Pascal Lite,PASL,337,0.0725697,0.00003005,3320.29,143459.0,1976850.0,1976850.0,-1.04,0.94,-31.82,1496405387
Piggycoin,PIGGY,338,0.00026501,0.00000011,1674.36,128215.0,483811407.0,483811407.0,-8.45,13.35,-51.85,1496405655
LanaCoin,LANA,339,0.000167303,0.00000007,530.674,125204.0,748369018.0,748369018.0,0.29,12.65,53.13,1496405674
Sumokoin,SUMO,340,0.268327,0.00011111,11920.8,122660.0,457127.0,9346016.0,15.94,27.97,,1496405392
Machinecoin,MAC,341,0.00622575,0.00000258,2540.9,121756.0,19556800.0,19556800.0,-1.68,2.51,-11.06,1496405662
Tattoocoin (Standard Edition),TSE,342,0.00104269,0.00000043,1341.96,119254.0,114371244.0,604371244.0,0.71,-26.41,-20.62,1496405383
bitEUR,BITEUR,343,1.15281,0.00047773,21149.7,117702.0,102100.0,102100.0,1.12,-0.4,2.02,1496405664
Flycoin,FLY,344,0.557664,0.0002311,1569.02,117559.0,210806.0,210806.0,0.32,-46.49,30.88,1496405672
MojoCoin,MOJO,345,0.00945767,0.00000392,1286.87,114022.0,12056074.0,12056074.0,0.07,3.34,-36.36,1496405672
Rimbit,RBT,346,0.000968559,0.00000040,568.83,111868.0,115499623.0,393459356.0,0.34,2.21,-7.15,1496405659
CHNCoin,CNC,347,0.00423259,0.00000175,15652.5,106916.0,25260247.0,170109984.0,-5.01,0.17,-32.77,1496405648
bitSilver,BITSILVER,348,20.0078,0.0082914,16581.8,106423.0,5319.0,5319.0,-2.37,1.0,13.92,1496405662
Phoenixcoin,PXC,349,0.00180867,0.00000075,995.882,104683.0,57878225.0,57878225.0,0.32,25.14,10.5,1496405653
Eryllium,ERY,350,0.0226116,0.00000936,2953.06,98468.0,4354771.0,14354771.0,-1.74,7.18,-43.28,1496405385
QuazarCoin,QCN,351,0.0168916,0.00000700,663.62,96471.0,5711177.0,5711177.0,0.32,-1.21,-4.4,1496405654
Emerald Crypto,EMD,352,0.00463307,0.00000192,3391.5,88571.0,19117129.0,19117129.0,-2.17,19.33,47.38,1496405642
bitGold,BITGOLD,353,1442.51,0.597788,9366.94,80802.0,56.0,56.0,-2.18,-3.3,3.33,1496405660
Freicoin,FRC,354,0.00265439,0.00000110,17731.3,74070.0,27904560.0,100000000.0,0.31,-0.62,1.68,1496405653
Gapcoin,GAP,355,0.00666011,0.00000276,12702.5,72478.0,10882393.0,10882393.0,2.84,1.9,23.37,1496405659
Spots,SPT,356,0.00317153,0.00000131,602.949,71061.0,22406021.0,22406021.0,-5.28,-22.47,21.08,1496405645
Kurrent,KURT,357,0.00689337,0.00000285,594.37,68379.0,9919485.0,21319485.0,1.0,-19.62,5.64,1496405380
PonziCoin,PONZI,358,0.0748056,0.00003100,586.709,64415.0,861099.0,861099.0,-2.81,33.98,30.87,1496405674
MCAP,MCAP,359,6.36887,0.00263725,142274.0,63721.0,10005.0,100000000.0,-2.82,0.97,,1496405393
Wexcoin,WEX,360,0.369971,0.0001532,5914.81,61996.0,167569.0,10000167569.0,1.27,-2.36,13.63,1496405377
CrevaCoin,CREVA,361,0.00166503,0.00000069,13620.5,60592.0,36390750.0,6240390800.0,-4.15,-7.16,-19.57,1496405665
NevaCoin,NEVA,362,0.0297723,0.00001234,520.963,53984.0,1813220.0,1813220.0,-2.09,1.21,19.08,1496405672
Acoin,ACOIN,363,0.0421523,0.00001747,11088.2,51429.0,1220085.0,1220085.0,-0.45,-0.57,-33.52,1496405657
Argentum,ARG,364,0.00680489,0.00000282,901.651,51071.0,7504987.0,7504987.0,-4.15,-29.78,-13.3,1496405642
PetroDollar,XPD,365,0.00074752,0.00000031,758.502,47836.0,63993275.0,63993275.0,3.04,-54.02,-29.91,1496405651
Philosopher Stones,PHS,366,0.0194494,0.00000806,3441.65,47247.0,2429219.0,2429219.0,0.1,-0.01,1.27,1496405644
Prime-XI,PXI,367,0.00294152,0.00000122,1583.07,43515.0,14793410.0,14793410.0,-0.7,-3.59,45.43,1496405658
Allion,ALL,368,0.00637446,0.00000264,2472.14,39518.0,6199359.0,7323359.0,-0.95,-3.66,-24.07,1496405385
MACRON,MCRN,369,0.0000967537,0.00000004,870.074,38839.0,401421401.0,401421401.0,19.79,27.34,15.33,1496405390
Rawcoin,XRC,370,0.0482993,0.00002000,3258.38,34045.0,704882.0,704882.0,-0.71,7.1,249.72,1496405381
Independent Money System,IMS,371,0.00624585,0.00000259,932.324,33534.0,5368934.0,5368934.0,-5.14,-9.85,-18.93,1496405671
BeaverCoin,BVC,372,0.00895254,0.00000371,674.824,27889.0,3115258.0,3115258.0,0.05,1.79,-15.13,1496405658
LevoPlus,LVPS,373,0.0555107,0.00002299,4379.15,22840.0,411457.0,91411457.0,88.9,14.9,-51.34,1496405386
PIECoin,PIE,374,0.000313045,0.00000013,517.886,22560.0,72065896.0,72065896.0,-3.46,-2.22,-25.34,1496405385
Marijuanacoin,MAR,375,0.0397262,0.00001645,5925.03,20764.0,522690.0,522690.0,3.36,-23.58,-24.89,1496405384
Kittehcoin,MEOW,376,0.0000008673,0.0000000004,1673.17,20732.0,23905669976.0,23905669976.0,-21.07,25.97,46.96,1496405646
Honey,HONEY,377,0.271484,0.00011242,1001.08,18544.0,68306.0,68306.0,-19.1,-33.04,-67.24,1496405386
Eurocoin,EUC,378,0.00154437,0.00000064,1090.33,18116.0,11730325.0,11730325.0,0.32,-2.76,-19.25,1496405671
AllSafe,ASAFE,379,0.0000180503,0.000000007,4056.71,12816.0,710000000.0,710000000.0,-0.18,127.98,185.4,1496405379
Bitvolt,VOLT,380,0.000796939,0.00000033,593.15,12044.0,15112554.0,60132654.0,22.51,7.17,-12.96,1496405390
Ebittree Coin,EBT,381,0.0118333,0.00000490,620.646,10313.0,871490.0,810871490.0,0.33,-2.63,5.93,1496405390
Beatcoin,XBTS,382,0.00673987,0.00000279,1740.32,10276.0,1524686.0,2524686.0,-0.82,-6.11,7.09,1496405378
BenjiRolls,BENJI,383,0.000434694,0.00000018,4963.97,8235.0,18944536.0,18944536.0,-5.04,-5.68,-27.22,1496405383
Digital Money Bits,DMB,384,0.0152966,0.00000633,17726.8,4713.0,308100.0,10308100.0,0.17,14.43,66.92,1496405392
Environ,ENV,385,0.0000241429,0.000000010,2024.33,3166.0,131129509.0,931129509.0,0.23,-31.87,-95.7,1496405390
Powercoin,PWR,386,0.0000241497,0.00000001,1325.67,1207.0,49983870.0,49983870.0,0.33,-0.46,-2.98,1496405374
Gold Pressed Latinum,GPL,387,0.1775,0.00007350,7945.79,,,204004.0,0.7,-9.22,19.38,1496405391
SnakeEyes,SNAKE,388,0.151963,0.00006293,1225.28,,,10000000.0,-3.47,27.25,30.52,1496405390
Arcade Token,ARC,389,3.74133,0.00167261,,10777041.0,2880537.0,2880537.0,,,25.25,1496180681
Scotcoin,SCOT,390,0.00646326,0.00000268,168.428,6463260.0,1000000000.0,1000000000.0,-0.51,-23.3,3.66,1496405654
Jinn,JINN,391,49.0615,0.0203315,490.615,2880057.0,58703.0,1000000.0,0.27,9.47,21.37,1496405658
XCurrency,XC,392,0.434355,0.00018,354.723,2522224.0,5806825.0,5806825.0,0.32,-1.17,-17.32,1496405653
InstantDEX,DEX,393,2.41543,0.00100097,350.238,2415430.0,1000000.0,1000000.0,0.27,9.47,,1496405658
AsiaCoin,AC,394,0.00248483,0.00000103,114.954,2085859.0,839437360.0,839437360.0,-10.24,-6.82,-31.37,1496405652
NewYorkCoin,NYC,395,0.0000241308,0.00000001,248.065,1441090.0,59719935819.0,59719935819.0,0.32,-0.57,26.27,1496405652
Bitpark Coin,BPC,396,0.0191507,0.00000793,276.522,1436303.0,75000000.0,100000000.0,0.24,14.17,15.62,1496405382
InsaneCoin,INSANE,397,0.0684465,0.00002834,244.471,1255376.0,18340979.0,18340979.0,-5.55,-24.59,40.31,1496405380
Pangea Poker,PANGEA,398,0.941077,0.00038999,11.2929,940467.0,999352.0,1000000.0,0.27,9.47,,1496405660
Devcoin,DVC,399,0.0000621694,0.00000003,45.4403,870578.0,14003327500.0,14003327500.0,-0.63,-7.45,170.13,1496405640
DubaiCoin,DBIC,400,0.1633,0.00006767,256.684,837568.0,5129014.0,6146942.0,2.03,-4.2,0.55,1496405671
ShadowCash,SDC,401,0.123372,0.00005113,395.831,822534.0,6667104.0,6667104.0,0.89,0.23,-24.6,1496405656
Pandacoin,PND,402,0.0000241308,0.00000001,326.101,784611.0,32514916898.0,32514916898.0,0.32,-0.62,-3.01,1496405649
Carboncoin,CARBON,403,0.0000482617,0.00000002,7.44436,742841.0,15391933547.0,15391933547.0,0.32,-0.62,-2.94,1496405656
Ultimate Secure Cash,USC,404,0.0717362,0.00002970,127.757,741976.0,10343113.0,38602656.0,0.24,,-18.64,1496405388
Casino,CASINO,405,0.722128,0.00029902,12.9983,722128.0,1000000.0,1000000.0,-3.47,88.82,9.23,1496405386
Tao,XTO,406,0.0237513,0.00000984,216.672,720057.0,30316534.0,32316534.0,43.39,34.57,9.51,1496405377
Cryptofund,FUND,407,0.5588,0.0002553,,558800.0,1000000.0,1000000.0,,,-24.35,1495948164
SmileyCoin,SMLY,408,0.0000209041,0.000000009,122.9,542676.0,25960250000.0,25960250000.0,-0.19,-4.26,29.29,1496405662
E-Currency Coin ,ECC,409,0.0000241308,0.00000001,1.18794,532340.0,22060603799.0,22060603799.0,0.32,-0.62,-2.94,1496405650
Shorty,SHORTY,410,0.00501117,0.00000210,,501117.0,100000000.0,100000000.0,,-1.63,25.04,1496365479
ReeCoin,REE,411,0.0397024,0.00001644,323.885,491028.0,12367704.0,6662367704.0,0.67,-3.83,-2.88,1496405375
YashCoin,YASH,412,0.047768,0.00001978,246.317,477686.0,10000117.0,10000117.0,1.89,2.75,18.26,1496405383
CasinoCoin,CSC,413,0.0118699,0.00000492,331.115,458192.0,38601187.0,38601187.0,0.4,1.77,-12.34,1496405641
Dashcoin,DSH,414,0.0263482,0.00001092,303.457,455602.0,17291579.0,17291579.0,9.16,-4.84,3.91,1496405659
Colossuscoin V2,CV2,415,0.0000190480,0.000000008,263.931,422660.0,22189225273.0,22189225273.0,-0.03,-6.97,-47.93,1496405662
Happycoin,HPC,416,0.0362969,0.00001503,230.131,412549.0,11365953.0,11365953.0,-19.86,11.71,145.09,1496405389
BitBar,BTB,417,11.8117,0.00489486,369.807,384853.0,32582.0,32582.0,0.21,-0.77,1.55,1496405641
Orbitcoin,ORB,418,0.124532,0.00005161,27.2565,368057.0,2955521.0,2955521.0,0.2,-1.87,-0.94,1496405644
LTBcoin,LTBC,419,0.000742106,0.00000032,,366499.0,493863915.0,493863915.0,,,,1496287754
FuelCoin,FC2,420,0.00359549,0.00000149,3.68109,364627.0,101412454.0,101412454.0,0.32,5.77,,1496405654
CageCoin,CAGE,421,0.0000035412,0.000000001,178.64,358258.0,101168328395,101168328395,-0.15,-25.92,-12.63,1496405651
RussiaCoin,RC,422,0.0426633,0.00001768,0.289496,350541.0,8216446.0,8216446.0,0.32,-0.51,1.39,1496405669
SuperCoin,SUPER,423,0.00844579,0.00000350,84.4497,347592.0,41155630.0,41155630.0,0.32,,,1496405653
HOdlcoin,HODL,424,0.00369202,0.00000153,242.53,342023.0,92638325.0,250000000.0,13.07,37.56,33.53,1496405671
Mineum,MNM,425,0.0361941,0.00001499,322.425,341541.0,9436367.0,9586367.0,0.33,-9.45,-22.22,1496405373
Bitstar,BITS,426,0.014085,0.00000584,81.3181,325078.0,23079737.0,23079737.0,0.32,56.2,32.5,1496405652
Rare Pepe Party,RAREPEPEPRTY,427,16.1275,0.0067095,,290295.0,18000.0,100000.0,,0.08,-7.09,1496315982
HitCoin,HTC,428,0.0000241308,0.00000001,87.7553,265350.0,10996318099.0,20996318099.0,0.32,-0.62,-2.94,1496405673
Veltor,VLT,429,0.458457,0.00018984,373.0,254377.0,554855.0,554855.0,0.24,-0.73,41.43,1496405377
SmartCoin,SMC,430,0.0106793,0.00000443,85.245,244481.0,22893022.0,22893022.0,0.35,13.46,-24.65,1496405649
BTCtalkcoin,TALK,431,0.00357833,0.00000161,,233631.0,65290635.0,65290635.0,,,-17.27,1496191750
Crypto Bullion,CBX,432,0.233663,0.00009683,55.5666,232692.0,995845.0,995845.0,0.32,-11.2,-37.72,1496405654
AgrolifeCoin,AGLC,433,0.0472658,0.00001990,,216083.0,4571652.0,204571652.0,,,93.45,1496301878
VirtualCoin,VC,434,0.0214282,0.00000888,223.363,215660.0,10064287.0,10064287.0,0.32,10.31,-2.72,1496405656
BritCoin,BRIT,435,0.0096282,0.00000399,163.528,204773.0,21268092.0,21268092.0,0.32,80.24,-4.38,1496405655
The Cypherfunks,FUNK,436,0.0000045693,0.000000002,75.4273,201769.0,44157770000.0,44157770000.0,0.79,-3.03,-27.37,1496405664
SwagBucks,BUCKS,437,0.955668,0.00039604,2.60978,196471.0,205585.0,205585.0,0.68,-33.32,-25.01,1496405670
Pesobit,PSB,438,0.00586837,0.00000243,411.653,191720.0,32670004.0,32670004.0,-0.07,-9.73,-9.05,1496405377
42-coin,42,439,4470.79,1.85273,153.283,187773.0,42.0,42.0,0.12,-0.52,14.92,1496405645
Kobocoin,KOBO,440,0.00737904,0.00000306,112.179,182264.0,24700248.0,24700248.0,0.55,-36.61,-63.15,1496405661
BillaryCoin,BLRY,441,0.0202374,0.00000838,25.4767,181796.0,8983158.0,8983158.0,0.29,15.21,-15.35,1496405372
Bitz,BITZ,442,0.0892373,0.00003720,,177662.0,1990891.0,1990891.0,,-1.21,-5.31,1496351362
Tristar Coin,TSTR,443,0.0343849,0.00001500,,172882.0,5027857.0,255027857.0,,,26.06,1496271895
NetCoin,NET,444,0.00021847,0.00000009,87.5472,171964.0,787126712.0,787126712.0,0.32,0.99,-19.17,1496405646
Zero,ZER,445,0.229422,0.00009500,258.478,170759.0,744300.0,744300.0,0.29,-4.31,-14.57,1496405387
Crave,CRAVE,446,0.124394,0.00005155,27.1001,155455.0,1249695.0,1249695.0,0.32,-23.17,57.23,1496405663
Titcoin,TIT,447,0.00305475,0.00000127,111.013,152427.0,49898202.0,49898202.0,-3.75,2.35,-29.19,1496405656
Vault Coin,VLTC,448,0.00486818,0.00000202,61.0017,144705.0,29724660.0,529724660.0,-6.35,-18.2,-30.62,1496405381
Truckcoin,TRK,449,0.001134,0.00000047,27.235,139521.0,123034420.0,123034420.0,0.32,29.29,64.25,1496405656
Stress,STS,450,0.000241308,0.00000010,1.02315,136371.0,565134332.0,565134332.0,0.32,,,1496405672
Coin(O),CNO,451,0.00130299,0.00000054,256.303,134354.0,103111982.0,103111982.0,-21.21,14.22,44.23,1496405650
HoboNickels,HBN,452,0.00272678,0.00000113,217.033,132423.0,48563800.0,48563800.0,0.32,2.45,91.66,1496405644
BERNcash,BERN,453,0.00185831,0.00000077,470.548,132375.0,71234301.0,71234301.0,5.98,6.77,4.65,1496405674
PipCoin,PIP,454,0.0198027,0.00000820,318.593,130167.0,6573177.0,6999979.0,-3.07,0.04,-11.66,1496405378
TEKcoin,TEK,455,0.0000918847,0.00000004,454.21,129930.0,1414054562.0,1414054562.0,0.32,-6.27,80.24,1496405653
PureVidz,VIDZ,456,0.000990751,0.00000041,241.257,124027.0,125184355.0,125184355.0,0.33,-32.69,1.2,1496405384
Cannacoin,CCN,457,0.0257959,0.00001069,70.5391,121181.0,4697672.0,4697672.0,0.32,-4.24,14.07,1496405652
Bitcurrency,BTCR,458,0.000712122,0.00000029,107.809,119793.0,168219244.0,168219244.0,0.24,-1.87,27.84,1496405380
MetalCoin,METAL,459,0.00154437,0.00000064,5.84441,118801.0,76925527.0,76925527.0,0.32,-19.49,-17.18,1496405661
BitcoinTX,BTX,460,0.00142372,0.00000059,58.6548,115409.0,81061616.0,81061616.0,0.32,-41.37,-70.79,1496405664
Xiaomicoin,MI,461,0.000281668,0.00000012,298.171,114397.0,406141855.0,406141855.0,0.27,18.89,36.16,1496405666
GAIA,GAIA,462,0.00466575,0.00000198,,112451.0,24101381.0,24101381.0,,-2.95,-13.52,1496340859
Digital Rupees,DRS,463,0.000217347,0.00000009,189.875,111021.0,510802961.0,510802961.0,12.77,33.67,100.56,1496405383
C-Bit,XCT,464,0.000772187,0.00000032,10.1836,101765.0,131788250.0,131788250.0,-2.72,-0.62,0.1,1496405671
Coin2.1,C2,465,0.00101349,0.00000042,445.568,101325.0,99976323.0,99976323.0,0.32,20.25,-11.16,1496405654
Pakcoin,PAK,466,0.00273535,0.00000113,226.927,100205.0,36633200.0,36633200.0,0.32,-2.79,-20.79,1496405668
LottoCoin,LOT,467,0.0000068850,0.000000003,12.1939,99770.0,14491014421.0,14491014421.0,-0.0,-30.99,-30.28,1496405645
BigUp,BIGUP,468,0.0000482617,0.00000002,150.841,99144.0,2054305685.0,2054305685.0,100.64,87.04,75.89,1496405671
Swing,SWING,469,0.0434611,0.00001801,9.4429,98974.0,2277305.0,2277305.0,0.32,-27.51,-14.62,1496405672
Sterlingcoin,SLG,470,0.0254282,0.00001054,82.3731,98691.0,3881156.0,3881156.0,0.16,-0.1,-16.57,1496405658
Dollarcoin,DLC,471,0.0106983,0.00000443,10.5335,97426.0,9106714.0,9106714.0,0.24,8.88,,1496405377
HyperStake,HYP,472,0.000251734,0.00000010,99.2468,97118.0,385796097.0,385796097.0,0.45,-0.12,6.46,1496405657
GlobalBoost-Y,BSTY,473,0.00822242,0.00000341,130.808,93723.0,11398430.0,11398430.0,0.38,-2.95,1.04,1496405659
FlutterCoin,FLT,474,0.00028857,0.00000012,10.5406,92981.0,322214524.0,322214524.0,0.29,-0.98,-25.4,1496405650
TittieCoin,TTC,475,0.0000723236,0.00000003,96.4988,91114.0,1259816434.0,1259816434.0,0.32,9.74,3.72,1496405659
WayGuide,WAY,476,0.000869388,0.00000036,2.69423,86974.0,100040708.0,100040708.0,0.24,0.19,5.84,1496405376
PayCoin,XPY,477,0.00739712,0.00000307,2.06802,86566.0,11702698.0,11752698.0,0.32,1.55,-59.24,1496405662
BunnyCoin,BUN,478,0.0000008404,0.0000000003,142.481,85223.0,101411059820,101411059820,0.26,-2.21,1.37,1496405657
Elementrem,ELE,479,0.00330616,0.00000137,129.303,82712.0,25017569.0,25017569.0,0.29,12.74,-17.74,1496405376
KiloCoin,KLC,480,0.000410224,0.00000017,4.10224,80526.0,196297971.0,10025186872.0,0.32,5.59,10.0,1496405671
CorgiCoin,CORG,481,0.0000606758,0.00000003,6.39589,75957.0,1251855418.0,1251855418.0,-0.02,-0.39,-65.0,1496405648
GameUnits,UNITS,482,0.0218761,0.00000906,133.66,75825.0,3466124.0,3466124.0,0.24,-28.3,-28.47,1496405382
UFO Coin,UFO,483,0.0000229521,0.00000001,,75438.0,3286765012.0,3286765012.0,,,-7.69,1496273048
Triangles,TRI,484,1.00169,0.00041511,10.4935,73015.0,72891.0,72891.0,0.32,-15.61,-23.42,1496405656
Darsek,KED,485,0.00724486,0.00000300,26.2545,71422.0,9858231.0,9858231.0,0.33,-7.02,-30.28,1496405389
CCMiner,CCM100,486,0.0291769,0.00001208,27.3679,70502.0,2416354.0,6000000.0,-2.49,32.65,-1.57,1496405385
Artex Coin,ATX,487,0.00373703,0.00000155,69.7604,69864.0,18695075.0,268695075.0,0.24,4.55,49.62,1496405376
Blakecoin,BLC,488,0.00583854,0.00000242,211.513,69542.0,11910789.0,11910789.0,0.3,-0.73,-2.53,1496405647
Valorbit,VAL,489,0.0000241308,0.00000001,12.3067,69312.0,2872325574.0,922340072325574,0.32,-0.62,-2.94,1496405673
SproutsExtreme,SPEX,490,0.0000241308,0.00000001,12.3067,69174.0,2866607586.0,2866607586.0,0.32,-0.62,-1.5,1496405671
NoLimitCoin,NLC2,491,0.000338095,0.00000014,31.5329,67774.0,200458686.0,200458686.0,0.24,-7.08,-34.91,1496405376
Guncoin,GUN,492,0.000361934,0.00000015,38.8531,65905.0,182090428.0,182090428.0,0.32,-0.61,32.01,1496405656
HempCoin,HMP,493,0.0000482617,0.00000002,124.032,65473.0,1356620570.0,2856620570.0,0.32,-0.62,94.11,1496405670
AmberCoin,AMBER,494,0.0014952,0.00000063,,65255.0,43643263.0,43643263.0,,-2.26,-17.62,1496347159
Yacoin,YAC,495,0.000555009,0.00000023,4.43037,64443.0,116111243.0,116111243.0,0.25,0.33,-7.09,1496405640
Debitcoin,DBTC,496,0.00355,0.00000147,34.2205,63872.0,17992009.0,25992009.0,0.28,6.17,7.31,1496405374
ChessCoin,CHESS,497,0.00116552,0.00000048,27.9993,62898.0,53965681.0,53965681.0,-0.52,-3.71,44.8,1496405374
Ratecoin,XRA,498,0.000580475,0.00000024,156.507,61580.0,106084940.0,106084940.0,3.04,-18.94,-29.33,1496405664
Bitcloud,BTD,499,0.00536122,0.00000222,45.5316,59716.0,11138491.0,11138491.0,0.24,2.8,64.42,1496405376
Jin Coin,JIN,500,0.00603741,0.00000250,0.301871,59459.0,9848485.0,9848485.0,0.28,-7.43,,1496405377
Chronos,CRX,501,0.000781135,0.00000032,291.24,57593.0,73729962.0,73729962.0,0.23,9.35,9.14,1496405374
RevolverCoin,XRE,502,0.00260816,0.00000108,193.38,56840.0,21793238.0,21793238.0,0.24,29.1,-1.89,1496405373
Nyancoin,NYAN,503,0.000181013,0.00000008,72.3167,53922.0,297891209.0,297891209.0,0.42,-6.74,-1.19,1496405647
KushCoin,KUSH,504,0.00985306,0.00000408,30.6332,53143.0,5393594.0,5393594.0,0.24,-9.33,-20.36,1496405384
AquariusCoin,ARCO,505,0.0422336,0.00001749,140.178,51608.0,1221962.0,1221962.0,-0.9,0.04,-5.82,1496405372
Zayedcoin,ZYD,506,0.00796939,0.00000330,32.4207,49760.0,6243840.0,6243840.0,0.33,-1.93,-19.76,1496405378
DigiCube,CUBE,507,0.0000200891,0.000000008,0.00375296,48799.0,2429126009.0,2429126009.0,0.64,,-19.2,1496405668
Lex4All,LEX,508,0.0486281,0.00002014,225.245,48630.0,1000043.0,5000000.0,-3.47,62.96,-8.37,1496405386
RedCoin,RED,509,0.000651532,0.00000027,18.4015,48284.0,74107896.0,74107896.0,8.35,4.31,-34.68,1496405647
SatoshiMadness,MAD,510,0.0000241308,0.00000001,130.548,48278.0,2000683485.0,2000683485.0,0.27,-0.62,-2.94,1496405667
Aricoin,ARI,511,0.000339659,0.00000014,15.3922,47641.0,140262505.0,140262505.0,0.3,-2.59,4.02,1496405649
AurumCoin,AU,512,0.159818,0.00006623,130.386,47341.0,296216.0,296216.0,0.03,-23.22,-28.82,1496405659
Sativacoin,STV,513,0.00657363,0.00000274,,46521.0,7076849.0,7076849.0,,-1.2,9.61,1496351959
Eternity,ENT,514,0.0149793,0.00000620,295.01,45886.0,3063279.0,3063279.0,0.25,-14.56,-38.7,1496405381
MarteXcoin,MXT,515,0.0167621,0.00000694,0.122833,45730.0,2728161.0,2728161.0,-2.0,9.03,-42.28,1496405372
Francs,FRN,516,0.0266526,0.00001105,41.8549,45685.0,1714100.0,1714100.0,-1.16,-9.36,15.55,1496405670
Tigercoin,TGC,517,0.00103763,0.00000043,11.0447,45175.0,43536800.0,43536800.0,0.32,6.83,39.11,1496405646
808Coin,808,518,0.00021741,0.00000009,279.08,44785.0,205995371.0,205995371.0,0.23,5.62,36.13,1496405375
AmsterdamCoin,AMS,519,0.00459366,0.00000190,119.04,44116.0,9603707.0,16803707.0,0.32,-4.48,18.1,1496405666
ICOBID,ICOB,520,0.000413304,0.00000017,132.256,42927.0,103862796.0,103862796.0,0.41,-13.88,2.56,1496405384
Evotion,EVO,521,0.017305,0.00000717,154.935,42730.0,2469220.0,2469220.0,-0.33,-4.15,-57.93,1496405669
UniCoin,UNIC,522,0.0140762,0.00000583,106.113,40983.0,2911487.0,2911487.0,0.32,-2.99,5.91,1496405664
Joulecoin,XJO,523,0.00126884,0.00000053,37.6679,40928.0,32256240.0,32256240.0,0.27,-6.06,1.91,1496405644
UCoin,U,524,0.0149611,0.00000620,5.95754,40243.0,2689812.0,2689812.0,0.32,-0.62,-3.33,1496405660
MiloCoin,MILO,525,0.00388809,0.00000161,97.7755,40007.0,10289734.0,10289734.0,-12.29,6.51,52.07,1496405386
BTCDragon,DRAGON,526,0.0972562,0.00004027,106.982,39306.0,404146.0,1000000.0,-3.47,-45.02,-32.37,1496405384
BurstOcean,OCEAN,527,0.183571,0.00007601,12.727,38885.0,211827.0,1000000.0,-3.28,7.24,28.15,1496405387
OctoCoin,888,528,0.000769542,0.00000032,120.896,37222.0,48368508.0,48368508.0,0.3,-32.62,31.32,1496405652
Franko,FRK,529,0.0572383,0.00002372,2.12315,36458.0,636950.0,636950.0,0.32,,-49.92,1496405653
SpaceCoin,SPACE,530,0.00202068,0.00000084,3.67857,35955.0,17793275.0,17793275.0,0.28,-8.6,1.8,1496405667
Universe,UNI,531,0.0120507,0.00000499,155.926,35813.0,2971872.0,14171872.0,0.49,6.1,0.51,1496405387
WMCoin,WMC,532,0.00308875,0.00000128,0.478128,35606.0,11527489.0,911527489.0,0.32,5.25,,1496405674
Cypher,CYP,533,0.00545357,0.00000226,246.762,34714.0,6365285.0,6365285.0,0.32,9.56,,1496405663
PopularCoin,POP,534,0.0000103807,0.000000004,33.7714,34699.0,3342673809.0,3342673809.0,-0.11,2.44,-0.74,1496405652
Photon,PHO,535,0.0000019093,0.0000000008,39.0409,34056.0,17837509264.0,17837509264.0,-0.66,55.4,33.41,1496405649
Dobbscoin,BOB,536,0.00661185,0.00000274,3.56861,33458.0,5060382.0,5060382.0,0.32,-1.42,-0.45,1496405658
Hexx,HXX,537,0.023961,0.00000993,375.984,32421.0,1353064.0,1353064.0,2.88,1.5,-30.78,1496405664
Evil Coin,EVIL,538,0.00151723,0.00000063,0.929891,31893.0,21020383.0,21020383.0,0.33,-4.45,-3.2,1496405671
CryptoWorldX Token,CWXT,539,0.000579592,0.00000024,5.83903,31694.0,54683850.0,54683850.0,0.29,13.78,-7.71,1496405384
Bolivarcoin,BOLI,540,0.00485719,0.00000201,439.173,31489.0,6483050.0,6483050.0,0.69,-15.01,-4.58,1496405667
Uro,URO,541,0.0259889,0.00001077,59.8768,31377.0,1207310.0,1207310.0,0.32,-2.61,-11.42,1496405654
FlavorCoin,FLVR,542,0.00146659,0.00000061,8.59792,30649.0,20898106.0,20898106.0,-0.86,4.6,52.98,1496405670
RonPaulCoin,RPC,543,0.0387402,0.00001605,19.6002,30568.0,789048.0,789048.0,0.33,-14.9,-4.88,1496405646
Creatio,XCRE,544,0.00148253,0.00000061,180.931,30422.0,20520514.0,20520514.0,0.33,1.85,45.5,1496405381
Dreamcoin,DRM,545,0.0120275,0.00000503,,29311.0,2436996.0,2436996.0,,-1.52,,1496330352
Solarflarecoin,SFC,546,0.00212517,0.00000088,94.5218,29155.0,13718750.0,13718750.0,0.29,-1.56,-22.66,1496405384
SixEleven,611,547,0.0697925,0.00002890,9.05489,28760.0,412078.0,412078.0,0.29,-21.18,-65.4,1496405372
NeuCoin,NEU,548,0.0000144089,0.000000006,0.0645993,28685.0,1990764588.0,2014638413.0,-1.1,10.58,-70.73,1496405667
Zurcoin,ZUR,549,0.000361962,0.00000015,23.5229,28587.0,78978732.0,78978732.0,0.32,6.48,7.03,1496405674
Hommalicoin,HMC,550,11.7946,0.00496011,,28528.0,2419.0,1000000000.0,,,101.36,1496299177
Bitzeny,ZNY,551,0.000361962,0.00000015,55.8726,27370.0,75614500.0,75614500.0,0.32,-0.62,9.75,1496405664
PayCon,CON,552,0.00118626,0.00000049,63.1669,27335.0,23042604.0,23042604.0,4.03,-8.51,-17.74,1496405661
Unrealcoin,URC,553,0.00381267,0.00000158,20.0749,26782.0,7024402.0,7024402.0,0.32,,15.91,1496405662
HealthyWormCoin,WORM,554,0.00169048,0.00000070,41.3461,26555.0,15708639.0,15708639.0,0.24,-0.44,-40.94,1496405387
BumbaCoin,BUMBA,555,0.00120654,0.00000050,2.29821,26478.0,21945160.0,21945160.0,0.32,-0.62,-21.73,1496405673
GoldPieces,GP,556,0.0216448,0.00000897,367.813,26410.0,1220161.0,1220161.0,0.89,-8.55,-33.0,1496405661
PX,PX,557,0.000338095,0.00000014,98.3176,25966.0,76799636.0,76799636.0,-43.87,-30.31,-16.79,1496405375
BipCoin,BIP,558,0.0193197,0.00000800,105.938,25964.0,1343889.0,1343889.0,50.87,40.8,-11.19,1496405380
Grantcoin,GRT,559,0.000603271,0.00000025,154.231,24932.0,41327898.0,10041327898.0,0.32,,-2.29,1496405665
Cannation,CNNC,560,0.010041,0.00000416,120.38,24644.0,2454290.0,2454290.0,0.24,-9.04,-17.24,1496405391
Universal Currency,UNIT,561,0.00186932,0.00000077,64.3206,24388.0,13046431.0,13046431.0,-40.9,-29.18,-72.05,1496405663
CryptoEscudo,CESC,562,0.000168916,0.00000007,32.5271,24342.0,144105100.0,594105100.0,0.32,-0.62,-2.94,1496405651
X-Coin,XCO,563,0.00193047,0.00000080,11.4637,23909.0,12384976.0,12384976.0,0.32,-0.62,-11.58,1496405662
Theresa May Coin,MAY,564,0.00152143,0.00000063,46.9531,23244.0,15277950.0,15277950.0,0.24,-11.16,,1496405393
ARbit,ARB,565,0.00357811,0.00000149,,23151.0,6470145.0,6470145.0,,-1.1,10.7,1496362165
PlatinumBAR,XPTX,566,0.1324,0.00005562,,23097.0,174448.0,174448.0,,-1.87,-15.71,1496364572
B3Coin,B3,567,0.0741394,0.00003070,68.0205,22780.0,307261.0,307261.0,0.24,9.05,23.19,1496405376
Litecred,LTCR,568,0.000744608,0.00000031,143.569,22508.0,30227750.0,30227750.0,0.32,-18.5,112.3,1496405671
AntiBitcoin,ANTI,569,0.00127893,0.00000053,206.989,22337.0,17465159.0,17465159.0,,-9.19,9.41,1496405669
SoonCoin,SOON,570,0.00178568,0.00000074,41.133,22254.0,12462620.0,12462620.0,0.32,-17.37,-27.37,1496405661
LeaCoin,LEA,571,0.0000802298,0.00000003,24.2244,22161.0,276223889.0,276223889.0,0.24,58.39,-34.16,1496405663
ParallelCoin,DUO,572,0.0758789,0.00003144,288.307,21814.0,287489.0,287489.0,0.34,-0.0,-22.33,1496405668
BiosCrypto,BIOS,573,0.00103763,0.00000043,0.265415,21517.0,20737003.0,20737003.0,0.32,-13.24,14.21,1496405667
Ride My Car,RIDE,574,0.000204942,0.00000008,46.9029,20719.0,101097405.0,101097405.0,0.28,-8.67,-28.38,1496405385
CoExistCoin,COXST,575,0.000749652,0.00000031,14.4282,20345.0,27138905.0,27138905.0,-0.29,-50.77,-71.18,1496405674
Flaxscript,FLAX,576,0.00361962,0.00000150,1.72845,19894.0,5496193.0,5496193.0,-0.01,-3.83,13.75,1496405666
MindCoin,MND,577,0.0015685,0.00000065,15.9614,19679.0,12546625.0,12546625.0,0.32,-3.59,0.16,1496405671
DAPPSTER,DLISK,578,0.000193197,0.00000008,0.241497,19320.0,100000000.0,100000000.0,0.24,-0.46,-17.94,1496405374
PLNcoin,PLNC,579,0.00111002,0.00000046,1.17775,18970.0,17089600.0,19089600.0,0.32,1.59,5.5,1496405653
IslaCoin,ISL,580,0.0125239,0.00000519,19.1315,18957.0,1513704.0,1513704.0,0.32,1.33,-15.81,1496405667
Magnum,MGM,581,0.00516496,0.00000225,,18734.0,3627215.0,253627215.0,,,-40.74,1496272491
Destiny,DES,582,0.0117035,0.00000485,202.833,18726.0,1600000.0,1600000.0,0.32,-24.1,-3.14,1496405671
Luna Coin,LUNA,583,0.0152333,0.00000631,222.749,18697.0,1227386.0,1227386.0,2.67,0.82,-2.13,1496405382
SongCoin,SONG,584,0.000573403,0.00000024,31.1398,18673.0,32565300.0,32565300.0,-1.31,5.41,-19.93,1496405662
Impact,IMX,585,0.000169048,0.00000007,53.1292,18479.0,109314611.0,109314611.0,0.24,-16.04,-25.27,1496405387
VIP Tokens,VIP,586,0.000217177,0.00000009,2.65449,18124.0,83450403.0,83450403.0,0.32,-10.56,-13.91,1496405671
Alexium,AUM,587,0.000892841,0.00000037,1.23617,18122.0,20297336.0,20297336.0,0.32,-2.99,6.94,1496405667
SecretCoin,SCRT,588,0.00427116,0.00000177,0.427116,18061.0,4228672.0,4228672.0,0.32,1.09,26.02,1496405669
Vector,VEC2,589,0.00108589,0.00000045,105.113,17203.0,15842264.0,15842264.0,2.6,-49.75,-44.01,1496405667
GameBet Coin,GBT,590,0.000796317,0.00000033,0.663574,16932.0,21262780.0,22262780.0,0.32,,-6.36,1496405673
Halcyon,HAL,591,0.00361962,0.00000150,15.3383,16829.0,4649279.0,4649279.0,0.32,-1.44,-26.29,1496405657
Steps,STEPS,592,0.000892841,0.00000037,0.44642,16629.0,18625017.0,18625017.0,0.32,-0.22,-1.99,1496405667
Sling,SLING,593,0.01513,0.00000627,0.561018,16251.0,1074095.0,1074095.0,0.32,-0.46,3.42,1496405663
Shilling,SH,594,0.00502369,0.00000208,179.651,16186.0,3222000.0,3222000.0,32.53,126.03,170.33,1496405377
Orlycoin,ORLY,595,0.000434355,0.00000018,0.265415,15918.0,36646779.0,36646779.0,0.32,5.22,11.98,1496405674
AnarchistsPrime,ACP,596,0.00346755,0.00000144,21.5796,15239.0,4394874.0,4394874.0,0.55,1.96,7.21,1496405666
Blackstar,BSTAR,597,0.0000241497,0.00000001,103.778,15234.0,630795971.0,630795971.0,0.29,-0.46,-2.98,1496405381
VapersCoin,VPRC,598,0.0000194519,0.000000008,46.6165,15175.0,780124964.0,1635124964.0,0.38,215.88,-4.01,1496405376
BowsCoin,BSC,599,0.00270265,0.00000112,2.08288,15000.0,5550102.0,5550102.0,0.32,,55.29,1496405665
Prototanium,PR,600,0.0765248,0.00003171,30.0836,14881.0,194462.0,194462.0,-2.04,-21.21,-27.8,1496405668
MustangCoin,MST,601,0.0233821,0.00000968,39.6344,14701.0,628712.0,628712.0,0.22,-4.67,-48.17,1496405377
FuzzBalls,FUZZ,602,0.00297513,0.00000123,430.399,14370.0,4829945.0,4829945.0,1.29,0.13,-4.89,1496405674
Sprouts,SPRTS,603,0.0000000821,0.00000000003,37.8724,14357.0,174804566340,174804566340,1.58,29.96,-67.33,1496405665
BitQuark,BTQ,604,0.00200286,0.00000083,36.0053,14332.0,7155671.0,7155671.0,0.32,7.12,-49.05,1496405654
Firecoin,FIRE,605,0.144978,0.00006008,2.6278,14268.0,98412.0,98412.0,0.32,-0.56,-53.56,1496405656
GuccioneCoin,GCC,606,0.000699794,0.00000029,2.46036,14196.0,20285537.0,23775537.0,0.32,-9.94,-15.75,1496405666
OsmiumCoin,OS76,607,0.0158781,0.00000658,3.74023,14195.0,894026.0,894026.0,6.99,48.28,10.49,1496405668
Crypto,CTO,608,0.00142372,0.00000059,154.726,14127.0,9922670.0,9922670.0,0.32,-8.39,-34.09,1496405663
BlazeCoin,BLZ,609,0.0000222615,0.000000009,2.76622,13547.0,608557394.0,608557394.0,-0.19,-1.47,15.3,1496405655
BitTokens,BXT,610,0.0253571,0.00001050,6.05545,13167.0,519267.0,519267.0,0.24,-23.57,135.43,1496405375
GPU Coin,GPU,611,0.000324369,0.00000013,210.743,13129.0,40477042.0,51530001.0,-0.94,2.51,12.72,1496405373
Money,$$$,612,0.000283428,0.00000012,97.3357,13006.0,45887218.0,45887218.0,19.02,19.25,-22.17,1496405668
Speedcash,SCS,613,0.0497483,0.00002060,11.3401,12985.0,261021.0,476108.0,0.24,-0.44,12.78,1496405390
JobsCoin,JOBS,614,0.000120748,0.00000005,130.65,12802.0,106019270.0,200019300.0,0.24,-0.44,24.16,1496405378
TajCoin,TAJ,615,0.00219346,0.00000091,54.9004,12657.0,5770463.0,5770463.0,-0.0,20.99,39.61,1496405376
Solaris,XLR,616,0.072472,0.00003001,344.597,12244.0,168946.0,268946.0,0.14,-0.52,-39.3,1496405388
TAGRcoin,TAGR,617,0.000313701,0.00000013,2.99763,12131.0,38669634.0,38669634.0,0.32,-18.87,-19.11,1496405665
Metal Music Coin,MTLMC3,618,0.000147751,0.00000006,15.4677,11779.0,79719140.0,79719140.0,0.32,-14.69,5.43,1496405664
WARP,WARP,619,0.01069,0.00000443,1.44314,11708.0,1095224.0,1095224.0,0.32,2.62,2.62,1496405670
Bitcoin 21,XBTC21,620,0.0145198,0.00000655,,11516.0,793108.0,7093108.0,,,-41.71,1496220571
Cabbage,CAB,621,0.00106176,0.00000044,61.9561,11148.0,10499996.0,10499996.0,0.32,2.92,-9.88,1496405672
Comet,CMT,622,0.0124901,0.00000517,2.1396,10902.0,872830.0,872830.0,0.28,-53.15,1.56,1496405374
Iconic,ICON,623,0.0182906,0.00000750,,10844.0,592894.0,592894.0,,0.56,-13.55,1496321984
Abncoin,ABN,624,0.158651,0.00006569,76.5438,10741.0,67700.0,4734367.0,0.24,124.14,-18.34,1496405382
Zonecoin,ZNE,625,0.0036949,0.00000153,1.7913,9540.0,2581970.0,2581970.0,0.24,0.2,21.46,1496405376
G3N,G3N,626,0.0012548,0.00000052,2.50891,9489.0,7561891.0,7561891.0,0.32,-2.5,-6.54,1496405669
LetItRide,LIR,627,0.000265646,0.00000011,121.787,9368.0,35266663.0,35266663.0,0.24,56.44,-14.7,1496405374
Xonecoin,XOC,628,0.0222418,0.00000921,0.507119,9342.0,420000.0,420000.0,0.24,20.63,-0.72,1496405376
High Voltage,HVCO,629,0.00611441,0.00000256,,9136.0,1494171.0,1694171.0,,-1.55,80.83,1496333672
1CRedit,1CR,630,0.102374,0.00004246,,9031.0,88213.0,88213.0,,-0.7,-31.37,1496373868
Scorecoin,SCORE,631,0.000539804,0.00000022,21.1718,8989.0,16651760.0,16651760.0,-1.91,-32.86,-54.73,1496405388
Cashcoin,CASH,632,0.000244984,0.00000011,,8778.0,35831128.0,35831128.0,,,-17.94,1496155747
EGO,EGO,633,0.000144898,0.00000006,10.1951,8694.0,60000001.0,60000001.0,0.28,-0.44,-16.84,1496405378
iBank,IBANK,634,0.00188531,0.00000079,,8534.0,4526324.0,4526324.0,,-1.62,0.99,1496357683
JIO Token,JIO,635,0.00446769,0.00000185,128.014,8525.0,1908128.0,8888888.0,0.28,27.9,63.17,1496405382
Elysium,ELS,636,0.00197933,0.00000082,5.2235,7927.0,4005012.0,4005012.0,-0.13,105.5,46.06,1496405384
DPAY,DPAY,637,0.0000965986,0.00000004,0.48309,7684.0,79541001.0,79541001.0,0.24,-14.63,,1496405379
Hirocoin,HIRO,638,0.0000241308,0.00000001,2.41308,7517.0,311491007.0,311491007.0,0.27,-0.62,-34.77,1496405651
Qibuck Asset,QBK,639,0.00510595,0.00000211,2.04238,7435.0,1456187.0,2000000.0,22.64,61.83,-7.32,1496405392
ImpulseCoin,IMPS,640,0.000362245,0.00000015,0.265622,7334.0,20245510.0,20245510.0,0.24,35.74,17.89,1496405379
PosEx,PEX,641,0.00282331,0.00000117,10.7854,6926.0,2453240.0,2453240.0,0.32,-1.46,-9.88,1496405673
Dix Asset,DIX,642,0.0000000686,0.00000000003,31.5747,6864.0,100000000000,100000000000,-0.41,8.78,-28.61,1496405382
SydPak,SDP,643,0.0404674,0.00001677,125.512,6415.0,158534.0,158534.0,0.32,19.36,13.92,1496405666
Argus,ARGUS,644,0.00526533,0.00000218,335.26,6046.0,1148324.0,5194373.0,0.61,-21.43,-8.92,1496405386
Printerium,PRX,645,0.000636079,0.00000026,82.9206,5772.0,9074428.0,9074428.0,1.81,-11.25,-5.35,1496405384
Concoin,CONX,646,0.00835554,0.00000346,112.323,5747.0,687849.0,1538849.0,-2.33,16.33,59.07,1496405389
Future Digital Currency,FDC,647,0.00217347,0.00000090,60.3741,5602.0,2577401.0,1002577401.0,0.24,-46.05,-24.98,1496405383
Coinonat,CXT,648,0.00256082,0.00000106,151.164,5456.0,2130702.0,8130702.0,0.23,2.15,-17.84,1496405389
Save and Gain,SANDG,649,0.00141989,0.00000064,,4352.0,3064800.0,3064800.0,,,-0.29,1496226272
BioBar,BIOB,650,0.00458843,0.00000190,75.5626,4064.0,885756.0,985756.0,-21.95,-17.6,-8.97,1496405386
GeertCoin,GEERT,651,0.000766298,0.00000032,16.6668,3899.0,5088039.0,5088039.0,0.17,53.3,-38.3,1496405385
Antilitecoin,ALTC,652,0.000120654,0.00000005,8.36804,3802.0,31512613.0,31512613.0,-28.34,-17.18,-34.64,1496405671
NodeCoin,NODC,653,0.00221639,0.00000097,,3720.0,1678439.0,5878439.0,,,16.75,1496270080
Revenu,REV,654,0.00275091,0.00000114,29.9294,3289.0,1195525.0,1195525.0,0.32,-2.33,-8.56,1496405672
Selfiecoin,SLFI,655,0.0000241308,0.00000001,0.723925,2602.0,107829281.0,107829281.0,0.32,-0.62,-2.94,1496405663
Pulse,PULSE,656,0.000178574,0.00000007,130.056,2553.0,14298972.0,14298972.0,-0.23,-62.5,-82.27,1496405673
Californium,CF,657,0.019546,0.00000810,194.624,2172.0,111110.0,111110.0,0.82,-0.62,-4.12,1496405663
Doubloon,BOAT,658,0.000503326,0.00000021,117.993,1786.0,3547845.0,18547845.0,-35.67,-16.93,-37.77,1496405384
P7Coin,P7C,659,0.0000482617,0.00000002,0.964799,1700.0,35220238.0,35220238.0,0.32,-33.78,0.13,1496405663
Enigma,XNG,660,0.0801144,0.00003320,53.3866,1332.0,16627.0,66627.0,0.32,-39.51,-9.35,1496405674
GanjaCoin,420G,661,0.0018822,0.00000078,28.1558,1267.0,672975.0,1741116.0,0.32,-74.17,-94.52,1496405659
Dollar Online,DOLLAR,662,0.0142966,0.00000592,61.1882,1264.0,88379.0,10088379.0,0.24,-10.19,24.07,1496405381
Impeachcoin,IMPCH,663,0.00371905,0.00000154,6.61423,1146.0,308179.0,2501512.0,0.24,-14.82,-50.15,1496405384
23 Skidoo,CHAO,664,3643.82,1.51003,140.339,920.0,0.0,0.0,0.32,-0.62,-68.39,1496405665
Digital Credits,DGCS,665,0.000120654,0.00000005,196.438,703.0,5826388.0,201284316.0,0.32,2.82,-41.16,1496405668
Zcashshare,ZHS,666,0.000217347,0.00000009,2.16579,614.0,2826000.0,2826000.0,0.24,-0.44,,1496405380
CRTCoin,CRT,667,0.00482617,0.00000200,0.0000000241,383.0,79270.0,10079270.0,0.32,-0.62,-2.94,1496405652
SwapToken,TOKEN,668,0.0000101216,0.000000004,51.2173,355.0,35110531.0,35110531.0,-1.88,-50.26,158.7,1496405374
PizzaCoin,PIZZA,669,0.000217347,0.00000009,42.0838,299.0,1377917.0,10127917.0,0.29,27.98,24.74,1496405376
Xenixcoin,XEN,670,0.0265646,0.00001100,36.2245,268.0,10100.0,10010100.0,0.29,68.46,-62.31,1496405381
CaliphCoin,CALC,671,0.000894986,0.00000037,12.0748,78.0,87140.0,148587140.0,0.33,11.17,-55.51,1496405379
MikeTheMug,MUG,672,0.0000051456,0.000000002,,5.0,999279.0,1000000.0,,,,1496047185
BTCGold,XBG,673,0.13659,0.00005656,27.7105,,,99000001.0,0.24,81.64,-46.72,1496405390
Soarcoin,SOAR,674,0.0192696,0.00000798,314.317,,,5000000000.0,0.18,56.82,11.39,1496405387
Project-X,NANOX,675,452806.0,187.5,2833.23,,,1.0,50.36,-28.52,,1496405392
Internet of Things,XOT,676,1213.68,0.502565,1538.04,,,21000000.0,0.05,18.77,38.35,1496405389
AMIS,AMIS,677,277.548,0.115061,,,,,,-4.52,-41.96,1496391890
Bitcoin Unlimited (Futures),BTU,678,122.266,0.0506285,283.223,,,,-19.54,-22.08,-34.97,1496405387
Malcoin,MALC,679,31.4763,0.0130339,42502.8,,,1000000000.0,0.24,-0.44,-2.85,1496405390
GoldUnionCoin,GUC,680,22.4763,0.0093071,24378.1,,,210000000.0,2.52,9.62,1.75,1496405390
Qtum (Pre-Launch),QTUM,681,10.1473,0.00420183,38137800.0,,,100000000.0,-2.89,32.1,103.26,1496405391
ZenCash,ZEN,682,8.4524,0.00350001,11636.6,,,1389788.0,0.08,,,1496405393
Fargocoin,FRGC,683,7.20633,0.00298403,567309.0,,,443828010.0,0.11,0.95,3.61,1496405381
EcoCoin,ECO,684,4.06962,0.00168517,104770.0,,,1093895.0,1.47,16.58,-0.45,1496405392
Internet of People,IOP,685,3.32275,0.0013759,942.484,,,2139403.0,-3.9,-9.67,19.97,1496405381
DECENT (Pre-Launch),DCT,686,1.97626,0.00081834,7818.01,,,73290000.0,-10.48,-29.96,-53.3,1496405382
PRIZM,PZM,687,1.12318,0.00046509,34079.4,,,,4.5,25.14,7.14,1496405391
Bitcore,BTX,688,1.07386,0.00044467,27230.3,,,16360416.0,0.3,-3.86,-46.97,1496405391
DynamicCoin,DMC,689,0.998818,0.00041359,368572.0,,,10541442931.0,0.0,0.09,0.13,1496405379
OBITS.WARRANT,WARRANT,690,0.994716,0.0004119,1964.75,,,,-0.22,,,1496405392
Databits,DTB,691,0.844779,0.00034981,112067.0,,,,0.24,6.03,-2.97,1496405387
Aeternity (Pre-Launch),AE,692,0.821088,0.00034,2092.54,,,,0.24,,,1496405393
Bitgem,BTG,693,0.796921,0.00033025,22.4039,,,,0.32,-5.97,-18.08,1496405644
GAY Money,GAY,694,0.620086,0.00025677,208.905,,,5603046405.0,82.72,-0.18,69.96,1496405377
TechShares,THS,695,0.599127,0.00024809,54.5868,,,646359158.0,0.36,-5.77,-14.04,1496405376
XDE II,XDE2,696,0.582899,0.00024137,13.1429,,,42249.0,0.38,-1.36,6.97,1496405387
LEOcoin,LEO,697,0.484021,0.00020058,250773.0,,,92913200.0,1.0,6.4,15.37,1496405666
InvisibleCoin,IVZ,698,0.434355,0.00018,133.262,,,,0.32,192.72,231.02,1496405668
WA Space,WA,699,0.370069,0.00015324,43409.2,,,,0.24,-4.79,6.19,1496405379
ClubCoin,CLUB,700,0.277647,0.00011506,26974.7,,,90899180.0,1.11,-4.84,-14.41,1496405669
TeslaCoilCoin,TESLA,701,0.268745,0.00011137,166.672,,,100000000.0,0.32,-51.84,-32.56,1496405674
Yogold,YOG,702,0.265815,0.00011007,11.6486,,,100000000.0,0.28,-0.34,6.68,1496405388
ZenGold,ZENGOLD,703,0.261576,0.00010831,914.176,,,,-14.45,-7.73,,1496405392
TROPTIONS,TROPTIONS,704,0.248173,0.00010598,,,,1000000001.0,,,,1496287780
Zilbercoin,ZBC,705,0.223182,0.00009242,27636.1,,,9009043.0,-0.58,-8.08,-43.42,1496405384
Pabyosi Coin (Special),PCS,706,0.165538,0.00006855,5753.5,,,30993751760.0,0.33,-2.58,2.09,1496405382
AlpaCoin,APC,707,0.154099,0.00006386,748.129,,,,-3.81,6.39,20.75,1496405669
Golos Gold,GBG,708,0.153374,0.00006351,8609.51,,,,-5.42,8.27,-18.86,1496405384
Tattoocoin (Limited Edition),TLE,709,0.130076,0.00005400,,,,975531.0,,52.62,-23.46,1496391590
EquiTrader,EQT,710,0.127993,0.00005300,83735.8,,,7664160.0,0.24,-0.44,2.84,1496405392
Wowecoin,WEC,711,0.104,0.00004306,12080.7,,,8901692.0,,-0.0,3.94,1496405375
LandCoin,LDCN,712,0.0994305,0.00004117,25736.0,,,19003881978.0,4.93,29.79,166.76,1496405382
DeusCoin,DEUS,713,0.0914064,0.00003785,6784.5,,,,1.2,1.87,-26.17,1496405390
Omicron,OMC,714,0.072449,0.00003000,0.39603,,,10134100.0,0.24,,-4.74,1496405377
WavesGo,WGO,715,0.0657595,0.00002723,688.07,,,10000000.0,-0.61,-25.88,61.3,1496405390
Quartz,QRZ,716,0.0649143,0.00002688,2514.51,,,21000000.0,0.24,-85.92,,1496405392
InsaneCoin,INSN,717,0.0594064,0.00002460,3715.31,,,18528287.0,-22.21,-5.76,-0.19,1496405391
Fazzcoin,FAZZ,718,0.0592497,0.00002453,504.769,,,1022574814.0,0.81,29.73,-26.23,1496405390
Topaz Coin,TOPAZ,719,0.0398945,0.00001652,90.5419,,,38069.0,0.25,-2.5,-86.65,1496405391
International Diamond,XID,720,0.038234,0.00001588,,,,,,-0.76,,1496373575
Elacoin,ELC,721,0.0318044,0.00001318,12.0509,,,,0.31,-24.16,0.55,1496405648
CryptoBuck,BUK,722,0.0316995,0.00001314,0.443793,,,,-1.1,-2.69,18.59,1496405668
DeltaCredits,DCRE,723,0.0293672,0.00001217,2.05657,,,,0.32,,-5.59,1496405666
President Johnson,GARY,724,0.0285362,0.00001182,116.483,,,57968072167.0,0.24,-1.07,9.81,1496405376
IvugeoCoin,IEC,725,0.0240102,0.00000995,0.797326,,,,0.32,-0.12,,1496405664
RHFCoin,RHFC,726,0.0235946,0.00000977,15876.1,,,200157080.0,0.86,-26.87,-18.04,1496405389
EDRCoin,EDRC,727,0.0226109,0.00000937,14329.9,,,3407292.0,-4.99,-5.39,-37.21,1496405672
ShellPay,SHELL,728,0.0203805,0.00000845,14211.5,,,,-2.19,0.48,-27.04,1496405664
Lepaoquan,HLB,729,0.0187823,0.00000778,906365.0,,,935498625.0,-0.13,1.91,-36.45,1496405382
Avoncoin,ACN,730,0.017919,0.00000742,3980.12,,,,4.03,-10.16,-23.51,1496405385
Gycoin,GYC,731,0.0166193,0.00000688,12942.5,,,22213403.0,-0.08,-6.91,-18.87,1496405375
Digitalfund,DTF,732,0.015542,0.00000644,22241.6,,,54000053.0,12.08,8.7,-22.2,1496405376
KolschCoin,TP1,733,0.0147961,0.00000620,,,,,,-1.72,30.54,1496357661
PiCoin,PI,734,0.0132582,0.00000549,28.9796,,,1378369.0,0.24,162.77,89.23,1496405391
Mind Gene,MG,735,0.0123163,0.00000510,5297.95,,,,0.73,-5.71,-4.31,1496405378
Sharkcoin,SAK,736,0.0100384,0.00000416,3265.3,,,,-0.46,3.13,14.51,1496405661
Tyrocoin,TYC,737,0.00796939,0.00000330,16.9048,,,50132700.0,0.24,3.52,,1496405390
Goldpay Coin,GP,738,0.00688245,0.00000285,38994.1,,,,3.95,10.12,-11.52,1496405391
Opal,OPAL,739,0.00685321,0.00000284,2730.68,,,,-0.29,-0.17,-1.61,1496405658
9COIN,9COIN,740,0.00659286,0.00000273,467.632,,,350050250.0,0.24,-33.71,80.21,1496405391
Slimcoin,SLM,741,0.00651532,0.00000270,7.23925,,,13925626.0,0.32,37.47,,1496405661
First Bitcoin,BIT,742,0.00610696,0.00000253,1018.72,,,20706894437.0,-7.99,-10.81,0.52,1496405375
Helleniccoin,HNC,743,0.00581553,0.00000241,3128.7,,,,-7.01,-22.82,41.29,1496405665
Psilocybin,PSY,744,0.0057914,0.00000240,16.5135,,,,0.32,-10.0,-11.51,1496405672
Xaucoin,XAU,745,0.0057914,0.00000240,45.5654,,,,0.32,-0.62,-15.58,1496405663
GBCGoldCoin,GBC,746,0.00577755,0.00000239,62.3375,,,,0.0,-11.35,-27.76,1496405669
EggCoin,EGG,747,0.00562322,0.00000237,,,,,,,-13.77,1496295864
Axiom,AXIOM,748,0.0047779,0.00000198,26.0168,,,,0.32,-1.12,-4.91,1496405665
RoyalCoin 2,RYCN,749,0.00463673,0.00000192,599.607,,,2500124.0,13.06,85.58,55.23,1496405379
BagCoin,BGC,750,0.0046186,0.00000191,90613.4,,,497214120.0,12.72,6.26,0.27,1496405375
netBit,NBIT,751,0.00425034,0.00000176,0.344857,,,,0.24,3.68,21.66,1496405379
GoldReserve,XGR,752,0.0042229,0.00000175,1735.07,,,17161795.0,-2.46,-5.39,-9.08,1496405655
Dashs,DASHS,753,0.00403299,0.00000167,78.9706,,,,0.24,-12.5,-64.03,1496405390
AvatarCoin,AV,754,0.0038368,0.00000159,0.09592,,,,0.36,,11.38,1496405669
Bitcoin Scrypt,BTCS,755,0.00381267,0.00000158,43.7832,,,,0.32,-2.88,-10.84,1496405652
President Trump,PRES,756,0.00276922,0.00000115,255.056,,,57968072167.0,0.16,-5.31,-20.78,1496405375
Quotient,XQN,757,0.00265439,0.00000110,80.4691,,,,-42.52,-8.9,-25.34,1496405660
BitcoinFast,BCF,758,0.00245962,0.00000102,310.761,,,,0.32,3.08,-30.74,1496405660
GameLeagueCoin,GML,759,0.00237139,0.00000103,,,,,,,-4.09,1496142551
ZSEcoin,ZSE,760,0.00229691,0.00000095,109.701,,,6380990.0,-7.33,-29.81,-66.2,1496405387
OCOW,OCOW,761,0.00227517,0.00000099,,,,,,,-7.57,1496142268
TrickyCoin,TRICK,762,0.00222004,0.00000092,14.3202,,,,0.32,-3.72,-22.72,1496405662
Digital Bullion Gold,DBG,763,0.00217347,0.00000090,142.7,,,24523275.0,0.28,99.11,71.5,1496405373
RichCoin,RICHX,764,0.00210122,0.00000093,,,,5925522.0,,,-6.64,1496167172
Neptune Classic,NTCC,765,0.00202857,0.00000084,1598.75,,,,-0.94,-12.89,48.05,1496405385
Condensate,RAIN,766,0.00183728,0.00000076,1096.03,,,42978104.0,0.55,5.76,-9.51,1496405391
Mavro,MAVRO,767,0.00168043,0.00000070,,,,15005722.0,,-1.04,-32.2,1496349588
Clinton,CLINT,768,0.0016409,0.00000068,35.9212,,,,0.32,-37.4,-34.16,1496405673
Advanced Internet Blocks,AIB,769,0.00144421,0.00000060,103.055,,,31411917054.0,0.32,-12.24,-35.53,1496405663
TodayCoin,TODAY,770,0.00140068,0.00000058,10.1877,,,,0.28,18.16,30.87,1496405376
MMXVI,MMXVI,771,0.00135133,0.00000056,84.2085,,,,0.32,-6.03,-61.85,1496405670
UR,UR,772,0.00127993,0.00000053,256.113,,,,-3.36,-4.0,-9.02,1496405386
RoyalCoin,ROYAL,773,0.00120748,0.00000050,57.3725,,,2500124.0,0.84,11.25,40.72,1496405380
BestChain,BEST,774,0.00100268,0.00000042,17.7537,,,20042911.0,0.26,5.18,-25.4,1496405388
Skeincoin,SKC,775,0.000965233,0.00000040,0.675933,,,,0.27,,,1496405650
True Investment Coin,TIC,776,0.000941837,0.00000039,36.5911,,,,0.24,-8.2,-10.4,1496405385
RubleBit,RUBIT,777,0.000916972,0.00000038,18.9722,,,,0.32,7.9,37.41,1496405668
The Aladin,ADT,778,0.000892522,0.00000032,,,,,,,,1495722585
Bitcedi,BXC,779,0.000879078,0.00000036,39.4253,,,,0.17,-11.7,,1496405372
SportsCoin,SPORT,780,0.000869388,0.00000036,2.41494,,,19800001.0,0.33,-0.46,13.46,1496405378
Donationcoin,DON,781,0.00086871,0.00000036,16788.3,,,,7.81,,,1496405655
Braincoin,BRAIN,782,0.000844579,0.00000035,0.748007,,,,0.32,19.94,19.36,1496405673
CBD Crystals,CBD,783,0.000829574,0.00000034,2.78371,,,,0.24,21.48,56.33,1496405379
Dubstep,DUB,784,0.000820448,0.00000034,7.57522,,,,0.32,,-0.33,1496405665
IrishCoin,IRL,785,0.000820448,0.00000034,363.226,,,,2.58,,,1496405666
Motocoin,MOTO,786,0.000785769,0.00000033,16.8269,,,,0.32,-6.03,30.97,1496405654
WeAreSatoshi,WSX,787,0.000772187,0.00000032,149.421,,,,0.32,2.17,-8.65,1496405657
FrankyWillCoin,FRWC,788,0.000748639,0.00000031,0.265622,,,,0.28,-0.46,-6.01,1496405374
Lazaruscoin,LAZ,789,0.000748639,0.00000031,0.265622,,,,0.24,14.24,6.44,1496405377
Opescoin,OPES,790,0.000675663,0.00000028,0.53568,,,,0.32,,-12.79,1496405669
KashhCoin,KASHH,791,0.000656382,0.00000027,4834.53,,,,-7.72,13.53,108.04,1496405384
Quebecoin,QBC,792,0.000603271,0.00000025,18.4598,,,,0.32,-7.98,-20.81,1496405651
Vsync,XVS,793,0.000504955,0.00000021,420.265,,,103334172.0,-11.98,4.95,-38.04,1496405388
BitAlphaCoin,BAC,794,0.000502856,0.00000021,47.7611,,,,0.32,-31.32,-37.16,1496405670
T-coin,TCOIN,795,0.000434694,0.00000018,1506.16,,,,0.24,-5.68,1.54,1496405381
Alphabet Coin Fund,FUN,796,0.000434355,0.00000018,63.7236,,,20742012.0,0.32,-62.73,-59.71,1496405674
GoldMaxCoin,GMX,797,0.000386093,0.00000016,2.2683,,,84078950.0,0.32,13.58,-26.48,1496405674
DarkLisk,DISK,798,0.000386093,0.00000016,3.30592,,,17888425.0,0.32,,-2.82,1496405673
UGAIN,GAIN,799,0.000362245,0.00000015,0.265622,,,,0.24,-0.46,-0.67,1496405375
MarxCoin,MARX,800,0.000345045,0.00000014,115.069,,,29132480.0,-16.25,-52.31,-29.04,1496405386
Gambleo,GMB,801,0.000338095,0.00000014,1.207,,,,0.24,,-65.17,1496405386
PrismChain,PRM,802,0.000338095,0.00000014,58.0073,,,,0.33,39.36,-81.61,1496405373
Sakuracoin,SKR,803,0.000337608,0.00000014,124.1,,,,3.8,4.49,15.16,1496405379
BlazerCoin,BLAZR,804,0.000289796,0.00000012,17.6275,,,,0.24,10.29,-13.28,1496405388
Operand,OP,805,0.00028957,0.00000012,6.05681,,,36309296.0,0.32,-0.62,-20.54,1496405673
Cubits,QBT,806,0.000284077,0.00000012,0.00340893,,,,-0.42,-44.23,-54.81,1496405379
VGINA,VGINA,807,0.000284076,0.00000012,0.00284076,,,11603228.0,-0.42,,-67.39,1496405390
Happy Creator Coin,HCC,808,0.000243833,0.00000010,88.705,,,,-15.66,11.67,-3.45,1496405374
TeraCoin,TERA,809,0.000241497,0.00000010,3970.35,,,,2.81,-0.44,-6.51,1496405385
The Vegan Initiative,XVE,810,0.000241497,0.00000010,1242.14,,,,-4.49,-0.59,5.36,1496405388
Cycling Coin,CYC,811,0.000241308,0.00000010,3.72416,,,,0.32,-9.66,-14.25,1496405665
MobileCash,MBL,812,0.000217347,0.00000009,10.2764,,,1068669648.0,0.24,27.98,24.74,1496405378
President Sanders,BURN,813,0.000217347,0.00000009,140.951,,,57968072167.0,0.24,12.0,-51.49,1496405382
AsicCoin,ASC,814,0.00021067,0.00000009,24.1828,,,,-0.19,7.67,10.26,1496405647
Grumfork,GMF,815,0.000193197,0.00000008,2.41497,,,,0.28,-20.36,,1496405390
Moneta,MONETA,816,0.000193047,0.00000008,2.92005,,,,0.32,13.62,-26.04,1496405668
LAthaan,LTH,817,0.000169048,0.00000007,135.897,,,,0.24,-0.44,15.75,1496405378
Halloween Coin,HALLO,818,0.0000993220,0.00000004,160.002,,,264606141.0,0.03,25.2,-30.42,1496405392
TeamUp,TEAM,819,0.0000965986,0.00000004,0.663608,,,301004896.0,0.33,32.72,55.07,1496405380
Wowcoin,WOW,820,0.0000965986,0.00000004,66.7121,,,,0.24,32.74,94.04,1496405380
LinkedCoin,LKC,821,0.0000965986,0.00000004,11.7341,,,,0.24,32.74,-23.67,1496405374
TheCreed,TCR,822,0.0000965233,0.00000004,1.76155,,,,0.32,76.64,-3.73,1496405673
PayPeer,PAYP,823,0.0000965233,0.00000004,50.4765,,,,0.32,30.69,94.11,1496405672
LePen,LEPEN,824,0.0000604576,0.00000003,243.245,,,,7.85,57.9,21.55,1496405384
InflationCoin,IFLT,825,0.0000514070,0.00000002,2647.68,,,3266757279.0,-0.65,25.12,-1.84,1496405382
PokeCoin,POKE,826,0.0000482993,0.00000002,133.956,,,,0.24,,-35.32,1496405375
PinkDog,PDG,827,0.0000482993,0.00000002,13.3971,,,,0.24,-0.44,94.04,1496405385
Rcoin,RCN,828,0.0000482993,0.00000002,263.088,,,,0.24,70.53,94.04,1496405378
MoneyCoin,MONEY,829,0.0000482993,0.00000002,1012.81,,,,-10.91,-22.87,-14.73,1496405381
Tellurion,TELL,830,0.0000482993,0.00000002,5.0714,,,,0.24,-0.64,-0.9,1496405377
CyberCoin,CC,831,0.0000482617,0.00000002,0.723925,,,549267534.0,0.32,58.89,26.83,1496405663
Cashme,CME,832,0.0000482617,0.00000002,0.723925,,,,0.32,64.39,-0.9,1496405668
UNCoin,UNC,833,0.0000296585,0.00000001,891.405,,,,0.32,-30.06,-17.64,1496405662
VegasCoin,VGC,834,0.0000273145,0.00000001,,,,,,-62.23,-78.03,1496378049
President Clinton,HILL,835,0.0000241497,0.00000001,3.86395,,,57968072167.0,0.24,-0.46,-51.49,1496405375
Aces,ACES,836,0.0000241497,0.00000001,252.06,,,,0.24,-0.44,-46.77,1496405375
Safe Trade Coin,XSTC,837,0.0000241497,0.00000001,362.728,,,604880000.0,0.29,-0.46,-2.98,1496405383
Global Business Revolution,GBRC,838,0.0000241497,0.00000001,135.045,,,900096049.0,-49.88,-50.22,-49.47,1496405380
ChoofCoin,CHOOF,839,0.0000241497,0.00000001,40.5121,,,,0.28,-0.46,-22.78,1496405380
Yescoin,YES,840,0.0000241405,0.000000010,377.495,,,,0.23,-0.47,1.52,1496405383
SuperTurboStake,STRB,841,0.0000241308,0.00000001,12.3067,,,,0.32,-0.62,-2.94,1496405670
FireFlyCoin,FFC,842,0.0000241308,0.00000001,26.1835,,,,-66.56,-25.52,-48.39,1496405660
X2,X2,843,0.0000241308,0.00000001,4.23293,,,,0.32,-0.89,-2.94,1496405670
SoulCoin,SOUL,844,0.0000241308,0.00000001,14.2106,,,,0.32,-0.62,-2.94,1496405674
FedoraShare,FEDS,845,0.0000240460,0.000000010,5542.32,,,499001348474,21.38,5.19,15.53,1496405376
Victoriouscoin,VTY,846,0.0000238085,0.000000010,123.141,,,10263290326.0,0.31,-1.86,32.87,1496405379
Dimecoin,DIME,847,0.0000152320,0.000000006,877.941,,,527106747920,2.22,3800.93,304.24,1496405645
Virtacoin,VTA,848,0.0000092703,0.000000004,80.3475,,,12423206610.0,-11.9,-50.13,-40.43,1496405657
XP,XP,849,0.0000035138,0.000000001,134.648,,,133635560466,-4.36,178.31,1249.14,1496405376
BitCentavo,NBE,850,0.0000005705,0.0000000002,,,,,,34.95,-50.25,1496398156
RabbitCoin,RBBT,851,0.0000005097,0.0000000002,69.3808,,,,-0.26,54.0,43.68,1496405657
BatCoin,BAT,852,0.0000002728,0.0000000001,78.522,,,,-49.69,-57.22,,1496405649
StrongHands,SHND,853,0.0000001138,0.00000000005,90.8363,,,,0.08,-44.84,,1496405668
Paccoin,PAC,854,0.0000000652,0.00000000003,801.108,,,,0.52,-6.58,15.39,1496405668
Bond,BOND,855,,,,,1349.0,1349.0,,,,
bitRUBLE,BITRUBLE,856,,,,,,,,,,
