Name,Symbol,Rank,Price(BTC),Price(USD),24HVolume,MarketCap,%Change_1h,%Change_24h,%Change_7d,LastUpdated
Bitcoin,BTC,1,2414.0,1.0,1396750000.0,39510179400.0,16367100.0,16367100.0,-0.52,-1.06,-1.32,1496409257
Ethereum,ETH,2,223.833,0.0929131,637697000.0,20624754818.0,92143495.0,92143495.0,-1.53,-2.2,20.48,1496409264
Ripple,XRP,3,0.301936,0.00012533,384963000.0,11661279779.0,38621693933.0,99994661895.0,-1.86,-2.72,0.19,1496409245
NEM,XEM,4,0.221744,0.00009205,12099100.0,1995696000.0,8999999999.0,8999999999.0,-1.84,-2.33,0.94,1496409259
Ethereum Classic,ETC,5,17.2246,0.00714992,95010500.0,1588349971.0,92214041.0,92214041.0,-0.78,-1.88,-0.43,1496409274
Litecoin,LTC,6,28.3751,0.0117785,373472000.0,1457877378.0,51378757.0,51378757.0,-0.29,-0.25,-1.28,1496409240
Dash,DASH,7,142.34,0.0590855,34313400.0,1043780857.0,7333012.0,7333012.0,-0.21,2.53,7.19,1496409247
Stratis,STRAT,8,7.55054,0.00313422,31442700.0,743037990.0,98408589.0,98408589.0,1.1,33.6,144.7,1496409274
Monero,XMR,9,44.0826,0.0182986,11279400.0,641928335.0,14561944.0,14561944.0,-1.21,-2.0,4.83,1496409251
Bytecoin,BCN,10,0.00336651,0.00000140,14229700.0,615968329.0,182969404128,182969404128,-0.68,37.16,-1.43,1496409252
Waves,WAVES,11,4.24555,0.00176232,2814320.0,424555000.0,100000000.0,100000000.0,9.89,23.37,51.7,1496409271
Stellar Lumens,XLM,12,0.0394972,0.00001640,22022800.0,381733007.0,9664811867.0,102940435314,-2.13,-4.67,-16.09,1496409253
Golem,GNT,13,0.45927,0.00019035,13346500.0,378838963.0,824872000.0,1000000000.0,-0.5,-0.09,4.15,1496408982
Zcash,ZEC,14,246.137,0.102016,16727800.0,353389659.0,1435744.0,1435744.0,-0.35,-1.91,7.15,1496408981
Dogecoin,DOGE,15,0.00291752,0.00000121,30189900.0,319857670.0,109633411214,109633411214,-0.49,2.65,-4.02,1496409244
Augur,REP,16,26.1372,0.0108496,3798110.0,287509200.0,11000000.0,11000000.0,0.12,5.38,-0.05,1496409265
Gnosis,GNO,17,249.358,0.103351,1768100.0,275438353.0,1104590.0,10000000.0,-0.54,-4.15,3.02,1496408992
DigiByte,DGB,18,0.0332681,0.00001381,79660100.0,269705548.0,8107031908.0,8107031908.0,7.75,72.0,109.86,1496409246
Steem,STEEM,19,1.10667,0.00045938,2745370.0,259341619.0,234344131.0,251318225.0,0.22,10.99,-7.25,1496409270
Siacoin,SC,20,0.00945522,0.00000392,25939200.0,250654475.0,26509639640.0,26509639640.0,2.25,18.55,7.22,1496409263
BitShares,BTS,21,0.0840516,0.00003489,20029200.0,218719074.0,2602200000.0,2602200000.0,-0.04,17.39,3.53,1496409253
MaidSafeCoin,MAID,22,0.393288,0.00016325,2639700.0,177983433.0,452552412.0,452552412.0,-0.28,-3.91,-6.64,1496409250
GameCredits,GAME,23,2.68403,0.00111414,1806210.0,169173412.0,63029628.0,63029628.0,1.61,4.15,-8.98,1496409254
Basic Attention Token,BAT,24,0.166204,0.00006889,3189310.0,166204000.0,1000000000.0,1500000000.0,-0.74,-4.09,,1496408994
DigixDAO,DGD,25,80.3959,0.0333723,1365020.0,160791800.0,2000000.0,2000000.0,-0.79,-0.51,-6.77,1496409270
BitConnect,BCC,26,23.459,0.00972303,1589990.0,151042113.0,6438557.0,6438557.0,0.32,4.33,41.04,1496408984
Lisk,LSK,27,1.27587,0.00052961,2565850.0,137512452.0,107779360.0,107779360.0,-1.22,-1.96,-3.73,1496409269
Decred,DCR,28,26.2553,0.0108986,1812720.0,131899934.0,5023745.0,5443745.0,1.2,7.26,11.48,1496409267
Ardor,ARDR,29,0.131636,0.00005464,3143520.0,131504298.0,998999495.0,998999495.0,0.97,16.23,0.93,1496409274
Factom,FCT,30,13.8015,0.00572899,1258300.0,120807552.0,8753219.0,8753219.0,-0.03,2.47,-3.4,1496409265
SingularDTV,SNGLS,31,0.196336,0.00008150,248961.0,117801600.0,600000000.0,1000000000.0,-3.02,4.25,-2.7,1496409277
Tether,USDT,32,1.04092,0.00043209,72062300.0,109290032.0,104993690.0,124951468.0,0.35,1.05,1.06,1496409258
Iconomi,ICN,33,1.21819,0.00050567,752626.0,105982530.0,87000000.0,100000000.0,-0.3,1.5,-6.65,1496409278
Byteball,GBYTE,34,545.894,0.226256,455714.0,103328929.0,189284.0,1000000.0,1.12,4.31,70.04,1496408983
PIVX,PIVX,35,1.67018,0.00069329,942549.0,89418487.0,53538233.0,53538233.0,-0.67,1.64,21.89,1496409267
Round,ROUND,36,0.103649,0.00004296,359705.0,88101650.0,850000000.0,1000000000.0,-0.78,-4.77,-28.51,1496408982
Aragon,ANT,37,2.16449,0.00089711,493898.0,72738048.0,33605167.0,39609523.0,1.79,1.69,-8.23,1496408994
FirstBlood,1ST,38,0.802472,0.00033311,3588690.0,68658197.0,85558371.0,93468691.0,0.98,2.7,0.02,1496409277
Komodo,KMD,39,0.672799,0.00027885,531745.0,67916038.0,100945510.0,100945510.0,2.01,21.99,16.95,1496408986
SysCoin,SYS,40,0.12623,0.00005240,2819350.0,66292311.0,525170805.0,525170805.0,1.7,16.34,-9.58,1496409254
AntShares,ANS,41,1.26235,0.000524,8604060.0,63117500.0,50000000.0,100000000.0,-0.03,6.0,16.8,1496409275
Nxt,NXT,42,0.0627887,0.00002606,3178810.0,62725910.0,998999983.0,998999983.0,-0.09,9.61,-5.11,1496409243
iExec RLC,RLC,43,0.714174,0.000296,574296.0,55756131.0,78070793.0,86999785.0,3.48,19.37,12.49,1496408992
ReddCoin,RDD,44,0.00141902,0.00000059,2043190.0,40478235.0,28525485820.0,28525485820.0,2.04,27.39,-11.42,1496409246
Wings,WINGS,45,0.450908,0.00018689,1714030.0,40450205.0,89708333.0,100000000.0,1.58,37.75,44.16,1496408984
Ubiq,UBQ,46,1.06646,0.00044269,1613390.0,39562870.0,37097379.0,37097379.0,-6.26,2.92,126.71,1496409255
Peercoin,PPC,47,1.60903,0.00066791,1232580.0,38816914.0,24124419.0,24124419.0,-0.25,0.31,-8.67,1496409243
Lykke,LKK,48,0.265708,0.00011013,382494.0,36581589.0,137675903.0,1285690000.0,-0.59,3.47,11.63,1496408981
Emercoin,EMC,49,0.870296,0.00036126,926373.0,34951374.0,40160330.0,40160330.0,-1.34,-0.33,-14.42,1496409254
BitcoinDark,BTCD,50,26.5141,0.011006,157596.0,34173021.0,1288862.0,1288862.0,0.41,7.19,11.79,1496409253
Melon,MLN,51,54.2566,0.0224876,368100.0,32521406.0,599400.0,749400.0,-0.31,-4.11,-18.6,1496408988
Storjcoin X,SJCX,52,0.625405,0.0002596,380645.0,32003940.0,51173144.0,500000000.0,1.02,-2.76,-0.74,1496409254
Ark,ARK,53,0.325614,0.00013496,404515.0,31035001.0,95312244.0,126562244.0,-6.54,9.87,21.41,1496408989
Omni,OMNI,54,51.3419,0.021312,11986600.0,28699286.0,558984.0,615300.0,-1.38,-13.09,144.82,1496409244
Counterparty,XCP,55,10.8096,0.00448705,651596.0,28307610.0,2618747.0,2618747.0,-1.83,-5.48,-11.3,1496409246
Xaurum,XAUR,56,0.24091,0.0001,119601.0,27392511.0,113704333.0,113704333.0,-1.85,-3.36,24.72,1496409260
Blocknet,BLOCK,57,6.71991,0.00278943,237373.0,26278318.0,3910516.0,3910516.0,-1.0,47.58,100.38,1496409257
Namecoin,NMC,58,1.73456,0.00072001,832662.0,25561170.0,14736400.0,14736400.0,-0.63,0.98,-4.83,1496409240
Nexus,NXS,59,0.494838,0.00020541,106476.0,24671999.0,49858740.0,49858740.0,1.18,-6.32,-1.98,1496409258
Synereo,AMP,60,0.295034,0.00012247,459443.0,24268412.0,82256324.0,949291063.0,4.18,4.77,8.56,1496409266
Gulden,NLG,61,0.0699557,0.00002904,101565.0,24243459.0,346554445.0,448574600.0,-0.34,2.06,-2.65,1496409249
WeTrust,TRST,62,0.258732,0.00010724,390871.0,23841507.0,92147500.0,100000000.0,7.91,10.13,-10.15,1496408991
XtraBYtes,XBY,63,0.0358536,0.00001486,742537.0,23304840.0,650000000.0,650000000.0,-0.91,85.86,493.55,1496408992
Burst,BURST,64,0.0126187,0.00000524,6915940.0,22463961.0,1780212002.0,1780212002.0,1.59,26.9,15.78,1496409255
EarthCoin,EAC,65,0.00232819,0.00000097,6490910.0,21760354.0,9346468332.0,9346468332.0,-0.04,2.84,-12.14,1496409245
Matchpool,GUP,66,0.282994,0.00011729,259367.0,21224550.0,75000000.0,98855150.0,-0.64,7.58,7.31,1496408991
YbCoin,YBC,67,6.95277,0.00288609,2328540.0,20999188.0,3020262.0,3020262.0,-0.83,1.68,-4.7,1496409245
TokenCard,TKN,68,0.829937,0.00034398,225855.0,19623077.0,23644056.0,39406760.0,-0.56,-6.5,-22.17,1496408992
Edgeless,EDG,69,0.242877,0.00010066,369178.0,19292312.0,79432438.0,132046997.0,2.52,3.4,-11.45,1496408989
Verge,XVG,70,0.0014217,0.00000059,2249120.0,19064247.0,13409472280.0,13409472280.0,-3.47,61.63,10.9,1496409257
BitBay,BAY,71,0.0187812,0.00000780,57837.8,18922500.0,1007523456.0,1007523456.0,-2.69,4.79,-3.77,1496409257
OBITS,OBITS,72,1.25716,0.00052184,762648.0,18852788.0,14996332.0,16801100.0,-7.94,43.61,23.65,1496409266
BlackCoin,BLK,73,0.242667,0.00010073,1062400.0,18483678.0,76168900.0,76168900.0,1.27,6.35,10.92,1496409248
PotCoin,POT,74,0.0841084,0.00003491,930207.0,18246593.0,216941382.0,216941382.0,0.8,5.44,-15.03,1496409246
Humaniq,HMQ,75,0.145036,0.00006011,527023.0,17937091.0,123673373.0,184190414.0,-2.16,14.82,-29.81,1496408993
NAV Coin,NAV,76,0.28751,0.00011935,553162.0,17633156.0,61330583.0,61330583.0,-1.28,-1.33,-15.0,1496409251
Nexium,NXC,77,0.258412,0.0001071,3226780.0,17189976.0,66521586.0,66521586.0,-2.9,-2.49,23.32,1496408984
BCAP,BCAP,78,1.70737,0.00070765,178635.0,17073700.0,10000000.0,10000000.0,-0.43,4.53,-14.63,1496408993
E-Dinar Coin,EDR,79,0.0256626,0.00001065,438795.0,16953605.0,660634755.0,785634755.0,-6.95,-20.42,-2.16,1496409274
Expanse,EXP,80,2.27982,0.00094635,466891.0,16510501.0,7242020.0,16242020.0,-3.41,-4.09,-0.37,1496409264
Infinitecoin,IFC,81,0.000181797,0.00000008,2952340.0,16470131.0,90596274910.0,90596274910.0,0.15,-1.31,-5.31,1496409242
LBRY Credits,LBC,82,0.237737,0.00009868,791145.0,16290815.0,68524524.0,466424524.0,0.95,14.48,6.98,1496409273
Bankcoin,B@,83,3.79469,0.00157278,6315.06,16184656.0,4265080.0,25000000.0,6.42,6.25,14.63,1496408990
ZCoin,XZC,84,7.1128,0.00294803,1219880.0,15888793.0,2233831.0,2233831.0,-0.32,-5.3,11.93,1496408979
Unity Ingot,UNY,85,0.0764032,0.00003167,77792.6,15433446.0,202000000.0,10000000000.0,-5.88,-6.98,59.12,1496408993
Agoras Tokens,AGRS,86,0.360492,0.00014964,19433.7,15140664.0,42000000.0,42000000.0,-0.46,-2.79,-0.56,1496409263
Swarm City,SWT,87,2.2735,0.0009423,36685.6,15099972.0,6641730.0,6641730.0,-0.76,-1.45,-24.49,1496408988
GridCoin,GRC,88,0.0379476,0.00001575,188869.0,14811432.0,390312753.0,390312753.0,2.53,6.4,11.24,1496409259
TaaS,TAAS,89,1.78145,0.00073836,174084.0,14511693.0,8146001.0,8146001.0,-0.66,5.53,12.33,1496408989
Radium,RADS,90,4.34826,0.00180496,457824.0,14117412.0,3246681.0,3246681.0,0.29,0.04,16.35,1496409266
Chronobank,TIME,91,19.6328,0.00813716,474849.0,13941503.0,710113.0,710113.0,1.06,-1.48,2.51,1496408987
I/O Coin,IOC,92,0.844119,0.00035039,35959.5,13789760.0,16336275.0,16336275.0,0.42,2.1,-1.09,1496409253
Pepe Cash,PEPECASH,93,0.0196267,0.00000815,26678.3,13775667.0,701884009.0,701884009.0,0.21,-16.49,-20.83,1496409277
MonaCoin,MONA,94,0.264283,0.0001097,25364.5,13357642.0,50542950.0,50542950.0,-0.01,-4.11,-13.57,1496409248
Bitland,CADASTRAL,95,0.43581,0.0001809,20429.2,13074300.0,30000000.0,30000000.0,5.17,4.31,115.42,1496409273
Shift,SHIFT,96,1.20295,0.00049934,344451.0,13028848.0,10830748.0,10830748.0,2.1,17.67,100.5,1496409264
Waves Community Token,WCT,97,2.59234,0.00107444,24723.9,12961700.0,5000000.0,10000000.0,0.13,-3.19,15.44,1496408986
E-coin,ECN,98,4.62403,0.00191652,130852.0,12893706.0,2788413.0,211077305.0,3.76,1.9,-0.11,1496408990
SuperNET,UNITY,99,15.686,0.00651124,784.299,12800733.0,816061.0,816061.0,0.48,16.0,128.44,1496409255
Golos,GOLOS,100,0.102556,0.00004251,28902.7,12622185.0,123076024.0,123076024.0,0.77,16.92,58.92,1496408982
Vertcoin,VTC,101,0.367469,0.00015254,632962.0,12288634.0,33441281.0,33441281.0,-0.67,2.19,-0.42,1496409245
MergeCoin,MGC,102,0.122859,0.00005092,3310640.0,12148454.0,98881270.0,103881270.0,2.19,15.42,-10.9,1496408992
Clams,CLAM,103,4.8946,0.00203175,1089930.0,11268009.0,2302131.0,16207570.0,0.49,-0.08,-12.42,1496409253
DigitalNote,XDN,104,0.00159433,0.00000066,2999250.0,10971424.0,6881526119.0,6881526119.0,2.19,7.53,-13.52,1496409252
Pluton,PLU,105,12.8173,0.00532046,138915.0,10894699.0,850000.0,20000000.0,-0.78,-6.01,40.57,1496409277
Etheroll,DICE,106,1.55121,0.00064293,9944.09,10860987.0,7001623.0,7001623.0,-1.27,-14.21,-22.25,1496408993
Mooncoin,MOON,107,0.0000474451,0.00000002,32303.8,10530241.0,221945805529,221945805529,-0.76,5.07,-20.91,1496409245
LuckChain,BASH,108,0.0139875,0.00000580,511582.0,10128034.0,724077492.0,724077492.0,1.72,2.65,38.46,1496408983
Bitcrystals,BCY,109,0.414983,0.00017226,128186.0,9665544.0,23291422.0,23291422.0,3.24,6.65,-2.89,1496409264
HEAT,HEAT,110,0.361009,0.00014985,30656.9,9515253.0,26357384.0,26357384.0,-0.24,0.92,-6.75,1496409274
FlorinCoin,FLO,111,0.0705243,0.00002927,319435.0,9450529.0,134003869.0,134003869.0,-2.2,2.98,-4.11,1496409243
vSlice,VSL,112,0.27914,0.00011569,173273.0,9320623.0,33390496.0,33390496.0,-0.2,-0.92,-13.77,1496408983
Viacoin,VIA,113,0.408599,0.00016961,293210.0,9253297.0,22646401.0,22646401.0,0.57,-4.15,-7.6,1496409253
DNotes,NOTE,114,0.0720522,0.00002991,195157.0,8924761.0,123865212.0,123865212.0,6.77,3.52,14.1,1496409249
NeosCoin,NEOS,115,2.62015,0.00108762,1448810.0,8769668.0,3347010.0,3347010.0,-1.24,-11.01,19.34,1496409255
Energycoin,ENRG,116,0.0722718,0.00003000,2863.57,8740681.0,120941798.0,120941798.0,-0.75,2.71,21.11,1496409251
Rubycoin,RBY,117,0.358296,0.00014873,29698.8,8740122.0,24393578.0,24393578.0,0.68,-1.27,0.31,1496409248
FedoraCoin,TIPS,118,0.0000196430,0.000000008,62721.7,8705153.0,443168182458,443168182458,0.68,-4.66,-29.79,1496409245
VeriCoin,VRC,119,0.279858,0.00011617,358365.0,8454977.0,30211669.0,30211669.0,-1.61,-2.57,-4.61,1496409251
Crown,CRW,120,0.606822,0.00025189,22024.2,8409987.0,13859067.0,13859067.0,4.94,-3.4,3.78,1496409257
SaluS,SLS,121,8.25012,0.00342462,80794.9,8278577.0,1003449.0,1003449.0,-0.23,-2.93,35.33,1496409267
Pascal Coin,PASC,122,0.803915,0.0003332,174360.0,8038346.0,9999000.0,9999000.0,0.53,2.07,-6.6,1496408982
Primecoin,XPM,123,0.410884,0.00017056,912951.0,7940709.0,19325915.0,19325915.0,-0.96,5.63,-8.84,1496409263
Skycoin,SKY,124,1.41771,0.0005876,58076.0,7748921.0,5465801.0,100000000.0,-4.37,-7.39,-29.8,1496408990
VPNCoin,VASH,125,0.0189276,0.00000786,2123570.0,7577471.0,400339746.0,400339746.0,0.62,9.79,-11.29,1496409258
BelaCoin,BELA,126,0.215729,0.00008955,426500.0,7544884.0,34973900.0,34973900.0,0.12,7.03,-2.93,1496409250
SolarCoin,SLR,127,0.212567,0.00008824,71907.8,7474644.0,35163709.0,98034180440.0,0.0,-10.06,8.45,1496409248
Creditbit,CRB,128,0.62837,0.00026084,276945.0,7461480.0,11874342.0,11874342.0,4.86,-3.81,-4.08,1496409267
Einsteinium,EMC2,129,0.0348727,0.00001448,288614.0,7351516.0,210810073.0,210810073.0,1.42,12.11,-2.15,1496409249
Incent,INCNT,130,0.312908,0.00012969,192419.0,7199485.0,23008312.0,46016625.0,1.24,11.48,33.36,1496408984
Bitcoin Plus,XBC,131,72.8341,0.0302334,122348.0,7059160.0,96921.0,96921.0,-0.4,0.52,-5.32,1496409250
Global Currency Reserve,GCR,132,0.0664661,0.00002759,29790.8,6825494.0,102691362.0,102691362.0,-0.29,-0.52,-5.0,1496409267
Asch,XAS,133,0.0878267,0.00003640,52680.1,6587002.0,75000000.0,100000000.0,-1.16,-0.58,-5.78,1496408989
Aeon,AEON,134,0.455086,0.00018891,5176.4,6476217.0,14230753.0,14230753.0,-2.49,-4.45,3.32,1496409263
Novacoin,NVC,135,3.63947,0.00151074,51100.4,6317904.0,1735941.0,1735941.0,-1.53,-3.89,-13.34,1496409244
Lunyr,LUN,136,2.74697,0.00113853,130811.0,6312133.0,2297853.0,2703356.0,-0.16,4.6,-15.79,1496408992
Feathercoin,FTC,137,0.038117,0.00001582,148917.0,6244655.0,163828600.0,163828600.0,-0.73,2.01,5.74,1496409246
ZClassic,ZCL,138,4.04229,0.0016754,490462.0,5971119.0,1477163.0,1477163.0,-2.18,-8.42,28.0,1496408982
FirstCoin,FRST,139,1.88208,0.00078007,126502.0,5946602.0,3159590.0,110000000.0,1.7,7.95,11.08,1496408985
Safe Exchange Coin,SAFEX,140,0.0027676,0.00000115,17920.7,5943376.0,2147483647.0,2147483647.0,1.85,3.53,-9.05,1496409267
WorldCoin,WDC,141,0.0507886,0.00002108,321312.0,5820616.0,114604776.0,114604776.0,0.86,10.89,-2.25,1496409241
Gambit,GAM,142,4.88172,0.0020264,35756.6,5779990.0,1184007.0,1184007.0,-3.56,12.62,15.95,1496409261
SIBCoin,SIB,143,0.391625,0.00016256,27320.0,5737564.0,14650659.0,14650659.0,-0.32,1.32,26.95,1496409264
Blitzcash,BLITZ,144,1.40399,0.0005828,198081.0,5705613.0,4063856.0,4063856.0,4.69,35.22,264.47,1496409257
PinkCoin,PINK,145,0.0177619,0.00000737,1431870.0,5701095.0,320973250.0,370973250.0,5.45,19.51,3.16,1496409250
ION,ION,146,0.392676,0.000163,25922.1,5401210.0,13754878.0,19654878.0,-8.61,6.83,-21.34,1496409272
FoldingCoin,FLDC,147,0.0107199,0.00000445,345892.0,5249985.0,489741985.0,1000000000.0,-1.05,8.35,-3.68,1496409256
Ethereum Movie Venture,EMV,148,0.767244,0.000318,2317.29,5114959.0,6666666.0,6666666.0,-0.6,235.91,19.01,1496408990
Auroracoin,AUR,149,0.58721,0.00024375,9800.16,5084146.0,8658139.0,8658139.0,-1.18,-5.33,-2.56,1496409249
MonetaryUnit,MUE,150,0.0413369,0.00001716,57129.0,5023678.0,121530120.0,121530120.0,-0.91,-7.97,-15.96,1496409257
Vcash,XVC,151,0.323357,0.00013422,108806.0,4931699.0,15251560.0,15251560.0,-0.34,2.79,-1.31,1496409259
RouletteToken,RLT,152,0.486739,0.00020174,59559.5,4912272.0,10092210.0,10092933.0,-21.12,-0.02,7.0,1496408994
Janus,JNS,153,0.232118,0.00009621,7163.18,4858942.0,20933069.0,25201489.0,-9.16,-0.23,-1.59,1496408985
MUSE,MUSE,154,0.00352741,0.00000146,8551.72,4849626.0,1374840478.0,1524840478.0,-1.5,24.93,17.73,1496409261
Sphere,SPHR,155,1.5529,0.00064461,23866.5,4787498.0,3082940.0,3082940.0,-0.23,7.4,126.2,1496409261
OKCash,OK,156,0.0642473,0.00002667,240042.0,4598753.0,71578926.0,71578926.0,-2.08,-21.21,118.81,1496409257
FairCoin,FAIR,157,0.0843171,0.00003500,4784.94,4477692.0,53105385.0,53105385.0,-0.26,10.49,18.92,1496409249
Darcrus,DAR,158,0.3214,0.00013321,26890.3,4378677.0,13623762.0,13623762.0,-0.08,2.4,2.39,1496408984
CloakCoin,CLOAK,159,0.864933,0.00035903,19101.2,4327706.0,5003516.0,5003516.0,9.11,2.83,15.76,1496409251
LoMoCoin,LMC,160,0.0206079,0.00000855,365399.0,4297890.0,208555477.0,293555477.0,3.99,16.07,10.12,1496409275
Quark,QRK,161,0.0171146,0.00000710,168638.0,4280379.0,250101047.0,250101047.0,-0.92,47.67,-4.96,1496409242
bitCNY,BITCNY,162,0.139442,0.00005788,529055.0,4120860.0,29552500.0,29552500.0,-0.79,-0.68,-2.39,1496409255
APX,APX,163,4.51125,0.00186977,72158.3,4060125.0,900000.0,1000000.0,7.46,10.25,29.23,1496408994
ICO OpenLedger,ICOO,164,8.50813,0.00353172,14762.2,4014092.0,471795.0,471795.0,-1.0,13.36,10.93,1496409272
Bitmark,BTM,165,0.999712,0.00041498,189544.0,3900056.0,3901180.0,3901180.0,1.53,0.19,20.63,1496409253
NautilusCoin,NAUT,166,0.240976,0.00010003,383383.0,3898992.0,16180000.0,16180000.0,-0.93,-1.71,1.87,1496409250
Unobtanium,UNO,167,19.4462,0.00807211,89905.6,3844998.0,197725.0,197725.0,-1.6,-0.54,-11.5,1496409243
ArtByte,ABY,168,0.00485819,0.00000202,136612.0,3754600.0,772839250.0,772839250.0,1.47,18.06,-12.0,1496409252
DubaiCoin,DBIX,169,4.25844,0.00176499,29161.0,3704714.0,869970.0,869970.0,-0.3,-0.45,42.5,1496408990
Minereum,MNE,170,9.15972,0.00379642,431462.0,3656404.0,399183.0,399183.0,8.96,126.51,218.36,1496408994
Riecoin,RIC,171,0.104448,0.00004336,650676.0,3571816.0,34197075.0,34197075.0,-0.61,9.39,15.61,1496409247
SpreadCoin,SPR,172,0.43108,0.00017894,31741.2,3506664.0,8134601.0,8134601.0,-0.23,7.01,18.55,1496409257
Circuits of Value,COVAL,173,0.00843171,0.00000350,96655.1,3372684.0,400000000.0,1200000000.0,-1.84,15.01,-6.29,1496409258
Joincoin,J,174,1.32765,0.00055111,2255.78,3250620.0,2448402.0,2448402.0,9.47,147.88,1218.3,1496409255
Rise,RISE,175,0.0296126,0.00001229,94671.9,3180015.0,107387215.0,107387215.0,1.97,34.02,39.16,1496409273
Diamond,DMD,176,1.4907,0.00061879,16269.1,3166584.0,2124226.0,2124226.0,-0.26,-3.22,0.2,1496409244
Zennies,ZENI,177,0.00311242,0.00000129,6377.82,3114537.0,1000680233.0,1000680233.0,-0.85,-1.07,-0.96,1496408991
HunterCoin,HUC,178,0.175986,0.00007305,3069130.0,3105028.0,17643610.0,17643610.0,-4.53,44.9,46.81,1496409248
Megacoin,MEC,179,0.0913441,0.00003792,540968.0,3003983.0,32886450.0,32886450.0,0.28,16.01,-15.09,1496409247
Wild Beast Block,WBB,180,1.27103,0.0005276,35630.9,2955196.0,2325041.0,2325041.0,-0.26,-1.3,-28.41,1496409259
Musicoin,MUSIC,181,0.0170352,0.00000706,56967.9,2925697.0,171744184.0,171744184.0,-0.61,1.6,-12.85,1496408988
PoSW Coin,POSW,182,0.0710806,0.00002946,61622.1,2914305.0,41000000.0,70000000.0,1.54,0.79,15.84,1496408984
BitSend,BSD,183,0.188752,0.00007835,17691.8,2879256.0,15254175.0,15254175.0,-2.2,-2.75,12.83,1496409251
Zetacoin,ZET,184,0.0172612,0.00000717,300848.0,2868069.0,166157000.0,166157000.0,0.44,1.03,4.08,1496409242
Curecoin,CURE,185,0.117293,0.00004869,15963.0,2780799.0,23708144.0,23708144.0,0.01,2.8,-12.56,1496409251
Cryptonite,XCN,186,0.00838887,0.00000348,669417.0,2749366.0,327739739.0,327739739.0,9.99,35.41,-4.36,1496409253
ZcCoin,ZCC,187,0.0445128,0.00001848,1724070.0,2744528.0,61657044.0,61657044.0,4.97,30.46,0.65,1496409254
BitBean,BITB,188,0.00139627,0.00000058,102938.0,2734874.0,1958700000.0,1958700000.0,3.54,13.2,-24.91,1496409258
RaiBlocks,XRB,189,0.036088,0.00001496,41702.3,2704972.0,74954877.0,340282367.0,-0.39,10.62,20.38,1496408988
Ethbits,ETB,190,1.99156,0.00082544,2002.18,2682603.0,1346986.0,1634691.0,-10.59,,,1496408994
Myriad,XMY,191,0.0017493,0.00000073,97950.1,2599613.0,1486087500.0,1486087500.0,2.62,6.72,-33.76,1496409248
Zeitcoin,ZEIT,192,0.0000683654,0.00000003,5920.14,2483575.0,36327953861.0,36327953861.0,-0.27,13.87,36.65,1496409248
Steem Dollars,SBD,193,1.73303,0.00071938,734850.0,2453911.0,1415966.0,1415966.0,2.06,12.7,-1.69,1496409273
Atmos,ATMS,194,0.0237656,0.00000985,170813.0,2378301.0,100073277.0,110073277.0,-0.83,-2.33,-0.75,1496408991
Digitalcoin,DGC,195,0.0682292,0.00002832,202107.0,2346388.0,34389793.0,34389793.0,0.98,8.4,1.37,1496409241
Mintcoin,MINT,196,0.0000960643,0.00000004,7896.73,2339038.0,24348665548.0,24348665548.0,-0.29,-1.23,-19.04,1496409247
Spectrecoin,XSPEC,197,0.114301,0.00004737,222974.0,2331274.0,20395916.0,20395916.0,-1.03,-7.4,-2.29,1496408985
Veros,VRS,198,0.0266839,0.00001106,66990.1,2281125.0,85486938.0,10000000000.0,17.86,-20.93,-15.51,1496408982
BoostCoin,BOST,199,0.190587,0.00007911,197506.0,2259502.0,11855487.0,11855487.0,1.36,10.56,-4.0,1496409252
bitUSD,BITUSD,200,0.994246,0.00041271,299233.0,2167188.0,2179730.0,2179730.0,0.58,-0.23,0.62,1496409255
iCash,ICASH,201,0.00960718,0.00000399,10021.2,2122397.0,220917781.0,220917781.0,7.19,24.23,1.06,1496409259
Breakout Stake,BRX,202,0.337269,0.00014,15529.7,2114030.0,6268082.0,6268082.0,-0.23,3.38,37.97,1496409272
Espers,ESP,203,0.000104131,0.00000004,4467.32,2095906.0,20127590369.0,20127590369.0,-10.11,-2.18,-23.9,1496409270
Bata,BTA,204,0.41812,0.00017356,39208.8,2070222.0,4951263.0,4951263.0,2.27,12.82,25.04,1496409261
Adzcoin,ADZ,205,0.0374188,0.00001553,8596.81,2052197.0,54844000.0,54844000.0,0.01,5.11,-7.84,1496409266
Groestlcoin,GRS,206,0.0289582,0.00001202,4740.96,1958131.0,67619240.0,67619240.0,-2.47,-3.03,-1.03,1496409251
BlockPay,BLOCKPAY,207,0.360431,0.00014961,3206.88,1956528.0,5428300.0,98928316.0,0.45,-12.77,6.65,1496409277
FUNCoin,FUNC,208,0.336099,0.0001393,56149.3,1944649.0,5785941.0,100000000.0,-5.97,-2.63,9.62,1496408993
MaxCoin,MAX,209,0.0356292,0.00001479,82630.6,1939749.0,54442678.0,54442678.0,1.25,4.78,8.81,1496409246
Anoncoin,ANC,210,0.914721,0.0003797,211161.0,1930351.0,2110317.0,2110317.0,3.24,110.67,44.88,1496409244
Project Decorum,PDC,211,0.03775,0.00001567,1710.66,1887500.0,50000000.0,50000000.0,-0.23,1.58,-10.63,1496409272
Tickets,TIX,212,0.0000275650,0.00000001,44884.6,1843445.0,66876281414.0,66876281414.0,0.74,-3.4,-17.7,1496409243
TransferCoin,TX,213,0.30444,0.00012637,11585.7,1818727.0,5974008.0,5974008.0,2.09,1.63,-29.15,1496409264
GoldCoin,GLD,214,0.0449688,0.00001867,20006.9,1810201.0,40254604.0,40254604.0,-0.42,0.05,-5.64,1496409263
DeepWebCash,DWC,215,1.311,0.00054337,21161.7,1749874.0,1334763.0,1334763.0,-0.18,1.82,-14.04,1496408983
CryptoCarbon,CCRB,216,0.456437,0.00018918,2789.2,1625879.0,3562111.0,10000150.0,7.95,-6.48,32.57,1496408985
vTorrent,VTR,217,0.136835,0.00005680,12107.4,1480003.0,10815966.0,10815966.0,-1.01,-9.95,10.98,1496409258
Startcoin,START,218,0.0310574,0.00001289,30645.3,1400061.0,45079785.0,70782220.0,-0.26,-6.3,-30.65,1496409252
Sequence,SEQ,219,0.0313178,0.00001300,2286.31,1399926.0,44700656.0,44700656.0,0.08,3.98,19.61,1496409276
2GIVE,2GIVE,220,0.00272616,0.00000113,18694.3,1398512.0,512996877.0,512996877.0,4.63,7.79,-15.49,1496409270
Boolberry,XBB,221,0.146279,0.00006072,8388.28,1394402.0,9532480.0,9532480.0,-0.33,4.08,-6.53,1496409252
Voxels,VOX,222,0.0439306,0.00001824,375160.0,1383814.0,31500000.0,210000000.0,-1.9,62.51,11.35,1496409268
Renos,RNS,223,0.0410398,0.00001701,641073.0,1368768.0,33352203.0,33352203.0,-0.23,69.85,144.39,1496408987
EB3 Coin,EB3,224,0.289552,0.00012001,39527.9,1356750.0,4685686.0,786000000.0,-0.13,0.71,3.6,1496408990
Breakout,BRK,225,0.0731873,0.00003038,3463.77,1311145.0,17914927.0,17914927.0,0.3,7.03,-9.44,1496409271
Ixcoin,IXC,226,0.0610704,0.00002535,7848.63,1282423.0,20999088.0,20999088.0,2.86,-82.2,18.63,1496409243
ChainCoin,CHC,227,0.0864647,0.00003589,19314.0,1269514.0,14682451.0,14682451.0,-1.85,-1.74,-15.31,1496409262
EuropeCoin,ERC,228,0.12768,0.00005300,2876.22,1257824.0,9851379.0,9851379.0,0.74,5.35,10.33,1496409262
Visio,VISIO,229,0.0245515,0.00001018,620.684,1242280.0,50598964.0,62598964.0,-0.01,-7.74,-16.76,1496408988
Bitswift,SWIFT,230,0.302964,0.00012576,8722.89,1230304.0,4060892.0,4060892.0,0.39,-3.64,55.09,1496409256
Qwark,QWARK,231,0.0694532,0.00002883,28750.6,1226495.0,17659296.0,250377576.0,-7.99,23.94,56.6,1496409270
Stealthcoin,XST,232,0.0457481,0.00001899,2158.29,1197521.0,26176402.0,26176402.0,-0.26,-1.0,-1.27,1496409253
MediterraneanCoin,MED,233,0.0240906,0.00001000,181104.0,1197462.0,49706598.0,49706598.0,-6.54,78.11,36.22,1496409256
LiteDoge,LDOGE,234,0.0000792959,0.00000003,5476.13,1171550.0,14774409159.0,14774409159.0,-0.74,2.02,-16.76,1496409259
VeriumReserve,VRM,235,1.02463,0.00042532,60016.2,1140740.0,1113319.0,1113319.0,-6.44,38.4,13.39,1496409276
TagCoin,TAG,236,0.19794,0.00008216,150913.0,1087281.0,5492984.0,5492984.0,1.5,6.24,-13.48,1496409243
Dynamic,DYN,237,0.666685,0.00027632,3788.84,1077536.0,1616259.0,4370163.0,-10.76,-2.54,-3.68,1496408990
DopeCoin,DOPE,238,0.00961215,0.00000399,20819.2,1067772.0,111085648.0,111085648.0,8.85,43.41,-4.81,1496409247
Yocoin,YOC,239,0.0100312,0.00000416,61675.0,1059484.0,105618830.0,200000000.0,-14.3,3.53,12.35,1496409266
SecureCoin,SRC,240,0.132546,0.00005502,147460.0,1031985.0,7785861.0,7785861.0,-1.04,5.79,-25.04,1496409242
WhiteCoin,XWC,241,0.00411949,0.00000171,18128.9,1021862.0,248055457.0,248055457.0,3.08,-10.53,50.66,1496409249
Triggers,TRIG,242,0.0312937,0.00001299,31726.6,1004703.0,32105593.0,100000000.0,4.1,-3.41,-18.28,1496409277
Creativecoin,CREA,243,0.0940337,0.00003897,3874.19,992748.0,10557360.0,12269088.0,2.81,6.01,-41.68,1496408993
Inpay,INPAY,244,0.0978843,0.00004057,38629.9,978843.0,10000000.0,10000000.0,0.37,-12.17,-35.71,1496408991
CannabisCoin,CANN,245,0.0124872,0.00000518,55404.1,964401.0,77231176.0,91859176.0,-0.23,-1.25,36.05,1496409254
Syndicate,SYNX,246,0.0836405,0.00003472,14978.5,942533.0,11268860.0,11268860.0,-1.35,-60.44,62.11,1496409273
PutinCoin,PUT,247,0.00469591,0.00000195,4091.14,941143.0,200417616.0,200417616.0,-0.15,-1.55,15.57,1496409272
Hacker Gold,HKG,248,0.0576613,0.00002390,1466.98,928975.0,16110893.0,16110893.0,1.52,-7.35,-16.93,1496408983
AudioCoin,ADC,249,0.00117002,0.00000049,6709.54,928058.0,793198644.0,793198644.0,0.81,-5.25,-23.42,1496409261
DIBCOIN,DIBC,250,0.182642,0.00007570,4764.92,913210.0,5000000.0,5000000000.0,-3.8,-9.06,4.1,1496408990
HiCoin,XHI,251,0.0048042,0.00000199,121541.0,911501.0,189729990.0,10189729990.0,3.64,-3.51,-10.88,1496409271
PepeCoin,PEPE,252,0.0636544,0.00002642,26285.9,876583.0,13770970.0,13770970.0,-0.15,-12.95,13.22,1496409269
Mercury,MER,253,0.00867909,0.00000360,648.683,867909.0,100000000.0,100000000.0,-0.07,-20.89,-26.1,1496408989
ArcticCoin,ARC,254,0.0369499,0.00001534,31680.3,863044.0,23357136.0,23357136.0,-1.13,-8.5,-30.73,1496409278
Centurion,CNT,255,0.0330198,0.00001369,32698.0,853571.0,25850279.0,63389078.0,7.57,2.18,1.37,1496408987
GlobalCoin,GLC,256,0.0126235,0.00000524,1246.9,822686.0,65171010.0,65171010.0,-0.28,-21.47,-42.99,1496409264
Woodcoin,LOG,257,0.102192,0.00004242,578.558,821132.0,8035193.0,8035193.0,-0.23,-13.15,-4.26,1496409260
EverGreenCoin,EGC,258,0.061591,0.00002557,10654.7,820472.0,13321301.0,13321301.0,-1.26,-4.91,0.69,1496409266
Pesetacoin,PTC,259,0.00618783,0.00000257,4147.97,807797.0,130546012.0,130546012.0,-0.66,3.4,-14.6,1496409247
Unitus,UIS,260,0.0171576,0.00000712,21787.7,802444.0,46769023.0,46769023.0,0.87,4.23,-13.34,1496409258
HTMLCOIN,HTML5,261,0.0000194290,0.000000008,8434.0,789964.0,40659020000.0,40659020000.0,-10.58,-7.27,-14.44,1496409255
BlueCoin,BLU,262,0.001371,0.00000057,1688.8,787891.0,574683675.0,574683675.0,3.8,-30.17,154.05,1496409250
ExclusiveCoin,EXCL,263,0.192141,0.00007976,6713.0,785541.0,4088358.0,4088358.0,-5.51,21.08,-0.37,1496409256
e-Gulden,EFL,264,0.0491426,0.00002040,1881.62,754114.0,15345430.0,20384770.0,-0.25,-4.11,-20.24,1496409249
Hush,HUSH,265,0.675854,0.00028012,120817.0,744039.0,1100888.0,1222363.0,-5.67,15.22,17.66,1496408982
GeoCoin,GEO,266,0.294445,0.00012222,7114.52,722886.0,2455079.0,2455079.0,3.73,8.86,16.05,1496409258
ProCurrency,PROC,267,0.253654,0.00010513,1096.91,714088.0,2815205.0,15000053805.0,-0.08,-3.14,17.56,1496408993
Fantomcoin,FCN,268,0.120453,0.00005000,2299.33,706000.0,5861210.0,5861210.0,-2.19,-0.9,-9.23,1496409251
Tokes,TKS,269,1.05436,0.000437,3327.83,682829.0,647624.0,50000000.0,-0.2,0.64,-15.58,1496408989
HempCoin,THC,270,0.00320493,0.00000133,16106.8,678878.0,211823061.0,211823061.0,1.07,0.61,-14.99,1496409252
DT Token,DRACO,271,0.00740547,0.00000307,55978.4,658264.0,88888888.0,88888888.0,10.93,47.0,58.15,1496409273
Ripto Bux,RBX,272,0.00192066,0.00000080,6386.45,657058.0,342100100.0,1000000000.0,0.23,-8.51,47.4,1496408990
Altcoin,ALT,273,5.23982,0.00217174,2313.76,640176.0,122175.0,134063.0,0.03,4.68,24.95,1496408991
Version,V,274,0.00142351,0.00000059,1607.04,622612.0,437378234.0,437378234.0,68.44,,,1496408995
UniBURST,UNIBURST,275,0.607636,0.00025185,2693.04,607635.0,999999.0,1000000.0,0.1,23.55,200.66,1496408987
Synergy,SNRG,276,0.214512,0.00008904,1980.73,595355.0,2775395.0,2775395.0,-5.59,-7.9,-6.69,1496409261
TrustPlus,TRUST,277,0.0182607,0.00000758,1304.98,585924.0,32086595.0,32086595.0,-0.36,6.45,3.42,1496409253
FujiCoin,FJC,278,0.000600747,0.00000025,5129.67,578422.0,962837415.0,962837415.0,2.2,3.14,11.91,1496409262
Deutsche eMark,DEM,279,0.0206585,0.00000858,618.013,574170.0,27793416.0,27793416.0,-0.31,-1.66,-7.34,1496409243
Magi,XMG,280,0.0792729,0.00003291,3998.94,559326.0,7055697.0,7055697.0,-5.16,5.29,-13.42,1496409255
TileCoin,XTC,281,0.00556423,0.00000231,11868.2,556423.0,100000000.0,100000000.0,5.2,4.79,-21.68,1496409256
Canada eCoin,CDN,282,0.00563356,0.00000234,1345.02,548796.0,97415544.0,97415544.0,-0.4,6.94,19.44,1496409250
IncaKoin,NKA,283,0.0000722071,0.00000003,10890.3,544224.0,7536992762.0,7536992762.0,-0.69,27.94,193.67,1496409258
BTSR,BTSR,284,0.163998,0.00006808,17930.5,542968.0,3310819.0,3310819.0,-1.52,13.34,-6.23,1496409268
Moin,MOIN,285,0.0776397,0.00003223,3752.99,539549.0,6949392.0,6949392.0,8.64,24.45,20.2,1496409266
1337,1337,286,0.0000220123,0.000000009,3327.81,501801.0,22796381129.0,22796381129.0,1.03,22.76,44.1,1496409265
NuShares,NSR,287,0.000175069,0.00000007,2608.73,473083.0,2702268334.0,3317463083.0,1.11,-27.15,-68.04,1496409257
KoreCoin,KORE,288,0.250542,0.000104,1627.16,458730.0,1830949.0,1830949.0,-0.23,-1.96,-0.38,1496409252
Capricoin,CPC,289,0.459743,0.00019084,41644.1,452652.0,984575.0,200984575.0,-0.17,2.92,12.45,1496409262
Elcoin,EL,290,0.0391391,0.00001625,4614.52,438709.0,11208967.0,20935289.0,-8.18,-29.18,-28.03,1496409271
TrumpCoin,TRUMP,291,0.0646656,0.00002684,6940.56,422883.0,6539535.0,6539535.0,0.79,-7.5,-0.16,1496409268
I0Coin,I0C,292,0.0193206,0.00000802,1429.52,405239.0,20974429.0,20974429.0,-0.25,1.64,0.03,1496409243
NobleCoin,NOBL,293,0.000167992,0.00000007,12821.4,384977.0,2291637875.0,2291637875.0,5.81,-14.28,-28.58,1496409246
PostCoin,POST,294,0.0236243,0.00000981,3727.96,372681.0,15775332.0,15775332.0,-0.73,-4.61,-4.35,1496409269
iTicoin,ITI,295,11.3573,0.00470724,50862.8,363434.0,32000.0,9999992.0,11.5,-6.4,18.54,1496408993
Jewels,JWL,296,0.0176584,0.00000733,2034.63,356278.0,20176115.0,20176115.0,0.87,-1.22,0.96,1496409276
Master Swiscoin,MSCN,297,0.0345168,0.00001431,8736.5,353635.0,10245310.0,1002571345.0,1.41,-3.34,-17.87,1496408987
Virtacoinplus,XVP,298,0.0394869,0.00001637,1207.64,348230.0,8818880.0,10353473.0,-2.38,-10.06,-45.72,1496408987
TeslaCoin,TES,299,0.00484155,0.00000201,2556.13,347496.0,71773692.0,71773692.0,-0.26,-4.28,24.96,1496409246
MazaCoin,MZC,300,0.000312197,0.00000013,1377.68,341112.0,1092618137.0,1092618137.0,-6.98,13.43,34.36,1496409248
Terracoin,TRC,301,0.016939,0.00000703,6028.61,340437.0,20097820.0,20097820.0,1.38,5.16,-4.15,1496409240
Wyvern,WYV,302,0.308829,0.000128,769.515,336777.0,1090496.0,1090496.0,-0.08,0.72,-15.75,1496408991
Cryptojacks,CJ,303,0.000821272,0.00000034,1948.71,333903.0,406568581.0,406568581.0,-0.64,252.09,135.53,1496409273
Newbium,NEWB,304,0.013828,0.00000574,45394.2,331872.0,24000000.0,51000000.0,-0.58,30.14,211.57,1496409271
GCoin,GCN,305,0.0000023729,0.0000000010,722.862,329844.0,139006910000,139006910000,0.35,2.88,28.88,1496409257
Dotcoin,DOT,306,0.00140217,0.00000058,54573.7,315293.0,224861000.0,489861000.0,2.19,-3.14,12.29,1496409259
CacheCoin,CACH,307,0.0843171,0.00003500,7848.61,303835.0,3603482.0,3603482.0,-0.26,-15.54,,1496409247
Bottlecaps,CAP,308,0.00213847,0.00000089,3368.84,296928.0,138850602.0,138850602.0,11.39,115.81,210.82,1496409244
ParkByte,PKB,309,0.061672,0.00002560,1267.61,293807.0,4764026.0,4764026.0,-0.23,10.6,5.42,1496409261
Trollcoin,TROLL,310,0.000507403,0.00000021,884.29,280966.0,553733814.0,553733814.0,-0.21,-19.15,-22.08,1496409255
Sexcoin,SXC,311,0.00224833,0.00000093,3981.91,275505.0,122537501.0,122537501.0,5.21,-3.97,10.8,1496409243
KibiCoin,KIC,312,0.0187747,0.00000778,740.728,275117.0,14653600.0,14653600.0,10.01,,,1496408995
Atomic Coin,ATOM,313,0.0272974,0.00001133,695.254,274322.0,10049386.0,10049386.0,0.41,16.59,1.33,1496409277
Asiadigicoin,ADCN,314,0.0109853,0.00000456,1039.43,273875.0,24931054.0,210000000.0,3.16,-12.13,-24.79,1496409267
Torcoin,TOR,315,1.03897,0.00043062,22811.9,272785.0,262554.0,1262554.0,0.14,26.27,-29.8,1496408991
Influxcoin,INFX,316,0.162167,0.00006732,9874.36,271368.0,1673383.0,1673383.0,-0.57,-7.29,-57.39,1496409264
Bytecent,BYC,317,0.165743,0.00006880,15727.9,268712.0,1621254.0,1621254.0,0.4,-3.87,-11.83,1496409258
Karbowanec,KRB,318,0.0746865,0.00003100,4782.98,264269.0,3538377.0,3538377.0,0.12,-8.4,-10.75,1496409275
MTMGaming,MTM,319,0.0854295,0.00003541,802.867,256289.0,3000000.0,5000000.0,0.1,49.66,119.2,1496408988
Quatloo,QTL,320,0.0339685,0.00001410,17598.0,252626.0,7437065.0,7437065.0,-10.54,-19.17,-26.53,1496409253
UltraCoin,UTC,321,0.00582993,0.00000242,4439.34,251270.0,43099955.0,43099955.0,-0.26,7.48,35.08,1496409246
Zoin,ZOI,322,0.0229199,0.00000950,1559.05,246423.0,10751500.0,10751500.0,0.24,-12.82,-23.82,1496408981
Rubies,RBIES,323,0.0224478,0.00000932,2673.93,232863.0,10373543.0,10373543.0,-1.55,2.76,-18.77,1496409267
8Bit,8BIT,324,0.195376,0.00008110,2717.63,227499.0,1164415.0,1164415.0,-0.21,1.56,-48.36,1496409260
PRCoin,PRC,325,0.0230937,0.00000957,43363.3,218286.0,9452200.0,789452200.0,0.34,6.37,-5.98,1496408987
Neutron,NTRN,326,0.0158726,0.00000659,824.581,200275.0,12617684.0,12617684.0,-17.0,-4.1,151.47,1496409260
NuBits,USNBT,327,0.993501,0.0004124,78025.6,195493.0,196772.0,838087.0,0.01,-0.69,-1.06,1496409255
LiteBar,LTB,328,0.293014,0.00012163,704.484,189219.0,645767.0,645767.0,-0.22,-24.6,-10.51,1496409248
GoldBlocks,GB,329,0.0120435,0.00000500,1407.37,179051.0,14867002.0,14867002.0,-0.23,-6.21,10.03,1496409273
UnbreakableCoin,UNB,330,0.0729511,0.00003028,3559.55,166194.0,2278150.0,2278150.0,-5.52,-12.27,-2.25,1496409251
Netko,NETKO,331,0.0672613,0.00002788,1531.39,164347.0,2443406.0,2443406.0,-1.04,-1.39,-20.17,1496408989
Fastcoin,FST,332,0.00128438,0.00000053,1322.52,162814.0,126764507.0,126764507.0,-5.03,9.23,42.9,1496409241
DigitalPrice,DP,333,0.00700244,0.00000291,1148.39,158650.0,22656431.0,22656431.0,-0.24,-7.61,59.66,1496409256
bitBTC,BITBTC,334,2414.84,1.0024,94960.8,154743.0,64.0,64.0,-6.36,0.88,-3.88,1496409255
TheGCCcoin,GCC,335,0.0214733,0.00000890,1727.51,151147.0,7038846.0,867038846.0,-0.36,-3.74,-27.18,1496408986
Pascal Lite,PASL,336,0.0747222,0.00003097,3411.89,147763.0,1977500.0,1977500.0,1.85,3.15,-29.64,1496408988
Greencoin,GREV2,337,0.0000481812,0.00000002,1418.67,147379.0,3058840641.0,3058840641.0,-0.26,97.69,95.95,1496409252
TEKcoin,TEK,338,0.0000954873,0.00000004,563.632,135024.0,1414054562.0,1414054562.0,3.85,-6.87,89.2,1496409251
Piggycoin,PIGGY,339,0.00025103,0.00000010,1341.14,121451.0,483811603.0,483811603.0,-4.28,6.14,-52.76,1496409252
Machinecoin,MAC,340,0.00614311,0.00000255,2510.5,120141.0,19557025.0,19557025.0,-0.52,-0.58,-11.42,1496409258
Tattoocoin (Standard Edition),TSE,341,0.0010381,0.00000043,1323.1,118729.0,114371293.0,604371293.0,-0.43,-27.49,-19.25,1496408986
Flycoin,FLY,342,0.556734,0.0002311,1566.11,117363.0,210806.0,210806.0,-0.23,-46.76,32.85,1496409264
bitEUR,BITEUR,343,1.14585,0.00047564,21842.9,116991.0,102100.0,102100.0,-0.06,0.33,1.26,1496409262
MojoCoin,MOJO,344,0.00941789,0.00000391,1341.88,113543.0,12056096.0,12056096.0,-1.74,2.68,-34.5,1496409269
Rimbit,RBT,345,0.000967009,0.00000040,555.924,111689.0,115499623.0,393459356.0,-1.36,1.68,-6.29,1496409257
PipCoin,PIP,346,0.0168634,0.00000700,580.021,110846.0,6573177.0,6999979.0,-14.83,-23.49,-23.85,1496409277
Sumokoin,SUMO,347,0.241418,0.00010006,9279.11,110513.0,457767.0,9346656.0,-10.02,20.64,,1496408995
CHNCoin,CNC,348,0.00430248,0.00000179,15493.2,108682.0,25260247.0,170109984.0,1.54,2.67,-29.56,1496409262
bitSilver,BITSILVER,349,19.9397,0.00827694,16525.0,106061.0,5319.0,5319.0,-1.51,2.58,13.53,1496409258
Eryllium,ERY,350,0.0222401,0.00000922,3281.61,96851.0,4354775.0,14354775.0,-2.31,4.61,-43.96,1496408986
QuazarCoin,QCN,351,0.0168634,0.00000700,663.379,96312.0,5711329.0,5711329.0,-3.03,-2.27,-3.51,1496409251
Emerald Crypto,EMD,352,0.00481806,0.00000200,3599.56,92107.0,19117129.0,19117129.0,-6.62,21.82,45.75,1496409242
bitGold,BITGOLD,353,1448.88,0.60143,4356.68,81159.0,56.0,56.0,-0.63,-2.62,4.27,1496409257
Kurrent,KURT,354,0.00747932,0.00000310,602.028,74191.0,9919485.0,21319485.0,8.53,10.54,16.0,1496408984
Freicoin,FRC,355,0.00264997,0.00000110,17701.8,73946.0,27904629.0,100000000.0,-0.26,-1.15,2.6,1496409241
Gapcoin,GAP,356,0.00655265,0.00000272,12292.1,71310.0,10882626.0,10882626.0,-0.96,0.47,22.04,1496409257
Spots,SPT,357,0.00314338,0.00000130,596.047,70431.0,22406021.0,22406021.0,-2.1,-18.95,22.88,1496409242
PonziCoin,PONZI,358,0.0746809,0.00003100,585.731,64308.0,861099.0,861099.0,-0.23,33.24,32.11,1496409271
MCAP,MCAP,359,6.37221,0.00264108,128557.0,63754.0,10005.0,100000000.0,0.07,0.59,,1496408994
CrevaCoin,CREVA,360,0.00171648,0.00000071,11823.9,62464.0,36390750.0,6240390800.0,2.7,-4.67,-16.27,1496409263
Wexcoin,WEX,361,0.36955,0.0001534,5906.44,61934.0,167594.0,10000167594.0,-0.11,-2.64,16.16,1496409277
NevaCoin,NEVA,362,0.0304002,0.00001262,557.472,55126.0,1813345.0,1813345.0,2.04,3.32,21.73,1496409269
Acoin,ACOIN,363,0.0431656,0.00001792,11508.4,52666.0,1220085.0,1220085.0,1.29,0.73,-31.32,1496409255
Argentum,ARG,364,0.00684173,0.00000284,885.634,51349.0,7505257.0,7505257.0,0.31,-30.06,-13.12,1496409241
PetroDollar,XPD,365,0.000746384,0.00000031,757.402,47764.0,63993275.0,63993275.0,-0.23,-54.28,-20.56,1496409249
Philosopher Stones,PHS,366,0.0194411,0.00000807,3519.41,47227.0,2429219.0,2429219.0,-0.28,-1.19,2.35,1496409244
Prime-XI,PXI,367,0.00298925,0.00000124,1580.81,44223.0,14794045.0,14794045.0,1.56,2.01,47.28,1496409256
Allion,ALL,368,0.00635366,0.00000263,2460.91,39389.0,6199359.0,7323359.0,-0.37,-4.52,-22.76,1496408987
MACRON,MCRN,369,0.0000966639,0.00000004,870.346,38803.0,401421401.0,401421401.0,-0.08,16.84,16.82,1496408992
Independent Money System,IMS,370,0.00625929,0.00000260,941.533,33606.0,5368934.0,5368934.0,-3.16,-9.46,-18.57,1496409268
Rawcoin,XRC,371,0.0473136,0.00001961,3301.77,33351.0,704882.0,704882.0,-1.41,-14.72,223.34,1496408982
BeaverCoin,BVC,372,0.00881716,0.00000366,667.2,27468.0,3115258.0,3115258.0,1.64,1.07,-15.76,1496409256
PIECoin,PIE,373,0.00036058,0.00000015,525.347,25986.0,72066226.0,72066226.0,15.2,12.13,-11.21,1496408987
LevoPlus,LVPS,374,0.0554779,0.00002299,4249.71,22837.0,411637.0,91411637.0,-0.05,10.26,-55.26,1496408988
Marijuanacoin,MAR,375,0.0393275,0.00001630,6261.64,20556.0,522690.0,522690.0,1.97,-24.91,-25.45,1496408987
Kittehcoin,MEOW,376,0.0000008574,0.0000000004,1650.52,20497.0,23905669976.0,23905669976.0,-1.45,24.63,47.23,1496409246
Honey,HONEY,377,0.271219,0.00011241,1000.45,18526.0,68306.0,68306.0,-0.09,-33.76,-66.28,1496408989
Eurocoin,EUC,378,0.00156589,0.00000065,1110.35,18368.0,11730325.0,11730325.0,1.33,-1.38,-18.08,1496409263
Bitvolt,VOLT,379,0.000820328,0.00000034,592.842,12397.0,15112554.0,60132654.0,2.99,12.22,-10.12,1496408992
Beatcoin,XBTS,380,0.00665391,0.00000276,1691.44,10145.0,1524686.0,2524686.0,-0.25,-10.64,7.74,1496409277
AllSafe,ASAFE,381,0.0000140119,0.000000006,1021.7,9948.0,710000000.0,710000000.0,-22.44,-9.97,87.14,1496408981
BenjiRolls,BENJI,382,0.000458418,0.00000019,5517.42,8685.0,18944936.0,18944936.0,2.62,-0.98,-22.35,1496408985
Ebittree Coin,EBT,383,0.00844455,0.00000350,624.897,7362.0,871790.0,810871790.0,-28.63,-30.82,-23.38,1496408991
Argus,ARGUS,384,0.00560446,0.00000232,684.71,6436.0,1148324.0,5194373.0,6.23,-1.22,-0.6,1496408988
Digital Money Bits,DMB,385,0.0145678,0.00000604,17734.0,4488.0,308100.0,10308100.0,-4.78,6.48,72.16,1496408994
Environ,ENV,386,0.0000241214,0.000000010,2169.6,3163.0,131129509.0,931129509.0,-0.08,-34.02,,1496408992
Powercoin,PWR,387,0.0000240906,0.00000001,1319.78,1204.0,49983870.0,49983870.0,-0.23,-1.15,-2.02,1496409271
Gold Pressed Latinum,GPL,388,0.172969,0.00007169,7714.79,,,204018.0,-4.32,-11.96,18.31,1496408993
SnakeEyes,SNAKE,389,0.152553,0.00006323,1230.03,,,10000000.0,0.1,23.97,31.85,1496408993
Arcade Token,ARC,390,3.74133,0.00167261,,10777041.0,2880537.0,2880537.0,,,25.23,1496180681
Scotcoin,SCOT,391,0.00640117,0.00000266,166.81,6401170.0,1000000000.0,1000000000.0,-0.74,-25.39,4.55,1496409251
Jinn,JINN,392,49.0658,0.0203672,490.658,2880310.0,58703.0,1000000.0,0.48,9.61,13.08,1496409256
XCurrency,XC,393,0.433631,0.00018,354.132,2518021.0,5806829.0,5806829.0,-0.23,-1.7,-18.53,1496409251
InstantDEX,DEX,394,2.41564,0.00100273,350.268,2415640.0,1000000.0,1000000.0,0.48,9.65,,1496409255
AsiaCoin,AC,395,0.00247275,0.00000103,109.647,2075898.0,839509798.0,839509798.0,-0.56,-6.68,-32.84,1496409250
NewYorkCoin,NYC,396,0.0000240906,0.00000001,247.652,1438689.0,59719935819.0,59719935819.0,-0.23,12.13,27.13,1496409250
Bitpark Coin,BPC,397,0.0191329,0.00000793,259.047,1434968.0,75000000.0,100000000.0,-0.08,16.59,15.12,1496408983
InsaneCoin,INSANE,398,0.0637606,0.00002643,206.055,1169432.0,18340981.0,18340981.0,-6.85,-27.59,36.54,1496408981
Pangea Poker,PANGEA,399,0.941159,0.00039067,11.2939,940549.0,999352.0,1000000.0,0.48,9.65,9.52,1496409258
Devcoin,DVC,400,0.0000618614,0.00000003,45.2152,866269.0,14003377500.0,14003377500.0,-0.59,-8.98,148.43,1496409240
DubaiCoin,DBIC,401,0.162747,0.00006756,256.84,834732.0,5129014.0,6146942.0,-0.07,-4.36,1.13,1496409268
ShadowCash,SDC,402,0.123166,0.00005113,395.171,821162.0,6667119.0,6667119.0,-0.23,-0.24,-23.11,1496409253
Pandacoin,PND,403,0.0000240906,0.00000001,350.308,783304.0,32514916898.0,32514916898.0,-0.23,-1.15,-2.04,1496409247
Ultimate Secure Cash,USC,404,0.073538,0.00003048,134.877,760612.0,10343113.0,38602656.0,1.86,,-15.45,1496408990
Carboncoin,CARBON,405,0.0000481812,0.00000002,7.19105,741602.0,15391933595.0,15391933595.0,-0.26,-1.15,-2.02,1496409254
Casino,CASINO,406,0.724931,0.00030046,20.2981,724931.0,1000000.0,1000000.0,0.1,83.95,10.67,1496408988
Tao,XTO,407,0.0236932,0.00000984,216.142,718296.0,30316563.0,32316563.0,-0.23,36.07,10.5,1496409276
Cryptofund,FUND,408,0.5588,0.0002553,,558800.0,1000000.0,1000000.0,,,-23.28,1495948164
E-Currency Coin ,ECC,409,0.0000240906,0.00000001,1.20453,531453.0,22060603799.0,22060603799.0,-0.26,-1.15,-2.04,1496409248
Bitstar,BITS,410,0.0223369,0.00000927,37.0019,515530.0,23079737.0,23079737.0,58.48,152.0,160.49,1496409249
Shorty,SHORTY,411,0.00501117,0.00000210,,501117.0,100000000.0,100000000.0,,-2.06,26.51,1496365479
ReeCoin,REE,412,0.0394033,0.00001636,329.203,487328.0,12367704.0,6662367704.0,-0.74,-5.02,3.51,1496409274
YashCoin,YASH,413,0.0477238,0.00001978,246.089,477244.0,10000117.0,10000117.0,-0.08,-5.46,19.0,1496408984
Dashcoin,DSH,414,0.0264737,0.00001099,304.985,457772.0,17291579.0,17291579.0,0.41,-4.84,4.88,1496409256
SmileyCoin,SMLY,415,0.0000175589,0.000000007,129.044,455833.0,25960250000.0,25960250000.0,-16.03,-20.43,-9.58,1496409258
CasinoCoin,CSC,416,0.0116965,0.00000486,337.45,451499.0,38601187.0,38601187.0,-1.75,-1.41,-12.93,1496409242
Happycoin,HPC,417,0.0362633,0.00001503,216.859,412167.0,11365953.0,11365953.0,-0.08,-12.7,147.22,1496408990
Colossuscoin V2,CV2,418,0.0000183288,0.000000008,233.409,406705.0,22189385273.0,22189385273.0,-3.82,-12.16,-49.61,1496409259
BitBar,BTB,419,11.8203,0.0049066,324.77,385142.0,32583.0,32583.0,0.04,1.79,2.78,1496409241
Mineum,MNM,420,0.0392033,0.00001627,136.988,369937.0,9436367.0,9586367.0,8.33,10.24,-15.26,1496409272
Orbitcoin,ORB,421,0.124445,0.00005166,27.0942,367804.0,2955555.0,2955555.0,-0.17,-2.73,0.18,1496409244
LTBcoin,LTBC,422,0.000742106,0.00000032,,366499.0,493863915.0,493863915.0,,,,1496287754
FuelCoin,FC2,423,0.0035895,0.00000149,3.67495,364020.0,101412471.0,101412471.0,-0.23,5.19,,1496409251
RussiaCoin,RC,424,0.0425922,0.00001768,0.289014,349956.0,8216446.0,8216446.0,-0.23,-1.04,2.44,1496409266
SuperCoin,SUPER,425,0.00843171,0.00000350,84.309,347012.0,41155630.0,41155630.0,-0.23,,,1496409251
CageCoin,CAGE,426,0.0000034217,0.000000001,172.421,346169.0,101168328395,101168328395,-3.82,-26.61,-19.42,1496409248
HOdlcoin,HODL,427,0.00368586,0.00000153,241.338,341505.0,92652845.0,250000000.0,-0.23,39.13,24.08,1496409268
Rare Pepe Party,RAREPEPEPRTY,428,16.1275,0.0067095,,290295.0,18000.0,100000.0,,,-5.37,1496315982
HitCoin,HTC,429,0.0000240906,0.00000001,87.1273,264908.0,10996318099.0,20996318099.0,-0.23,-1.15,-2.02,1496409269
Veltor,VLT,430,0.457336,0.00018984,357.455,253755.0,554855.0,554855.0,-0.23,8.68,42.62,1496409275
SmartCoin,SMC,431,0.0106567,0.00000442,87.8447,243964.0,22893022.0,22893022.0,-0.32,11.49,-23.84,1496409247
BTCtalkcoin,TALK,432,0.00357833,0.00000161,,233631.0,65290635.0,65290635.0,,,-20.28,1496191750
Crypto Bullion,CBX,433,0.233273,0.00009683,55.474,232304.0,995847.0,995847.0,-0.26,-11.12,-37.42,1496409242
AgrolifeCoin,AGLC,434,0.0472658,0.00001990,,216087.0,4571751.0,204571751.0,,,93.7,1496301878
VirtualCoin,VC,435,0.0213925,0.00000888,222.991,215300.0,10064287.0,10064287.0,-0.23,9.72,-8.13,1496409254
BritCoin,BRIT,436,0.00961215,0.00000399,162.653,204432.0,21268092.0,21268092.0,-0.23,79.27,-3.47,1496409252
The Cypherfunks,FUNK,437,0.0000045793,0.000000002,73.7395,202213.0,44158520000.0,44158520000.0,-0.17,-2.94,-28.39,1496409262
Vault Coin,VLTC,438,0.00668326,0.00000277,23.7518,198658.0,29724760.0,529724760.0,37.3,-2.31,-7.4,1496408983
SwagBucks,BUCKS,439,0.965471,0.00040077,2.72722,198503.0,205602.0,205602.0,0.95,-30.89,-22.59,1496409266
Pesobit,PSB,440,0.00585402,0.00000243,400.732,191252.0,32670244.0,32670244.0,-0.23,-10.37,-5.31,1496409277
42-coin,42,441,4458.72,1.85081,150.938,187266.0,42.0,42.0,-0.33,-2.18,15.47,1496409246
Kobocoin,KOBO,442,0.00736674,0.00000306,111.992,181960.0,24700248.0,24700248.0,-0.23,-39.43,-61.76,1496409259
BillaryCoin,BLRY,443,0.0201879,0.00000838,13.3691,181351.0,8983158.0,8983158.0,-0.23,9.06,-11.38,1496409271
Bitz,BITZ,444,0.0892373,0.00003720,,177662.0,1990891.0,1990891.0,,-1.57,-5.22,1496351362
Tristar Coin,TSTR,445,0.0343849,0.00001500,,172882.0,5027857.0,255027857.0,,,13.05,1496271895
NetCoin,NET,446,0.000218194,0.00000009,87.2467,171746.0,787126712.0,787126712.0,-0.26,-1.72,-17.36,1496409244
Zero,ZER,447,0.229209,0.00009500,299.613,170664.0,744580.0,744580.0,-0.08,-2.29,-11.0,1496408989
Crave,CRAVE,448,0.123922,0.00005144,31.9541,154865.0,1249695.0,1249695.0,-0.44,-23.74,47.35,1496409260
Titcoin,TIT,449,0.00305481,0.00000127,113.604,152430.0,49898202.0,49898202.0,-0.09,3.45,-25.68,1496409253
Coin(O),CNO,450,0.00134898,0.00000056,265.735,139097.0,103112570.0,103112570.0,4.2,17.89,46.96,1496409248
Stress,STS,451,0.000240906,0.00000010,3.4305,136144.0,565134332.0,565134332.0,-0.23,-1.1,,1496409268
Truckcoin,TRK,452,0.00108395,0.00000045,27.1172,133372.0,123042738.0,123042738.0,-4.48,10.32,58.95,1496409253
HoboNickels,HBN,453,0.00272224,0.00000113,185.126,132207.0,48565664.0,48565664.0,-0.28,2.73,94.1,1496409245
BERNcash,BERN,454,0.00181292,0.00000075,453.934,129142.0,71234301.0,71234301.0,-2.2,0.97,-2.8,1496409270
HyperStake,HYP,455,0.000334274,0.00000014,165.937,128962.0,385796097.0,385796097.0,32.69,35.27,41.89,1496409254
LanaCoin,LANA,456,0.000166354,0.00000007,373.473,124495.0,748376863.0,748376863.0,-0.63,-3.42,48.26,1496409271
PureVidz,VIDZ,457,0.000989833,0.00000041,241.034,123912.0,125184414.0,125184414.0,-0.08,-33.05,-0.58,1496408985
Bitcurrency,BTCR,458,0.000711461,0.00000029,107.709,119687.0,168226534.0,168226534.0,-0.08,-3.39,29.85,1496408982
MetalCoin,METAL,459,0.0015418,0.00000064,5.83467,118604.0,76925527.0,76925527.0,-0.23,-19.92,-16.39,1496409258
BitcoinTX,BTX,460,0.00142135,0.00000059,58.557,115217.0,81061721.0,81061721.0,-0.23,-41.68,-66.72,1496409261
Xiaomicoin,MI,461,0.000281244,0.00000012,297.746,114225.0,406141855.0,406141855.0,-0.21,18.81,29.84,1496409264
GAIA,GAIA,462,0.00466575,0.00000198,,112451.0,24101381.0,24101381.0,,-3.31,-12.55,1496340859
Digital Rupees,DRS,463,0.000217146,0.00000009,99.2425,110919.0,510802961.0,510802961.0,2.77,49.57,59.82,1496408985
Phoenixcoin,PXC,464,0.00180433,0.00000075,365.42,104434.0,57879600.0,57879600.0,-0.31,20.95,15.34,1496409241
LottoCoin,LOT,465,0.0000070472,0.000000003,5.41644,102121.0,14491014421.0,14491014421.0,1.48,-29.46,-28.63,1496409245
Coin2.1,C2,466,0.00101181,0.00000042,443.808,101157.0,99976323.0,99976323.0,-0.26,14.53,-9.62,1496409252
Cannacoin,CCN,467,0.0214647,0.00000891,63.9128,100834.0,4697672.0,4697672.0,-16.84,-15.72,-3.86,1496409249
Pakcoin,PAK,468,0.00273008,0.00000113,215.465,100016.0,36634950.0,36634950.0,-0.26,-3.29,-19.9,1496409264
BigUp,BIGUP,469,0.0000481812,0.00000002,150.349,98980.0,2054337337.0,2054337337.0,-0.23,42.62,95.95,1496409268
Swing,SWING,470,0.0433887,0.00001801,9.42716,98812.0,2277375.0,2277375.0,-0.23,-27.75,-14.05,1496409264
Sterlingcoin,SLG,471,0.0253936,0.00001054,84.0322,98557.0,3881156.0,3881156.0,-0.26,1.29,-15.28,1496409255
C-Bit,XCT,472,0.000746809,0.00000031,10.0356,98421.0,131789000.0,131789000.0,-3.35,-5.35,-2.28,1496409268
Dollarcoin,DLC,473,0.0106721,0.00000443,10.5078,97188.0,9106714.0,9106714.0,-0.23,8.13,,1496409276
GlobalBoost-Y,BSTY,474,0.00820953,0.00000341,130.898,93576.0,11398430.0,11398430.0,-0.22,-3.77,3.31,1496409256
FlutterCoin,FLT,475,0.000289398,0.00000012,10.4114,93248.0,322214524.0,322214524.0,0.14,-1.05,-23.37,1496409248
TittieCoin,TTC,476,0.0000722026,0.00000003,95.5735,90962.0,1259816434.0,1259816434.0,-0.23,-0.63,3.99,1496409257
WayGuide,WAY,477,0.000867262,0.00000036,2.68765,86762.0,100040708.0,100040708.0,-0.23,,6.88,1496409275
PayCoin,XPY,478,0.00738479,0.00000307,2.06458,86422.0,11702721.0,11752721.0,-0.23,1.01,-59.04,1496409257
BunnyCoin,BUN,479,0.0000008454,0.0000000004,142.255,85731.0,101411059820,101411059820,0.39,-1.49,2.14,1496409255
Elementrem,ELE,480,0.00329807,0.00000137,128.987,82510.0,25017786.0,25017786.0,-0.23,11.96,-9.19,1496409273
KiloCoin,KLC,481,0.00040954,0.00000017,4.0954,80392.0,196297971.0,10025186872.0,-0.23,5.03,11.04,1496409268
GameUnits,UNITS,482,0.0230124,0.00000954,105.005,79764.0,3466132.0,3466132.0,5.33,-36.05,-23.87,1496408985
UFO Coin,UFO,483,0.0000229521,0.00000001,,75440.0,3286831262.0,3286831262.0,,,-6.65,1496273048
Triangles,TRI,484,1.00003,0.00041511,10.476,72894.0,72891.0,72891.0,-0.23,-16.06,-21.0,1496409253
Darsek,KED,485,0.00723815,0.00000300,24.2397,71359.0,9858752.0,9858752.0,-0.08,-7.16,-28.47,1496408990
CCMiner,CCM100,486,0.0292901,0.00001214,34.4745,70775.0,2416354.0,6000000.0,0.1,29.26,-0.26,1496408986
Blakecoin,BLC,487,0.00582833,0.00000242,207.024,69420.0,11910789.0,11910789.0,-0.24,-1.19,-4.43,1496409246
Valorbit,VAL,488,0.0000240906,0.00000001,12.0453,69196.0,2872327889.0,922340072327889,-0.23,-1.15,-2.02,1496409269
SproutsExtreme,SPEX,489,0.0000240906,0.00000001,12.0453,69058.0,2866607586.0,2866607586.0,-0.23,-1.15,-1.13,1496409268
CorgiCoin,CORG,490,0.0000540274,0.00000002,5.40274,67634.0,1251855418.0,1251855418.0,-11.04,-23.62,-69.44,1496409247
NoLimitCoin,NLC2,491,0.000337269,0.00000014,31.4558,67609.0,200458704.0,200458704.0,-0.23,-11.43,-32.48,1496409276
Guncoin,GUN,492,0.000361335,0.00000015,44.5377,65797.0,182094328.0,182094328.0,-0.26,-1.14,31.45,1496409251
HempCoin,HMP,493,0.0000481812,0.00000002,123.103,65364.0,1356620606.0,2856620606.0,-0.23,-1.15,95.95,1496409267
AmberCoin,AMBER,494,0.0014952,0.00000063,,65255.0,43643263.0,43643263.0,,-2.61,-16.7,1496347159
Yacoin,YAC,495,0.000554084,0.00000023,4.42299,64336.0,116111668.0,116111668.0,-0.28,-1.2,-6.11,1496409244
ChessCoin,CHESS,496,0.00118101,0.00000049,28.6952,63734.0,53965793.0,53965793.0,1.32,-3.53,59.74,1496409273
Debitcoin,DBTC,497,0.00354132,0.00000147,34.1368,63715.0,17992016.0,25992016.0,-0.23,5.43,11.55,1496409272
Ratecoin,XRA,498,0.000579556,0.00000024,156.121,61483.0,106086992.0,106086992.0,-0.22,-17.58,-30.34,1496409261
Bitcloud,BTD,499,0.00534812,0.00000222,45.4203,59571.0,11138606.0,11138606.0,-0.23,2.07,66.04,1496409276
Chronos,CRX,500,0.000778721,0.00000032,288.712,57415.0,73729962.0,73729962.0,-0.3,9.86,10.32,1496409274
RevolverCoin,XRE,501,0.00260179,0.00000108,70.0235,56702.0,21793368.0,21793368.0,-0.23,30.59,-2.0,1496409272
Artex Coin,ATX,502,0.0029767,0.00000124,58.9126,55650.0,18695075.0,268695075.0,-20.34,-17.53,21.3,1496409275
Nyancoin,NYAN,503,0.000182055,0.00000008,72.7851,54233.0,297891209.0,297891209.0,0.23,-6.53,-2.21,1496409247
KushCoin,KUSH,504,0.00984393,0.00000408,30.6048,53094.0,5393628.0,5393628.0,-0.04,-9.82,-20.08,1496408985
AquariusCoin,ARCO,505,0.0416532,0.00001729,128.396,50901.0,1222018.0,1222018.0,-1.52,-6.61,-10.56,1496409270
Zayedcoin,ZYD,506,0.0079499,0.00000330,32.3414,49638.0,6243840.0,6243840.0,-0.23,-2.62,-18.97,1496409276
DigiCube,CUBE,507,0.0000203867,0.000000008,0.00380855,49522.0,2429126009.0,2429126009.0,1.13,,-17.12,1496409265
Lex4All,LEX,508,0.0488169,0.00002023,224.655,48819.0,1000043.0,5000000.0,0.1,40.05,-6.16,1496408989
RedCoin,RED,509,0.000650447,0.00000027,18.3709,48203.0,74107896.0,74107896.0,-0.26,3.86,-35.33,1496409246
SatoshiMadness,MAD,510,0.0000240906,0.00000001,130.089,48198.0,2000683485.0,2000683485.0,-0.23,-1.15,-2.02,1496409264
AurumCoin,AU,511,0.161094,0.00006687,130.544,47719.0,296216.0,296216.0,0.21,-23.56,-26.91,1496409256
Aricoin,ARI,512,0.000338262,0.00000014,27.5918,47445.0,140262505.0,140262505.0,-0.48,-5.02,5.82,1496409247
Sativacoin,STV,513,0.00657363,0.00000274,,46521.0,7076851.0,7076851.0,,-1.55,11.22,1496351959
MarteXcoin,MXT,514,0.0168828,0.00000701,0.123717,46059.0,2728161.0,2728161.0,0.44,0.84,-40.49,1496409272
Eternity,ENT,515,0.0149607,0.00000620,295.018,45838.0,3063880.0,3063880.0,-0.11,-15.07,-37.48,1496408983
Francs,FRN,516,0.0264351,0.00001097,36.0857,45312.0,1714100.0,1714100.0,-1.6,-10.26,15.44,1496409268
Tigercoin,TGC,517,0.0010359,0.00000043,11.0263,45100.0,43536800.0,43536800.0,-0.28,6.25,40.43,1496409246
808Coin,808,518,0.000216862,0.00000009,277.313,44675.0,206007114.0,206007114.0,1.97,8.22,36.49,1496409275
AmsterdamCoin,AMS,519,0.00457722,0.00000190,114.023,43958.0,9603707.0,16803707.0,-0.42,-4.48,24.34,1496409263
ICOBID,ICOB,520,0.000412729,0.00000017,130.959,42867.0,103862796.0,103862796.0,-0.13,-14.32,4.12,1496408985
Evotion,EVO,521,0.0173122,0.00000719,156.192,42748.0,2469220.0,2469220.0,-0.22,-4.63,-55.59,1496409266
Jin Coin,JIN,522,0.00431222,0.00000179,65.9521,42469.0,9848485.0,9848485.0,-28.57,-34.18,,1496409276
UniCoin,UNIC,523,0.0140738,0.00000584,106.138,40976.0,2911538.0,2911538.0,-0.14,-0.85,5.92,1496409261
Joulecoin,XJO,524,0.00125271,0.00000052,38.0086,40409.0,32256952.0,32256952.0,-1.34,-7.06,1.74,1496409243
UCoin,U,525,0.0149603,0.00000621,171.886,40240.0,2689812.0,2689812.0,-0.07,-0.99,-2.22,1496409257
MiloCoin,MILO,526,0.00388449,0.00000161,96.1894,39971.0,10289918.0,10289918.0,-0.08,8.04,43.9,1496408988
BTCDragon,DRAGON,527,0.0976337,0.00004047,497.932,39458.0,404146.0,1000000.0,0.1,-46.43,-30.6,1496408986
BurstOcean,OCEAN,528,0.184284,0.00007638,12.7764,39036.0,211827.0,1000000.0,0.1,4.49,29.85,1496408988
OctoCoin,888,529,0.000805194,0.00000033,66.6447,38947.0,48369348.0,48369348.0,4.54,-26.11,40.87,1496409249
Franko,FRK,530,0.0571429,0.00002372,2.11961,36397.0,636950.0,636950.0,-0.28,,-49.74,1496409246
SpaceCoin,SPACE,531,0.0020362,0.00000085,2.48636,36231.0,17793275.0,17793275.0,0.71,-5.3,3.46,1496409264
Universe,UNI,532,0.0120395,0.00000499,156.383,35793.0,2972953.0,14172953.0,-0.08,5.42,1.58,1496408989
WMCoin,WMC,533,0.0030836,0.00000128,0.477331,35546.0,11527489.0,911527489.0,-0.23,4.49,,1496409271
Cypher,CYP,534,0.00544448,0.00000226,246.351,34656.0,6365285.0,6365285.0,-0.23,8.98,-12.01,1496409260
PopularCoin,POP,535,0.0000103492,0.000000004,33.6604,34594.0,3342673809.0,3342673809.0,-0.37,1.13,-3.1,1496409249
Bolivarcoin,BOLI,536,0.00517505,0.00000215,456.401,33551.0,6483150.0,6483150.0,6.32,-9.47,3.66,1496409264
Dobbscoin,BOB,537,0.00660083,0.00000274,3.40504,33403.0,5060382.0,5060382.0,-0.23,-1.93,0.12,1496409254
Evil Coin,EVIL,538,0.0015148,0.00000063,0.928461,31842.0,21020383.0,21020383.0,-0.23,-4.84,-2.13,1496409267
CryptoWorldX Token,CWXT,539,0.000579055,0.00000024,5.83362,31667.0,54687020.0,54687020.0,-0.08,9.27,-9.48,1496408986
Uro,URO,540,0.0259456,0.00001077,59.777,31324.0,1207310.0,1207310.0,-0.26,-3.14,-10.58,1496409252
FlavorCoin,FLVR,541,0.0014715,0.00000061,8.7087,30752.0,20898106.0,20898106.0,0.37,3.68,41.25,1496409267
RonPaulCoin,RPC,542,0.0386844,0.00001606,20.8097,30525.0,789086.0,789086.0,-0.24,-15.37,-0.09,1496409245
Creatio,XCRE,543,0.00148115,0.00000061,180.764,30394.0,20520514.0,20520514.0,-0.08,1.31,45.27,1496408982
Hexx,HXX,544,0.0218695,0.00000908,336.384,29592.0,1353117.0,1353117.0,-8.79,10.45,-36.69,1496409262
Photon,PHO,545,0.0000016462,0.0000000007,36.8843,29365.0,17838426768.0,17838426768.0,-9.2,35.7,16.47,1496409248
Dreamcoin,DRM,546,0.0120275,0.00000503,,29311.0,2436996.0,2436996.0,,-1.9,,1496330352
Solarflarecoin,SFC,547,0.0021232,0.00000088,93.3727,29128.0,13718750.0,13718750.0,-0.08,-2.09,-26.56,1496408985
NeuCoin,NEU,548,0.0000144709,0.000000006,0.0648776,28808.0,1990764588.0,2014638413.0,0.44,1.48,,1496409264
SixEleven,611,549,0.0696219,0.00002890,9.03275,28690.0,412080.0,412080.0,-0.23,-21.73,-64.29,1496409270
Zurcoin,ZUR,550,0.000361359,0.00000015,23.2145,28540.0,78980874.0,78980874.0,-0.23,-1.95,6.73,1496409271
Hommalicoin,HMC,551,11.7946,0.00496011,,28528.0,2419.0,1000000000.0,,,101.58,1496299177
GoldPieces,GP,552,0.0226442,0.00000940,379.443,27630.0,1220161.0,1220161.0,3.94,-2.75,-30.96,1496409258
Bitzeny,ZNY,553,0.000361359,0.00000015,59.3935,27324.0,75614500.0,75614500.0,-0.23,-1.15,8.13,1496409262
PayCon,CON,554,0.00118527,0.00000049,62.3831,27312.0,23042604.0,23042604.0,1.64,-3.67,-16.9,1496409258
CoExistCoin,COXST,555,0.0010016,0.00000042,20.1312,27182.0,27138905.0,27138905.0,33.78,-34.92,-59.15,1496409269
Unrealcoin,URC,556,0.00380632,0.00000158,20.0415,26737.0,7024402.0,7024402.0,-0.23,,14.0,1496409259
HealthyWormCoin,WORM,557,0.00168891,0.00000070,41.3078,26591.0,15744600.0,15744600.0,-0.08,-0.98,-40.33,1496408989
BumbaCoin,BUMBA,558,0.00120453,0.00000050,0.85401,26434.0,21945260.0,21945260.0,-0.23,-1.15,-20.99,1496409269
PX,PX,559,0.000337269,0.00000014,98.0772,25903.0,76803674.0,76803674.0,-0.26,-31.95,-17.75,1496409276
SoonCoin,SOON,560,0.00199952,0.00000083,46.7071,24919.0,12462620.0,12462620.0,11.9,-7.81,-18.81,1496409258
Grantcoin,GRT,561,0.000602265,0.00000025,153.974,24891.0,41328268.0,10041328268.0,-0.23,-17.65,-1.15,1496409262
Cannation,CNNC,562,0.0100317,0.00000416,120.269,24622.0,2454379.0,2454379.0,-0.08,-9.83,-16.33,1496408993
Universal Currency,UNIT,563,0.00186621,0.00000077,64.2134,24347.0,13046431.0,13046431.0,-0.23,-44.42,-73.34,1496409261
CryptoEscudo,CESC,564,0.000168634,0.00000007,31.9346,24301.0,144105100.0,594105100.0,-0.26,-1.15,-2.02,1496409249
X-Coin,XCO,565,0.00192725,0.00000080,11.4446,23869.0,12384976.0,12384976.0,-0.23,-1.15,-11.36,1496409259
Theresa May Coin,MAY,566,0.00152002,0.00000063,15.5442,23224.0,15279000.0,15279000.0,-0.08,-4.69,,1496408994
ARbit,ARB,567,0.00357811,0.00000149,,23152.0,6470465.0,6470465.0,,-1.46,11.94,1496362165
PlatinumBAR,XPTX,568,0.1324,0.00005562,,23103.0,174494.0,174494.0,,-2.32,-19.59,1496364572
B3Coin,B3,569,0.0739582,0.00003070,67.8542,22725.0,307272.0,307272.0,-0.23,8.28,24.6,1496409276
LeaCoin,LEA,570,0.0000822440,0.00000003,22.4565,22718.0,276229489.0,276229489.0,2.47,32.82,-30.69,1496409260
Litecred,LTCR,571,0.000743367,0.00000031,143.329,22470.0,30227750.0,30227750.0,-0.23,-18.82,114.31,1496409266
AntiBitcoin,ANTI,572,0.0012768,0.00000053,206.644,22300.0,17465159.0,17465159.0,-0.23,-9.68,6.63,1496409266
Ride My Car,RIDE,573,0.000213651,0.00000009,26.6495,21600.0,101097488.0,101097488.0,4.26,-8.44,-25.34,1496408987
BiosCrypto,BIOS,574,0.0010359,0.00000043,0.264973,21481.0,20737003.0,20737003.0,-0.23,-14.37,7.07,1496409263
ParallelCoin,DUO,575,0.0742251,0.00003081,274.185,21339.0,287489.0,287489.0,-1.3,-3.64,-19.63,1496409265
Flaxscript,FLAX,576,0.00361359,0.00000150,1.72557,19861.0,5496219.0,5496219.0,-0.23,-3.92,12.33,1496409263
MindCoin,MND,577,0.00156589,0.00000065,15.9348,19647.0,12546625.0,12546625.0,-0.23,-4.1,-3.28,1496409266
IslaCoin,ISL,578,0.0128485,0.00000533,20.0789,19449.0,1513704.0,1513704.0,2.52,3.57,-12.62,1496409265
DAPPSTER,DLISK,579,0.000192725,0.00000008,0.240906,19273.0,100000000.0,100000000.0,-0.23,-1.15,-19.57,1496409273
PLNcoin,PLNC,580,0.00110817,0.00000046,1.17579,18938.0,17089600.0,19089600.0,-0.26,1.04,4.34,1496409250
Magnum,MGM,581,0.00516496,0.00000225,,18734.0,3627215.0,253627215.0,,,-32.22,1496272491
Destiny,DES,582,0.0116839,0.00000485,202.495,18694.0,1600000.0,1600000.0,-0.23,-24.5,-2.22,1496409268
SongCoin,SONG,583,0.000572728,0.00000024,31.3896,18651.0,32565300.0,32565300.0,-0.18,1.31,-20.17,1496409259
Impact,IMX,584,0.000168891,0.00000007,53.08,18462.0,109314611.0,109314611.0,-0.08,-16.49,-18.12,1496408990
Luna Coin,LUNA,585,0.0148823,0.00000617,241.724,18266.0,1227386.0,1227386.0,-2.29,-2.02,-3.69,1496408984
Halcyon,HAL,586,0.00392677,0.00000163,14.9804,18257.0,4649434.0,4649434.0,8.41,7.19,-18.69,1496409254
VIP Tokens,VIP,587,0.000216816,0.00000009,2.65006,18093.0,83450403.0,83450403.0,-0.23,-11.04,-14.47,1496409269
Alexium,AUM,588,0.000891353,0.00000037,1.23411,18092.0,20297336.0,20297336.0,-0.23,-3.81,9.69,1496409264
SecretCoin,SCRT,589,0.00426404,0.00000177,0.426404,18031.0,4228672.0,4228672.0,-0.23,0.57,26.45,1496409265
BipCoin,BIP,590,0.0128403,0.00000533,87.7746,17256.0,1343889.0,1343889.0,-33.53,-6.26,-40.49,1496409278
Vector,VEC2,591,0.00108408,0.00000045,97.5651,17174.0,15842414.0,15842414.0,-0.23,-50.02,-43.47,1496409264
GameBet Coin,GBT,592,0.00079499,0.00000033,0.662468,16904.0,21262780.0,22262780.0,-0.23,-6.84,-6.39,1496409269
Steps,STEPS,593,0.000891353,0.00000037,0.445676,16601.0,18625017.0,18625017.0,-0.28,-1.15,-0.23,1496409267
Sling,SLING,594,0.0151048,0.00000627,0.560083,16224.0,1074095.0,1074095.0,-0.23,-1.01,6.47,1496409260
Shilling,SH,595,0.00495803,0.00000206,181.621,15984.0,3223800.0,3223800.0,-1.29,129.9,163.38,1496409276
Orlycoin,ORLY,596,0.000433631,0.00000018,0.264973,15891.0,36646779.0,36646779.0,-0.23,2.9,11.83,1496409270
Blackstar,BSTAR,597,0.0000241273,0.00000001,103.441,15219.0,630795971.0,630795971.0,-0.08,-0.98,-1.93,1496408983
AnarchistsPrime,ACP,598,0.00346177,0.00000144,21.5437,15214.0,4394874.0,4394874.0,-0.23,1.42,15.29,1496409262
VapersCoin,VPRC,599,0.0000194118,0.000000008,46.4563,15144.0,780124964.0,1635124964.0,-0.2,211.9,1.4,1496409274
BowsCoin,BSC,600,0.00269815,0.00000112,2.07941,14975.0,5550102.0,5550102.0,-0.23,,56.76,1496409262
MustangCoin,MST,601,0.0235315,0.00000977,37.6079,14795.0,628712.0,628712.0,0.65,7.41,-47.38,1496409277
Prototanium,PR,602,0.0755253,0.00003135,29.7325,14687.0,194462.0,194462.0,-2.1,-23.3,-28.17,1496409265
BitQuark,BTQ,603,0.00202361,0.00000084,17.1032,14480.0,7155671.0,7155671.0,0.94,7.83,-48.92,1496409252
FuzzBalls,FUZZ,604,0.00299458,0.00000124,446.248,14464.0,4829945.0,4829945.0,0.06,-0.07,-3.1,1496409270
Sprouts,SPRTS,605,0.0000000825,0.00000000003,38.0355,14423.0,174861321949,174861321949,0.44,19.04,-64.46,1496409262
Firecoin,FIRE,606,0.144736,0.00006008,2.62342,14244.0,98412.0,98412.0,-0.23,-1.09,-53.12,1496409253
GuccioneCoin,GCC,607,0.000698628,0.00000029,2.45625,14172.0,20285537.0,23775537.0,-0.23,-11.45,-16.63,1496409263
OsmiumCoin,OS76,608,0.0158516,0.00000658,3.734,14172.0,894026.0,894026.0,-0.23,47.49,11.54,1496409265
Crypto,CTO,609,0.00142135,0.00000059,154.468,14104.0,9923182.0,9923182.0,-0.23,-8.88,-34.61,1496409261
BlazeCoin,BLZ,610,0.0000221512,0.000000009,2.74492,13480.0,608557394.0,608557394.0,-0.59,-2.92,15.3,1496409253
TajCoin,TAJ,611,0.00232992,0.00000097,64.9699,13445.0,5770463.0,5770463.0,6.1,27.83,47.05,1496409275
GPU Coin,GPU,612,0.00032535,0.00000014,211.1,13169.0,40477042.0,51530001.0,0.15,2.16,15.72,1496409271
BitTokens,BXT,613,0.0252951,0.00001050,6.04065,13136.0,519309.0,519309.0,-0.23,-23.59,126.16,1496409276
Speedcash,SCS,614,0.0497022,0.00002060,11.3296,12973.0,261021.0,476108.0,-0.08,-0.97,13.29,1496408992
JobsCoin,JOBS,615,0.000120453,0.00000005,130.33,12770.0,106019270.0,200019300.0,-0.23,-1.15,31.31,1496409277
Solaris,XLR,616,0.0724049,0.00003001,342.701,12236.0,168989.0,268989.0,-0.08,-1.11,-37.93,1496408990
TAGRcoin,TAGR,617,0.000313178,0.00000013,2.99263,12110.0,38669634.0,38669634.0,-0.23,-11.83,-16.52,1496409263
Metal Music Coin,MTLMC3,618,0.000147505,0.00000006,15.4419,11759.0,79719140.0,79719140.0,-0.23,-15.19,-0.39,1496409262
WARP,WARP,619,0.0106721,0.00000443,1.44074,11688.0,1095224.0,1095224.0,-0.23,2.08,3.59,1496409267
Bitcoin 21,XBTC21,620,0.0145198,0.00000655,,11516.0,793108.0,7093108.0,,,-41.42,1496220571
Cabbage,CAB,621,0.00105999,0.00000044,52.9797,11130.0,10499996.0,10499996.0,-0.23,4.76,-23.24,1496409269
Abncoin,ABN,622,0.161681,0.00006701,48.2287,10946.0,67700.0,4734367.0,1.92,106.12,-15.66,1496408985
Money,$$$,623,0.000238195,0.00000010,81.4547,10930.0,45887218.0,45887218.0,-16.01,5.25,-30.86,1496409265
Comet,CMT,624,0.0125155,0.00000520,0.977448,10924.0,872830.0,872830.0,0.22,-48.04,2.21,1496409272
Elysium,ELS,625,0.00245154,0.00000102,3.34105,9818.0,4005012.0,4005012.0,23.87,159.93,82.38,1496408986
Zonecoin,ZNE,626,0.00368586,0.00000153,1.78692,9517.0,2581970.0,2581970.0,-0.23,-0.5,21.27,1496409275
G3N,G3N,627,0.00125271,0.00000052,2.50473,9473.0,7561891.0,7561891.0,-0.23,-3.01,-5.65,1496409261
LetItRide,LIR,628,0.000264997,0.00000011,121.489,9346.0,35266921.0,35266921.0,-0.23,14.47,-16.08,1496409273
Xonecoin,XOC,629,0.0221875,0.00000921,0.505879,9319.0,420000.0,420000.0,-0.23,19.79,0.26,1496409275
High Voltage,HVCO,630,0.00611441,0.00000256,,9136.0,1494171.0,1694171.0,,-1.99,85.57,1496333672
1CRedit,1CR,631,0.102374,0.00004246,,9031.0,88213.0,88213.0,,-1.07,-30.61,1496373868
Scorecoin,SCORE,632,0.000539365,0.00000022,21.1429,8981.0,16651760.0,16651760.0,-0.07,-34.51,-54.57,1496408989
Cashcoin,CASH,633,0.000244984,0.00000011,,8778.0,35831128.0,35831128.0,,,-16.97,1496155747
EGO,EGO,634,0.000144544,0.00000006,10.1702,8673.0,60000001.0,60000001.0,-0.23,-7.56,-16.02,1496409277
iBank,IBANK,635,0.00188531,0.00000079,,8534.0,4526324.0,4526324.0,,-2.06,2.17,1496357683
JIO Token,JIO,636,0.00446355,0.00000185,127.895,8517.0,1908128.0,8888888.0,-0.08,27.22,65.05,1496408984
DPAY,DPAY,637,0.0000963625,0.00000004,0.240906,7665.0,79541001.0,79541001.0,-0.23,-4.14,,1496409277
Hirocoin,HIRO,638,0.0000240906,0.00000001,2.40906,7504.0,311504378.0,311504378.0,-0.26,-1.16,-35.83,1496409249
Qibuck Asset,QBK,639,0.00512577,0.00000212,2.05031,7464.0,1456187.0,2000000.0,0.1,57.65,-6.1,1496408994
ImpulseCoin,IMPS,640,0.000361909,0.00000015,0.265376,7327.0,20245510.0,20245510.0,-0.08,22.09,13.11,1496408981
Iconic,ICON,641,0.0121843,0.00000505,0.243686,7224.0,592894.0,592894.0,,-33.37,-41.74,1496408985
Dix Asset,DIX,642,0.0000000695,0.00000000003,31.9673,6949.0,100000000000,100000000000,1.18,10.4,-26.71,1496408984
PosEx,PEX,643,0.0028186,0.00000117,10.7674,6915.0,2453240.0,2453240.0,-0.23,-1.99,-9.02,1496409269
SydPak,SDP,644,0.0404,0.00001677,125.303,6405.0,158534.0,158534.0,-0.23,12.93,13.15,1496409263
Printerium,PRX,645,0.000646652,0.00000027,276.105,5868.0,9074428.0,9074428.0,1.67,-15.89,-2.65,1496408986
Future Digital Currency,FDC,646,0.00217146,0.00000090,60.3182,5597.0,2577401.0,1002577401.0,-0.08,-39.48,-23.39,1496408984
Coinonat,CXT,647,0.00251792,0.00000104,112.481,5366.0,2131102.0,8131102.0,-1.66,-1.36,-16.96,1496408991
Concoin,CONX,648,0.0076966,0.00000319,115.042,5294.0,687849.0,1538849.0,-7.87,6.68,48.15,1496408991
Save and Gain,SANDG,649,0.00141989,0.00000064,,4352.0,3064800.0,3064800.0,,,-3.38,1496226272
BioBar,BIOB,650,0.00470482,0.00000195,75.4901,4167.0,885756.0,985756.0,1.88,-10.1,-7.49,1496408988
GeertCoin,GEERT,651,0.000760118,0.00000032,14.8178,3868.0,5088039.0,5088039.0,-0.83,20.92,-36.41,1496408989
Antilitecoin,ALTC,652,0.000120453,0.00000005,8.35409,3796.0,31512613.0,31512613.0,-9.3,-23.47,-33.96,1496409268
NodeCoin,NODC,653,0.00221639,0.00000097,,3720.0,1678439.0,5878439.0,,,10.91,1496270080
Revenu,REV,654,0.00274633,0.00000114,29.8795,3283.0,1195525.0,1195525.0,-0.23,-2.86,-7.69,1496409269
Selfiecoin,SLFI,655,0.0000240906,0.00000001,0.481812,2598.0,107829281.0,107829281.0,-0.23,-1.15,-2.02,1496409259
Pulse,PULSE,656,0.000178681,0.00000007,130.317,2555.0,14298972.0,14298972.0,0.02,-64.12,-80.98,1496409268
Californium,CF,657,0.0195134,0.00000810,194.982,2168.0,111110.0,111110.0,-0.23,-1.2,-3.42,1496409261
Doubloon,BOAT,658,0.000502779,0.00000021,115.471,1784.0,3547845.0,18547845.0,-0.1,-17.41,-37.15,1496408986
P7Coin,P7C,659,0.0000481812,0.00000002,0.963191,1697.0,35220238.0,35220238.0,-0.23,-34.1,0.26,1496409260
Dollar Online,DOLLAR,660,0.0152002,0.00000630,78.2666,1343.0,88379.0,10088379.0,10.64,-8.12,30.99,1496408983
Enigma,XNG,661,0.0799808,0.00003320,53.2976,1330.0,16627.0,66627.0,-0.23,-39.83,-9.09,1496409270
GanjaCoin,420G,662,0.00187907,0.00000078,28.1089,1265.0,672975.0,1741116.0,-0.23,-74.3,-94.48,1496409256
Impeachcoin,IMPCH,663,0.0037156,0.00000154,6.6081,1145.0,308179.0,2501512.0,-0.08,-15.28,-49.86,1496408987
23 Skidoo,CHAO,664,3878.66,1.61003,147.779,980.0,0.0,0.0,6.37,5.39,-66.99,1496409263
Digital Credits,DGCS,665,0.000120453,0.00000005,191.717,702.0,5826388.0,201284316.0,-0.23,2.26,-38.98,1496409265
Zcashshare,ZHS,666,0.000217146,0.00000009,2.16378,614.0,2826000.0,2826000.0,-0.08,-0.98,-35.4,1496408982
CRTCoin,CRT,667,0.00481812,0.00000200,0.0000000241,382.0,79270.0,10079270.0,-0.23,-1.15,-2.02,1496409250
SwapToken,TOKEN,668,0.0000101617,0.000000004,49.0611,357.0,35110531.0,35110531.0,-0.44,-50.17,274.6,1496409273
PizzaCoin,PIZZA,669,0.000240906,0.00000010,83.6085,332.0,1377917.0,10127917.0,10.85,41.22,39.97,1496409275
Xenixcoin,XEN,670,0.02654,0.00001100,36.1909,268.0,10100.0,10010100.0,-0.08,67.58,-61.98,1496408983
CaliphCoin,CALC,671,0.000892798,0.00000037,12.0453,78.0,87140.0,148587140.0,-0.23,10.4,-50.77,1496409277
MikeTheMug,MUG,672,0.0000051456,0.000000002,,5.0,999279.0,1000000.0,,,,1496047185
BTCGold,XBG,673,0.136464,0.00005656,27.6849,,,99000001.0,-0.04,80.67,-46.15,1496408992
Soarcoin,SOAR,674,0.0192561,0.00000798,314.049,,,5000000000.0,-0.06,56.01,3.2,1496408989
Project-X,NANOX,675,301591.0,125.0,2535.53,,,1.0,-33.39,-57.1,,1496408994
Internet of Things,XOT,676,1213.43,0.502929,1537.43,,,21000000.0,-0.02,18.51,39.49,1496408991
AMIS,AMIS,677,277.548,0.115061,,,,,,-2.21,-41.67,1496391890
Bitcoin Unlimited (Futures),BTU,678,117.843,0.0488424,307.514,,,,-3.61,-27.88,-36.0,1496408989
Malcoin,MALC,679,31.4471,0.0130339,42463.5,,,1000000000.0,-0.08,-0.98,-1.8,1496408992
GoldUnionCoin,GUC,680,22.4555,0.0093071,24197.6,,,210000000.0,-0.08,9.04,3.36,1496408993
Qtum (Pre-Launch),QTUM,681,10.1594,0.00421074,37246400.0,,,100000000.0,-0.2,34.62,108.47,1496408994
ZenCash,ZEN,682,7.47972,0.00310011,11643.4,,,1390150.0,-6.84,,,1496408995
Fargocoin,FRGC,683,7.20343,0.00298559,574990.0,,,443837377.0,-0.04,0.91,3.52,1496408985
EcoCoin,ECO,684,4.01431,0.00166381,106598.0,,,1093895.0,-1.56,13.63,5.42,1496408995
Internet of People,IOP,685,3.48818,0.00144574,1220.13,,,2139403.0,4.52,-5.59,29.99,1496408983
DECENT (Pre-Launch),DCT,686,2.92916,0.00121404,7448.21,,,73290000.0,48.24,27.65,-29.97,1496408983
PRIZM,PZM,687,1.12118,0.00046469,34600.0,,,,-0.17,24.36,8.51,1496408994
Bitcore,BTX,688,1.07212,0.00044436,26783.8,,,16360428.0,-0.07,-4.79,-41.01,1496408992
DynamicCoin,DMC,689,0.998916,0.00041465,368534.0,,,10541442931.0,0.01,0.11,0.13,1496409278
OBITS.WARRANT,WARRANT,690,0.994377,0.00041214,1964.08,,,,-0.58,,,1496408994
Databits,DTB,691,0.850994,0.00035271,113609.0,,,,0.72,6.59,-1.66,1496408990
Aeternity (Pre-Launch),AE,692,0.820328,0.00034,2096.86,,,,-0.08,,,1496408994
Bitgem,BTG,693,0.795592,0.00033025,22.3467,,,,-0.28,-6.69,-17.15,1496409244
GAY Money,GAY,694,0.618621,0.00025679,208.439,,,5603046558.0,-0.23,-0.87,59.96,1496409276
TechShares,THS,695,0.595761,0.0002473,54.2441,,,646359158.0,-0.54,-6.08,-13.47,1496409275
XDE II,XDE2,696,0.582396,0.00024138,13.1342,,,42249.0,-0.08,-1.23,6.16,1496408989
LEOcoin,LEO,697,0.487905,0.00020253,252670.0,,,92913825.0,0.4,7.16,16.49,1496409263
InvisibleCoin,IVZ,698,0.433631,0.00018,133.04,,,,-0.28,191.13,231.51,1496409268
WA Space,WA,699,0.369727,0.00015324,43392.0,,,,-0.08,-5.32,7.36,1496408983
ClubCoin,CLUB,700,0.277108,0.00011503,27050.9,,,90899180.0,-0.27,-4.64,-14.05,1496409266
TeslaCoilCoin,TESLA,701,0.268297,0.00011137,166.394,,,100000000.0,-0.23,-52.11,-31.93,1496409271
Yogold,YOG,702,0.265569,0.00011007,11.6378,,,100000000.0,-0.08,-0.86,7.83,1496408990
ZenGold,ZENGOLD,703,0.25672,0.0001064,892.005,,,,-7.32,-9.09,,1496408994
TROPTIONS,TROPTIONS,704,0.248173,0.00010598,,,,1000000001.0,,,,1496287780
Zilbercoin,ZBC,705,0.219502,0.00009098,27261.2,,,9009063.0,-2.58,-9.5,-42.38,1496408985
Pabyosi Coin (Special),PCS,706,0.165385,0.00006855,5747.39,,,30993751760.0,-0.08,-3.11,2.82,1496408984
Golos Gold,GBG,707,0.156248,0.00006476,8797.6,,,,1.89,10.3,-16.69,1496408987
AlpaCoin,APC,708,0.153843,0.00006386,673.046,,,,-0.23,5.83,20.48,1496409267
Tattoocoin (Limited Edition),TLE,709,0.130076,0.00005400,,,,975531.0,,51.95,-30.95,1496391590
EquiTrader,EQT,710,0.127875,0.00005300,85069.3,,,7664880.0,-0.08,-0.98,3.95,1496408994
Wowecoin,WEC,711,0.104,0.00004317,12080.7,,,8901692.0,,-0.0,4.0,1496409274
LandCoin,LDCN,712,0.099375,0.00004119,24045.7,,,19003881978.0,-0.01,30.34,174.54,1496408984
DeusCoin,DEUS,713,0.0870513,0.00003608,6904.29,,,,-4.75,-3.41,-29.17,1496408992
Omicron,OMC,714,0.0722718,0.00003000,0.395062,,,10134100.0,-0.23,,-4.09,1496409276
WavesGo,WGO,715,0.0655991,0.00002719,708.466,,,10000000.0,-0.15,-27.0,91.94,1496408991
Quartz,QRZ,716,0.0648541,0.00002688,2512.18,,,21000000.0,-0.08,-85.99,,1496408995
InsaneCoin,INSN,717,0.060326,0.00002500,3317.44,,,18528292.0,1.42,-13.39,1.93,1496408994
Fazzcoin,FAZZ,718,0.0592124,0.00002454,512.307,,,1022577370.0,-0.01,34.54,-25.3,1496408991
Topaz Coin,TOPAZ,719,0.0398576,0.00001652,90.458,,,38088.0,-0.08,-2.76,-83.03,1496408993
International Diamond,XID,720,0.038234,0.00001588,,,,,,-1.21,,1496373575
CryptoBuck,BUK,721,0.0318361,0.00001322,0.445705,,,,0.44,-10.7,15.28,1496409256
Elacoin,ELC,722,0.0317514,0.00001318,12.0308,,,,-0.23,-24.56,0.91,1496409241
DeltaCredits,DCRE,723,0.0293183,0.00001217,2.05315,,,,-0.23,,-5.46,1496409263
President Johnson,GARY,724,0.028467,0.00001182,116.203,,,57968072167.0,-0.23,-1.76,16.84,1496409274
IvugeoCoin,IEC,725,0.0239702,0.00000995,0.795997,,,,-0.23,-0.65,,1496409260
EDRCoin,EDRC,726,0.0228961,0.00000950,14759.1,,,3407292.0,-0.03,-4.1,-34.26,1496409269
RHFCoin,RHFC,727,0.0226802,0.00000940,12923.5,,,200157080.0,-3.86,-30.01,-20.3,1496408991
ShellPay,SHELL,728,0.0203805,0.00000846,14112.5,,,,0.36,0.39,-28.45,1496409261
Lepaoquan,HLB,729,0.0192075,0.00000796,922198.0,,,935498637.0,2.28,3.71,-34.38,1496408983
Gycoin,GYC,730,0.0166157,0.00000690,12923.5,,,22213403.0,-0.02,-6.4,-18.09,1496409274
KolschCoin,TP1,731,0.0147961,0.00000620,,,,,,-2.07,30.95,1496357661
Digitalfund,DTF,732,0.014369,0.00000596,20297.4,,,54000053.0,-4.39,0.97,-28.07,1496409275
Avoncoin,ACN,733,0.013463,0.00000558,2994.36,,,,-20.29,-33.18,-40.4,1496408986
PiCoin,PI,734,0.0132459,0.00000549,24.1273,,,1378369.0,-0.08,161.94,103.06,1496408993
Mind Gene,MG,735,0.0122862,0.00000510,5358.72,,,,-0.23,-5.62,-3.93,1496409277
RoyalCoin 2,RYCN,736,0.0122808,0.00000509,1226.91,,,2500124.0,164.89,389.34,315.97,1496408981
Sharkcoin,SAK,737,0.00968443,0.00000402,3247.84,,,,-4.28,1.21,12.65,1496409259
Tyrocoin,TYC,738,0.007962,0.00000330,16.8891,,,50132700.0,-0.08,3.41,-76.15,1496408992
Opal,OPAL,739,0.00705848,0.00000293,2766.26,,,,2.54,3.7,5.71,1496409256
Goldpay Coin,GP,740,0.00687951,0.00000285,38466.2,,,,-0.04,10.23,-10.98,1496408994
9COIN,9COIN,741,0.00658675,0.00000273,467.199,,,350050250.0,-0.08,-34.07,83.37,1496408993
Slimcoin,SLM,742,0.00652134,0.00000270,,,,13925626.0,0.03,7.04,,1496406560
First Bitcoin,BIT,743,0.00608563,0.00000253,977.436,,,20706894437.0,-0.34,-10.4,5.19,1496409273
Helleniccoin,HNC,744,0.00580584,0.00000241,1605.77,,,,-0.23,-0.99,41.51,1496409263
Psilocybin,PSY,745,0.00578175,0.00000240,16.486,,,,-0.23,-10.47,-10.78,1496409269
Xaucoin,XAU,746,0.00578175,0.00000240,45.4895,,,,-0.23,-1.15,-16.68,1496409259
EggCoin,EGG,747,0.00562322,0.00000237,,,,,,,-13.48,1496295864
GBCGoldCoin,GBC,748,0.00526983,0.00000219,51.0498,,,,-8.79,-19.24,-34.09,1496409265
Axiom,AXIOM,749,0.00476994,0.00000198,27.2613,,,,-0.23,-1.64,-4.4,1496409263
BagCoin,BGC,750,0.00446611,0.00000185,85619.8,,,497214120.0,-2.76,5.06,-1.58,1496409273
GoldReserve,XGR,751,0.00440858,0.00000183,1822.73,,,17161829.0,2.86,-0.99,-3.48,1496409252
netBit,NBIT,752,0.0042464,0.00000176,0.344538,,,,-0.08,3.12,22.66,1496408981
Dashs,DASHS,753,0.00402926,0.00000167,78.8975,,,,-0.08,-12.96,-65.62,1496408992
AvatarCoin,AV,754,0.00383041,0.00000159,0.0957602,,,,-0.23,,7.77,1496409266
Bitcoin Scrypt,BTCS,755,0.00380632,0.00000158,43.7102,,,,-0.26,-4.34,-9.99,1496409250
President Trump,PRES,756,0.0029886,0.00000124,272.432,,,57968072167.0,7.94,1.79,-10.31,1496409274
Quotient,XQN,757,0.00264997,0.00000110,80.335,,,,-0.23,-9.39,-24.65,1496409257
BitcoinFast,BCF,758,0.00245576,0.00000102,69.9635,,,,-0.22,21.39,-29.92,1496409257
ZSEcoin,ZSE,759,0.00229202,0.00000095,109.526,,,6381080.0,-0.24,-30.74,-65.91,1496408989
OCOW,OCOW,760,0.00227517,0.00000099,,,,,,,-6.53,1496142268
TrickyCoin,TRICK,761,0.00221634,0.00000092,11.3211,,,,-0.23,-4.27,-21.08,1496409260
GameLeagueCoin,GML,762,0.00214406,0.00000089,0.536016,,,,,,-13.62,1496409252
RichCoin,RICHX,763,0.00210122,0.00000093,,,,5925522.0,,,-6.25,1496167172
Neptune Classic,NTCC,764,0.00195431,0.00000081,1455.77,,,,-3.65,-16.45,47.8,1496408987
Condensate,RAIN,765,0.00184109,0.00000076,986.73,,,42978104.0,0.22,3.12,-8.09,1496408993
Mavro,MAVRO,766,0.00168043,0.00000070,,,,15005722.0,,-1.47,-31.29,1496349588
Clinton,CLINT,767,0.00163816,0.00000068,35.8614,,,,-0.23,-37.76,-35.01,1496409270
Advanced Internet Blocks,AIB,768,0.0014418,0.00000060,102.883,,,31411917117.0,-0.23,-12.7,-35.21,1496409261
MMXVI,MMXVI,769,0.00134907,0.00000056,75.1783,,,,-0.23,7.75,-61.25,1496409267
UR,UR,770,0.00130287,0.00000054,255.778,,,,1.81,-3.25,-5.79,1496408987
TodayCoin,TODAY,771,0.00120453,0.00000050,10.3558,,,,-10.92,9.84,13.41,1496409274
RoyalCoin,ROYAL,772,0.0011043,0.00000046,61.1198,,,2500124.0,-8.53,1.27,26.18,1496409278
BestChain,BEST,773,0.00100208,0.00000042,17.1658,,,20042911.0,-0.12,4.63,-24.57,1496408990
Skeincoin,SKC,774,0.000963625,0.00000040,0.674806,,,,-0.23,,,1496409249
True Investment Coin,TIC,775,0.000940964,0.00000039,36.493,,,,-0.08,-9.75,-10.02,1496408988
Digital Bullion Gold,DBG,776,0.000939534,0.00000039,151.792,,,24523275.0,-56.77,-14.33,-28.98,1496409272
RubleBit,RUBIT,777,0.000915443,0.00000038,18.9406,,,,-0.23,6.69,32.11,1496409265
The Aladin,ADT,778,0.000892522,0.00000032,,,,,,,,1495722585
Bitcedi,BXC,779,0.000880498,0.00000037,38.627,,,,0.11,-13.15,,1496409272
SportsCoin,SPORT,780,0.000867262,0.00000036,2.40904,,,19800001.0,-0.23,-1.15,11.95,1496409276
Braincoin,BRAIN,781,0.000843171,0.00000035,0.746761,,,,-0.23,13.44,19.79,1496409270
Donationcoin,DON,782,0.000843171,0.00000035,16649.9,,,,-1.38,,,1496409252
Dubstep,DUB,783,0.000819081,0.00000034,7.5626,,,,-0.23,12.04,-0.13,1496409262
IrishCoin,IRL,784,0.00079499,0.00000033,341.273,,,,-3.17,,,1496409262
Motocoin,MOTO,785,0.000784459,0.00000033,16.7989,,,,-0.26,-6.58,30.48,1496409252
Grumfork,GMF,786,0.000772073,0.00000032,4.82546,,,,299.68,216.87,,1496408992
WeAreSatoshi,WSX,787,0.0007709,0.00000032,149.172,,,,-0.23,2.03,-7.79,1496409255
KashhCoin,KASHH,788,0.00076237,0.00000032,3958.43,,,,12.53,28.37,139.57,1496408987
FrankyWillCoin,FRWC,789,0.000746809,0.00000031,0.264973,,,,-0.26,-1.16,-5.08,1496409274
Lazaruscoin,LAZ,790,0.000746809,0.00000031,0.264973,,,,-0.23,1.44,12.16,1496409276
Opescoin,OPES,791,0.000674537,0.00000028,0.534788,,,,-0.23,-1.18,-12.61,1496409267
Quebecoin,QBC,792,0.000602265,0.00000025,18.429,,,,-0.23,-10.94,-24.24,1496409249
CBD Crystals,CBD,793,0.000545864,0.00000023,14.0669,,,,-34.19,-18.26,-1.58,1496409278
Vsync,XVS,794,0.000506662,0.00000021,406.183,,,103334172.0,-0.8,15.32,-37.86,1496408991
BitAlphaCoin,BAC,795,0.000502018,0.00000021,47.6815,,,,-0.23,-33.82,-36.03,1496409267
T-coin,TCOIN,796,0.000434291,0.00000018,1499.59,,,,-0.04,-6.19,2.4,1496408983
Alphabet Coin Fund,FUN,797,0.000433631,0.00000018,63.6174,,,20742012.0,-0.23,-62.93,-63.64,1496409271
GoldMaxCoin,GMX,798,0.00038545,0.00000016,2.26452,,,84078950.0,-0.23,12.97,-26.5,1496409269
DarkLisk,DISK,799,0.00038545,0.00000016,3.30041,,,17888425.0,-0.23,-1.12,-3.33,1496409270
UGAIN,GAIN,800,0.000361359,0.00000015,0.264973,,,,-0.23,-1.15,-0.41,1496409275
Gambleo,GMB,801,0.000337782,0.00000014,1.20588,,,,-0.08,,-64.81,1496408988
Sakuracoin,SKR,802,0.000337334,0.00000014,125.433,,,,3.6,2.88,16.03,1496408981
PrismChain,PRM,803,0.000337269,0.00000014,57.8655,,,,-0.23,33.07,-81.52,1496409272
MarxCoin,MARX,804,0.000335032,0.00000014,124.362,,,29220960.0,-4.62,-53.93,-30.75,1496408988
BlazerCoin,BLAZR,805,0.000289527,0.00000012,18.8406,,,,-0.08,0.77,-13.56,1496408990
Operand,OP,806,0.000289087,0.00000012,6.04672,,,36309296.0,-0.23,-9.06,-20.33,1496409270
Cubits,QBT,807,0.000288285,0.00000012,0.00345942,,,,1.13,-43.67,-53.24,1496409278
VGINA,VGINA,808,0.000288284,0.00000012,0.00288284,,,11603228.0,1.43,,-66.53,1496408992
TeraCoin,TERA,809,0.0002654,0.00000011,4066.16,,,,9.91,8.92,3.78,1496408987
Happy Creator Coin,HCC,810,0.000246682,0.00000010,35.7075,,,,0.95,12.01,1.08,1496409273
The Vegan Initiative,XVE,811,0.000241273,0.00000010,1240.99,,,,-0.08,-1.13,8.19,1496408992
Cycling Coin,CYC,812,0.000240906,0.00000010,3.71795,,,,-0.23,-13.11,-13.59,1496409263
President Sanders,BURN,813,0.000217146,0.00000009,139.475,,,57968072167.0,-0.08,11.4,-50.56,1496408985
MobileCash,MBL,814,0.000216816,0.00000009,10.5053,,,1068669648.0,-0.23,27.1,25.97,1496409277
AsicCoin,ASC,815,0.000209626,0.00000009,24.063,,,,-0.6,5.9,11.21,1496409246
Moneta,MONETA,816,0.000192725,0.00000008,2.91518,,,,-0.23,6.63,-24.13,1496409265
LAthaan,LTH,817,0.000168891,0.00000007,135.771,,,,-0.08,-10.56,16.25,1496408980
TeamUp,TEAM,818,0.0000965091,0.00000004,0.662994,,,301004896.0,-0.08,14.54,46.93,1496408981
Wowcoin,WOW,819,0.0000965091,0.00000004,66.6503,,,,-0.08,32.03,96.13,1496408981
TheCreed,TCR,820,0.0000963625,0.00000004,1.51771,,,,-0.23,9.11,-10.27,1496409270
PayPeer,PAYP,821,0.0000963625,0.00000004,50.1515,,,,-0.23,26.54,95.95,1496409269
LinkedCoin,LKC,822,0.0000963625,0.00000004,11.4645,,,,-0.23,12.98,-22.93,1496409273
Halloween Coin,HALLO,823,0.0000780815,0.00000003,222.638,,,264606142.0,-26.34,0.78,-43.24,1496408993
LePen,LEPEN,824,0.0000603944,0.00000003,242.694,,,,-0.08,24.06,22.24,1496408986
InflationCoin,IFLT,825,0.0000520369,0.00000002,2624.37,,,3269008748.0,1.18,24.76,8.63,1496408986
PinkDog,PDG,826,0.0000482546,0.00000002,13.3847,,,,-0.08,-0.98,96.13,1496408987
Rcoin,RCN,827,0.0000482546,0.00000002,262.603,,,,-0.08,44.04,96.13,1496408980
MoneyCoin,MONEY,828,0.0000482546,0.00000002,1257.65,,,,-0.08,-10.32,-13.93,1496408983
PokeCoin,POKE,829,0.0000481812,0.00000002,133.363,,,,-0.23,-34.06,-34.68,1496409274
UNCoin,UNC,830,0.0000481812,0.00000002,1720.62,,,,40.32,13.14,35.22,1496409259
CyberCoin,CC,831,0.0000481812,0.00000002,0.481812,,,549267534.0,-0.23,15.75,16.33,1496409260
Cashme,CME,832,0.0000481812,0.00000002,0.481812,,,,-0.23,16.61,-0.6,1496409266
Tellurion,TELL,833,0.0000481812,0.00000002,4.8181,,,,-0.23,-1.15,-0.6,1496409276
VegasCoin,VGC,834,0.0000273145,0.00000001,,,,,,-62.37,-77.78,1496378049
Global Business Revolution,GBRC,835,0.0000241273,0.00000001,134.92,,,900096049.0,-0.08,-50.49,-44.21,1496408981
Safe Trade Coin,XSTC,836,0.0000241273,0.00000001,362.392,,,604880000.0,-0.08,-0.98,-1.93,1496408984
ChoofCoin,CHOOF,837,0.0000241273,0.00000001,40.2333,,,,-0.08,-0.98,-29.53,1496408981
Yescoin,YES,838,0.0000241238,0.000000010,810.744,,,,-0.06,-0.98,2.77,1496408986
President Clinton,HILL,839,0.0000240906,0.00000001,3.8545,,,57968072167.0,-0.23,-1.15,-51.01,1496409273
SuperTurboStake,STRB,840,0.0000240906,0.00000001,12.0453,,,,-0.23,-1.15,-2.02,1496409267
Aces,ACES,841,0.0000240906,0.00000001,251.202,,,,-0.23,-1.15,-46.18,1496409274
FireFlyCoin,FFC,842,0.0000240906,0.00000001,4.89157,,,,-0.23,-56.05,-43.29,1496409256
X2,X2,843,0.0000240906,0.00000001,4.70767,,,,-0.23,-1.09,-2.02,1496409266
SoulCoin,SOUL,844,0.0000240906,0.00000001,13.9461,,,,-0.23,-1.15,-2.02,1496409271
FedoraShare,FEDS,845,0.0000240446,0.000000010,3328.32,,,499001348634,-0.01,29.4,12.66,1496409276
Victoriouscoin,VTY,846,0.0000237467,0.000000010,122.618,,,10263290326.0,-0.24,-2.56,44.02,1496409278
Dimecoin,DIME,847,0.0000152074,0.000000006,874.783,,,527107324880,0.13,3642.59,342.42,1496409245
Virtacoin,VTA,848,0.0000091260,0.000000004,79.6059,,,12423206610.0,-1.76,-51.11,-40.17,1496409255
XP,XP,849,0.0000035975,0.000000001,129.175,,,133635560466,0.52,177.66,1256.49,1496409275
BitCentavo,NBE,850,0.0000005705,0.0000000002,,,,,,33.46,-49.61,1496398156
RabbitCoin,RBBT,851,0.0000005074,0.0000000002,69.2467,,,,-0.52,52.9,46.65,1496409254
BatCoin,BAT,852,0.0000002703,0.0000000001,77.6481,,,,-0.95,-53.23,,1496409247
StrongHands,SHND,853,0.0000001155,0.00000000005,92.1812,,,,1.13,-24.76,,1496409265
Paccoin,PAC,854,0.0000000662,0.00000000003,811.594,,,,0.96,-4.01,19.98,1496409268
Bond,BOND,855,,,,,1349.0,1349.0,,,,
bitRUBLE,BITRUBLE,856,,,,,,,,,,
