Name,Symbol,Rank,Price(BTC),Price(USD),24HVolume,MarketCap,%Change_1h,%Change_24h,%Change_7d,LastUpdated
Bitcoin,BTC,1,2399.0,1.0,1406210000.0,39264852825.0,16367175.0,16367175.0,-0.75,-1.3,-0.9,1496412853
Ethereum,ETH,2,221.783,0.0928949,631612000.0,20436132373.0,92144720.0,92144720.0,-1.05,-1.95,20.64,1496412864
Ripple,XRP,3,0.298661,0.0001251,374374000.0,11534793732.0,38621693933.0,99994661895.0,-1.15,-3.94,-0.43,1496412842
NEM,XEM,4,0.222854,0.00009334,12255900.0,2005686000.0,8999999999.0,8999999999.0,0.38,-2.0,2.23,1496412860
Ethereum Classic,ETC,5,17.0593,0.00714535,91064200.0,1573129849.0,92215381.0,92215381.0,-0.88,-2.89,-0.55,1496412875
Litecoin,LTC,6,28.0977,0.0117688,360544000.0,1443646687.0,51379532.0,51379532.0,-0.86,-2.72,-1.01,1496412841
Dash,DASH,7,137.814,0.0577241,34378100.0,1010599095.0,7333066.0,7333066.0,-3.05,-0.55,4.5,1496412845
Stratis,STRAT,8,7.7033,0.00322656,33910600.0,758071302.0,98408643.0,98408643.0,2.34,36.83,150.88,1496412875
Bytecoin,BCN,9,0.00371376,0.00000156,18313400.0,679504985.0,182969546986,182969546986,9.82,51.38,9.88,1496412851
Monero,XMR,10,43.5848,0.0182557,11304800.0,634691347.0,14562218.0,14562218.0,-1.03,-3.43,4.37,1496412850
Waves,WAVES,11,4.20977,0.00176328,3108960.0,420977000.0,100000000.0,100000000.0,0.42,22.08,51.36,1496412872
Golem,GNT,12,0.461681,0.00019338,13326300.0,380827730.0,824872000.0,1000000000.0,1.08,-0.7,6.14,1496412880
Stellar Lumens,XLM,13,0.0390046,0.00001634,21546100.0,376972121.0,9664811867.0,102940435314,-0.89,-6.03,-16.89,1496412855
Zcash,ZEC,14,246.191,0.103118,16436200.0,353522583.0,1435969.0,1435969.0,0.3,-1.29,8.45,1496412879
Dogecoin,DOGE,15,0.00293465,0.00000123,31873800.0,321735690.0,109633411214,109633411214,0.48,2.89,-2.29,1496412845
Gnosis,GNO,16,246.647,0.103228,1716220.0,272443810.0,1104590.0,10000000.0,-1.08,-5.06,2.81,1496412591
Augur,REP,17,24.3486,0.0101985,4426980.0,267834600.0,11000000.0,11000000.0,-6.97,-1.24,-5.83,1496412869
Siacoin,SC,18,0.00944156,0.00000395,29501100.0,250308694.0,26511370340.0,26511370340.0,0.26,18.98,8.25,1496412865
DigiByte,DGB,19,0.0306901,0.00001285,87960600.0,248805620.0,8107031908.0,8107031908.0,-6.71,54.65,92.82,1496412845
Steem,STEEM,20,1.0507,0.00044009,2876580.0,246226665.0,234345355.0,251319449.0,-4.91,4.68,-11.16,1496412871
BitShares,BTS,21,0.0836549,0.00003504,20018700.0,217686781.0,2602200000.0,2602200000.0,-0.58,15.63,5.23,1496412853
MaidSafeCoin,MAID,22,0.391298,0.0001639,2595040.0,177082854.0,452552412.0,452552412.0,-0.31,-4.96,-6.37,1496412851
GameCredits,GAME,23,2.73112,0.00114394,1786010.0,172142756.0,63030096.0,63030096.0,1.99,6.83,-6.56,1496412855
Basic Attention Token,BAT,24,0.16508,0.00006909,3128040.0,165080000.0,1000000000.0,1500000000.0,-0.56,-3.73,,1496412595
DigixDAO,DGD,25,79.9721,0.0334967,1331010.0,159944200.0,2000000.0,2000000.0,-1.06,-1.37,-4.75,1496412871
BitConnect,BCC,26,23.0478,0.00965368,1472870.0,148394673.0,6438561.0,6438561.0,-1.36,1.05,39.28,1496412883
Lisk,LSK,27,1.26328,0.00052913,2654520.0,136157796.0,107781170.0,107781170.0,-1.4,-2.32,-3.17,1496412870
Decred,DCR,28,26.5167,0.0111066,1980240.0,133220983.0,5024041.0,5444041.0,1.13,8.24,14.23,1496412868
Ardor,ARDR,29,0.130132,0.00005451,3125920.0,130001802.0,998999495.0,998999495.0,-0.81,14.28,2.3,1496412875
Factom,FCT,30,13.62,0.00570479,1183750.0,119218843.0,8753219.0,8753219.0,-1.05,1.62,-3.08,1496412866
SingularDTV,SNGLS,31,0.193264,0.00008095,255800.0,115958400.0,600000000.0,1000000000.0,-1.36,2.92,-3.52,1496412879
Tether,USDT,32,1.04007,0.00043564,71936200.0,109200787.0,104993690.0,124951468.0,-0.19,0.86,1.06,1496412859
Byteball,GBYTE,33,573.14,0.240062,478772.0,108486157.0,189284.0,1000000.0,4.92,12.04,80.92,1496412882
Iconomi,ICN,34,1.20427,0.00050441,719224.0,104771490.0,87000000.0,100000000.0,-0.61,0.37,-5.64,1496412878
PIVX,PIVX,35,1.65413,0.00069284,922439.0,88559659.0,53538512.0,53538512.0,-1.19,1.62,18.72,1496412869
Round,ROUND,36,0.102099,0.00004276,360555.0,86784150.0,850000000.0,1000000000.0,-1.5,-7.8,-28.92,1496412882
Aragon,ANT,37,2.12505,0.00088938,518596.0,71412660.0,33605167.0,39609523.0,-1.2,-0.34,-8.77,1496412593
SysCoin,SYS,38,0.128337,0.00005375,3150440.0,67398965.0,525171739.0,525171739.0,2.06,18.36,-7.92,1496412854
FirstBlood,1ST,39,0.783689,0.00032825,3390160.0,67051154.0,85558371.0,93468691.0,-2.26,-1.63,-0.73,1496412877
Komodo,KMD,40,0.650982,0.00027267,540485.0,65713710.0,100945510.0,100945510.0,-1.02,16.64,13.74,1496412883
Nxt,NXT,41,0.062517,0.00002619,3158810.0,62454482.0,998999983.0,998999983.0,-0.7,8.58,-4.71,1496412843
AntShares,ANS,42,1.24606,0.00052192,7835510.0,62303000.0,50000000.0,100000000.0,-1.36,0.01,17.88,1496412876
iExec RLC,RLC,43,0.661607,0.0002769,610654.0,51652183.0,78070793.0,86999785.0,-4.71,10.75,3.95,1496412591
Ubiq,UBQ,44,1.19317,0.00049976,1600300.0,44263785.0,37097635.0,37097635.0,14.08,10.56,155.84,1496412855
Wings,WINGS,45,0.449116,0.00018811,1767140.0,40289448.0,89708333.0,100000000.0,-0.24,38.37,44.31,1496412882
ReddCoin,RDD,46,0.00138538,0.00000058,2136090.0,39518725.0,28525548749.0,28525548749.0,-1.7,25.65,-12.23,1496412847
Peercoin,PPC,47,1.59457,0.00066789,1215220.0,38468568.0,24124728.0,24124728.0,-0.87,-0.7,-8.34,1496412840
Lykke,LKK,48,0.26623,0.00011151,389784.0,36653456.0,137675904.0,1285690000.0,0.34,4.05,10.46,1496412880
Emercoin,EMC,49,0.86267,0.00036133,902191.0,34645188.0,40160418.0,40160418.0,-1.45,-0.76,-14.05,1496412854
BitcoinDark,BTCD,50,26.2538,0.0109965,159561.0,33837530.0,1288862.0,1288862.0,-1.28,6.77,11.52,1496412853
Storjcoin X,SJCX,51,0.643342,0.00026947,418403.0,32921833.0,51173144.0,500000000.0,2.94,0.03,3.86,1496412854
Melon,MLN,52,52.8898,0.0221531,367951.0,31702146.0,599400.0,749400.0,-2.28,-5.61,-20.14,1496412885
Ark,ARK,53,0.322395,0.00013504,405949.0,30728482.0,95313148.0,126563148.0,-0.99,8.82,21.21,1496412888
Omni,OMNI,54,51.1207,0.0214121,11312600.0,28575658.0,558984.0,615300.0,-0.53,-5.23,147.69,1496412845
Counterparty,XCP,55,10.6945,0.00447944,583365.0,28006192.0,2618747.0,2618747.0,-0.85,-6.06,-11.22,1496412846
Xaurum,XAUR,56,0.239587,0.00010035,113518.0,27242080.0,113704333.0,113704333.0,-1.15,-3.81,22.4,1496412861
Namecoin,NMC,57,1.72598,0.00072293,827182.0,25434732.0,14736400.0,14736400.0,-0.56,0.5,-4.04,1496412840
Nexus,NXS,58,0.503843,0.00021104,100106.0,25121437.0,49859653.0,49859653.0,2.68,-4.98,0.44,1496412859
Synereo,AMP,59,0.299637,0.0001255,462012.0,24647038.0,82256324.0,949291063.0,2.01,5.17,11.15,1496412866
Blocknet,BLOCK,60,6.21901,0.00260486,241851.0,24319540.0,3910516.0,3910516.0,-5.12,35.61,86.79,1496412858
Gulden,NLG,61,0.0692735,0.00002902,104626.0,24007213.0,346556945.0,448577100.0,-1.18,1.65,-2.98,1496412848
XtraBYtes,XBY,62,0.0357005,0.00001495,742833.0,23205325.0,650000000.0,650000000.0,0.82,83.79,499.38,1496412890
Burst,BURST,63,0.012309,0.00000516,6776030.0,21913015.0,1780243282.0,1780243282.0,-0.89,9.68,14.35,1496412855
EarthCoin,EAC,64,0.00232658,0.00000097,6414540.0,21745306.0,9346468332.0,9346468332.0,-0.21,2.43,-10.52,1496412843
WeTrust,TRST,65,0.235433,0.00009853,388952.0,21694562.0,92147500.0,100000000.0,-6.5,1.89,-18.48,1496412590
YbCoin,YBC,66,6.93493,0.00290473,2258590.0,20945307.0,3020262.0,3020262.0,-0.56,1.1,-3.47,1496412846
Matchpool,GUP,67,0.274136,0.00011482,264234.0,20560200.0,75000000.0,98855150.0,-2.8,2.75,6.24,1496412889
TokenCard,TKN,68,0.825072,0.00034531,231818.0,19508049.0,23644056.0,39406760.0,-0.45,-5.86,-21.52,1496412592
Edgeless,EDG,69,0.238509,0.00009990,348889.0,18945351.0,79432438.0,132046997.0,-1.6,0.99,-13.1,1496412888
Verge,XVG,70,0.001409,0.00000059,2382210.0,18893946.0,13409472280.0,13409472280.0,-0.39,62.14,10.72,1496412857
BitBay,BAY,71,0.0186344,0.00000781,48058.6,18774597.0,1007523535.0,1007523535.0,-1.11,2.6,-3.68,1496412858
BlackCoin,BLK,72,0.243017,0.00010179,1047790.0,18510357.0,76168979.0,76168979.0,0.77,5.29,12.63,1496412848
OBITS,OBITS,73,1.24441,0.00052123,749578.0,18216833.0,14638932.0,16443700.0,-2.87,43.22,24.27,1496412867
PotCoin,POT,74,0.0831792,0.00003484,928799.0,18045179.0,216943403.0,216943403.0,-0.92,3.98,-15.42,1496412846
NAV Coin,NAV,75,0.286336,0.00011993,572198.0,17561191.0,61330712.0,61330712.0,-0.05,-1.41,-15.75,1496412851
E-Dinar Coin,EDR,76,0.026581,0.00001113,435296.0,17560332.0,660634755.0,785634755.0,3.53,-16.17,1.41,1496412875
BCAP,BCAP,77,1.70725,0.00071453,174106.0,17072500.0,10000000.0,10000000.0,-0.48,2.3,-14.07,1496412592
Expanse,EXP,78,2.31665,0.00097034,454635.0,16777966.0,7242340.0,16242340.0,0.87,-1.77,1.88,1496412868
Humaniq,HMQ,79,0.135388,0.00005666,554444.0,16743891.0,123673373.0,184190414.0,-7.58,8.87,-33.59,1496412592
Infinitecoin,IFC,80,0.000182976,0.00000008,2856390.0,16576944.0,90596274910.0,90596274910.0,0.66,-0.87,-3.01,1496412842
Nexium,NXC,81,0.248476,0.00010407,3173250.0,16529018.0,66521586.0,66521586.0,-3.47,-3.84,19.19,1496412881
Unity Ingot,UNY,82,0.081393,0.00003406,83353.9,16441386.0,202000000.0,10000000000.0,5.21,-1.52,72.8,1496412593
Bankcoin,B@,83,3.84312,0.00160971,6727.23,16391214.0,4265080.0,25000000.0,-0.42,6.51,23.72,1496412888
ZCoin,XZC,84,7.10502,0.00297597,1176210.0,15872124.0,2233931.0,2233931.0,-0.59,-5.99,13.47,1496412878
LBRY Credits,LBC,85,0.227217,0.00009517,819818.0,15569937.0,68524524.0,466424524.0,-4.18,10.22,3.66,1496412873
Swarm City,SWT,86,2.23784,0.00093733,33919.7,14863128.0,6641730.0,6641730.0,-1.35,-2.3,-24.42,1496412886
GridCoin,GRC,87,0.0374939,0.00001570,195442.0,14634347.0,390312753.0,390312753.0,-0.91,5.09,10.53,1496412860
TaaS,TAAS,88,1.75217,0.0007339,172553.0,14273178.0,8146001.0,8146001.0,-1.84,2.75,10.11,1496412887
I/O Coin,IOC,89,0.859485,0.00036,35980.7,14040795.0,16336289.0,16336289.0,2.1,7.21,1.66,1496412853
Agoras Tokens,AGRS,90,0.334245,0.00014,19318.2,14038290.0,42000000.0,42000000.0,-7.21,-9.13,-4.89,1496412864
MonaCoin,MONA,91,0.272308,0.00011406,25342.8,13763862.0,50545200.0,50545200.0,3.23,-0.41,-9.82,1496412849
Waves Community Token,WCT,92,2.75121,0.00115236,128827.0,13756050.0,5000000.0,10000000.0,5.31,3.47,23.5,1496412884
Radium,RADS,93,4.2341,0.00177347,438877.0,13746959.0,3246725.0,3246725.0,-2.18,1.66,14.22,1496412868
Pepe Cash,PEPECASH,94,0.0195133,0.00000817,21393.4,13696073.0,701884009.0,701884009.0,-0.52,-13.48,-20.02,1496412877
Chronobank,TIME,95,19.1816,0.0080343,371571.0,13621100.0,710113.0,710113.0,-1.43,-3.45,0.5,1496412885
Bitland,CADASTRAL,96,0.440087,0.00018433,22653.7,13202610.0,30000000.0,30000000.0,2.39,6.48,106.62,1496412873
Shift,SHIFT,97,1.21214,0.00050771,321073.0,13128542.0,10830879.0,10830879.0,2.41,15.42,103.79,1496412867
E-coin,ECN,98,4.5867,0.00192116,128317.0,12790835.0,2788679.0,211077571.0,-0.45,1.37,1.11,1496412889
SuperNET,UNITY,99,15.5958,0.00653238,1902.69,12727124.0,816061.0,816061.0,-0.91,24.79,129.03,1496412856
Golos,GOLOS,100,0.100392,0.00004205,28383.1,12355945.0,123076988.0,123076988.0,-0.74,13.94,57.73,1496412880
Vertcoin,VTC,101,0.366189,0.00015338,635257.0,12245848.0,33441331.0,33441331.0,-0.13,2.61,0.13,1496412845
MergeCoin,MGC,102,0.119341,0.00004995,3223700.0,11801062.0,98885230.0,103885230.0,-2.68,10.88,-11.48,1496412591
Clams,CLAM,103,4.69449,0.00196631,1042060.0,10807639.0,2302197.0,16207636.0,-4.14,-6.23,-14.97,1496412852
Pluton,PLU,104,12.6948,0.00531729,134509.0,10790574.0,850000.0,20000000.0,-0.8,-5.65,39.52,1496412877
DigitalNote,XDN,105,0.001552,0.00000065,2894600.0,10680131.0,6881527469.0,6881527469.0,-1.45,3.01,-15.1,1496412852
Mooncoin,MOON,106,0.0000476184,0.00000002,36398.5,10568706.0,221945841341,221945841341,0.49,19.98,-17.75,1496412844
Etheroll,DICE,107,1.48472,0.00062139,12352.5,10395449.0,7001623.0,7001623.0,-4.24,-18.08,-23.43,1496412592
LuckChain,BASH,108,0.0143536,0.00000601,485768.0,10393066.0,724073842.0,724073842.0,3.08,10.18,44.0,1496412882
Bitcrystals,BCY,109,0.430875,0.00018047,190415.0,10035691.0,23291422.0,23291422.0,4.86,11.11,2.27,1496412865
FlorinCoin,FLO,110,0.0716349,0.00003000,294821.0,9599356.0,134003894.0,134003894.0,1.72,6.1,-2.14,1496412844
HEAT,HEAT,111,0.357926,0.00014992,30046.2,9434325.0,26358312.0,26358312.0,-0.78,-0.44,-4.25,1496412874
Viacoin,VIA,112,0.411066,0.00017218,288098.0,9309203.0,22646493.0,22646493.0,-0.13,0.35,-5.98,1496412853
vSlice,VSL,113,0.274391,0.00011493,161666.0,9162052.0,33390496.0,33390496.0,-1.55,-1.19,-13.62,1496412881
DNotes,NOTE,114,0.0712222,0.00002983,176721.0,8822040.0,123866433.0,123866433.0,-0.75,2.86,13.77,1496412849
FedoraCoin,TIPS,115,0.0000196893,0.000000008,59614.3,8725671.0,443168182458,443168182458,0.33,-6.11,-27.04,1496412844
Energycoin,ENRG,116,0.0720059,0.00003016,2982.95,8708532.0,120941918.0,120941918.0,-0.29,2.84,16.43,1496412852
Rubycoin,RBY,117,0.353103,0.0001479,29858.2,8613498.0,24393726.0,24393726.0,-1.37,-2.38,0.16,1496412848
NeosCoin,NEOS,118,2.56628,0.0010749,1183410.0,8589532.0,3347075.0,3347075.0,-1.75,-9.7,18.5,1496412855
VeriCoin,VRC,119,0.272496,0.00011414,360492.0,8232577.0,30211734.0,30211734.0,-1.79,-4.84,-6.17,1496412850
Primecoin,XPM,120,0.412173,0.00017264,913765.0,7965836.0,19326439.0,19326439.0,-0.14,4.76,-6.99,1496412841
Crown,CRW,121,0.574394,0.00024059,21461.8,7960818.0,13859508.0,13859508.0,-5.81,-6.86,-2.95,1496412858
Pascal Coin,PASC,122,0.790921,0.00033128,182277.0,7909685.0,10000600.0,10000600.0,-1.67,1.28,-6.22,1496412881
SaluS,SLS,123,7.77261,0.00325559,78932.7,7799425.0,1003450.0,1003450.0,-5.71,-5.93,30.6,1496412868
Skycoin,SKY,124,1.40319,0.00058773,56313.4,7669557.0,5465801.0,100000000.0,-0.77,-10.39,-30.02,1496412889
Einsteinium,EMC2,125,0.0358281,0.00001501,326151.0,7552924.0,210810073.0,210810073.0,2.63,13.93,1.76,1496412847
VPNCoin,VASH,126,0.0187828,0.00000787,1998160.0,7519501.0,400339746.0,400339746.0,-0.74,5.41,-10.86,1496412858
BelaCoin,BELA,127,0.214197,0.00008972,462407.0,7492857.0,34981150.0,34981150.0,-0.92,6.59,-2.63,1496412849
SolarCoin,SLR,128,0.21104,0.00008840,71273.6,7420955.0,35163738.0,98034180469.0,-0.45,-7.43,7.03,1496412850
Bitcoin Plus,XBC,129,76.2763,0.0319487,143693.0,7392873.0,96922.0,96922.0,4.73,5.59,-0.2,1496412850
Creditbit,CRB,130,0.601868,0.00025209,265550.0,7146786.0,11874342.0,11874342.0,-3.87,-6.71,-8.37,1496412867
Incent,INCNT,131,0.308015,0.00012901,191184.0,7086905.0,23008312.0,46016625.0,-1.35,10.01,32.54,1496412881
Global Currency Reserve,GCR,132,0.0665629,0.00002788,29550.4,6835444.0,102691500.0,102691500.0,-0.05,0.54,-3.82,1496412865
Aeon,AEON,133,0.459122,0.00019231,5135.72,6533740.0,14230946.0,14230946.0,0.97,-3.4,3.26,1496412863
Asch,XAS,134,0.0870936,0.00003648,51840.4,6532020.0,75000000.0,100000000.0,1.11,-1.3,-3.53,1496412888
Lunyr,LUN,135,2.78374,0.00116506,134945.0,6396626.0,2297853.0,2703356.0,1.41,5.45,-14.14,1496412592
Novacoin,NVC,136,3.64465,0.00152658,51550.2,6327034.0,1735978.0,1735978.0,0.23,-3.25,-12.37,1496412840
Feathercoin,FTC,137,0.0382206,0.00001601,120615.0,6261756.0,163831960.0,163831960.0,0.01,-0.78,7.77,1496412840
ZClassic,ZCL,138,4.13011,0.00172992,460946.0,6101153.0,1477238.0,1477238.0,3.28,-5.21,32.16,1496412880
FirstCoin,FRST,139,1.90987,0.00079996,136386.0,6042536.0,3163847.0,110000000.0,2.72,9.73,12.96,1496412884
Blitzcash,BLITZ,140,1.44918,0.000607,204988.0,5889308.0,4063890.0,4063890.0,3.41,35.29,279.45,1496412858
WorldCoin,WDC,141,0.0506725,0.00002122,328234.0,5807315.0,114604857.0,114604857.0,-0.8,9.34,0.23,1496412841
Gambit,GAM,142,4.83796,0.0020264,35349.6,5728229.0,1184017.0,1184017.0,-0.82,11.42,15.53,1496412862
SIBCoin,SIB,143,0.390461,0.00016355,26846.3,5720740.0,14651246.0,14651246.0,-0.68,1.73,26.12,1496412865
PinkCoin,PINK,144,0.0175811,0.00000736,1487490.0,5643107.0,320975750.0,370975750.0,-3.2,18.87,3.01,1496412850
Safe Exchange Coin,SAFEX,145,0.00255421,0.00000107,21005.4,5485124.0,2147483647.0,2147483647.0,-7.64,-4.97,-14.66,1496412868
ION,ION,146,0.386839,0.00016203,29510.8,5321252.0,13755728.0,19655728.0,-2.81,6.49,-21.85,1496412873
FoldingCoin,FLDC,147,0.010721,0.00000449,354309.0,5250524.0,489741985.0,1000000000.0,0.03,8.16,-2.16,1496412856
MonetaryUnit,MUE,148,0.0417905,0.00001750,57483.6,5078950.0,121533600.0,121533600.0,1.17,-6.76,-13.82,1496412858
Ethereum Movie Venture,EMV,149,0.757039,0.00031684,2286.47,5046926.0,6666666.0,6666666.0,-1.29,234.91,18.93,1496412590
Auroracoin,AUR,150,0.582094,0.00024381,9588.5,5039851.0,8658139.0,8658139.0,-4.15,-7.08,-2.03,1496412847
Vcash,XVC,151,0.326357,0.0001367,117221.0,4977466.0,15251598.0,15251598.0,0.58,3.03,-1.11,1496412860
MUSE,MUSE,152,0.00361415,0.00000151,8763.18,4968880.0,1374840478.0,1524840478.0,2.29,26.16,14.16,1496412862
RouletteToken,RLT,153,0.482513,0.00020194,58882.9,4869622.0,10092210.0,10092933.0,-1.67,0.19,5.87,1496412593
Sphere,SPHR,154,1.49622,0.0006267,23660.3,4612757.0,3082940.0,3082940.0,-3.57,7.33,124.3,1496412862
OKCash,OK,155,0.0640852,0.00002684,223845.0,4587170.0,71579245.0,71579245.0,-0.22,-18.2,121.27,1496412858
Janus,JNS,156,0.213322,0.00008935,5564.75,4465484.0,20933069.0,25201489.0,-7.84,-7.49,-8.98,1496412884
Quark,QRK,157,0.0176721,0.00000740,180568.0,4419811.0,250101047.0,250101047.0,-1.52,51.1,1.53,1496412842
FairCoin,FAIR,158,0.0810544,0.00003395,4555.24,4304426.0,53105399.0,53105399.0,-3.79,7.09,16.93,1496412848
CloakCoin,CLOAK,159,0.856281,0.00035866,17851.3,4284421.0,5003522.0,5003522.0,-0.93,-2.56,15.8,1496412853
LoMoCoin,LMC,160,0.0203901,0.00000854,359147.0,4252468.0,208555546.0,293555546.0,-0.52,14.71,10.56,1496412876
Darcrus,DAR,161,0.31037,0.00013,25351.9,4228407.0,13623762.0,13623762.0,-3.21,0.18,-0.69,1496412882
bitCNY,BITCNY,162,0.139553,0.00005845,533910.0,4114902.0,29486300.0,29486300.0,-0.07,0.36,-2.06,1496412855
ICO OpenLedger,ICOO,163,8.66822,0.00363072,14766.8,4089622.0,471795.0,471795.0,1.78,16.91,14.74,1496412873
Unobtanium,UNO,164,20.5195,0.00859467,64673.3,4057217.0,197725.0,197725.0,5.72,-3.68,-6.2,1496412844
APX,APX,165,4.38207,0.001834,74132.1,3943863.0,900000.0,1000000.0,-2.03,4.26,26.69,1496412594
Bitmark,BTM,166,1.00801,0.00042221,187202.0,3932428.0,3901180.0,3901180.0,1.41,2.13,21.84,1496412854
NautilusCoin,NAUT,167,0.241143,0.000101,374370.0,3901694.0,16180000.0,16180000.0,-0.06,-0.85,2.13,1496412852
ArtByte,ABY,168,0.0048274,0.00000202,132072.0,3730876.0,772854050.0,772854050.0,-1.01,7.98,-10.91,1496412851
Minereum,MNE,169,9.22955,0.00386278,439882.0,3687216.0,399501.0,399501.0,3.58,123.2,228.26,1496412593
DubaiCoin,DBIX,170,4.21879,0.00176706,35915.3,3670246.0,869976.0,869976.0,-1.68,-0.37,44.78,1496412889
Riecoin,RIC,171,0.107009,0.00004482,650360.0,3659587.0,34198875.0,34198875.0,2.18,12.05,19.14,1496412847
SpreadCoin,SPR,172,0.439633,0.00018414,31468.1,3576358.0,8134871.0,8134871.0,2.06,10.36,22.82,1496412857
Joincoin,J,173,1.39584,0.00058465,3331.6,3417577.0,2448402.0,2448402.0,9.56,136.43,1305.25,1496412854
Circuits of Value,COVAL,174,0.00842775,0.00000353,95947.9,3371100.0,400000000.0,1200000000.0,0.61,16.17,-4.87,1496412859
Diamond,DMD,175,1.47734,0.00061879,16123.2,3138264.0,2124267.0,2124267.0,-0.82,-3.83,0.61,1496412843
Rise,RISE,176,0.0287917,0.00001206,98820.2,3091860.0,107387215.0,107387215.0,-2.58,32.71,35.48,1496412874
Zennies,ZENI,177,0.00307983,0.00000129,6228.35,3081925.0,1000680273.0,1000680273.0,-1.01,-2.59,-1.24,1496412890
Megacoin,MEC,178,0.0917842,0.00003844,548216.0,3018457.0,32886450.0,32886450.0,0.81,15.05,-13.36,1496412841
BitBean,BITB,179,0.00152403,0.00000064,120406.0,2985221.0,1958768000.0,1958768000.0,8.83,22.53,-17.32,1496412860
BitSend,BSD,180,0.195687,0.00008196,21310.6,2985132.0,15254625.0,15254625.0,4.37,0.23,20.29,1496412851
Wild Beast Block,WBB,181,1.26615,0.00053033,35398.2,2943902.0,2325082.0,2325082.0,-0.32,-1.39,-28.14,1496412859
PoSW Coin,POSW,182,0.0716516,0.00003001,54302.2,2937716.0,41000000.0,70000000.0,-0.07,-2.23,19.33,1496412882
Musicoin,MUSIC,183,0.0169363,0.00000709,58215.7,2909812.0,171809182.0,171809182.0,-0.62,0.72,-12.23,1496412887
Zetacoin,ZET,184,0.0171819,0.00000720,286741.0,2854895.0,166157106.0,166157106.0,-0.1,-0.32,6.85,1496412842
HunterCoin,HUC,185,0.15757,0.00006600,3248250.0,2780179.0,17644090.0,17644090.0,-9.72,30.17,31.5,1496412845
Curecoin,CURE,186,0.115898,0.00004854,15975.1,2747728.0,23708159.0,23708159.0,-3.82,1.4,-13.33,1496412851
RaiBlocks,XRB,187,0.0361247,0.00001513,41693.3,2708367.0,74972727.0,340282367.0,0.95,11.78,21.33,1496412887
Ethbits,ETB,188,1.96507,0.00082243,1975.55,2646921.0,1346986.0,1634691.0,-1.29,,,1496412594
Cryptonite,XCN,189,0.0080755,0.00000338,684161.0,2646727.0,327747735.0,327747735.0,-3.63,31.77,-6.54,1496412853
ZcCoin,ZCC,190,0.0424579,0.00001778,1764410.0,2617829.0,61657044.0,61657044.0,-3.53,23.23,-1.97,1496412854
Myriad,XMY,191,0.00166127,0.00000070,103605.0,2468814.0,1486100250.0,1486100250.0,-6.83,3.19,-36.28,1496412848
Atmos,ATMS,192,0.0240655,0.00001008,172080.0,2408315.0,100073332.0,110073332.0,0.76,-0.45,1.7,1496412889
Zeitcoin,ZEIT,193,0.0000654603,0.00000003,5880.85,2378050.0,36328124365.0,36328124365.0,-4.17,1.9,25.85,1496412848
Steem Dollars,SBD,194,1.66872,0.00069895,724607.0,2365488.0,1417546.0,1417546.0,-3.39,8.16,-4.53,1496412874
Mintcoin,MINT,195,0.0000955056,0.00000004,7764.55,2325434.0,24348665548.0,24348665548.0,-0.5,-1.23,-17.86,1496412845
Digitalcoin,DGC,196,0.0673508,0.00002821,200234.0,2316180.0,34389793.0,34389793.0,-1.55,7.03,0.84,1496412841
BoostCoin,BOST,197,0.192053,0.00008044,196552.0,2276882.0,11855487.0,11855487.0,1.16,9.39,-2.72,1496412851
Spectrecoin,XSPEC,198,0.110352,0.00004622,213168.0,2250742.0,20396026.0,20396026.0,-3.19,-10.31,-6.47,1496412883
Veros,VRS,199,0.02617,0.00001096,66633.1,2237193.0,85486938.0,10000000000.0,-1.81,-20.64,-17.08,1496412880
bitUSD,BITUSD,200,0.991765,0.0004154,296905.0,2161780.0,2179730.0,2179730.0,-0.83,-0.02,0.42,1496412856
Breakout Stake,BRX,201,0.338948,0.00014197,13807.5,2124554.0,6268082.0,6268082.0,0.58,-5.96,37.74,1496412874
iCash,ICASH,202,0.00954502,0.00000400,10341.5,2108756.0,220927342.0,220927342.0,-0.63,25.25,1.59,1496412861
Adzcoin,ADZ,203,0.0377213,0.00001580,8768.56,2068801.0,54844360.0,54844360.0,1.34,5.74,-5.41,1496412866
Espers,ESP,204,0.000102195,0.00000004,4829.81,2056955.0,20127741462.0,20127741462.0,-1.8,0.47,-23.36,1496412871
FUNCoin,FUNC,205,0.351438,0.00014709,56153.2,2030225.0,5776909.0,100000000.0,0.17,2.83,15.85,1496412592
MaxCoin,MAX,206,0.0370514,0.00001552,95005.9,2017177.0,54442678.0,54442678.0,3.65,6.71,16.47,1496412848
Bata,BTA,207,0.407263,0.00017058,39508.9,2016471.0,4951275.0,4951275.0,-1.56,9.38,23.92,1496412862
Groestlcoin,GRS,208,0.0293413,0.00001229,5029.05,1984046.0,67619560.0,67619560.0,1.4,-1.32,1.3,1496412848
BlockPay,BLOCKPAY,209,0.363281,0.00015216,4029.93,1971998.0,5428300.0,98928316.0,0.6,-15.32,10.05,1496412876
Anoncoin,ANC,210,0.908975,0.00038073,213335.0,1918225.0,2110317.0,2110317.0,-0.55,116.27,49.47,1496412842
Tickets,TIX,211,0.0000280928,0.00000001,39661.9,1878742.0,66876281414.0,66876281414.0,1.55,-1.49,-14.22,1496412847
Project Decorum,PDC,212,0.0374116,0.00001567,1695.32,1870580.0,50000000.0,50000000.0,-0.82,0.28,-10.45,1496412872
TransferCoin,TX,213,0.301548,0.00012631,10951.4,1801466.0,5974062.0,5974062.0,-2.28,0.71,-28.66,1496412864
DeepWebCash,DWC,214,1.31373,0.00055026,21138.6,1753912.0,1335063.0,1335063.0,0.43,2.28,-12.85,1496412882
GoldCoin,GLD,215,0.0428607,0.00001795,19828.9,1725344.0,40254676.0,40254676.0,-4.61,-4.29,-10.0,1496412842
CryptoCarbon,CCRB,216,0.438133,0.00018351,2746.28,1560678.0,3562111.0,10000150.0,-1.23,-9.88,26.6,1496412883
vTorrent,VTR,217,0.135608,0.00005680,11995.2,1466731.0,10815966.0,10815966.0,-0.82,-9.69,12.3,1496412859
Voxels,VOX,218,0.0463506,0.00001941,412139.0,1460044.0,31500000.0,210000000.0,4.93,70.98,21.26,1496412870
Boolberry,XBB,219,0.152762,0.00006399,8457.69,1456201.0,9532480.0,9532480.0,4.36,8.79,-1.8,1496412852
Sequence,SEQ,220,0.0321353,0.00001346,2491.84,1436473.0,44700774.0,44700774.0,2.69,7.38,24.05,1496412878
Startcoin,START,221,0.0310928,0.00001302,35051.3,1401657.0,45079785.0,70782220.0,-0.08,-4.92,-31.26,1496412854
2GIVE,2GIVE,222,0.00267851,0.00000112,18856.4,1374067.0,512996894.0,512996894.0,-1.08,6.58,-22.18,1496412872
EB3 Coin,EB3,223,0.28652,0.00012001,38503.7,1342543.0,4685686.0,786000000.0,-0.82,-0.07,4.07,1496412889
Renos,RNS,224,0.0398251,0.00001668,642750.0,1328255.0,33352207.0,33352207.0,-0.86,64.5,139.67,1496412886
EuropeCoin,ERC,225,0.128302,0.00005374,2991.62,1263954.0,9851397.0,9851397.0,0.57,7.32,9.26,1496412862
Ixcoin,IXC,226,0.0600422,0.00002515,7566.42,1260831.0,20999088.0,20999088.0,-1.54,-82.56,15.93,1496412845
ChainCoin,CHC,227,0.0855463,0.00003583,18997.3,1256062.0,14682835.0,14682835.0,-1.92,-2.78,-15.48,1496412863
Breakout,BRK,228,0.0700482,0.00002934,3420.26,1254917.0,17915047.0,17915047.0,-4.21,2.0,-11.93,1496412873
Qwark,QWARK,229,0.0696901,0.00002919,29155.7,1230678.0,17659296.0,250377576.0,0.42,25.93,58.74,1496412871
Bitswift,SWIFT,230,0.300247,0.00012576,8716.11,1219271.0,4060894.0,4060894.0,-0.82,-4.2,54.74,1496412856
Stealthcoin,XST,231,0.0453379,0.00001899,2119.93,1186792.0,26176602.0,26176602.0,-0.82,-1.92,-1.03,1496412852
MediterraneanCoin,MED,232,0.0236359,0.00000990,179007.0,1174860.0,49706598.0,49706598.0,-3.03,69.3,36.06,1496412857
TagCoin,TAG,233,0.199406,0.00008352,152011.0,1095334.0,5492984.0,5492984.0,1.68,5.69,-11.84,1496412843
Dynamic,DYN,234,0.658128,0.00027566,4208.21,1063727.0,1616292.0,4370196.0,-1.06,-3.95,-2.66,1496412887
SecureCoin,SRC,235,0.132986,0.00005570,147060.0,1035411.0,7785861.0,7785861.0,0.5,5.4,-23.78,1496412843
LiteDoge,LDOGE,236,0.0000699352,0.00000003,6341.76,1033253.0,14774435159.0,14774435159.0,-12.02,-9.78,-26.65,1496412860
VeriumReserve,VRM,237,0.923838,0.00038695,64973.3,1028573.0,1113369.0,1113369.0,-8.07,24.76,3.03,1496412876
Inpay,INPAY,238,0.102709,0.00004302,38347.4,1027090.0,10000000.0,10000000.0,6.83,-8.3,-29.73,1496412889
Triggers,TRIG,239,0.0310132,0.00001299,31504.2,995697.0,32105593.0,100000000.0,-0.82,-3.76,-18.95,1496412878
Creativecoin,CREA,240,0.0940802,0.00003937,4518.89,993239.0,10557366.0,12269094.0,0.34,6.79,-37.42,1496412594
DIBCOIN,DIBC,241,0.197294,0.00008264,5133.83,986470.0,5000000.0,5000000000.0,7.63,-0.49,7.96,1496412888
WhiteCoin,XWC,242,0.00396319,0.00000166,18725.6,983091.0,248055569.0,248055569.0,-3.86,-10.85,47.56,1496412849
Yocoin,YOC,243,0.00929566,0.00000389,55499.3,981797.0,105618830.0,200000000.0,-10.88,-5.5,4.82,1496412868
DopeCoin,DOPE,244,0.00880974,0.00000369,20010.9,978636.0,111085648.0,111085648.0,-7.0,34.19,-12.23,1496412847
CannabisCoin,CANN,245,0.0123764,0.00000518,54916.2,955844.0,77231176.0,91859176.0,-0.81,-1.81,35.9,1496412853
AudioCoin,ADC,246,0.00118936,0.00000050,6636.92,943399.0,793198644.0,793198644.0,1.73,1.5,-21.62,1496412862
ArcticCoin,ARC,247,0.0403264,0.00001689,34576.8,941916.0,23357316.0,23357316.0,6.84,4.32,-23.43,1496412879
PutinCoin,PUT,248,0.00468465,0.00000196,4347.96,938886.0,200417616.0,200417616.0,-0.17,-0.03,17.9,1496412874
Hacker Gold,HKG,249,0.0570575,0.00002390,1451.62,919247.0,16110893.0,16110893.0,-0.82,-7.49,-16.69,1496412881
HiCoin,XHI,250,0.00474691,0.00000199,118195.0,900631.0,189729990.0,10189729990.0,-1.79,-5.02,-10.88,1496412871
PepeCoin,PEPE,251,0.0639555,0.00002679,26906.6,880761.0,13771461.0,13771461.0,0.59,-9.09,15.75,1496412869
Syndicate,SYNX,252,0.077798,0.00003259,15007.5,876695.0,11268860.0,11268860.0,-5.69,-67.33,53.86,1496412874
Mercury,MER,253,0.00842218,0.00000353,736.21,842218.0,100000000.0,100000000.0,-2.81,-22.39,-26.65,1496412889
Pesetacoin,PTC,254,0.00633969,0.00000266,4333.57,827625.0,130546532.0,130546532.0,2.53,5.06,-11.19,1496412846
HTMLCOIN,HTML5,255,0.0000203104,0.000000009,8334.11,825801.0,40659020000.0,40659020000.0,2.97,-2.06,-12.87,1496412856
GlobalCoin,GLC,256,0.0125103,0.00000524,1235.47,815309.0,65171010.0,65171010.0,-0.74,-26.28,-47.06,1496412844
EverGreenCoin,EGC,257,0.0611135,0.00002560,10261.5,814111.0,13321301.0,13321301.0,-0.7,-6.41,0.23,1496412867
Woodcoin,LOG,258,0.101276,0.00004242,573.371,813772.0,8035193.0,8035193.0,-0.82,-13.66,-4.16,1496412861
Centurion,CNT,259,0.031252,0.00001309,32430.6,807873.0,25850279.0,63389078.0,-4.02,-2.83,-3.48,1496412886
Unitus,UIS,260,0.0171229,0.00000717,21660.4,800848.0,46770592.0,46770592.0,-0.23,4.9,-12.23,1496412859
ExclusiveCoin,EXCL,261,0.191087,0.00008004,6644.01,781243.0,4088414.0,4088414.0,-0.47,20.85,-0.01,1496412856
Hush,HUSH,262,0.693198,0.00029035,116734.0,763133.0,1100888.0,1222363.0,3.28,21.09,21.0,1496412880
e-Gulden,EFL,263,0.0488169,0.00002045,828.77,749119.0,15345491.0,20384831.0,-0.58,-6.12,-20.31,1496412850
GeoCoin,GEO,264,0.291821,0.00012223,7081.81,716444.0,2455079.0,2455079.0,-0.81,8.31,15.38,1496412860
Fantomcoin,FCN,265,0.121761,0.00005100,2333.34,713691.0,5861405.0,5861405.0,1.16,-0.68,-7.46,1496412852
ProCurrency,PROC,266,0.251156,0.00010511,1151.37,707056.0,2815205.0,15000053805.0,-0.78,-3.88,14.06,1496412591
HempCoin,THC,267,0.00324658,0.00000136,18749.9,687701.0,211823061.0,211823061.0,-2.56,3.55,-13.38,1496412853
BlueCoin,BLU,268,0.00119026,0.00000050,1621.8,684023.0,574683675.0,574683675.0,-12.57,-43.68,126.09,1496412851
Tokes,TKS,269,1.04332,0.000437,3276.92,675679.0,647624.0,50000000.0,-0.82,-0.14,-17.25,1496412887
Ripto Bux,RBX,270,0.00190176,0.00000080,6295.16,650592.0,342100100.0,1000000000.0,-0.85,-0.56,50.2,1496412889
DT Token,DRACO,271,0.00731573,0.00000306,57067.0,650287.0,88888888.0,88888888.0,-0.49,43.29,59.28,1496412874
Altcoin,ALT,272,5.2697,0.00220549,2370.16,643827.0,122175.0,134063.0,0.65,5.69,21.44,1496412591
UniBURST,UNIBURST,273,0.615052,0.00025762,2725.91,615051.0,999999.0,1000000.0,-0.89,10.97,208.65,1496412886
Version,V,274,0.00136193,0.00000057,1542.81,595690.0,437386307.0,437386307.0,-4.13,,,1496412594
Synergy,SNRG,275,0.212577,0.00008904,1863.55,590002.0,2775475.0,2775475.0,-0.82,-8.46,-5.78,1496412862
TrustPlus,TRUST,276,0.018097,0.00000758,1254.52,580671.0,32086595.0,32086595.0,-0.82,5.83,2.96,1496412852
Deutsche eMark,DEM,277,0.0204681,0.00000857,649.934,568878.0,27793416.0,27793416.0,-0.84,-2.43,-5.32,1496412843
BTSR,BTSR,278,0.168092,0.00007041,18378.1,556522.0,3310819.0,3310819.0,2.32,17.43,-2.43,1496412870
Magi,XMG,279,0.0785521,0.00003290,3934.08,554241.0,7055718.0,7055718.0,-0.98,6.05,-13.42,1496412856
FujiCoin,FJC,280,0.000572695,0.00000024,4936.73,551448.0,962900537.0,962900537.0,-4.13,-10.38,7.58,1496412862
TileCoin,XTC,281,0.00544714,0.00000228,10843.1,544714.0,100000000.0,100000000.0,-2.1,1.15,-19.68,1496412858
Canada eCoin,CDN,282,0.00558478,0.00000234,1329.57,544044.0,97415544.0,97415544.0,-0.79,6.15,19.89,1496412849
IncaKoin,NKA,283,0.0000716833,0.00000003,10791.0,540277.0,7536993197.0,7536993197.0,-0.79,26.97,194.47,1496412860
Moin,MOIN,284,0.0776217,0.00003251,3775.43,539430.0,6949470.0,6949470.0,0.45,27.06,21.38,1496412867
1337,1337,285,0.0000213742,0.000000009,2994.74,487283.0,22797713467.0,22797713467.0,-1.64,15.42,40.28,1496412866
NuShares,NSR,286,0.000175725,0.00000007,1949.64,474856.0,2702268334.0,3317154622.0,0.46,-27.71,-66.45,1496412857
Capricoin,CPC,287,0.455747,0.00019089,44847.1,448729.0,984600.0,200984600.0,-0.79,2.83,10.77,1496412864
KoreCoin,KORE,288,0.238914,0.00010007,1615.79,437439.0,1830949.0,1830949.0,-4.57,-7.37,-4.72,1496412853
TrumpCoin,TRUMP,289,0.0640908,0.00002684,6867.92,419124.0,6539536.0,6539536.0,-0.81,-7.23,0.37,1496412870
I0Coin,I0C,290,0.0192907,0.00000808,1387.87,404611.0,20974431.0,20974431.0,-0.05,1.77,0.79,1496412842
Elcoin,EL,291,0.0356629,0.00001494,4189.68,399744.0,11208967.0,20935289.0,-6.5,-35.29,-35.23,1496412872
NobleCoin,NOBL,292,0.000166449,0.00000007,12024.2,381441.0,2291640334.0,2291640334.0,-0.84,-21.31,-27.99,1496412845
PostCoin,POST,293,0.0233229,0.00000977,3687.52,367926.0,15775332.0,15775332.0,-1.79,-5.42,-4.56,1496412871
TeslaCoin,TES,294,0.00509726,0.00000214,1709.06,365850.0,71773836.0,71773836.0,5.36,16.93,32.42,1496412845
Jewels,JWL,295,0.0175001,0.00000733,2138.06,353085.0,20176144.0,20176144.0,-0.82,-1.83,1.24,1496412878
Master Swiscoin,MSCN,296,0.0342926,0.00001436,8605.64,351352.0,10245700.0,1002571740.0,-0.23,-3.15,-17.28,1496412886
iTicoin,ITI,297,10.7585,0.00450268,48999.2,344272.0,32000.0,9999992.0,-4.32,-10.87,9.08,1496412592
Virtacoinplus,XVP,298,0.0386002,0.00001617,1193.55,340417.0,8819053.0,10353646.0,-1.32,-12.22,-46.42,1496412887
Terracoin,TRC,299,0.0169194,0.00000709,5987.21,340052.0,20098360.0,20098360.0,2.1,5.2,-4.47,1496412840
MazaCoin,MZC,300,0.000309433,0.00000013,1259.38,338092.0,1092618137.0,1092618137.0,-0.8,11.96,36.62,1496412846
Wyvern,WYV,301,0.303472,0.00012701,698.49,330940.0,1090511.0,1090511.0,-1.53,-0.46,-16.43,1496412589
GCoin,GCN,302,0.0000023640,0.0000000010,702.418,328607.0,139006910000,139006910000,-0.25,-1.2,27.69,1496412859
Dotcoin,DOT,303,0.00143967,0.00000060,54678.4,323737.0,224869000.0,489869000.0,2.21,0.77,15.91,1496412860
CacheCoin,CACH,304,0.0835612,0.00003500,7778.25,301112.0,3603488.0,3603488.0,-0.82,-15.09,,1496412845
Newbium,NEWB,305,0.0125342,0.00000525,44329.2,300821.0,24000000.0,51000000.0,-9.29,18.32,186.4,1496412873
Bottlecaps,CAP,306,0.00211656,0.00000089,3333.86,293932.0,138872650.0,138872650.0,-0.93,117.16,211.09,1496412858
ParkByte,PKB,307,0.0611191,0.00002560,1256.24,291173.0,4764026.0,4764026.0,-0.82,13.23,5.03,1496412862
Trollcoin,TROLL,308,0.000503144,0.00000021,853.122,278610.0,553737432.0,553737432.0,-0.75,-19.42,-22.56,1496412856
Quatloo,QTL,309,0.0364792,0.00001528,17479.8,271302.0,7437172.0,7437172.0,7.48,-12.64,-20.55,1496412852
Influxcoin,INFX,310,0.161114,0.00006748,9524.84,269605.0,1673383.0,1673383.0,-1.2,-7.41,-57.19,1496412865
Bytecent,BYC,311,0.165571,0.00006935,12598.0,268445.0,1621331.0,1621331.0,-0.03,-1.45,-11.96,1496412859
Atomic Coin,ATOM,312,0.026621,0.00001115,783.098,267532.0,10049647.0,10049647.0,-1.34,12.24,-2.95,1496412878
Torcoin,TOR,313,1.01111,0.00042351,22303.7,265507.0,262590.0,1262590.0,-2.3,22.54,-31.06,1496412889
Karbowanec,KRB,314,0.0740208,0.00003100,4573.4,261941.0,3538747.0,3538747.0,-0.78,-8.44,-10.65,1496412875
Asiadigicoin,ADCN,315,0.0104332,0.00000437,901.912,260111.0,24931054.0,210000000.0,-3.96,-16.3,-28.8,1496412869
MTMGaming,MTM,316,0.0864722,0.00003622,510.013,259417.0,3000000.0,5000000.0,-0.89,32.39,125.23,1496412887
Sexcoin,SXC,317,0.0020998,0.00000088,3752.0,257307.0,122538751.0,122538751.0,-0.08,-11.17,3.91,1496412859
KibiCoin,KIC,318,0.0174727,0.00000731,747.592,256043.0,14653900.0,14653900.0,-5.87,,,1496412594
UltraCoin,UTC,319,0.00582541,0.00000244,4460.25,251077.0,43100267.0,43100267.0,-0.2,8.74,36.84,1496412845
Zoin,ZOI,320,0.0224412,0.00000940,1528.19,241296.0,10752350.0,10752350.0,-1.86,-14.45,-24.68,1496412881
Neutron,NTRN,321,0.0183306,0.00000768,857.982,231290.0,12617684.0,12617684.0,4.95,-0.42,193.82,1496412861
Rubies,RBIES,322,0.0219133,0.00000918,2789.27,227319.0,10373544.0,10373544.0,0.33,2.46,-19.91,1496412868
8Bit,8BIT,323,0.193601,0.00008109,2655.78,225432.0,1164415.0,1164415.0,-0.83,1.27,-47.57,1496412861
PRCoin,PRC,324,0.0228525,0.00000957,42910.1,216025.0,9453000.0,789453000.0,-0.82,5.55,-6.08,1496412885
Cryptojacks,CJ,325,0.000528761,0.00000022,1668.73,214978.0,406568581.0,406568581.0,-38.55,119.02,51.6,1496412874
NuBits,USNBT,326,1.03602,0.00043394,77709.6,203859.0,196772.0,838087.0,4.61,3.74,3.46,1496412856
LiteBar,LTB,327,0.290482,0.00012167,644.081,187588.0,645781.0,645781.0,-0.79,-15.78,-13.9,1496412847
GoldBlocks,GB,328,0.0119358,0.00000500,1394.76,177450.0,14867080.0,14867080.0,-0.82,-5.31,9.73,1496412873
UnbreakableCoin,UNB,329,0.0722774,0.00003027,3039.52,164659.0,2278150.0,2278150.0,-0.84,-13.85,-1.71,1496412851
Netko,NETKO,330,0.0665172,0.00002786,1501.53,162597.0,2444442.0,2444442.0,-0.88,-2.21,-20.34,1496412887
Fastcoin,FST,331,0.00128211,0.00000054,1928.53,162526.0,126764507.0,126764507.0,-0.1,9.26,43.05,1496412842
DigitalPrice,DP,332,0.00716292,0.00000300,1126.37,162287.0,22656485.0,22656485.0,2.37,2.4,64.63,1496412857
bitBTC,BITBTC,333,2455.0,1.02829,96337.1,157316.0,64.0,64.0,-4.23,2.82,-1.11,1496412855
TheGCCcoin,GCC,334,0.021511,0.00000901,1764.34,151419.0,7039121.0,867039121.0,0.41,-2.14,-26.35,1496412885
Pascal Lite,PASL,335,0.075802,0.00003175,3986.27,149925.0,1977850.0,1977850.0,2.1,4.3,-27.99,1496412888
Greencoin,GREV2,336,0.0000477493,0.00000002,907.903,146064.0,3058972641.0,3058972641.0,-0.82,96.52,96.04,1496412852
BERNcash,BERN,337,0.00181041,0.00000076,881.776,128963.0,71234301.0,71234301.0,0.23,-0.23,-7.01,1496412870
Tattoocoin (Standard Edition),TSE,338,0.00103105,0.00000043,1213.31,117923.0,114371336.0,604371336.0,-0.57,-27.92,-18.69,1496412884
Flycoin,FLY,339,0.551743,0.0002311,1552.07,116310.0,210806.0,210806.0,-0.82,-47.07,33.87,1496412864
Machinecoin,MAC,340,0.00594478,0.00000249,2410.82,116262.0,19557050.0,19557050.0,-2.48,-0.83,-13.71,1496412859
bitEUR,BITEUR,341,1.13469,0.00047527,21695.9,115852.0,102100.0,102100.0,-0.8,-0.05,0.39,1496412862
MojoCoin,MOJO,342,0.00935749,0.00000392,1492.58,112815.0,12056120.0,12056120.0,0.08,2.8,-32.77,1496412870
Rimbit,RBT,343,0.000958397,0.00000040,540.945,110694.0,115499623.0,393459356.0,-0.81,1.07,-5.62,1496412857
PipCoin,PIP,344,0.0167361,0.00000701,570.516,110009.0,6573177.0,6999979.0,-0.68,-26.14,-23.65,1496412878
QuazarCoin,QCN,345,0.0190997,0.00000800,751.5,109089.0,5711572.0,5711572.0,13.35,12.28,9.7,1496412851
bitSilver,BITSILVER,346,20.4344,0.00855904,16919.1,108692.0,5319.0,5319.0,2.31,6.27,16.69,1496412859
CHNCoin,CNC,347,0.00430072,0.00000180,15132.3,108637.0,25260247.0,170109984.0,0.29,1.84,-28.59,1496412858
Emerald Crypto,EMD,348,0.00525232,0.00000220,3920.38,100409.0,19117129.0,19117129.0,9.37,31.62,51.62,1496412842
Sumokoin,SUMO,349,0.215161,0.00009005,8259.49,98693.0,458695.0,9347584.0,-10.69,17.96,,1496412593
Piggycoin,PIGGY,350,0.000203426,0.00000009,1002.46,98420.0,483811817.0,483811817.0,-19.69,-24.99,-60.52,1496412852
Eryllium,ERY,351,0.0225791,0.00000946,3361.89,98327.0,4354776.0,14354776.0,-0.13,5.73,-42.48,1496412885
bitGold,BITGOLD,352,1478.08,0.619101,3871.58,82795.0,56.0,56.0,2.09,1.63,7.22,1496412858
Kurrent,KURT,353,0.0073989,0.00000310,593.212,73393.0,9919485.0,21319485.0,-0.85,8.11,15.53,1496412880
Freicoin,FRC,354,0.00262621,0.00000110,17543.1,73284.0,27905041.0,100000000.0,-0.82,-1.74,2.64,1496412841
Spots,SPT,355,0.00307371,0.00000129,600.996,68870.0,22406021.0,22406021.0,-2.07,-17.41,27.0,1496412847
PetroDollar,XPD,356,0.00104048,0.00000044,1228.88,66584.0,63993275.0,63993275.0,30.66,-36.07,31.53,1496412849
Gapcoin,GAP,357,0.00608803,0.00000255,11480.5,66256.0,10882955.0,10882955.0,-5.55,-5.92,13.76,1496412858
CrevaCoin,CREVA,358,0.00178478,0.00000075,14536.3,64949.0,36390750.0,6240390800.0,4.06,-0.19,-12.12,1496412863
PonziCoin,PONZI,359,0.0740114,0.00003100,654.491,63731.0,861099.0,861099.0,-0.82,32.44,31.87,1496412872
MCAP,MCAP,360,6.31449,0.00264276,122182.0,63176.0,10005.0,100000000.0,-0.67,-0.1,,1496412594
Wexcoin,WEX,361,0.368023,0.00015415,5875.81,61686.0,167616.0,10000167616.0,-0.38,-2.93,17.96,1496412877
Argentum,ARG,362,0.00783088,0.00000328,1014.15,58775.0,7505482.0,7505482.0,14.24,-20.68,-1.12,1496412846
NevaCoin,NEVA,363,0.028568,0.00001197,545.791,51807.0,1813470.0,1813470.0,-6.0,-1.0,14.51,1496412870
Acoin,ACOIN,364,0.0391758,0.00001641,10490.2,47798.0,1220085.0,1220085.0,-8.97,-8.16,-37.07,1496412856
Philosopher Stones,PHS,365,0.0192668,0.00000807,3500.45,46803.0,2429219.0,2429219.0,-0.85,-1.81,2.4,1496412845
Prime-XI,PXI,366,0.00296263,0.00000124,1567.77,43831.0,14794760.0,14794760.0,-0.81,1.73,44.53,1496412856
BTCDragon,DRAGON,367,0.0988253,0.00004139,504.009,39940.0,404146.0,1000000.0,-0.89,-38.61,-27.83,1496412885
LevoPlus,LVPS,368,0.0953808,0.00003995,5223.44,39269.0,411712.0,91411712.0,72.32,85.17,-27.37,1496412886
Allion,ALL,369,0.00605296,0.00000254,2307.56,37524.0,6199359.0,7323359.0,-4.5,-9.11,-27.11,1496412886
Independent Money System,IMS,370,0.00624992,0.00000262,936.048,33555.0,5368934.0,5368934.0,-2.47,-9.95,-18.56,1496412870
Rawcoin,XRC,371,0.0435712,0.00001825,2093.39,30713.0,704882.0,704882.0,-7.7,-26.99,188.29,1496412880
MACRON,MCRN,372,0.0000719769,0.00000003,891.465,28893.0,401421401.0,401421401.0,-25.39,-21.63,-15.3,1496412591
BeaverCoin,BVC,373,0.00880974,0.00000369,684.301,27445.0,3115258.0,3115258.0,2.3,1.81,-14.94,1496412857
Honey,HONEY,374,0.378035,0.00015834,1001.91,25822.0,68306.0,68306.0,39.7,-7.11,-51.51,1496412888
PIECoin,PIE,375,0.000356804,0.00000015,519.846,25714.0,72066606.0,72066606.0,-0.82,11.27,-10.59,1496412886
Kittehcoin,MEOW,376,0.0000008610,0.0000000004,1646.12,20582.0,23905669976.0,23905669976.0,0.49,24.99,49.62,1496412844
Marijuanacoin,MAR,377,0.0379368,0.00001589,6307.4,19829.0,522690.0,522690.0,-2.94,-28.98,-28.93,1496412885
Eurocoin,EUC,378,0.00145635,0.00000061,1083.0,17083.0,11730325.0,11730325.0,-3.58,-7.83,-23.16,1496412864
Bitvolt,VOLT,379,0.00081238,0.00000034,584.592,12277.0,15112554.0,60132654.0,-0.77,4.42,-10.62,1496412592
Ebittree Coin,EBT,380,0.0115884,0.00000485,637.957,10104.0,871930.0,810871930.0,37.51,-4.86,6.35,1496412590
AllSafe,ASAFE,381,0.0000132313,0.000000006,1106.6,9394.0,710000000.0,710000000.0,-6.16,-23.29,55.31,1496412879
BenjiRolls,BENJI,382,0.000453618,0.00000019,5676.52,8594.0,18945036.0,18945036.0,0.5,-1.74,-22.32,1496412883
Beatcoin,XBTS,383,0.00537935,0.00000225,1415.24,8202.0,1524686.0,2524686.0,-19.64,-26.46,-11.39,1496412877
Argus,ARGUS,384,0.00564024,0.00000236,690.733,6477.0,1148324.0,5194373.0,0.87,0.51,2.36,1496412886
Digital Money Bits,DMB,385,0.0151566,0.00000634,17683.8,4685.0,309100.0,10309100.0,3.19,20.65,91.97,1496412593
Environ,ENV,386,0.0000238935,0.00000001,3220.85,3133.0,131129509.0,931129509.0,-0.75,-5.65,,1496412592
Powercoin,PWR,387,0.0000238746,0.00000001,1310.58,1193.0,49983870.0,49983870.0,-0.82,-1.74,-1.92,1496412873
Gold Pressed Latinum,GPL,388,0.171197,0.00007165,7681.14,,,204024.0,-0.93,-12.75,18.08,1496412593
SnakeEyes,SNAKE,389,0.141379,0.00005917,1138.25,,,10000000.0,-9.35,7.5,23.51,1496412592
Arcade Token,ARC,390,3.74133,0.00167261,,10777041.0,2880537.0,2880537.0,,,29.62,1496180681
Scotcoin,SCOT,391,0.00630614,0.00000264,164.334,6306140.0,1000000000.0,1000000000.0,-1.58,-26.18,6.16,1496412851
Jinn,JINN,392,48.7837,0.0204333,487.837,2863750.0,58703.0,1000000.0,-0.91,8.45,-5.61,1496412857
XCurrency,XC,393,0.429743,0.00018,350.957,2495446.0,5806832.0,5806832.0,-0.82,-2.28,-18.51,1496412851
InstantDEX,DEX,394,2.40176,0.00100599,348.255,2401760.0,1000000.0,1000000.0,-0.91,8.45,,1496412856
AsiaCoin,AC,395,0.00271076,0.00000114,119.027,2275811.0,839547044.0,839547044.0,9.65,-1.86,-27.59,1496412851
NewYorkCoin,NYC,396,0.0000238746,0.00000001,245.432,1425790.0,59719935819.0,59719935819.0,-0.82,129.73,25.41,1496412849
Bitpark Coin,BPC,397,0.0189326,0.00000793,256.334,1419945.0,75000000.0,100000000.0,-0.82,18.06,12.17,1496412882
Visio,VISIO,398,0.0240484,0.00001007,366.805,1216831.0,50599242.0,62599242.0,-1.82,-4.59,-17.27,1496412886
InsaneCoin,INSANE,399,0.0630155,0.00002639,201.377,1155766.0,18340984.0,18340984.0,-0.97,-20.23,44.32,1496412881
Pangea Poker,PANGEA,400,0.937046,0.00039102,,936439.0,999352.0,1000000.0,-0.77,8.6,7.64,1496409863
Devcoin,DVC,401,0.0000611771,0.00000003,44.715,856692.0,14003477500.0,14003477500.0,-1.01,-10.85,109.35,1496412840
DubaiCoin,DBIC,402,0.162752,0.00006817,155.477,834757.0,5129014.0,6146942.0,-0.03,-2.99,1.91,1496412869
ShadowCash,SDC,403,0.122062,0.00005113,391.629,813804.0,6667133.0,6667133.0,-0.82,-0.88,-22.35,1496412854
Pandacoin,PND,404,0.0000238746,0.00000001,348.358,776281.0,32514916898.0,32514916898.0,-0.82,-1.74,-1.98,1496412847
Ultimate Secure Cash,USC,405,0.0727679,0.00003048,133.464,752647.0,10343113.0,38602656.0,-0.82,,-15.25,1496412890
Carboncoin,CARBON,406,0.0000477493,0.00000002,7.12658,734954.0,15391933648.0,15391933648.0,-0.82,-1.74,-1.98,1496412853
Casino,CASINO,407,0.733778,0.00030735,21.2796,733778.0,1000000.0,1000000.0,-0.89,65.16,13.49,1496412887
Tao,XTO,408,0.0226952,0.00000951,214.699,688041.0,30316579.0,32316579.0,-4.14,30.64,7.72,1496412876
Cryptofund,FUND,409,0.5588,0.0002553,,558800.0,1000000.0,1000000.0,,,-22.64,1495948164
E-Currency Coin ,ECC,410,0.0000238746,0.00000001,1.19373,526688.0,22060603799.0,22060603799.0,-0.58,-1.74,-1.98,1496412848
PayCoin,XPY,411,0.0436906,0.00001830,36.9132,511300.0,11702737.0,11752737.0,492.09,493.43,143.46,1496412859
CageCoin,CAGE,412,0.0000049756,0.000000002,179.815,503369.0,101168328395,101168328395,46.18,3.71,15.64,1496412846
Shorty,SHORTY,413,0.00501117,0.00000210,,501117.0,100000000.0,100000000.0,,-1.79,27.86,1496365479
ReeCoin,REE,414,0.0382092,0.00001600,329.067,472560.0,12367704.0,6662367704.0,-3.76,-7.7,11.29,1496412874
YashCoin,YASH,415,0.047224,0.00001978,233.105,472246.0,10000117.0,10000117.0,-0.82,-6.88,18.88,1496412882
Bitstar,BITS,416,0.0200615,0.00000840,42.8235,463014.0,23079737.0,23079737.0,-10.12,125.26,275.56,1496412849
Happycoin,HPC,417,0.04038,0.00001690,221.314,458957.0,11365953.0,11365953.0,11.58,-6.51,176.97,1496412590
Dashcoin,DSH,418,0.0262363,0.00001099,302.044,453667.0,17291579.0,17291579.0,-0.82,-4.62,4.04,1496412857
SmileyCoin,SMLY,419,0.0000173647,0.000000007,129.006,450792.0,25960250000.0,25960250000.0,-1.01,-22.14,-23.46,1496412859
CasinoCoin,CSC,420,0.0115658,0.00000484,329.099,446454.0,38601187.0,38601187.0,-0.84,-2.18,-13.0,1496412859
Colossuscoin V2,CV2,421,0.0000181325,0.000000008,230.877,402352.0,22189565273.0,22189565273.0,-0.99,-14.3,-51.72,1496412860
BitBar,BTB,422,11.4713,0.00480481,355.15,373777.0,32584.0,32584.0,-2.92,-0.63,0.32,1496412841
Mineum,MNM,423,0.0388599,0.00001628,134.029,366696.0,9436367.0,9586367.0,-0.8,14.84,-15.54,1496412873
LTBcoin,LTBC,424,0.000742106,0.00000032,,366499.0,493863915.0,493863915.0,,,,1496287754
Orbitcoin,ORB,425,0.123532,0.00005174,26.6885,365110.0,2955590.0,2955590.0,-0.64,-4.7,0.61,1496412843
FuelCoin,FC2,426,0.00355732,0.00000149,3.64201,360757.0,101412484.0,101412484.0,-0.82,4.58,,1496412852
RussiaCoin,RC,427,0.0422104,0.00001768,0.286423,346819.0,8216446.0,8216446.0,-0.82,-1.63,2.64,1496412867
SuperCoin,SUPER,428,0.00835612,0.00000350,83.5531,343901.0,41155630.0,41155630.0,-0.82,,,1496412852
HOdlcoin,HODL,429,0.00365282,0.00000153,239.174,338495.0,92666760.0,250000000.0,-0.82,37.92,14.66,1496412869
Rare Pepe Party,RAREPEPEPRTY,430,16.1275,0.0067095,,290295.0,18000.0,100000.0,,,-3.95,1496315982
HitCoin,HTC,431,0.0000238746,0.00000001,84.9137,262533.0,10996318099.0,20996318099.0,-0.82,-12.57,-1.92,1496412870
Veltor,VLT,432,0.453236,0.00018984,345.348,251480.0,554855.0,554855.0,-0.82,3.68,42.36,1496412877
SmartCoin,SMC,433,0.0105593,0.00000442,85.0984,241734.0,22893022.0,22893022.0,-0.81,9.68,-23.6,1496412844
BTCtalkcoin,TALK,434,0.00357833,0.00000161,,233631.0,65290635.0,65290635.0,,,-23.19,1496191750
Crypto Bullion,CBX,435,0.23197,0.00009716,55.9404,231007.0,995849.0,995849.0,-0.48,-11.12,-37.43,1496412842
AgrolifeCoin,AGLC,436,0.0472658,0.00001990,,216098.0,4571971.0,204571971.0,,,93.43,1496301878
VirtualCoin,VC,437,0.0212007,0.00000888,220.992,213370.0,10064287.0,10064287.0,-0.82,9.07,-8.09,1496412854
BritCoin,BRIT,438,0.00952598,0.00000399,161.195,202599.0,21268092.0,21268092.0,-0.82,78.21,-3.38,1496412854
Vault Coin,VLTC,439,0.0066849,0.00000280,24.4873,198709.0,29725000.0,529725000.0,0.26,-9.43,-10.13,1496412883
The Cypherfunks,FUNK,440,0.0000044603,0.000000002,77.3946,196968.0,44159995000.0,44159995000.0,-2.5,-7.35,-31.3,1496412862
SwagBucks,BUCKS,441,0.955169,0.00040008,2.71185,196398.0,205616.0,205616.0,-0.2,-10.75,-23.03,1496412868
Pesobit,PSB,442,0.00580154,0.00000243,397.139,189539.0,32670449.0,32670449.0,-0.82,-10.91,-3.19,1496412877
42-coin,42,443,4386.28,1.83721,148.181,184224.0,42.0,42.0,-1.55,-5.02,14.1,1496412844
Kobocoin,KOBO,444,0.00730069,0.00000306,110.988,180329.0,24700248.0,24700248.0,-0.82,-39.79,-60.37,1496412860
BillaryCoin,BLRY,445,0.0200069,0.00000838,13.2493,179725.0,8983158.0,8983158.0,-0.82,5.82,-8.11,1496412872
Bitz,BITZ,446,0.0892373,0.00003720,,177662.0,1990891.0,1990891.0,,-1.27,-5.51,1496351362
Tristar Coin,TSTR,447,0.0343849,0.00001500,,172882.0,5027857.0,255027857.0,,,1.46,1496271895
NetCoin,NET,448,0.000216313,0.00000009,86.7054,170266.0,787126712.0,787126712.0,-0.78,-4.1,-16.6,1496412843
Zero,ZER,449,0.226809,0.00009500,292.084,168914.0,744740.0,744740.0,-0.82,-1.78,-9.12,1496412887
Titcoin,TIT,450,0.00305045,0.00000128,112.563,152212.0,49898202.0,49898202.0,0.23,5.44,-22.33,1496412853
Coin(O),CNO,451,0.00136074,0.00000057,268.406,140310.0,103113134.0,103113134.0,1.4,19.33,46.13,1496412847
Crave,CRAVE,452,0.111495,0.00004670,259.729,139335.0,1249695.0,1249695.0,-10.01,-31.18,25.02,1496412860
Truckcoin,TRK,453,0.00109807,0.00000046,22.3909,135118.0,123050029.0,123050029.0,1.38,-1.73,56.63,1496412853
Stress,STS,454,0.000238746,0.00000010,3.161,134924.0,565134332.0,565134332.0,-0.82,-1.71,,1496412869
HoboNickels,HBN,455,0.00269783,0.00000113,183.466,131025.0,48566864.0,48566864.0,-0.82,10.92,93.96,1496412843
PureVidz,VIDZ,456,0.00102306,0.00000043,246.065,128071.0,125184469.0,125184469.0,3.59,-30.61,1.24,1496412884
HyperStake,HYP,457,0.00030902,0.00000013,352.639,119219.0,385796097.0,385796097.0,-7.52,20.55,31.96,1496412854
MetalCoin,METAL,458,0.00152798,0.00000064,5.78237,117541.0,76925527.0,76925527.0,-0.82,-20.4,-16.36,1496412858
Bitcurrency,BTCR,459,0.000683735,0.00000029,108.707,115028.0,168235202.0,168235202.0,-2.28,-8.8,24.6,1496412881
BitcoinTX,BTX,460,0.0014086,0.00000059,58.0321,114184.0,81061865.0,81061865.0,-0.82,-42.03,-61.64,1496412861
Xiaomicoin,MI,461,0.000278971,0.00000012,295.464,113302.0,406141855.0,406141855.0,-0.74,17.86,23.1,1496412865
TEKcoin,TEK,462,0.0000798864,0.00000003,483.765,112964.0,1414054562.0,1414054562.0,-14.59,-21.99,60.73,1496412850
GAIA,GAIA,463,0.00466575,0.00000198,,112451.0,24101381.0,24101381.0,,-3.02,-11.67,1496340859
Digital Rupees,DRS,464,0.000214872,0.00000009,98.2033,109757.0,510802961.0,510802961.0,-0.82,30.31,29.51,1496412883
LanaCoin,LANA,465,0.0001432,0.00000006,378.462,107169.0,748389108.0,748389108.0,-13.85,-25.78,22.97,1496412872
Phoenixcoin,PXC,466,0.00178905,0.00000075,360.439,103554.0,57882050.0,57882050.0,-0.77,35.93,21.4,1496412842
LottoCoin,LOT,467,0.0000070755,0.000000003,5.43391,102531.0,14491014421.0,14491014421.0,0.41,-29.19,-27.59,1496412847
Coin2.1,C2,468,0.00100273,0.00000042,419.502,100249.0,99976323.0,99976323.0,-0.82,6.58,-9.85,1496412851
Cannacoin,CCN,469,0.0212723,0.00000891,63.3398,99930.0,4697672.0,4697672.0,-0.82,-16.22,-3.64,1496412849
Pakcoin,PAK,470,0.0027057,0.00000113,214.728,99123.0,36634950.0,36634950.0,-0.82,-3.6,-19.08,1496412866
BigUp,BIGUP,471,0.0000477493,0.00000002,144.226,98095.0,2054374963.0,2054374963.0,-0.82,7.87,96.15,1496412869
C-Bit,XCT,472,0.000740114,0.00000031,9.67486,97539.0,131789750.0,131789750.0,-0.82,-6.76,-2.18,1496412870
Dollarcoin,DLC,473,0.0105765,0.00000443,10.4136,96317.0,9106714.0,9106714.0,-0.82,7.48,,1496412877
Sterlingcoin,SLG,474,0.0245331,0.00001028,85.887,95217.0,3881156.0,3881156.0,-3.31,-2.77,-17.27,1496412856
Swing,SWING,475,0.0414705,0.00001737,6.53546,94449.0,2277499.0,2277499.0,-4.35,-30.08,-17.02,1496412865
GlobalBoost-Y,BSTY,476,0.00815179,0.00000341,136.079,92918.0,11398430.0,11398430.0,-0.7,-4.15,3.89,1496412857
FlutterCoin,FLT,477,0.000287617,0.00000012,9.66983,92674.0,322214524.0,322214524.0,-0.48,-1.4,-21.95,1496412849
TittieCoin,TTC,478,0.0000715554,0.00000003,94.4971,90147.0,1259816434.0,1259816434.0,-0.82,-0.98,3.41,1496412857
WayGuide,WAY,479,0.000859487,0.00000036,2.66355,85984.0,100040708.0,100040708.0,-0.82,,6.99,1496412875
BunnyCoin,BUN,480,0.0000008443,0.0000000004,140.243,85626.0,101411059820,101411059820,0.01,-0.6,2.35,1496412855
KiloCoin,KLC,481,0.000405869,0.00000017,4.05869,79671.0,196297971.0,10025186872.0,-0.82,4.4,11.15,1496412869
GameUnits,UNITS,482,0.0227714,0.00000954,103.905,78929.0,3466147.0,3466147.0,-0.82,-37.32,-23.6,1496412884
AmberCoin,AMBER,483,0.00176672,0.00000074,2.7202,77105.0,43643263.0,43643263.0,,15.42,-0.58,1496412860
UFO Coin,UFO,484,0.0000229521,0.00000001,,75441.0,3286875012.0,3286875012.0,,,-5.77,1496273048
Elementrem,ELE,485,0.00292415,0.00000122,125.246,73156.0,25017994.0,25017994.0,-11.27,-1.23,-11.51,1496412876
Triangles,TRI,486,0.99106,0.00041511,10.3821,72240.0,72891.0,72891.0,-0.82,-16.56,-17.81,1496412853
Darsek,KED,487,0.00716236,0.00000300,23.9859,70616.0,9859333.0,9859333.0,-0.82,-7.88,-28.01,1496412888
Blakecoin,BLC,488,0.00577661,0.00000242,204.883,68804.0,11910789.0,11910789.0,-0.81,-1.76,-4.96,1496412845
Valorbit,VAL,489,0.0000238746,0.00000001,11.9373,68576.0,2872333607.0,922340072333607,-0.82,-1.74,-1.92,1496412870
SproutsExtreme,SPEX,490,0.0000238746,0.00000001,11.9373,68439.0,2866607586.0,2866607586.0,-0.82,-1.74,-1.72,1496412868
NoLimitCoin,NLC2,491,0.000334245,0.00000014,15.4928,67002.0,200458719.0,200458719.0,-0.82,-17.25,-31.16,1496412876
CorgiCoin,CORG,492,0.0000534298,0.00000002,5.34298,66886.0,1251855418.0,1251855418.0,-2.08,-31.23,-70.58,1496412848
CCMiner,CCM100,493,0.027177,0.00001138,40.0045,65669.0,2416354.0,6000000.0,-9.15,6.39,-6.24,1496412885
Guncoin,GUN,494,0.000358092,0.00000015,38.6147,65208.0,182098078.0,182098078.0,-0.82,-3.33,29.91,1496412850
HempCoin,HMP,495,0.0000477493,0.00000002,121.999,64778.0,1356620678.0,2856620678.0,-0.82,-1.74,93.55,1496412868
Yacoin,YAC,496,0.000549117,0.00000023,4.12074,63760.0,116113302.0,116113302.0,-0.74,-1.69,-6.01,1496412842
ChessCoin,CHESS,497,0.0011772,0.00000049,28.9393,63529.0,53965858.0,53965858.0,0.11,-3.79,73.46,1496412874
Ratecoin,XRA,498,0.000596681,0.00000025,130.862,63301.0,106088392.0,106088392.0,3.04,-9.17,-26.17,1496412863
Debitcoin,DBTC,499,0.00350957,0.00000147,33.8308,63144.0,17992021.0,25992021.0,-0.82,4.8,15.34,1496412873
Bitcloud,BTD,500,0.00530017,0.00000222,45.0131,59037.0,11138678.0,11138678.0,-0.82,1.46,66.21,1496412878
Chronos,CRX,501,0.000771732,0.00000032,285.976,56900.0,73729962.0,73729962.0,-0.82,9.58,10.88,1496412874
RevolverCoin,XRE,502,0.00257846,0.00000108,66.9011,56194.0,21793492.0,21793492.0,-0.82,34.32,-1.19,1496412873
Artex Coin,ATX,503,0.0029563,0.00000124,59.5506,55271.0,18696165.0,268696165.0,-11.78,-16.68,23.48,1496412877
Nyancoin,NYAN,504,0.000181638,0.00000008,72.4783,54108.0,297891209.0,297891209.0,-0.12,-9.41,-5.29,1496412846
Eternity,ENT,505,0.0176311,0.00000738,291.584,54028.0,3064383.0,3064383.0,18.05,0.33,-23.86,1496412882
KushCoin,KUSH,506,0.00974085,0.00000408,30.2843,52539.0,5393656.0,5393656.0,-0.82,-10.51,-20.35,1496412884
AquariusCoin,ARCO,507,0.0414981,0.00001738,127.624,50714.0,1222078.0,1222078.0,-0.6,-9.28,-13.44,1496412871
DigiCube,CUBE,508,0.0000205115,0.000000009,0.00383187,49825.0,2429126009.0,2429126009.0,0.77,,-15.78,1496412866
Zayedcoin,ZYD,509,0.00787863,0.00000330,32.0514,49193.0,6243840.0,6243840.0,-0.82,-3.21,-18.88,1496412878
RedCoin,RED,510,0.000644615,0.00000027,18.2062,47771.0,74107896.0,74107896.0,-0.82,5.78,-36.63,1496412844
SatoshiMadness,MAD,511,0.0000238746,0.00000001,128.923,47766.0,2000683485.0,2000683485.0,-0.82,-1.74,-1.92,1496412864
AurumCoin,AU,512,0.15953,0.00006682,129.014,47255.0,296216.0,296216.0,-0.55,-25.14,-26.31,1496412857
Aricoin,ARI,513,0.000335215,0.00000014,27.3436,47018.0,140262505.0,140262505.0,-0.82,-7.88,7.12,1496412847
Francs,FRN,514,0.0271866,0.00001139,167.057,46601.0,1714100.0,1714100.0,2.92,-4.95,19.35,1496412869
Sativacoin,STV,515,0.00657363,0.00000274,,46521.0,7076854.0,7076854.0,,-1.26,12.61,1496351959
MarteXcoin,MXT,516,0.0167942,0.00000703,0.11874,45817.0,2728161.0,2728161.0,-0.76,-3.07,-39.68,1496412873
Tigercoin,TGC,517,0.00102661,0.00000043,10.9274,44695.0,43536800.0,43536800.0,-0.82,5.63,40.49,1496412843
Evotion,EVO,518,0.0179698,0.00000753,158.629,44371.0,2469220.0,2469220.0,3.91,-0.76,-51.36,1496412867
808Coin,808,519,0.000215129,0.00000009,275.521,44337.0,206094924.0,206094924.0,-0.72,4.38,36.87,1496412875
AmsterdamCoin,AMS,520,0.00453618,0.00000190,116.65,43564.0,9603707.0,16803707.0,-0.87,-4.36,24.12,1496412863
ICOBID,ICOB,521,0.000408988,0.00000017,136.014,42479.0,103862796.0,103862796.0,-0.79,-14.79,4.35,1496412884
Jin Coin,JIN,522,0.00427356,0.00000179,65.3609,42088.0,9848485.0,9848485.0,-0.82,-34.58,,1496412876
UniCoin,UNIC,523,0.0140006,0.00000586,105.273,40764.0,2911604.0,2911604.0,-0.44,-8.29,5.29,1496412862
Joulecoin,XJO,524,0.00124148,0.00000052,37.6679,40047.0,32257544.0,32257544.0,-0.82,-7.27,1.84,1496412842
UCoin,U,525,0.0148262,0.00000621,170.345,39880.0,2689812.0,2689812.0,-0.82,-1.58,-2.08,1496412858
MiloCoin,MILO,526,0.00384382,0.00000161,95.1822,39553.0,10290071.0,10290071.0,-0.82,6.5,38.78,1496412887
BurstOcean,OCEAN,527,0.186533,0.00007813,12.9323,39513.0,211827.0,1000000.0,-0.89,-6.18,33.16,1496412886
OctoCoin,888,528,0.000801284,0.00000034,63.4776,38759.0,48370868.0,48370868.0,1.76,-22.37,43.49,1496412848
Photon,PHO,529,0.0000021344,0.0000000009,90.3022,38075.0,17838754448.0,17838754448.0,29.78,70.43,52.5,1496412847
Lex4All,LEX,530,0.0370595,0.00001552,168.213,37061.0,1000043.0,5000000.0,-25.67,-17.86,-26.95,1496412886
Franko,FRK,531,0.0566545,0.00002373,4.57271,36086.0,636950.0,636950.0,-0.78,0.58,-49.86,1496412841
Universe,UNI,532,0.0119134,0.00000499,154.746,35430.0,2973928.0,14173928.0,-0.82,4.51,1.64,1496412888
WMCoin,WMC,533,0.00305595,0.00000128,0.473052,35227.0,11527489.0,911527489.0,-0.82,,,1496412873
Cypher,CYP,534,0.00539567,0.00000226,244.142,34345.0,6365285.0,6365285.0,-0.82,8.33,-12.92,1496412861
PopularCoin,POP,535,0.0000102530,0.000000004,33.3075,34272.0,3342678759.0,3342678759.0,-0.83,-16.78,-5.75,1496412849
Dobbscoin,BOB,536,0.00654165,0.00000274,3.37451,33103.0,5060382.0,5060382.0,-0.82,-2.53,-0.16,1496412855
SpaceCoin,SPACE,537,0.00180525,0.00000076,43.2065,32127.0,17796363.0,17796363.0,-11.27,-13.35,-7.9,1496412865
Bolivarcoin,BOLI,538,0.00492627,0.00000206,482.5,31939.0,6483350.0,6483350.0,-4.39,-14.05,-0.24,1496412864
Evil Coin,EVIL,539,0.00150132,0.00000063,0.920249,31558.0,21020383.0,21020383.0,-0.81,-4.77,-1.87,1496412868
CryptoWorldX Token,CWXT,540,0.000572991,0.00000024,5.50993,31336.0,54688570.0,54688570.0,-0.82,0.89,-9.47,1496412886
Uro,URO,541,0.025713,0.00001077,59.2411,31044.0,1207310.0,1207310.0,-0.82,-3.71,-10.54,1496412852
FlavorCoin,FLVR,542,0.00146307,0.00000061,8.65973,30575.0,20898106.0,20898106.0,-0.77,1.27,31.52,1496412868
RonPaulCoin,RPC,543,0.0383019,0.00001604,18.1965,30226.0,789139.0,789139.0,-0.91,-18.08,4.21,1496412844
Creatio,XCRE,544,0.00146564,0.00000061,178.871,30076.0,20520514.0,20520514.0,-0.82,0.53,43.35,1496412880
Hexx,HXX,545,0.0216739,0.00000908,333.376,29329.0,1353195.0,1353195.0,-0.82,9.79,-37.18,1496412862
Dreamcoin,DRM,546,0.0120275,0.00000503,,29311.0,2436996.0,2436996.0,,-1.59,,1496330352
Solarflarecoin,SFC,547,0.00212484,0.00000089,93.1911,29150.0,13718750.0,13718750.0,0.31,-1.74,-30.82,1496412884
Hommalicoin,HMC,548,11.7946,0.00496011,,28528.0,2419.0,1000000000.0,,,101.05,1496299177
SixEleven,611,549,0.0689977,0.00002890,8.95177,28433.0,412081.0,412081.0,-0.82,-22.2,-63.49,1496412872
Zurcoin,ZUR,550,0.00035812,0.00000015,22.7192,28285.0,78982596.0,78982596.0,-0.82,-18.63,5.52,1496412872
PayCon,CON,551,0.00117556,0.00000049,61.9263,27088.0,23042604.0,23042604.0,-0.74,-3.02,-16.74,1496412860
PlatinumBAR,XPTX,552,0.155185,0.00006500,9.64304,27085.0,174535.0,174535.0,,14.83,-4.81,1496412871
Bitzeny,ZNY,553,0.00035812,0.00000015,58.8611,27079.0,75614500.0,75614500.0,-0.82,-1.74,7.75,1496412863
CoExistCoin,COXST,554,0.000993734,0.00000042,19.9682,26969.0,27138905.0,27138905.0,-0.78,-36.14,-56.56,1496412871
Unrealcoin,URC,555,0.00377219,0.00000158,19.8618,26497.0,7024402.0,7024402.0,-0.82,,10.3,1496412861
HealthyWormCoin,WORM,556,0.00167122,0.00000070,40.8753,26376.0,15782447.0,15782447.0,-0.82,-1.74,-40.3,1496412888
BumbaCoin,BUMBA,557,0.00119373,0.00000050,0.846354,26197.0,21945380.0,21945380.0,-0.82,-1.74,-20.91,1496412869
GoldPieces,GP,558,0.0214153,0.00000897,351.805,26130.0,1220161.0,1220161.0,-0.07,-2.86,-35.64,1496412859
PX,PX,559,0.000334245,0.00000014,96.9354,25673.0,76808156.0,76808156.0,-0.82,-33.84,-21.95,1496412875
SoonCoin,SOON,560,0.0019816,0.00000083,46.3693,24696.0,12462620.0,12462620.0,-0.52,-8.36,-19.77,1496412859
Grantcoin,GRT,561,0.000596866,0.00000025,131.755,24668.0,41328618.0,10041328618.0,-0.82,-18.08,-1.05,1496412863
Cannation,CNNC,562,0.00994649,0.00000416,72.623,24413.0,2454473.0,2454473.0,-0.65,-10.76,-16.22,1496412592
Universal Currency,UNIT,563,0.00184948,0.00000077,63.6378,24129.0,13046431.0,13046431.0,-0.82,-47.31,-74.77,1496412862
CryptoEscudo,CESC,564,0.000167122,0.00000007,31.1135,24083.0,144105100.0,594105100.0,-0.82,-1.74,-1.92,1496412850
X-Coin,XCO,565,0.00190997,0.00000080,11.342,23655.0,12384976.0,12384976.0,-0.82,-1.74,-11.65,1496412860
ARbit,ARB,566,0.00357811,0.00000149,,23153.0,6470795.0,6470795.0,,-1.17,13.07,1496362165
Theresa May Coin,MAY,567,0.00150529,0.00000063,15.3936,23001.0,15280050.0,15280050.0,-0.77,-9.82,,1496412594
NeuCoin,NEU,568,0.0000115261,0.000000005,0.0329336,22946.0,1990764588.0,2014638413.0,-20.54,-22.33,,1496412865
LeaCoin,LEA,569,0.0000824674,0.00000003,21.5149,22780.0,276229889.0,276229889.0,0.49,10.58,-26.73,1496412861
B3Coin,B3,570,0.0732951,0.00003070,67.2459,22523.0,307289.0,307289.0,-0.82,7.12,25.03,1496412876
AntiBitcoin,ANTI,571,0.00126536,0.00000053,204.791,22100.0,17465159.0,17465159.0,-0.82,-10.21,3.1,1496412867
Litecred,LTCR,572,0.000722431,0.00000030,145.336,21837.0,30227750.0,30227750.0,-2.74,-18.2,110.37,1496412867
Ride My Car,RIDE,573,0.000211619,0.00000009,26.1078,21394.0,101097552.0,101097552.0,-0.72,-17.6,-25.87,1496412885
ParallelCoin,DUO,574,0.0741749,0.00003107,271.247,21325.0,287489.0,287489.0,-0.79,-4.31,-14.46,1496412866
BiosCrypto,BIOS,575,0.00102661,0.00000043,0.262597,21289.0,20737003.0,20737003.0,-0.82,-15.48,2.53,1496412864
Flaxscript,FLAX,576,0.00362894,0.00000152,1.26698,19946.0,5496257.0,5496257.0,0.5,-1.96,11.47,1496412863
MindCoin,MND,577,0.00155185,0.00000065,16.8831,19470.0,12546625.0,12546625.0,-0.82,-4.67,-7.29,1496412867
DAPPSTER,DLISK,578,0.000191714,0.00000008,,19171.0,100000000.0,100000000.0,-0.45,-1.37,-20.53,1496409881
IslaCoin,ISL,579,0.0126367,0.00000529,23.3673,19128.0,1513704.0,1513704.0,-1.57,2.18,-13.19,1496412866
PLNcoin,PLNC,580,0.00109823,0.00000046,1.16525,18768.0,17089600.0,19089600.0,-0.82,0.44,-0.5,1496412849
Magnum,MGM,581,0.00516496,0.00000225,,18734.0,3627225.0,253627225.0,,,-19.89,1496272491
Destiny,DES,582,0.0115792,0.00000485,200.68,18527.0,1600000.0,1600000.0,-0.82,-24.95,-2.13,1496412870
SongCoin,SONG,583,0.000564538,0.00000024,28.1683,18384.0,32565300.0,32565300.0,-1.35,-5.35,-18.14,1496412860
Impact,IMX,584,0.000167122,0.00000007,52.5242,18269.0,109314611.0,109314611.0,-0.82,-19.75,-16.07,1496412889
Halcyon,HAL,585,0.00389157,0.00000163,14.8461,18095.0,4649700.0,4649700.0,-0.82,6.78,-17.73,1496412854
Luna Coin,LUNA,586,0.0147317,0.00000617,241.483,18081.0,1227386.0,1227386.0,-0.79,-3.74,-3.96,1496412882
VIP Tokens,VIP,587,0.000214872,0.00000009,2.38756,17931.0,83450403.0,83450403.0,-0.82,-11.57,-15.74,1496412869
Alexium,AUM,588,0.000883362,0.00000037,1.22305,17930.0,20297336.0,20297336.0,-0.82,,11.54,1496412865
SecretCoin,SCRT,589,0.00422581,0.00000177,0.422581,17870.0,4228672.0,4228672.0,-0.82,-0.46,26.19,1496412866
BipCoin,BIP,590,0.0127252,0.00000533,86.9876,17101.0,1343889.0,1343889.0,-0.82,-6.51,-40.6,1496412879
Vector,VEC2,591,0.00107436,0.00000045,26.1543,17021.0,15842606.0,15842606.0,-0.82,-50.32,-43.42,1496412865
GameBet Coin,GBT,592,0.000787863,0.00000033,0.393932,16752.0,21262780.0,22262780.0,-0.82,-7.3,-7.22,1496412871
Steps,STEPS,593,0.000883362,0.00000037,0.441681,16453.0,18625017.0,18625017.0,-0.82,,1.2,1496412865
Shilling,SH,594,0.00502374,0.00000210,220.58,16196.0,3223800.0,3223800.0,1.4,152.77,158.48,1496412877
Sling,SLING,595,0.0149439,0.00000627,,16051.0,1074095.0,1074095.0,-0.99,-1.85,10.73,1496412262
Orlycoin,ORLY,596,0.000431634,0.00000018,,15818.0,36646779.0,36646779.0,-0.38,-0.15,11.25,1496410470
AnarchistsPrime,ACP,597,0.00343074,0.00000144,21.3505,15078.0,4394874.0,4394874.0,-0.82,0.82,24.84,1496412863
Blackstar,BSTAR,598,0.0000238746,0.00000001,102.357,15060.0,630795971.0,630795971.0,-0.82,-1.74,-1.92,1496412882
VapersCoin,VPRC,599,0.0000192418,0.000000008,46.0147,15011.0,780124964.0,1635124964.0,-0.8,205.9,5.88,1496412875
BowsCoin,BSC,600,0.00267396,0.00000112,2.06076,14841.0,5550102.0,5550102.0,-0.82,-0.99,56.83,1496412863
Prototanium,PR,601,0.076294,0.00003196,27.761,14836.0,194462.0,194462.0,1.08,-24.05,-26.94,1496412865
MustangCoin,MST,602,0.0233233,0.00000977,37.2771,14664.0,628713.0,628713.0,-0.36,23.92,-47.49,1496412877
Sprouts,SPRTS,603,0.0000000821,0.00000000003,33.3521,14351.0,174896851724,174896851724,-0.76,12.07,-61.98,1496412864
BitQuark,BTQ,604,0.00200547,0.00000084,17.1701,14350.0,7155671.0,7155671.0,-0.82,7.19,-48.51,1496412851
FuzzBalls,FUZZ,605,0.00292903,0.00000123,447.892,14147.0,4829945.0,4829945.0,-2.1,-2.01,-4.31,1496412871
Firecoin,FIRE,606,0.143439,0.00006008,2.5999,14116.0,98412.0,98412.0,-0.82,-1.67,-53.1,1496412854
GuccioneCoin,GCC,607,0.000692365,0.00000029,1.19282,14045.0,20285537.0,23775537.0,-0.82,-13.32,-18.11,1496412864
OsmiumCoin,OS76,608,0.0157095,0.00000658,3.70052,14045.0,894026.0,894026.0,-0.82,31.39,11.65,1496412866
TajCoin,TAJ,609,0.00231794,0.00000097,64.4157,13376.0,5770463.0,5770463.0,-0.42,27.47,44.47,1496412876
BlazeCoin,BLZ,610,0.0000219062,0.000000009,2.71456,13331.0,608557394.0,608557394.0,-1.01,-5.85,14.35,1496412853
GPU Coin,GPU,611,0.000323209,0.00000014,209.287,13083.0,40477042.0,51530001.0,-0.76,1.61,17.5,1496412873
BitTokens,BXT,612,0.0250684,0.00001050,5.98649,13019.0,519351.0,519351.0,-0.82,-17.33,115.09,1496412876
Speedcash,SCS,613,0.0492206,0.00002060,0.96267,12848.0,261021.0,476108.0,-0.77,-1.69,12.57,1496412591
JobsCoin,JOBS,614,0.000119373,0.00000005,5.96866,12656.0,106019270.0,200019300.0,-0.82,-1.74,37.59,1496412878
Crypto,CTO,615,0.00126536,0.00000053,155.948,12557.0,9923726.0,9923726.0,-10.9,-18.63,-42.07,1496412862
Solaris,XLR,616,0.0716239,0.00003000,338.894,12113.0,169116.0,269116.0,-0.85,-8.86,-41.65,1496412888
TAGRcoin,TAGR,617,0.00031037,0.00000013,0.339569,12002.0,38669634.0,38669634.0,-0.82,-10.09,-15.0,1496412863
Metal Music Coin,MTLMC3,618,0.000146651,0.00000006,15.0409,11691.0,79719140.0,79719140.0,-0.5,-15.14,-1.72,1496412863
WARP,WARP,619,0.0105765,0.00000443,1.42782,11584.0,1095224.0,1095224.0,-0.82,1.04,3.69,1496412869
Bitcoin 21,XBTC21,620,0.0145198,0.00000655,,11516.0,793108.0,7093108.0,,,-40.83,1496220571
Comet,CMT,621,0.0127409,0.00000534,1.8254,11121.0,872830.0,872830.0,2.11,-41.35,5.32,1496412874
Money,$$$,622,0.000236402,0.00000010,84.1309,10848.0,45887218.0,45887218.0,-0.67,1.67,-30.92,1496412866
Cabbage,CAB,623,0.00102661,0.00000043,74.0362,10779.0,10499996.0,10499996.0,-3.07,-0.99,-32.3,1496412870
Abncoin,ABN,624,0.15239,0.00006383,48.3149,10317.0,67700.0,4734367.0,-5.53,77.46,-19.46,1496412883
Elysium,ELS,625,0.00242587,0.00000102,3.30607,9716.0,4005012.0,4005012.0,-0.82,162.74,83.51,1496412884
Future Digital Currency,FDC,626,0.00372444,0.00000156,62.0741,9599.0,2577401.0,1002577401.0,25.87,6.19,35.57,1496412882
Zonecoin,ZNE,627,0.00365282,0.00000153,1.7709,9431.0,2581970.0,2581970.0,-0.82,-1.31,20.1,1496412875
G3N,G3N,628,0.00124148,0.00000052,2.48227,9388.0,7561891.0,7561891.0,-0.82,-3.59,-5.56,1496412862
LetItRide,LIR,629,0.000262621,0.00000011,120.137,9262.0,35267184.0,35267184.0,-0.82,-13.53,-14.29,1496412874
Xonecoin,XOC,630,0.0219885,0.00000921,0.501344,9235.0,420000.0,420000.0,-0.82,19.08,0.04,1496412876
High Voltage,HVCO,631,0.00611441,0.00000256,,9136.0,1494171.0,1694171.0,,-1.7,73.85,1496333672
1CRedit,1CR,632,0.102374,0.00004246,,9031.0,88213.0,88213.0,,-0.77,-29.91,1496373868
Cashcoin,CASH,633,0.000244984,0.00000011,,8778.0,35831128.0,35831128.0,,,-16.13,1496155747
EGO,EGO,634,0.000143248,0.00000006,9.81644,8595.0,60000001.0,60000001.0,-0.82,-14.76,-15.93,1496412878
iBank,IBANK,635,0.00188531,0.00000079,,8534.0,4526324.0,4526324.0,,-1.78,3.26,1496357683
JIO Token,JIO,636,0.00441681,0.00000185,126.556,8428.0,1908128.0,8888888.0,-0.82,26.24,65.88,1496412882
Scorecoin,SCORE,637,0.000497219,0.00000021,18.9596,8280.0,16652010.0,16652010.0,-7.6,-41.31,-57.85,1496412889
DPAY,DPAY,638,0.0000963625,0.00000004,,7665.0,79541001.0,79541001.0,-0.11,-0.85,,1496409277
Qibuck Asset,QBK,639,0.00515894,0.00000216,2.06358,7512.0,1456187.0,2000000.0,-1.56,42.41,-4.41,1496412593
Hirocoin,HIRO,640,0.0000238746,0.00000001,2.38746,7437.0,311508386.0,311508386.0,-0.82,-1.74,-35.99,1496412848
ImpulseCoin,IMPS,641,0.000359314,0.00000015,,7274.0,20245510.0,20245510.0,-0.49,3.18,7.44,1496410181
Iconic,ICON,642,0.0120567,0.00000505,0.241134,7148.0,592894.0,592894.0,-0.82,,-41.73,1496412884
Dix Asset,DIX,643,0.0000000686,0.00000000003,31.5659,6862.0,100000000000,100000000000,-0.91,8.39,-26.88,1496412883
PosEx,PEX,644,0.00279333,0.00000117,10.6709,6853.0,2453240.0,2453240.0,-0.82,-2.57,-8.98,1496412869
SydPak,SDP,645,0.0400378,0.00001677,0.400378,6347.0,158534.0,158534.0,-0.82,2.68,13.17,1496412864
Printerium,PRX,646,0.000639876,0.00000027,272.951,5807.0,9074428.0,9074428.0,-0.82,-28.37,-2.64,1496412883
Coinonat,CXT,647,0.00249194,0.00000104,110.513,5314.0,2132602.0,8132602.0,-0.81,-8.67,-16.23,1496412889
Concoin,CONX,648,0.00762203,0.00000319,113.953,5243.0,687849.0,1538849.0,-0.77,3.56,48.05,1496412590
Save and Gain,SANDG,649,0.00141989,0.00000064,,4352.0,3064800.0,3064800.0,,,-6.4,1496226272
BioBar,BIOB,650,0.00477493,0.00000200,66.3236,4229.0,885756.0,985756.0,1.72,-11.83,-2.71,1496412887
GeertCoin,GEERT,651,0.000753689,0.00000032,14.6857,3835.0,5088639.0,5088639.0,-0.63,0.15,-34.14,1496412886
Antilitecoin,ALTC,652,0.000119373,0.00000005,8.0166,3762.0,31512613.0,31512613.0,-0.82,-29.39,-35.11,1496412869
NodeCoin,NODC,653,0.00221639,0.00000097,,3720.0,1678439.0,5878439.0,,,4.99,1496270080
Revenu,REV,654,0.00272171,0.00000114,29.6116,3254.0,1195525.0,1195525.0,-0.82,-3.43,-7.65,1496412869
Selfiecoin,SLFI,655,0.0000238746,0.00000001,1.67122,2574.0,107829281.0,107829281.0,-0.82,-1.74,-1.92,1496412861
Pulse,PULSE,656,0.000177334,0.00000007,129.447,2536.0,14298972.0,14298972.0,-0.8,-65.26,-79.5,1496412869
Californium,CF,657,0.0193385,0.00000810,193.086,2149.0,111110.0,111110.0,-0.82,-1.59,-3.53,1496412861
Doubloon,BOAT,658,0.000497694,0.00000021,113.787,1766.0,3547845.0,18547845.0,-0.78,-18.01,-37.25,1496412885
P7Coin,P7C,659,0.0000477493,0.00000002,0.691959,1682.0,35220238.0,35220238.0,-0.82,-34.49,-0.56,1496412861
Enigma,XNG,660,0.0792638,0.00003320,52.8198,1318.0,16627.0,66627.0,-0.82,-40.29,-9.62,1496412871
GanjaCoin,420G,661,0.00186222,0.00000078,27.8569,1253.0,672975.0,1741116.0,-0.82,-74.45,-94.48,1496412857
Impeachcoin,IMPCH,662,0.00367669,0.00000154,6.53891,1133.0,308179.0,2501512.0,-0.82,-15.93,-49.87,1496412884
Dollar Online,DOLLAR,663,0.0119612,0.00000501,70.5697,1057.0,88379.0,10088379.0,-16.83,-27.5,2.02,1496412881
23 Skidoo,CHAO,664,3843.88,1.61003,145.518,971.0,0.0,0.0,-0.82,4.77,-65.16,1496412863
Digital Credits,DGCS,665,0.000119373,0.00000005,191.55,696.0,5826388.0,201284316.0,-0.82,-0.91,-36.32,1496412866
Zcashshare,ZHS,666,0.000216504,0.00000009,,612.0,2826000.0,2826000.0,-0.07,-0.99,-35.51,1496411380
CRTCoin,CRT,667,0.00477493,0.00000200,0.0000000239,379.0,79270.0,10079270.0,-0.82,-1.74,-1.98,1496412850
SwapToken,TOKEN,668,0.0000100704,0.000000004,48.6388,354.0,35110531.0,35110531.0,-4.19,-50.78,587.38,1496412874
PizzaCoin,PIZZA,669,0.000238746,0.00000010,67.1203,329.0,1377917.0,10127917.0,-0.82,40.37,40.11,1496412875
Xenixcoin,XEN,670,0.0262621,0.00001100,35.812,265.0,10100.0,10010100.0,-0.82,66.29,-62.11,1496412882
CaliphCoin,CALC,671,0.000884794,0.00000037,11.9373,77.0,87140.0,148587140.0,-0.82,9.74,-46.07,1496412879
MikeTheMug,MUG,672,0.0000051456,0.000000002,,5.0,999279.0,1000000.0,,,,1496047185
BTCGold,XBG,673,0.135142,0.00005656,27.4166,,,99000001.0,-0.77,79.31,-46.16,1496412591
Soarcoin,SOAR,674,0.0185407,0.00000777,318.185,,,5000000000.0,-3.55,28.52,-11.44,1496412888
Project-X,NANOX,675,448003.0,187.5,2369.69,,,1.0,48.85,-30.07,,1496412594
Internet of Things,XOT,676,1210.9,0.506791,1530.98,,,21000000.0,-0.16,18.38,37.48,1496412590
AMIS,AMIS,677,277.548,0.115061,,,,,,-1.18,-41.35,1496391890
Bitcoin Unlimited (Futures),BTU,678,118.989,0.0498389,341.657,,,,1.14,-23.01,-33.93,1496412888
Malcoin,MALC,679,31.1425,0.0130339,42052.0,,,1000000000.0,-0.77,-1.72,-1.82,1496412591
GoldUnionCoin,GUC,680,22.2379,0.0093071,23963.1,,,210000000.0,-0.77,8.22,3.65,1496412591
Qtum (Pre-Launch),QTUM,681,10.1658,0.00425463,36817900.0,,,100000000.0,0.03,38.44,112.77,1496412593
Fargocoin,FRGC,682,7.17862,0.0030068,582561.0,,,443847668.0,-0.27,0.57,3.08,1496412883
ZenCash,ZEN,683,6.88215,0.00288034,11016.8,,,1390425.0,-9.56,,,1496412594
EcoCoin,ECO,684,4.02521,0.00168464,94594.5,,,1093895.0,-0.12,14.71,11.32,1496412593
Internet of People,IOP,685,3.45165,0.00144574,1207.36,,,2139403.0,-0.82,-6.3,32.61,1496412880
DECENT (Pre-Launch),DCT,686,2.89631,0.00121313,7609.54,,,73290000.0,7.21,70.12,-30.01,1496412881
PRIZM,PZM,687,1.11311,0.00046586,67160.6,,,,-0.36,22.49,8.51,1496412593
Bitcore,BTX,688,1.06407,0.00044534,26179.3,,,16360528.0,-0.53,-5.92,-38.78,1496412592
DynamicCoin,DMC,689,0.998808,0.00041835,368577.0,,,10541442931.0,-0.01,0.09,0.11,1496412879
OBITS.WARRANT,WARRANT,690,0.993233,0.00041569,1961.82,,,,-0.17,,,1496412594
Databits,DTB,691,0.885821,0.00037103,120828.0,,,,3.27,11.78,2.72,1496412888
Bitgem,BTG,692,0.78846,0.00033025,22.1464,,,,-0.82,-7.3,-17.0,1496412841
Aeternity (Pre-Launch),AE,693,0.707248,0.000296,1846.86,,,,-13.61,,,1496412594
GAY Money,GAY,694,0.613124,0.00025681,206.611,,,5603046762.0,-0.81,5.86,50.49,1496412878
TechShares,THS,695,0.613077,0.00025679,16.8957,,,646359158.0,2.98,-1.78,-10.2,1496412877
XDE II,XDE2,696,0.5764,0.00024143,12.9942,,,42249.0,-0.81,-0.59,4.09,1496412888
LEOcoin,LEO,697,0.483808,0.00020264,252303.0,,,92915317.0,-0.75,5.96,16.16,1496412864
InvisibleCoin,IVZ,698,0.429743,0.00018,131.848,,,,-0.82,189.42,228.85,1496412866
WA Space,WA,699,0.365855,0.00015324,42937.7,,,,0.16,-6.03,7.37,1496412879
ZenGold,ZENGOLD,700,0.323602,0.00013543,1178.22,,,,26.29,15.96,,1496412594
ClubCoin,CLUB,701,0.272571,0.00011417,22175.4,,,90899180.0,-1.56,-5.16,-14.79,1496412867
TeslaCoilCoin,TESLA,702,0.265892,0.00011137,164.902,,,100000000.0,-0.82,-52.4,-31.85,1496412872
Yogold,YOG,703,0.262788,0.00011007,31.75,,,100000000.0,-0.82,-1.62,7.84,1496412887
TROPTIONS,TROPTIONS,704,0.248173,0.00010598,,,,1000000001.0,,,,1496287780
Zilbercoin,ZBC,705,0.217685,0.00009118,27698.2,,,9009085.0,-0.89,-10.2,-40.31,1496412884
Pabyosi Coin (Special),PCS,706,0.165215,0.00006920,4479.65,,,30993751760.0,0.13,-3.04,3.91,1496412881
Golos Gold,GBG,707,0.153514,0.00006430,9355.45,,,,-1.52,8.3,-17.54,1496412885
AlpaCoin,APC,708,0.152463,0.00006386,667.012,,,,-0.82,5.19,20.61,1496412868
Tattoocoin (Limited Edition),TLE,709,0.130076,0.00005400,,,,975531.0,,52.28,-36.51,1496391590
EquiTrader,EQT,710,0.126636,0.00005300,94964.9,,,7665520.0,-0.77,-1.72,3.93,1496412594
Wowecoin,WEC,711,0.104,0.00004356,12080.7,,,8901692.0,,-0.0,4.0,1496412876
LandCoin,LDCN,712,0.0994198,0.00004164,24009.5,,,19003881978.0,0.28,32.37,178.36,1496412883
DeusCoin,DEUS,713,0.0864945,0.00003620,6861.54,,,,-1.49,-3.82,-28.53,1496412591
Omicron,OMC,714,0.0716239,0.00003000,0.39152,,,10134112.0,-0.82,,-4.24,1496412878
InsaneCoin,INSN,715,0.0682667,0.00002857,2889.64,,,18528298.0,12.84,-2.88,16.34,1496412593
WavesGo,WGO,716,0.0647288,0.00002709,642.577,,,10000000.0,-1.25,-22.76,107.01,1496412591
Quartz,QRZ,717,0.0642258,0.00002688,2483.27,,,21000000.0,-0.77,-86.1,,1496412593
Fazzcoin,FAZZ,718,0.0573898,0.00002402,521.983,,,1022577370.0,-2.88,38.57,-27.18,1496412591
Topaz Coin,TOPAZ,719,0.0394708,0.00001652,91.9709,,,38097.0,-0.77,-2.83,-76.97,1496412592
International Diamond,XID,720,0.038234,0.00001588,,,,,,-0.91,,1496373575
CryptoBuck,BUK,721,0.0316691,0.00001326,0.443367,,,,-0.76,-14.64,13.24,1496412856
Elacoin,ELC,722,0.0314668,0.00001318,11.9229,,,,-0.82,-25.2,0.42,1496412841
DeltaCredits,DCRE,723,0.0290554,0.00001217,2.03474,,,,-0.82,,-6.23,1496412864
President Johnson,GARY,724,0.0282136,0.00001182,115.177,,,57968072167.0,-0.81,-2.34,24.92,1496412877
IvugeoCoin,IEC,725,0.0237553,0.00000995,0.788861,,,,-0.82,-1.24,,1496412862
EDRCoin,EDRC,726,0.0231772,0.00000971,15215.6,,,3407292.0,0.91,-1.7,-31.17,1496412871
ShellPay,SHELL,727,0.0205271,0.00000860,12667.4,,,,0.9,-0.72,-29.71,1496412862
Lepaoquan,HLB,728,0.0190316,0.00000797,917613.0,,,935398648.0,-0.88,1.18,-33.87,1496412882
RHFCoin,RHFC,729,0.0169755,0.00000711,11113.3,,,200157080.0,-23.71,-47.47,-39.7,1496412889
Gycoin,GYC,730,0.0166157,0.00000696,12923.5,,,22213403.0,0.0,-5.55,-17.21,1496412875
Avoncoin,ACN,731,0.015614,0.00000654,3474.39,,,,4.48,-22.77,-28.0,1496412884
KolschCoin,TP1,732,0.0147961,0.00000620,,,,,,-1.78,31.2,1496357661
Digitalfund,DTF,733,0.0136359,0.00000571,18384.4,,,54000053.0,-5.1,-4.22,-31.74,1496412876
PiCoin,PI,734,0.0131175,0.00000549,23.8935,,,1378369.0,-0.77,160.02,116.72,1496412592
Mind Gene,MG,735,0.0121761,0.00000510,4863.02,,,,-0.33,-7.05,-4.16,1496412878
RoyalCoin 2,RYCN,736,0.0102063,0.00000427,1349.98,,,2500124.0,-12.94,307.82,249.39,1496412879
Sharkcoin,SAK,737,0.00933498,0.00000391,3209.86,,,,-0.88,-1.84,10.57,1496412860
Tyrocoin,TYC,738,0.00788486,0.00000330,16.7255,,,50132900.0,-0.77,2.63,-76.48,1496412592
Opal,OPAL,739,0.00699519,0.00000293,2755.94,,,,-3.22,4.9,8.01,1496412855
Goldpay Coin,GP,740,0.00686778,0.00000287,36836.7,,,,-0.17,8.09,-10.23,1496412593
9COIN,9COIN,741,0.00652293,0.00000273,249.422,,,350050250.0,-0.77,-34.56,83.34,1496412593
Slimcoin,SLM,742,0.00652134,0.00000270,,,,13925626.0,,-0.59,,1496406560
First Bitcoin,BIT,743,0.0061041,0.00000256,1019.47,,,20706894439.0,0.38,-9.02,9.21,1496412875
GBCGoldCoin,GBC,744,0.00589067,0.00000247,58.4231,,,,12.1,-9.85,-26.32,1496412867
Psilocybin,PSY,745,0.00572991,0.00000240,16.3382,,,,-0.82,-11.01,-10.81,1496412871
Xaucoin,XAU,746,0.00572991,0.00000240,45.0816,,,,-0.82,-1.74,-18.37,1496412860
EggCoin,EGG,747,0.00562322,0.00000237,,,,,,,-13.39,1496295864
Helleniccoin,HNC,748,0.00556279,0.00000233,653.198,,,,-4.11,3.04,36.18,1496412863
Axiom,AXIOM,749,0.00472718,0.00000198,27.0169,,,,-0.82,-2.23,-4.7,1496412863
BagCoin,BGC,750,0.00444558,0.00000186,84528.3,,,497214120.0,0.3,5.56,-0.76,1496412874
GoldReserve,XGR,751,0.00429743,0.00000180,1785.16,,,17161871.0,-0.13,-2.08,-6.34,1496412852
netBit,NBIT,752,0.00420194,0.00000176,0.34093,,,,-0.82,2.33,22.34,1496412880
Dashs,DASHS,753,0.00399022,0.00000167,78.133,,,,-0.77,-20.73,-65.86,1496412591
AvatarCoin,AV,754,0.00379607,0.00000159,0.0949017,,,,-0.82,,3.5,1496412867
Bitcoin Scrypt,BTCS,755,0.00377219,0.00000158,43.3184,,,,-0.82,-4.93,-9.95,1496412848
President Trump,PRES,756,0.00291114,0.00000122,320.943,,,57968072167.0,-2.52,-0.49,-8.42,1496412875
Quotient,XQN,757,0.00262621,0.00000110,79.6148,,,,-0.82,-9.93,-24.6,1496412858
BitcoinFast,BCF,758,0.00243372,0.00000102,68.4787,,,,-0.82,32.08,-29.84,1496412858
OCOW,OCOW,759,0.00227517,0.00000099,,,,,,,-5.59,1496142268
ZSEcoin,ZSE,760,0.00227443,0.00000095,107.412,,,6381155.0,-0.55,-33.33,-66.25,1496412887
TrickyCoin,TRICK,761,0.00219647,0.00000092,11.2196,,,,-0.82,-4.84,-20.04,1496412861
GameLeagueCoin,GML,762,0.00212484,0.00000089,0.531211,,,,-0.82,,-14.29,1496412854
RichCoin,RICHX,763,0.00210122,0.00000093,,,,5925522.0,,,-6.12,1496167172
Neptune Classic,NTCC,764,0.00193385,0.00000081,1440.53,,,,-0.82,-17.09,51.9,1496412885
Condensate,RAIN,765,0.0019305,0.00000081,1103.73,,,42978104.0,5.1,8.86,-2.62,1496412591
Mavro,MAVRO,766,0.00168043,0.00000070,,,,15005722.0,,-1.2,-30.42,1496349588
Clinton,CLINT,767,0.00162348,0.00000068,35.5399,,,,-0.82,-38.13,-36.4,1496412871
MMXVI,MMXVI,768,0.00155185,0.00000065,74.4643,,,,15.12,10.41,-55.76,1496412869
Advanced Internet Blocks,AIB,769,0.00142888,0.00000060,101.961,,,31411917174.0,-0.82,-13.22,-35.46,1496412861
UR,UR,770,0.00128923,0.00000054,233.378,,,,-0.82,-4.96,-4.87,1496412885
TodayCoin,TODAY,771,0.00119373,0.00000050,9.25254,,,,-0.82,-3.61,12.61,1496412876
RoyalCoin,ROYAL,772,0.0010964,0.00000046,59.9302,,,2500124.0,-0.64,0.86,21.93,1496412880
Skeincoin,SKC,773,0.000954986,0.00000040,0.668756,,,,-0.82,,,1496412849
BestChain,BEST,774,0.000941626,0.00000039,16.5048,,,20042911.0,-3.21,3.54,-28.37,1496412889
Digital Bullion Gold,DBG,775,0.000931111,0.00000039,150.431,,,24523275.0,-0.82,-14.84,-32.33,1496412873
True Investment Coin,TIC,776,0.000931111,0.00000039,36.1108,,,,-0.82,-10.01,-11.3,1496412886
RubleBit,RUBIT,777,0.000907236,0.00000038,18.5082,,,,-0.82,4.57,25.53,1496412866
The Aladin,ADT,778,0.000892522,0.00000032,,,,,,,,1495722585
Bitcedi,BXC,779,0.000875221,0.00000037,38.3509,,,,-0.51,-14.24,,1496412872
SportsCoin,SPORT,780,0.000859487,0.00000036,2.38744,,,19800001.0,-0.82,-1.74,9.69,1496412877
Donationcoin,DON,781,0.000835612,0.00000035,16438.3,,,,-1.52,,,1496412853
Braincoin,BRAIN,782,0.000835612,0.00000035,0.477469,,,,-0.82,2.67,19.2,1496412871
Dubstep,DUB,783,0.000817313,0.00000034,,,,,-0.14,4.84,-0.2,1496411064
IrishCoin,IRL,784,0.000811738,0.00000034,344.722,,,,1.42,,,1496412863
Motocoin,MOTO,785,0.000777427,0.00000033,16.6483,,,,-0.82,-7.12,29.0,1496412851
Grumfork,GMF,786,0.000764593,0.00000032,4.7787,,,,41.86,214.48,,1496412591
WeAreSatoshi,WSX,787,0.000763988,0.00000032,147.835,,,,-0.82,1.43,-7.69,1496412855
FrankyWillCoin,FRWC,788,0.000745197,0.00000031,,,,,-0.14,-1.07,-4.34,1496411075
Lazaruscoin,LAZ,789,0.000745197,0.00000031,,,,,-0.14,-0.12,16.32,1496411078
KashhCoin,KASHH,790,0.000709426,0.00000030,3498.12,,,,-6.77,17.21,122.87,1496412886
Opescoin,OPES,791,0.00066849,0.00000028,0.267396,,,,-0.82,-1.69,-13.27,1496412867
Quebecoin,QBC,792,0.000596866,0.00000025,18.0012,,,,-0.82,-14.2,-27.92,1496412849
Vsync,XVS,793,0.000596857,0.00000025,402.493,,,103334172.0,18.19,24.62,-25.32,1496412889
CBD Crystals,CBD,794,0.000542189,0.00000023,13.6782,,,,-0.6,-13.86,-6.34,1496412879
BitAlphaCoin,BAC,795,0.000495361,0.00000021,46.9915,,,,-1.25,-38.44,-35.67,1496412868
T-coin,TCOIN,796,0.000429743,0.00000018,1523.32,,,,-0.82,-6.91,3.11,1496412882
Alphabet Coin Fund,FUN,797,0.000429743,0.00000018,63.0471,,,20742012.0,-0.82,-63.15,-67.62,1496412872
GoldMaxCoin,GMX,798,0.000381994,0.00000016,2.24422,,,84078950.0,-0.82,12.3,-24.83,1496412870
UGAIN,GAIN,799,0.000359695,0.00000015,,,,,-0.38,-1.31,-0.67,1496410477
Gambleo,GMB,800,0.000334245,0.00000014,1.19325,,,,-0.82,,-64.79,1496412887
DarkLisk,DISK,801,0.000334245,0.00000014,3.48386,,,17888425.0,-13.22,-13.99,-15.45,1496412872
PrismChain,PRM,802,0.000334245,0.00000014,57.0841,,,,-0.82,26.5,-81.59,1496412872
MarxCoin,MARX,803,0.000332326,0.00000014,130.326,,,29259320.0,-2.32,-41.74,-31.29,1496412887
Sakuracoin,SKR,804,0.000310171,0.00000013,116.56,,,,-4.45,-3.4,7.45,1496412880
Cubits,QBT,805,0.00029005,0.00000012,0.0034806,,,,0.77,-43.15,-52.34,1496412880
BlazerCoin,BLAZR,806,0.000286496,0.00000012,18.3954,,,,-0.82,-16.76,-14.84,1496412889
Operand,OP,807,0.000286496,0.00000012,5.72991,,,36309296.0,-0.82,-18.68,-20.89,1496412871
VGINA,VGINA,808,0.000284214,0.00000012,0.00284214,,,11603228.0,-1.17,,-66.68,1496412592
TeraCoin,TERA,809,0.000262621,0.00000011,3774.35,,,,-0.82,8.09,3.74,1496412886
Happy Creator Coin,HCC,810,0.000242647,0.00000010,22.264,,,,-1.56,9.57,1.42,1496412874
The Vegan Initiative,XVE,811,0.000238746,0.00000010,1213.43,,,,-0.82,0.2,10.36,1496412889
Cycling Coin,CYC,812,0.000238746,0.00000010,3.42202,,,,-0.82,-16.96,-16.03,1496412863
MobileCash,MBL,813,0.000214872,0.00000009,10.1636,,,1068669648.0,-0.82,26.33,26.1,1496412879
President Sanders,BURN,814,0.000214872,0.00000009,138.015,,,57968072167.0,-0.82,10.54,-50.05,1496412883
AsicCoin,ASC,815,0.000207308,0.00000009,23.7968,,,,-1.01,3.73,11.14,1496412845
Moneta,MONETA,816,0.000167122,0.00000007,4.29763,,,,-13.22,-13.12,-32.55,1496412865
LAthaan,LTH,817,0.000167122,0.00000007,134.086,,,,-0.82,-22.13,15.28,1496412878
VegasCoin,VGC,818,0.000119373,0.00000005,2.38746,,,,,64.96,-1.92,1496412851
TheCreed,TCR,819,0.0000954986,0.00000004,1.5041,,,,-0.82,-21.39,-16.7,1496412871
TeamUp,TEAM,820,0.0000954986,0.00000004,0.417329,,,301004896.0,-0.82,-1.74,37.42,1496412878
Wowcoin,WOW,821,0.0000954986,0.00000004,51.6275,,,,-0.82,31.01,96.15,1496412880
PayPeer,PAYP,822,0.0000954986,0.00000004,42.5395,,,,-0.82,27.32,96.15,1496412870
LinkedCoin,LKC,823,0.0000954986,0.00000004,11.3617,,,,-0.82,-1.74,-22.87,1496412875
Halloween Coin,HALLO,824,0.0000776662,0.00000003,206.099,,,264606145.0,-0.38,2.87,-42.93,1496412593
LePen,LEPEN,825,0.0000599479,0.00000003,238.949,,,,-0.54,2.58,21.71,1496412885
InflationCoin,IFLT,826,0.0000515501,0.00000002,2603.11,,,3271071261.0,-0.83,18.99,9.49,1496412882
PokeCoin,POKE,827,0.0000477493,0.00000002,132.167,,,,-0.82,-34.49,-34.62,1496412875
PinkDog,PDG,828,0.0000477493,0.00000002,0.0000238746,,,,-0.82,-1.74,96.15,1496412885
CyberCoin,CC,829,0.0000477493,0.00000002,0.477493,,,549267534.0,-0.82,-1.74,16.58,1496412861
Rcoin,RCN,830,0.0000477493,0.00000002,190.95,,,,-0.82,68.41,96.15,1496412878
MoneyCoin,MONEY,831,0.0000477493,0.00000002,1280.81,,,,-0.82,-18.63,-14.03,1496412881
Tellurion,TELL,832,0.0000477493,0.00000002,4.7749,,,,-0.82,-1.74,-1.27,1496412877
Cashme,CME,833,0.0000477493,0.00000002,0.477493,,,,-0.82,-1.74,-1.27,1496412867
UNCoin,UNC,834,0.0000425515,0.00000002,1979.42,,,,-11.62,-12.43,20.46,1496412861
FedoraShare,FEDS,835,0.0000240446,0.00000001,3328.32,,,499001348954,-0.0,26.56,10.3,1496412876
SuperTurboStake,STRB,836,0.0000238746,0.00000001,11.9373,,,,-0.82,-1.74,-1.92,1496412868
President Clinton,HILL,837,0.0000238746,0.00000001,3.81994,,,57968072167.0,-0.82,-1.74,-50.96,1496412876
Aces,ACES,838,0.0000238746,0.00000001,246.386,,,,-0.82,-1.74,-46.07,1496412875
FireFlyCoin,FFC,839,0.0000238746,0.00000001,4.84772,,,,-0.82,-67.25,-37.04,1496412857
Safe Trade Coin,XSTC,840,0.0000238746,0.00000001,358.597,,,604880000.0,-0.82,-1.74,-1.92,1496412883
Global Business Revolution,GBRC,841,0.0000238746,0.00000001,624.218,,,900096049.0,-0.82,-50.87,-37.83,1496412879
X2,X2,842,0.0000238746,0.00000001,4.66546,,,,-0.82,-1.74,-1.92,1496412867
ChoofCoin,CHOOF,843,0.0000238746,0.00000001,39.5733,,,,-0.82,-9.52,-37.68,1496412881
SoulCoin,SOUL,844,0.0000238746,0.00000001,13.821,,,,-0.82,-1.74,-1.92,1496412872
Yescoin,YES,845,0.0000238724,0.000000010,877.173,,,,-0.81,-1.73,2.93,1496412883
Victoriouscoin,VTY,846,0.0000235278,0.000000010,121.553,,,10263290326.0,-0.84,-3.17,51.27,1496412878
Dimecoin,DIME,847,0.0000158695,0.000000007,822.417,,,527110513296,4.55,3736.36,408.49,1496412847
Virtacoin,VTA,848,0.0000091046,0.000000004,79.4958,,,12423206610.0,-0.15,-51.07,-37.72,1496412854
XP,XP,849,0.0000062531,0.000000003,67.7779,,,133635560466,63.0,309.81,2277.97,1496412876
BitCentavo,NBE,850,0.0000005705,0.0000000002,,,,,,18.41,-49.06,1496398156
RabbitCoin,RBBT,851,0.0000005004,0.0000000002,68.9288,,,,-1.29,49.38,48.41,1496412854
BatCoin,BAT,852,0.0000002675,0.0000000001,76.6362,,,,-0.94,-63.22,,1496412848
StrongHands,SHND,853,0.0000001162,0.00000000005,92.7451,,,,0.76,20.31,,1496412866
Paccoin,PAC,854,0.0000000667,0.00000000003,817.933,,,,0.87,-3.94,18.92,1496412866
Bond,BOND,855,,,,,1349.0,1349.0,,,,
bitRUBLE,BITRUBLE,856,,,,,,,,,,
