Name,Symbol,Rank,Price(BTC),Price(USD),24HVolume,MarketCap,%Change_1h,%Change_24h,%Change_7d,LastUpdated
Bitcoin,BTC,1,2402.07,1.0,1372090000.0,39315340259.0,16367275.0,16367275.0,0.02,-0.28,0.84,1496416450
Ethereum,ETH,2,223.516,0.0933634,578931000.0,20596061652.0,92145805.0,92145805.0,0.88,0.2,23.51,1496416167
Ripple,XRP,3,0.297526,0.00012411,378746000.0,11490958109.0,38621693933.0,99994661895.0,0.41,-1.91,0.22,1496416443
NEM,XEM,4,0.222019,0.00009262,12212700.0,1998171000.0,8999999999.0,8999999999.0,-0.07,-0.35,2.95,1496416465
Ethereum Classic,ETC,5,16.9827,0.00709374,88538900.0,1566090691.0,92216826.0,92216826.0,-0.37,-2.3,0.33,1496416178
Litecoin,LTC,6,27.8198,0.0116051,323589000.0,1429393352.0,51380432.0,51380432.0,-0.79,-3.16,-0.19,1496416441
Dash,DASH,7,137.848,0.0575038,34318200.0,1010863319.0,7333174.0,7333174.0,0.19,0.34,5.81,1496416449
Stratis,STRAT,8,8.12126,0.00339228,37272000.0,799202601.0,98408695.0,98408695.0,4.46,46.8,166.26,1496416179
Bytecoin,BCN,9,0.00372873,0.00000156,19507900.0,682244635.0,182969706970,182969706970,2.06,51.07,16.01,1496416456
Monero,XMR,10,43.5537,0.0181685,10828300.0,634249432.0,14562470.0,14562470.0,-0.04,-3.05,5.63,1496416454
Waves,WAVES,11,4.27057,0.00178383,3349260.0,427057000.0,100000000.0,100000000.0,2.12,24.94,55.14,1496416174
Stellar Lumens,XLM,12,0.0400776,0.00001672,21035300.0,387342464.0,9664811867.0,102940435314,3.19,-1.32,-13.47,1496416458
Golem,GNT,13,0.451517,0.0001886,12678100.0,372443731.0,824872000.0,1000000000.0,-1.91,-5.34,5.86,1496416183
Zcash,ZEC,14,244.125,0.101972,16359700.0,350623005.0,1436244.0,1436244.0,-0.83,-1.28,9.47,1496416182
Dogecoin,DOGE,15,0.00292935,0.00000122,31865900.0,321154633.0,109633411214,109633411214,0.04,4.21,-0.78,1496416446
Gnosis,GNO,16,247.52,0.10339,1633270.0,273408117.0,1104590.0,10000000.0,0.44,-2.93,4.67,1496416194
Augur,REP,17,23.9698,0.0100123,4575240.0,263667800.0,11000000.0,11000000.0,-1.74,-2.03,-6.16,1496416170
Siacoin,SC,18,0.00936068,0.00000391,30268300.0,248173454.0,26512331805.0,26512331805.0,-0.54,18.61,9.33,1496416171
Steem,STEEM,19,1.05841,0.0004421,2882100.0,248033270.0,234345169.0,251319263.0,0.74,5.17,-9.11,1496416174
DigiByte,DGB,20,0.0301377,0.00001257,89547700.0,244327296.0,8107031908.0,8107031908.0,-1.19,47.27,90.64,1496416448
BitShares,BTS,21,0.0823212,0.00003434,19994200.0,214217050.0,2602210000.0,2602210000.0,-1.11,13.52,6.81,1496416457
MaidSafeCoin,MAID,22,0.390485,0.00016289,2669990.0,176714929.0,452552412.0,452552412.0,-0.28,-4.62,-5.2,1496416454
GameCredits,GAME,23,2.73216,0.00113973,1911400.0,172209586.0,63030564.0,63030564.0,0.26,7.61,-4.86,1496416459
Basic Attention Token,BAT,24,0.166124,0.00006939,3218770.0,166124000.0,1000000000.0,1500000000.0,0.6,0.31,,1496416195
DigixDAO,DGD,25,79.9673,0.0334027,1341020.0,159934600.0,2000000.0,2000000.0,-0.41,-0.98,-2.6,1496416173
BitConnect,BCC,26,23.2724,0.00972098,1438700.0,149841753.0,6438603.0,6438603.0,0.93,2.6,42.1,1496416186
Lisk,LSK,27,1.27307,0.00053177,2673130.0,137215253.0,107782960.0,107782960.0,0.89,0.08,-0.23,1496416174
Decred,DCR,28,26.1254,0.0109127,1992460.0,131263326.0,5024357.0,5444357.0,-1.4,7.37,14.31,1496416172
Ardor,ARDR,29,0.126408,0.00005280,3136240.0,126281528.0,998999495.0,998999495.0,-2.32,11.64,1.02,1496416177
Factom,FCT,30,13.4534,0.00561955,1189330.0,117760556.0,8753219.0,8753219.0,-0.79,1.61,-2.41,1496416168
SingularDTV,SNGLS,31,0.192897,0.00008057,262887.0,115738200.0,600000000.0,1000000000.0,-0.12,3.23,-2.01,1496416181
Byteball,GBYTE,32,596.574,0.249191,527784.0,112921835.0,189284.0,1000000.0,4.21,18.07,90.95,1496416185
Tether,USDT,33,1.03579,0.00043208,67131100.0,108751414.0,104993690.0,124951468.0,-0.44,-0.19,0.74,1496416463
Iconomi,ICN,34,1.22182,0.00051036,780978.0,106298340.0,87000000.0,100000000.0,1.07,2.24,-2.03,1496416180
PIVX,PIVX,35,1.65725,0.00069224,952083.0,88727177.0,53538800.0,53538800.0,0.02,2.74,17.09,1496416170
Round,ROUND,36,0.102631,0.00004287,365340.0,87236350.0,850000000.0,1000000000.0,0.17,-8.48,-27.54,1496416183
Aragon,ANT,37,2.17445,0.00090827,545441.0,73072755.0,33605167.0,39609523.0,2.47,2.73,-4.85,1496416195
Komodo,KMD,38,0.682135,0.00028493,661310.0,68858465.0,100945510.0,100945510.0,6.28,21.11,21.32,1496416186
FirstBlood,1ST,39,0.785076,0.00032793,3029290.0,67169823.0,85558371.0,93468691.0,-0.53,-3.06,0.99,1496416180
SysCoin,SYS,40,0.125231,0.00005224,3307960.0,65767895.0,525172640.0,525172640.0,-2.22,16.0,-9.5,1496416459
Nxt,NXT,41,0.0623928,0.00002603,3157650.0,62330406.0,998999983.0,998999983.0,-0.23,8.79,-3.68,1496416445
AntShares,ANS,42,1.23129,0.00051432,6921440.0,61564500.0,50000000.0,100000000.0,-0.78,-1.05,19.45,1496416180
iExec RLC,RLC,43,0.703344,0.00029379,643406.0,54910624.0,78070793.0,86999785.0,6.79,18.47,11.18,1496416192
Ubiq,UBQ,44,1.19841,0.00049992,1563730.0,44458483.0,37097891.0,37097891.0,1.55,8.35,160.81,1496416460
ReddCoin,RDD,45,0.00141344,0.00000059,2238760.0,40319181.0,28525569494.0,28525569494.0,2.22,29.5,-8.19,1496416449
Wings,WINGS,46,0.444595,0.00018571,1810110.0,39883876.0,89708333.0,100000000.0,-0.81,38.46,45.08,1496416186
Peercoin,PPC,47,1.58419,0.00066172,1250650.0,38218548.0,24124977.0,24124977.0,-0.66,-0.44,-7.55,1496416140
Lykke,LKK,48,0.269357,0.00011251,417704.0,37083968.0,137675904.0,1285690000.0,1.24,5.44,10.86,1496416183
BitcoinDark,BTCD,49,27.1438,0.0113231,286039.0,34984617.0,1288862.0,1288862.0,2.29,11.72,17.19,1496416457
Emercoin,EMC,50,0.848072,0.00035378,900492.0,34058971.0,40160471.0,40160471.0,-1.9,-1.13,-13.61,1496416459
Melon,MLN,51,55.4677,0.0231691,369138.0,33247339.0,599400.0,749400.0,4.89,0.72,-15.02,1496416189
Storjcoin X,SJCX,52,0.629698,0.00026268,420973.0,32223626.0,51173144.0,500000000.0,-2.01,-3.87,3.95,1496416459
Ark,ARK,53,0.33353,0.00013932,401470.0,31790093.0,95314044.0,126564044.0,3.53,13.17,26.66,1496416191
Omni,OMNI,54,54.2788,0.0226425,9321060.0,30341003.0,558984.0,615300.0,6.33,-7.07,170.2,1496416447
Counterparty,XCP,55,10.7392,0.00447988,552966.0,28123228.0,2618745.0,2618745.0,0.1,-4.64,-9.0,1496416449
Xaurum,XAUR,56,0.237772,0.00009919,112695.0,27035707.0,113704333.0,113704333.0,-1.22,-5.14,20.61,1496416465
Blocknet,BLOCK,57,6.73327,0.0028088,248242.0,26330562.0,3910516.0,3910516.0,6.74,45.19,105.33,1496416461
Namecoin,NMC,58,1.72808,0.00072088,827274.0,25465678.0,14736400.0,14736400.0,0.54,1.31,-2.61,1496416440
Nexus,NXS,59,0.4931,0.0002057,102250.0,24586485.0,49861053.0,49861053.0,-2.01,-5.92,-0.78,1496416464
Gulden,NLG,60,0.069564,0.00002902,108981.0,24108061.0,346559445.0,448579600.0,0.78,2.83,-1.14,1496416452
Synereo,AMP,61,0.292238,0.00012207,477683.0,24038424.0,82256324.0,949291063.0,-2.38,4.15,10.06,1496416169
WeTrust,TRST,62,0.247077,0.0001032,389191.0,22767528.0,92147500.0,100000000.0,3.95,8.02,-14.18,1496416193
Burst,BURST,63,0.0125809,0.00000525,4969580.0,22397456.0,1780274562.0,1780274562.0,1.44,2.55,19.67,1496416459
XtraBYtes,XBY,64,0.0344399,0.00001439,749493.0,22385935.0,650000000.0,650000000.0,-2.85,71.15,485.42,1496416193
EarthCoin,EAC,65,0.00228479,0.00000095,6330740.0,21354717.0,9346468332.0,9346468332.0,-1.39,1.76,-9.83,1496416448
Matchpool,GUP,66,0.28411,0.00011867,281588.0,21308250.0,75000000.0,98855150.0,2.17,6.61,12.61,1496416192
YbCoin,YBC,67,6.93771,0.00289408,2262740.0,20953703.0,3020262.0,3020262.0,-0.03,1.85,-1.56,1496416447
TokenCard,TKN,68,0.863246,0.00036058,230024.0,20410637.0,23644056.0,39406760.0,4.65,-0.73,-16.23,1496416195
Verge,XVG,69,0.00143856,0.00000060,2545650.0,19290330.0,13409472280.0,13409472280.0,3.11,67.75,15.08,1496416461
Edgeless,EDG,70,0.240198,0.00010033,359580.0,19079513.0,79432438.0,132046997.0,0.56,-0.33,-11.77,1496416190
BitBay,BAY,71,0.0184234,0.00000769,48552.2,18562011.0,1007523624.0,1007523624.0,-1.02,2.17,-3.15,1496416461
Humaniq,HMQ,72,0.147673,0.00006168,655307.0,18263218.0,123673373.0,184190414.0,8.57,21.36,-26.11,1496416194
PotCoin,POT,73,0.0841711,0.00003511,935480.0,18260366.0,216943411.0,216943411.0,0.83,5.57,-13.2,1496416449
OBITS,OBITS,74,1.23331,0.00051516,671194.0,18054341.0,14638932.0,16443700.0,-0.31,27.39,25.38,1496416169
BlackCoin,BLK,75,0.236771,0.00009877,1024990.0,18034624.0,76169059.0,76169059.0,-2.27,2.63,12.03,1496416452
E-Dinar Coin,EDR,76,0.02692,0.00001124,427363.0,17784288.0,660634755.0,785634755.0,1.3,-14.64,3.19,1496416179
NAV Coin,NAV,77,0.289918,0.00012094,557002.0,17780915.0,61330841.0,61330841.0,0.91,1.15,-14.29,1496416456
Nexium,NXC,78,0.258345,0.00010791,2996500.0,17185519.0,66521586.0,66521586.0,4.11,0.17,25.38,1496416185
Bankcoin,B@,79,3.99876,0.0016703,6689.22,17055031.0,4265080.0,25000000.0,3.85,11.3,37.93,1496416191
Expanse,EXP,80,2.34468,0.00097938,442257.0,16981901.0,7242737.0,16242737.0,1.52,-0.6,4.1,1496416167
BCAP,BCAP,81,1.6744,0.0006994,159063.0,16744000.0,10000000.0,10000000.0,-2.15,1.01,-14.7,1496416194
Unity Ingot,UNY,82,0.0817092,0.00003413,83618.5,16505258.0,202000000.0,10000000000.0,0.57,-0.32,78.27,1496416195
Infinitecoin,IFC,83,0.000180348,0.00000008,2773150.0,16338857.0,90596274910.0,90596274910.0,-1.65,-1.77,-1.43,1496416445
LBRY Credits,LBC,84,0.225966,0.00009439,826632.0,15484213.0,68524524.0,466424524.0,-0.38,10.08,4.81,1496416176
ZCoin,XZC,85,6.85624,0.00286388,1142020.0,15316710.0,2233981.0,2233981.0,-3.66,-8.67,11.06,1496416182
Swarm City,SWT,86,2.25118,0.00094033,34075.6,14951729.0,6641730.0,6641730.0,0.44,-1.9,-22.07,1496416189
Agoras Tokens,AGRS,87,0.355419,0.00014846,22083.3,14927598.0,42000000.0,42000000.0,6.45,-3.03,4.35,1496416167
TaaS,TAAS,88,1.80076,0.00075218,176359.0,14668992.0,8146001.0,8146001.0,2.89,5.74,14.17,1496416190
GridCoin,GRC,89,0.0371754,0.00001551,208400.0,14510033.0,390312753.0,390312753.0,-0.4,4.08,10.89,1496416463
I/O Coin,IOC,90,0.88161,0.00036777,36708.2,14402244.0,16336298.0,16336298.0,2.69,13.18,7.22,1496416458
Shift,SHIFT,91,1.31546,0.00054947,319038.0,14247764.0,10831013.0,10831013.0,9.18,25.16,123.97,1496416167
Chronobank,TIME,92,20.0256,0.00836475,493188.0,14220435.0,710113.0,710113.0,3.8,1.79,5.95,1496416189
Waves Community Token,WCT,93,2.82385,0.00117953,138827.0,14119250.0,5000000.0,10000000.0,3.85,10.98,27.51,1496416187
Radium,RADS,94,4.23085,0.00176724,388378.0,13736587.0,3246768.0,3246768.0,-1.25,5.38,15.58,1496416169
Pepe Cash,PEPECASH,95,0.0194674,0.00000813,24828.6,13663857.0,701884009.0,701884009.0,-0.13,-11.14,-19.08,1496416180
MonaCoin,MONA,96,0.270255,0.00011274,23841.4,13660579.0,50547000.0,50547000.0,-0.02,-0.36,-7.93,1496416451
Etheroll,DICE,97,1.94039,0.00081051,15237.0,13585879.0,7001623.0,7001623.0,30.75,7.09,3.85,1496416195
Bitland,CADASTRAL,98,0.44237,0.00018478,22963.4,13271100.0,30000000.0,30000000.0,1.11,6.94,104.09,1496416176
E-coin,ECN,99,4.5888,0.00191676,128045.0,12797636.0,2788885.0,211077777.0,0.21,3.87,3.58,1496416191
SuperNET,UNITY,100,15.622,0.00651673,2655.73,12748505.0,816061.0,816061.0,0.21,28.27,131.49,1496416460
Golos,GOLOS,101,0.099773,0.00004168,29649.0,12279898.0,123078366.0,123078366.0,-0.61,13.04,59.15,1496416185
Vertcoin,VTC,102,0.364859,0.0001522,596312.0,12201371.0,33441331.0,33441331.0,0.58,4.59,1.37,1496416448
MergeCoin,MGC,103,0.114359,0.00004777,3144230.0,11308975.0,98890120.0,103890120.0,-4.47,8.05,-12.79,1496416193
Clams,CLAM,104,4.84152,0.00201965,856367.0,11146454.0,2302263.0,16207698.0,3.24,-2.6,-10.34,1496416456
LuckChain,BASH,105,0.0150336,0.00000628,528552.0,10885421.0,724072822.0,724072822.0,5.0,19.62,55.95,1496416183
Pluton,PLU,106,12.7379,0.00532069,137526.0,10827209.0,850000.0,20000000.0,0.52,-3.8,40.96,1496416181
DigitalNote,XDN,107,0.00151474,0.00000063,2931910.0,10423728.0,6881529419.0,6881529419.0,-1.31,1.11,-16.1,1496416457
Viacoin,VIA,108,0.422678,0.00017632,263436.0,9572215.0,22646588.0,22646588.0,2.78,5.03,-2.13,1496416458
FlorinCoin,FLO,109,0.0713406,0.00002976,291044.0,9560036.0,134005545.0,134005545.0,-0.24,5.45,-1.28,1496416447
Mooncoin,MOON,110,0.0000427798,0.00000002,37316.6,9494805.0,221945984589,221945984589,-9.85,21.58,-21.26,1496416449
HEAT,HEAT,111,0.358968,0.00014994,29795.6,9462144.0,26359296.0,26359296.0,0.4,-3.6,-1.92,1496416177
Bitcrystals,BCY,112,0.406094,0.00016963,228722.0,9458507.0,23291422.0,23291422.0,-6.33,4.99,-2.23,1496416168
Primecoin,XPM,113,0.473682,0.0001976,3231150.0,9154870.0,19327038.0,19327038.0,15.3,21.02,9.18,1496416446
vSlice,VSL,114,0.270884,0.00011315,154374.0,9044951.0,33390496.0,33390496.0,-1.71,-0.6,-12.75,1496416184
Energycoin,ENRG,115,0.074673,0.00003115,2408.38,9031102.0,120941998.0,120941998.0,3.82,7.49,16.72,1496416454
FedoraCoin,TIPS,116,0.0000198661,0.000000008,57924.6,8804023.0,443168182458,443168182458,0.95,-5.17,-22.36,1496416448
DNotes,NOTE,117,0.0704126,0.00002937,177239.0,8721868.0,123867998.0,123867998.0,-0.51,3.91,13.56,1496416450
Rubycoin,RBY,118,0.356558,0.00014874,39572.9,8697821.0,24393846.0,24393846.0,1.09,-0.45,3.36,1496416452
NeosCoin,NEOS,119,2.54268,0.00106068,1101460.0,8510686.0,3347132.0,3347132.0,-0.47,-4.43,19.22,1496416458
VeriCoin,VRC,120,0.270013,0.00011264,481738.0,8157575.0,30211787.0,30211787.0,-0.89,-5.31,-5.03,1496416455
Pascal Coin,PASC,121,0.801056,0.0003346,155276.0,8012963.0,10003000.0,10003000.0,0.12,4.91,-2.83,1496416184
Crown,CRW,122,0.577734,0.000241,20824.3,8007364.0,13859949.0,13859949.0,-0.4,-8.11,-5.67,1496416461
Skycoin,SKY,123,1.40707,0.00058774,54621.6,7690765.0,5465801.0,100000000.0,0.44,-13.32,-29.0,1496416192
SolarCoin,SLR,124,0.216215,0.00009019,78431.6,7602933.0,35163762.0,98034180493.0,2.17,-3.15,9.15,1496416452
SaluS,SLS,125,7.5421,0.00315036,79248.0,7568121.0,1003450.0,1003450.0,-3.01,-2.42,30.52,1496416170
BelaCoin,BELA,126,0.21574,0.00009000,461322.0,7546833.0,34981150.0,34981150.0,0.68,8.41,-0.36,1496416451
Einsteinium,EMC2,127,0.0351715,0.00001467,345355.0,7414506.0,210810073.0,210810073.0,-1.22,11.52,1.63,1496416452
VPNCoin,VASH,128,0.018197,0.00000759,1811360.0,7284982.0,400339746.0,400339746.0,-2.73,1.74,-12.14,1496416462
Creditbit,CRB,129,0.610237,0.0002549,269945.0,7246163.0,11874342.0,11874342.0,-0.99,-6.06,-7.46,1496416170
Bitcoin Plus,XBC,130,74.1578,0.0309351,152373.0,7187598.0,96923.0,96923.0,-2.02,5.24,-1.64,1496416454
Incent,INCNT,131,0.305526,0.00012762,190942.0,7029638.0,23008312.0,46016625.0,-0.62,10.05,33.37,1496416184
Global Currency Reserve,GCR,132,0.0667941,0.00002790,28060.8,6859202.0,102691740.0,102691740.0,1.23,2.31,-1.97,1496416167
Asch,XAS,133,0.0879733,0.00003675,49500.6,6597998.0,75000000.0,100000000.0,1.52,-0.41,0.4,1496416191
Aeon,AEON,134,0.452018,0.00018881,6188.49,6432746.0,14231171.0,14231171.0,-1.44,-4.12,1.83,1496416166
Lunyr,LUN,135,2.78665,0.00116399,135796.0,6403312.0,2297853.0,2703356.0,0.58,6.76,-12.93,1496416194
Novacoin,NVC,136,3.64769,0.00152164,50685.6,6332479.0,1736024.0,1736024.0,0.37,-2.08,-11.16,1496416444
Blitzcash,BLITZ,137,1.55573,0.00064898,220477.0,6322365.0,4063921.0,4063921.0,7.53,46.22,313.75,1496416462
Feathercoin,FTC,138,0.0383433,0.00001599,110866.0,6282051.0,163837000.0,163837000.0,0.35,0.91,10.58,1496416454
FirstCoin,FRST,139,1.91513,0.00079996,137347.0,6060087.0,3164321.0,110000000.0,0.38,10.89,14.2,1496416187
PinkCoin,PINK,140,0.0185498,0.00000774,1553840.0,5954079.0,320978050.0,370978050.0,5.56,26.56,10.47,1496416454
ZClassic,ZCL,141,3.99797,0.00166997,464077.0,5907650.0,1477663.0,1477663.0,-1.01,-4.72,29.45,1496416183
ION,ION,142,0.424677,0.00017739,33600.8,5842066.0,13756493.0,19656493.0,3.61,17.52,-12.26,1496416175
WorldCoin,WDC,143,0.0509019,0.00002123,340531.0,5833614.0,114605034.0,114605034.0,-0.31,7.52,4.05,1496416455
Gambit,GAM,144,4.85128,0.0020264,35413.5,5744042.0,1184026.0,1184026.0,0.32,12.65,17.32,1496416164
SIBCoin,SIB,145,0.387503,0.00016186,26778.7,5677528.0,14651573.0,14651573.0,-0.4,1.6,25.6,1496416172
Safe Exchange Coin,SAFEX,146,0.00258522,0.00000108,22824.4,5551718.0,2147483647.0,2147483647.0,1.32,-3.46,-12.4,1496416171
FoldingCoin,FLDC,147,0.0111583,0.00000465,360939.0,5464688.0,489741985.0,1000000000.0,2.7,11.1,3.92,1496416460
MonetaryUnit,MUE,148,0.0436091,0.00001819,66398.5,5300121.0,121537040.0,121537040.0,3.49,-1.99,-7.8,1496416462
Auroracoin,AUR,149,0.588196,0.00024537,9255.81,5092683.0,8658139.0,8658139.0,0.86,-4.69,0.91,1496416450
MUSE,MUSE,150,0.00361423,0.00000151,8763.78,4968990.0,1374840478.0,1524840478.0,1.22,21.86,8.88,1496416164
Vcash,XVC,151,0.323811,0.00013508,130278.0,4938647.0,15251634.0,15251634.0,-0.31,4.28,-2.0,1496416464
RouletteToken,RLT,152,0.483417,0.00020192,58905.8,4878746.0,10092210.0,10092933.0,0.36,2.5,6.72,1496416195
Ethereum Movie Venture,EMV,153,0.719667,0.00030061,2514.56,4797780.0,6666666.0,6666666.0,-4.89,224.27,15.29,1496416192
OKCash,OK,154,0.0645896,0.00002694,216602.0,4623291.0,71579501.0,71579501.0,0.91,-16.86,127.21,1496416462
Janus,JNS,155,0.218106,0.00009110,5422.8,4565628.0,20933069.0,25201489.0,2.3,-6.22,-5.88,1496416187
Sphere,SPHR,156,1.45876,0.00060933,24301.8,4497270.0,3082940.0,3082940.0,-2.4,8.78,119.54,1496416163
CloakCoin,CLOAK,157,0.872654,0.00036403,18766.7,4366348.0,5003527.0,5003527.0,2.02,-0.65,19.92,1496416455
Darcrus,DAR,158,0.311225,0.00013,26034.8,4240055.0,13623762.0,13623762.0,0.97,1.21,0.44,1496416185
Quark,QRK,159,0.0167838,0.00000700,180921.0,4197646.0,250101047.0,250101047.0,-5.15,40.84,4.5,1496416445
bitCNY,BITCNY,160,0.140176,0.00005847,490779.0,4133117.0,29485200.0,29485200.0,0.75,-0.6,-1.64,1496416460
ICO OpenLedger,ICOO,161,8.67512,0.00362363,14780.0,4092877.0,471795.0,471795.0,1.1,16.12,17.27,1496416176
Unobtanium,UNO,162,20.5274,0.00856306,68982.5,4058780.0,197725.0,197725.0,0.21,-4.38,-5.08,1496416446
LoMoCoin,LMC,163,0.0191972,0.00000802,364339.0,4003742.0,208558622.0,293558622.0,-5.14,8.04,5.08,1496416180
FairCoin,FAIR,164,0.0750805,0.00003132,4797.82,3987188.0,53105505.0,53105505.0,-7.26,0.98,11.59,1496416452
APX,APX,165,4.41655,0.00184481,80662.1,3974895.0,900000.0,1000000.0,0.98,4.17,29.53,1496416195
Bitmark,BTM,166,1.00536,0.00041939,183121.0,3922090.0,3901180.0,3901180.0,0.28,3.89,22.54,1496416458
NautilusCoin,NAUT,167,0.242036,0.00010097,366768.0,3916142.0,16180000.0,16180000.0,0.53,0.47,3.29,1496416454
ArtByte,ABY,168,0.00502852,0.00000210,116127.0,3886350.0,772861650.0,772861650.0,4.41,9.05,-5.5,1496416455
DubaiCoin,DBIX,169,4.30077,0.00179645,36637.0,3741594.0,869982.0,869982.0,-0.46,1.04,52.66,1496416192
Riecoin,RIC,170,0.10589,0.00004417,633786.0,3621440.0,34200020.0,34200020.0,0.2,11.34,18.41,1496416450
SpreadCoin,SPR,171,0.442588,0.00018463,31813.4,3600516.0,8135141.0,8135141.0,0.79,13.87,26.03,1496416461
Minereum,MNE,172,8.8436,0.00369401,426373.0,3535541.0,399785.0,399785.0,-3.19,115.22,224.5,1496416194
Circuits of Value,COVAL,173,0.00841419,0.00000351,96725.6,3365676.0,400000000.0,1200000000.0,0.17,12.8,-2.8,1496416463
BitSend,BSD,174,0.210707,0.00008790,24974.2,3214372.0,15255175.0,15255175.0,6.32,8.11,34.78,1496416455
Diamond,DMD,175,1.48279,0.00061855,16843.9,3149894.0,2124302.0,2124302.0,0.51,-1.35,2.23,1496416448
Zennies,ZENI,176,0.00308831,0.00000129,5865.28,3090411.0,1000680313.0,1000680313.0,0.38,-1.92,0.32,1496416193
PoSW Coin,POSW,177,0.0726647,0.00003035,51661.3,2979253.0,41000000.0,70000000.0,1.66,2.37,23.56,1496416184
Musicoin,MUSIC,178,0.0173055,0.00000723,59912.3,2974352.0,171873238.0,171873238.0,2.49,3.21,-7.44,1496416190
Wild Beast Block,WBB,179,1.27396,0.00053143,35734.6,2962100.0,2325112.0,2325112.0,0.73,0.23,-26.13,1496416464
BitBean,BITB,180,0.00150501,0.00000063,134350.0,2948051.0,1958825000.0,1958825000.0,-2.45,21.42,-17.03,1496416463
Curecoin,CURE,181,0.123047,0.00005133,16657.3,2917218.0,23708159.0,23708159.0,6.04,9.1,-6.87,1496416454
Zetacoin,ZET,182,0.0171413,0.00000715,273244.0,2848154.0,166157391.0,166157391.0,-0.16,-0.4,11.0,1496416445
Rise,RISE,183,0.0264386,0.00001104,106392.0,2839168.0,107387215.0,107387215.0,-7.47,23.03,23.87,1496416176
Megacoin,MEC,184,0.0859196,0.00003584,522904.0,2825591.0,32886450.0,32886450.0,-5.25,9.5,-17.76,1496416444
RaiBlocks,XRB,185,0.035999,0.00001504,42642.3,2699559.0,74989827.0,340282367.0,-0.13,14.42,21.84,1496416189
Ethbits,ETB,186,1.98674,0.00082987,1701.98,2676110.0,1346986.0,1634691.0,1.15,,,1496416196
HunterCoin,HUC,187,0.151046,0.00006301,3407750.0,2665161.0,17644700.0,17644700.0,-4.68,28.41,27.61,1496416449
ZcCoin,ZCC,188,0.0409107,0.00001707,1755520.0,2522433.0,61657044.0,61657044.0,-3.33,20.02,-3.14,1496416458
Cryptonite,XCN,189,0.0076327,0.00000318,676372.0,2501664.0,327756131.0,327756131.0,-6.73,28.36,-9.38,1496416458
Zeitcoin,ZEIT,190,0.0000681978,0.00000003,5749.01,2477500.0,36328147339.0,36328147339.0,4.47,11.04,29.88,1496416451
Myriad,XMY,191,0.00166589,0.00000069,103649.0,2475700.0,1486112500.0,1486112500.0,-0.18,7.61,-34.13,1496416453
Atmos,ATMS,192,0.0242754,0.00001014,170548.0,2429322.0,100073388.0,110073388.0,0.98,1.33,4.25,1496416193
Steem Dollars,SBD,193,1.67251,0.00069861,723060.0,2372272.0,1418391.0,1418391.0,0.11,8.39,-3.17,1496416176
Mintcoin,MINT,194,0.0000959416,0.00000004,7728.47,2336050.0,24348665548.0,24348665548.0,0.55,0.34,-14.64,1496416449
Spectrecoin,XSPEC,195,0.113221,0.00004729,213598.0,2309271.0,20396140.0,20396140.0,2.1,-6.54,-3.98,1496416186
Bata,BTA,196,0.462868,0.00019334,40797.6,2291793.0,4951288.0,4951288.0,12.84,23.61,43.38,1496416164
Veros,VRS,197,0.0262331,0.00001096,66742.7,2242587.0,85486938.0,10000000000.0,0.23,-18.42,-16.07,1496416183
bitUSD,BITUSD,198,1.0075,0.00042028,264837.0,2196078.0,2179730.0,2179730.0,1.43,1.09,1.92,1496416459
Digitalcoin,DGC,199,0.063247,0.00002638,188729.0,2175051.0,34389793.0,34389793.0,-4.38,2.62,-3.92,1496416442
BoostCoin,BOST,200,0.183027,0.00007635,185424.0,2169874.0,11855487.0,11855487.0,-2.63,5.67,-5.85,1496416456
iCash,ICASH,201,0.00958474,0.00000400,12356.8,2117532.0,220927467.0,220927467.0,0.53,27.75,3.76,1496416464
Groestlcoin,GRS,202,0.0309191,0.00001290,6792.31,2090747.0,67619927.0,67619927.0,5.5,6.84,8.26,1496416452
Espers,ESP,203,0.000102294,0.00000004,4640.29,2058957.0,20127839399.0,20127839399.0,-3.77,-3.4,-21.02,1496416173
Breakout Stake,BRX,204,0.323387,0.00013508,13669.4,2027016.0,6268082.0,6268082.0,-4.49,-1.56,31.95,1496416176
Adzcoin,ADZ,205,0.0368077,0.00001537,8585.1,2018711.0,54844800.0,54844800.0,-2.52,4.39,-5.38,1496416169
BlockPay,BLOCKPAY,206,0.365249,0.00015257,4050.38,1982681.0,5428300.0,98928316.0,1.08,-15.53,12.27,1496416180
MaxCoin,MAX,207,0.0357758,0.00001492,83369.3,1947730.0,54442678.0,54442678.0,-3.63,0.43,16.73,1496416450
FUNCoin,FUNC,208,0.33617,0.00014042,51759.7,1942024.0,5776909.0,100000000.0,-4.24,0.74,12.89,1496416194
Tickets,TIX,209,0.0000278729,0.00000001,39078.1,1864036.0,66876281414.0,66876281414.0,-0.39,-2.08,-11.79,1496416445
GoldCoin,GLD,210,0.0450633,0.00001880,19901.1,1814012.0,40254752.0,40254752.0,5.27,-0.12,-4.67,1496416444
TransferCoin,TX,211,0.298481,0.00012468,10993.8,1783160.0,5974115.0,5974115.0,1.24,1.59,-27.83,1496416166
Project Decorum,PDC,212,0.03536,0.00001477,1885.27,1768000.0,50000000.0,50000000.0,-5.38,-5.65,-14.02,1496416176
DeepWebCash,DWC,213,1.30894,0.00054675,20917.5,1747991.0,1335425.0,1335425.0,0.42,2.18,-11.89,1496416184
Anoncoin,ANC,214,0.824592,0.00034398,199804.0,1740150.0,2110317.0,2110317.0,-10.88,96.32,43.11,1496416442
CryptoCarbon,CCRB,215,0.43204,0.00018046,2615.18,1538974.0,3562111.0,10000150.0,0.86,-10.41,26.16,1496416186
2GIVE,2GIVE,216,0.0028712,0.00000120,19751.3,1472917.0,512996912.0,512996912.0,7.4,14.56,-20.49,1496416175
Boolberry,XBB,217,0.153911,0.00006420,8507.84,1467153.0,9532480.0,9532480.0,0.57,9.5,0.7,1496416456
vTorrent,VTR,218,0.134795,0.00005623,14332.2,1457938.0,10815966.0,10815966.0,3.09,-9.36,14.6,1496416462
Sequence,SEQ,219,0.0322238,0.00001346,2529.61,1440432.0,44700884.0,44700884.0,0.38,6.1,26.55,1496416180
Startcoin,START,220,0.0302226,0.00001261,37468.7,1362428.0,45079785.0,70782220.0,0.76,-7.26,-33.11,1496416456
Voxels,VOX,221,0.0431083,0.00001801,456417.0,1357911.0,31500000.0,210000000.0,-6.79,56.44,17.07,1496416173
EB3 Coin,EB3,222,0.287309,0.00012001,38609.8,1346240.0,4685686.0,786000000.0,0.38,1.0,6.3,1496416192
Pangea Poker,PANGEA,223,1.31224,0.00054741,706.059,1311390.0,999352.0,1000000.0,0.36,52.63,51.68,1496416462
ChainCoin,CHC,224,0.0874336,0.00003652,19203.3,1283802.0,14683171.0,14683171.0,1.55,-0.17,-11.79,1496416165
EuropeCoin,ERC,225,0.128656,0.00005374,2999.86,1267443.0,9851414.0,9851414.0,0.38,8.45,8.24,1496416165
Ixcoin,IXC,226,0.0601632,0.00002513,7522.06,1263372.0,20999088.0,20999088.0,0.1,-82.11,15.17,1496416141
Breakout,BRK,227,0.0702412,0.00002934,3428.3,1258381.0,17915147.0,17915147.0,0.38,2.1,-9.59,1496416176
Renos,RNS,228,0.0370633,0.00001548,602569.0,1236143.0,33352215.0,33352215.0,-7.21,53.06,125.71,1496416189
Qwark,QWARK,229,0.0694272,0.00002900,29633.4,1226035.0,17659296.0,250377576.0,1.19,29.39,61.77,1496416173
Bitswift,SWIFT,230,0.301473,0.00012576,8800.0,1224250.0,4060895.0,4060895.0,0.52,-1.85,57.54,1496416460
Stealthcoin,XST,231,0.0455229,0.00001899,2138.93,1191644.0,26176795.0,26176795.0,0.52,-2.11,1.6,1496416457
Visio,VISIO,232,0.0221185,0.00000924,2719.99,1119185.0,50599507.0,62599507.0,-7.92,-8.9,-23.37,1496416189
TagCoin,TAG,233,0.200872,0.00008379,150654.0,1103387.0,5492984.0,5492984.0,1.48,7.57,-9.26,1496416444
MediterraneanCoin,MED,234,0.0218146,0.00000910,171576.0,1084330.0,49706598.0,49706598.0,-9.43,57.09,29.48,1496416461
Dynamic,DYN,235,0.659941,0.00027566,4217.77,1066675.0,1616318.0,4370222.0,0.38,-2.92,0.17,1496416191
SecureCoin,SRC,236,0.133719,0.00005578,143023.0,1041118.0,7785866.0,7785866.0,0.03,8.35,-21.87,1496416444
LiteDoge,LDOGE,237,0.0000698207,0.00000003,6318.95,1031563.0,14774464159.0,14774464159.0,0.15,-4.67,-25.77,1496416464
Inpay,INPAY,238,0.103015,0.00004303,35968.2,1030150.0,10000000.0,10000000.0,1.55,-8.05,-26.63,1496416192
Yocoin,YOC,239,0.00957627,0.00000400,58790.6,1011434.0,105618830.0,200000000.0,-6.07,0.73,9.32,1496416170
DopeCoin,DOPE,240,0.00898952,0.00000375,18823.9,998607.0,111085648.0,111085648.0,2.02,35.47,-9.49,1496416449
VeriumReserve,VRM,241,0.892891,0.00037296,67140.5,994189.0,1113450.0,1113450.0,-2.57,22.01,1.0,1496416180
WhiteCoin,XWC,242,0.00400333,0.00000167,19376.9,993049.0,248055665.0,248055665.0,1.13,-6.47,51.25,1496416453
Creativecoin,CREA,243,0.0938343,0.00003919,4412.6,990643.0,10557366.0,12269094.0,0.06,7.54,-32.83,1496416195
Triggers,TRIG,244,0.0307634,0.00001285,31942.3,987677.0,32105593.0,100000000.0,-0.7,-1.98,-16.84,1496416181
PutinCoin,PUT,245,0.00490358,0.00000205,4273.0,982764.0,200417616.0,200417616.0,4.76,7.81,28.03,1496416177
CannabisCoin,CANN,246,0.0124256,0.00000518,55077.1,959644.0,77231176.0,91859176.0,0.51,-0.45,38.5,1496416458
ArcticCoin,ARC,247,0.0405902,0.00001695,34783.7,948103.0,23357932.0,23357932.0,0.6,9.58,-21.66,1496416181
AudioCoin,ADC,248,0.00118495,0.00000049,6663.11,939901.0,793198644.0,793198644.0,-0.26,4.58,-21.11,1496416164
HiCoin,XHI,249,0.00480052,0.00000201,120067.0,910803.0,189729990.0,10189729990.0,0.81,-3.76,-7.94,1496416174
Hacker Gold,HKG,250,0.0556605,0.00002325,1771.73,896740.0,16110893.0,16110893.0,-2.34,-9.08,-16.68,1496416184
PepeCoin,PEPE,251,0.064747,0.00002705,28740.6,891725.0,13772450.0,13772450.0,1.35,-7.17,19.9,1496416172
Syndicate,SYNX,252,0.0781359,0.00003264,14711.6,880503.0,11268860.0,11268860.0,0.54,-67.05,56.04,1496416176
DIBCOIN,DIBC,253,0.175769,0.00007342,4560.27,878845.0,5000000.0,5000000000.0,-10.82,-9.03,-5.85,1496416191
Centurion,CNT,254,0.0332071,0.00001387,32442.0,858413.0,25850279.0,63389078.0,4.82,4.02,2.76,1496416188
Mercury,MER,255,0.00845553,0.00000353,741.75,845553.0,100000000.0,100000000.0,0.51,-21.42,-24.52,1496416190
BlueCoin,BLU,256,0.00144814,0.00000060,1575.48,832222.0,574683675.0,574683675.0,20.36,-9.3,184.51,1496416453
GlobalCoin,GLC,257,0.0125614,0.00000524,1240.17,818639.0,65171010.0,65171010.0,0.52,-25.32,-49.43,1496416444
Woodcoin,LOG,258,0.101689,0.00004242,567.442,817091.0,8035193.0,8035193.0,0.52,-12.1,-2.18,1496416464
Hush,HUSH,259,0.74192,0.0003099,118134.0,816770.0,1100888.0,1222363.0,6.57,20.36,31.1,1496416184
Pesetacoin,PTC,260,0.00624387,0.00000260,4591.59,815119.0,130547112.0,130547112.0,-0.61,2.23,-11.32,1496416450
EverGreenCoin,EGC,261,0.0611577,0.00002555,9875.98,814700.0,13321301.0,13321301.0,0.18,-6.87,0.7,1496416170
Unitus,UIS,262,0.0170809,0.00000713,21847.8,798916.0,46772496.0,46772496.0,-0.25,3.17,-10.62,1496416462
ExclusiveCoin,EXCL,263,0.191315,0.00007981,6897.11,782186.0,4088471.0,4088471.0,0.4,21.61,1.23,1496416461
HTMLCOIN,HTML5,264,0.0000191634,0.000000008,8414.25,779165.0,40659020000.0,40659020000.0,-4.44,-6.22,-17.84,1496416460
e-Gulden,EFL,265,0.0487519,0.00002034,2030.71,748126.0,15345576.0,20384916.0,-0.02,-3.3,-19.3,1496416452
GeoCoin,GEO,266,0.293059,0.00012225,7107.41,719483.0,2455079.0,2455079.0,0.54,9.11,17.14,1496416463
Tokes,TKS,267,1.09963,0.00045932,3937.73,712147.0,647624.0,50000000.0,5.51,6.49,-12.45,1496416190
Fantomcoin,FCN,268,0.11986,0.00005000,2274.29,702571.0,5861600.0,5861600.0,0.02,-3.12,-6.92,1496416455
HempCoin,THC,269,0.00328369,0.00000137,17112.5,695561.0,211823061.0,211823061.0,1.26,7.69,-11.22,1496416456
Ripto Bux,RBX,270,0.00190858,0.00000080,6273.33,652925.0,342100100.0,1000000000.0,0.46,3.14,52.71,1496416191
Altcoin,ALT,271,5.27421,0.00220306,2372.43,644378.0,122175.0,134063.0,0.17,6.3,19.06,1496416194
DT Token,DRACO,272,0.00724084,0.00000302,58077.4,643630.0,88888888.0,88888888.0,-0.91,42.67,59.69,1496416175
Version,V,273,0.00143642,0.00000060,1583.05,628278.0,437391909.0,437391909.0,5.67,,,1496416196
Synergy,SNRG,274,0.226012,0.00009441,1791.85,627315.0,2775585.0,2775585.0,6.43,-3.56,2.83,1496416165
ProCurrency,PROC,275,0.21968,0.00009176,844.221,618444.0,2815205.0,15000053805.0,-12.37,-15.14,-1.54,1496416194
Magi,XMG,276,0.0838237,0.00003497,4783.75,591440.0,7055756.0,7055756.0,6.83,14.71,-6.16,1496416460
TrustPlus,TRUST,277,0.0181948,0.00000759,1266.02,583809.0,32086595.0,32086595.0,0.62,6.47,5.01,1496416457
Deutsche eMark,DEM,278,0.0203493,0.00000849,671.205,565577.0,27793416.0,27793416.0,-0.47,-2.81,-3.08,1496416446
UniBURST,UNIBURST,279,0.56257,0.00023499,2086.01,562569.0,999999.0,1000000.0,-8.31,-4.98,192.14,1496416189
BTSR,BTSR,280,0.168094,0.00007021,18378.4,556529.0,3310819.0,3310819.0,1.23,15.4,-0.47,1496416172
TileCoin,XTC,281,0.00541862,0.00000226,11310.0,541862.0,100000000.0,100000000.0,-1.11,-0.04,-16.46,1496416461
IncaKoin,NKA,282,0.0000718297,0.00000003,10785.4,541380.0,7536993532.0,7536993532.0,0.37,29.51,199.94,1496416462
Moin,MOIN,283,0.0778372,0.00003251,3773.94,540933.0,6949547.0,6949547.0,0.38,27.93,23.27,1496416171
Canada eCoin,CDN,284,0.00549199,0.00000229,1311.88,535005.0,97415544.0,97415544.0,-1.55,5.27,20.52,1496416453
FujiCoin,FJC,285,0.000519095,0.00000022,4748.32,499874.0,962971336.0,962971336.0,-10.97,-28.47,0.54,1496416164
1337,1337,286,0.0000217164,0.000000009,2904.89,495123.0,22799514128.0,22799514128.0,1.79,20.49,43.61,1496416168
NuShares,NSR,287,0.000173454,0.00000007,1942.32,468719.0,2702268334.0,3317157422.0,-1.87,-27.95,-67.8,1496416462
Capricoin,CPC,288,0.457044,0.00019091,46170.8,450018.0,984628.0,200984628.0,0.39,3.92,12.78,1496416166
KoreCoin,KORE,289,0.239721,0.0001,1631.83,438917.0,1830949.0,1830949.0,-0.49,-6.15,-3.49,1496416456
TrumpCoin,TRUMP,290,0.065296,0.00002727,5676.09,427006.0,6539537.0,6539537.0,1.72,-4.19,3.55,1496416171
I0Coin,I0C,291,0.0193694,0.00000808,1332.27,406262.0,20974433.0,20974433.0,0.56,3.28,2.97,1496416446
Elcoin,EL,292,0.0343846,0.00001436,4082.62,385416.0,11208967.0,20935289.0,-3.43,-37.21,-37.64,1496416174
NobleCoin,NOBL,293,0.000167118,0.00000007,11903.7,382975.0,2291642417.0,2291642417.0,0.52,-19.09,-25.57,1496416448
Newbium,NEWB,294,0.0158007,0.00000660,43931.8,379217.0,24000000.0,51000000.0,26.2,50.33,261.06,1496416175
PostCoin,POST,295,0.0233267,0.00000974,3589.1,367986.0,15775332.0,15775332.0,0.71,-4.74,-3.17,1496416172
TeslaCoin,TES,296,0.0051175,0.00000213,1715.9,367303.0,71773902.0,71773902.0,0.52,36.44,29.79,1496416449
Jewels,JWL,297,0.0175483,0.00000733,2154.77,354057.0,20176168.0,20176168.0,4.44,-1.76,3.0,1496416181
Master Swiscoin,MSCN,298,0.033736,0.00001409,8360.38,345690.0,10246910.0,1002572937.0,-0.92,-4.54,-17.12,1496416188
Terracoin,TRC,299,0.0170478,0.00000711,5965.77,342643.0,20098940.0,20098940.0,0.49,7.02,-3.56,1496416457
Virtacoinplus,XVP,300,0.0385624,0.00001611,1196.47,340090.0,8819223.0,10353817.0,-0.17,-11.39,-45.67,1496416189
MazaCoin,MZC,301,0.000310395,0.00000013,1264.99,339143.0,1092618137.0,1092618137.0,0.46,18.04,42.09,1496416450
iTicoin,ITI,302,10.5091,0.00438969,47991.1,336291.0,32000.0,9999992.0,-2.8,-14.51,3.52,1496416194
Wyvern,WYV,303,0.306461,0.00012801,744.732,334199.0,1090511.0,1090511.0,0.98,1.32,-14.37,1496416192
Trollcoin,TROLL,304,0.000597466,0.00000025,914.622,330841.0,553740729.0,553740729.0,18.91,-4.61,-8.03,1496416460
Dotcoin,DOT,305,0.00139619,0.00000058,50337.1,313984.0,224886500.0,489886500.0,-2.22,-1.56,13.81,1496416463
Bottlecaps,CAP,306,0.00211019,0.00000088,3329.73,293079.0,138887284.0,138887284.0,-0.2,117.81,218.57,1496416442
ParkByte,PKB,307,0.0612874,0.00002560,1114.5,291975.0,4764026.0,4764026.0,0.38,16.93,8.22,1496416164
Quatloo,QTL,308,0.0363151,0.00001515,17462.6,270086.0,7437304.0,7437304.0,-0.56,-9.3,-19.35,1496416457
Influxcoin,INFX,309,0.161207,0.00006734,8975.88,269761.0,1673383.0,1673383.0,0.1,-4.47,-55.89,1496416167
Bytecent,BYC,310,0.166246,0.00006935,12852.2,269552.0,1621402.0,1621402.0,0.72,3.39,-10.45,1496416463
Atomic Coin,ATOM,311,0.0267972,0.00001119,781.102,269305.0,10049748.0,10049748.0,1.05,13.25,-3.29,1496416181
Torcoin,TOR,312,1.02272,0.00042719,21604.3,268592.0,262626.0,1262626.0,1.26,25.23,-29.38,1496416192
Asiadigicoin,ADCN,313,0.0105338,0.00000440,894.033,262619.0,24931054.0,210000000.0,1.07,-14.82,-28.52,1496416171
Karbowanec,KRB,314,0.0741757,0.00003098,4528.7,262515.0,3539092.0,3539092.0,0.32,-6.1,-8.75,1496416178
KibiCoin,KIC,315,0.0175241,0.00000732,744.278,256802.0,14654200.0,14654200.0,0.47,,,1496416196
UltraCoin,UTC,316,0.00589713,0.00000246,4388.14,254169.0,43100534.0,43100534.0,0.95,14.66,41.15,1496416448
Zoin,ZOI,317,0.0224552,0.00000938,1531.99,241462.0,10753050.0,10753050.0,0.22,-12.62,-23.48,1496416184
Cryptojacks,CJ,318,0.000577273,0.00000024,1783.19,234701.0,406568581.0,406568581.0,-15.85,137.55,67.87,1496416177
8Bit,8BIT,319,0.196691,0.00008205,2695.48,229030.0,1164415.0,1164415.0,1.5,3.74,-45.97,1496416465
Rubies,RBIES,320,0.0219737,0.00000918,2796.95,227945.0,10373544.0,10373544.0,1.04,1.22,-18.31,1496416171
Sexcoin,SXC,321,0.00182611,0.00000076,3244.09,223770.0,122539189.0,122539189.0,-10.97,-25.04,-8.85,1496416445
PRCoin,PRC,322,0.0233453,0.00000975,43007.9,220734.0,9455200.0,789455200.0,2.27,8.68,-2.63,1496416188
NuBits,USNBT,323,1.00741,0.00042024,78032.9,198230.0,196772.0,838087.0,-1.55,0.94,1.47,1496416460
Neutron,NTRN,324,0.0153558,0.00000641,718.958,193755.0,12617684.0,12617684.0,-16.13,-16.29,148.16,1496416465
LiteBar,LTB,325,0.291668,0.00012167,632.309,188354.0,645781.0,645781.0,0.52,0.12,-15.64,1496416450
GoldBlocks,GB,326,0.011833,0.00000494,1434.4,175923.0,14867153.0,14867153.0,-0.75,-3.75,9.97,1496416176
UnbreakableCoin,UNB,327,0.0740033,0.00003087,4907.18,168591.0,2278150.0,2278150.0,1.08,-7.01,3.04,1496416454
Pascal Lite,PASL,328,0.0837675,0.00003499,4406.82,165717.0,1978300.0,1978300.0,11.4,16.47,-19.71,1496416189
Netko,NETKO,329,0.0667004,0.00002786,1505.67,163132.0,2445737.0,2445737.0,0.38,-1.16,-19.03,1496416190
Tattoocoin (Standard Edition),TSE,330,0.00142386,0.00000059,1073.53,162849.0,114371422.0,604371422.0,38.25,1.36,14.17,1496416187
DigitalPrice,DP,331,0.00709554,0.00000296,982.344,160765.0,22657140.0,22657140.0,0.26,0.1,65.13,1496416460
Fastcoin,FST,332,0.00125613,0.00000052,2175.94,159233.0,126764507.0,126764507.0,-1.92,3.48,37.5,1496416456
bitBTC,BITBTC,333,2469.74,1.03026,67999.7,158261.0,64.0,64.0,0.2,2.46,0.67,1496416460
TheGCCcoin,GCC,334,0.0215703,0.00000901,1766.8,151842.0,7039409.0,867039409.0,0.38,-0.64,-23.51,1496416187
BERNcash,BERN,335,0.00164427,0.00000069,873.213,117128.0,71234301.0,71234301.0,-9.4,-5.46,-15.72,1496416173
Flycoin,FLY,336,0.553263,0.0002311,1544.37,116631.0,210806.0,210806.0,0.38,-45.24,38.95,1496416171
Machinecoin,MAC,337,0.00594507,0.00000248,2321.97,116270.0,19557425.0,19557425.0,-0.38,0.62,-12.53,1496416464
bitEUR,BITEUR,338,1.13683,0.00047486,20444.7,116070.0,102100.0,102100.0,-0.28,-0.65,0.7,1496416164
Piggycoin,PIGGY,339,0.000234447,0.00000010,899.078,113428.0,483812136.0,483812136.0,16.05,-22.44,-51.99,1496416456
MojoCoin,MOJO,340,0.00940728,0.00000393,1580.08,113415.0,12056136.0,12056136.0,1.81,4.1,-30.16,1496416172
PipCoin,PIP,341,0.0167822,0.00000701,589.558,110312.0,6573177.0,6999979.0,0.38,-25.1,-22.29,1496416181
CHNCoin,CNC,342,0.00411345,0.00000172,14149.0,103907.0,25260247.0,170109984.0,-2.28,-2.43,-29.99,1496416441
bitSilver,BITSILVER,343,19.3495,0.00807168,16109.4,102921.0,5319.0,5319.0,-4.73,4.66,11.18,1496416463
Emerald Crypto,EMD,344,0.00529772,0.00000221,3989.3,101277.0,19117129.0,19117129.0,0.98,38.11,46.9,1496416446
Sumokoin,SUMO,345,0.215727,0.00009011,8266.33,98974.0,458791.0,9347680.0,0.45,1.63,,1496416195
Eryllium,ERY,346,0.0227273,0.00000949,3315.13,98972.0,4354776.0,14354776.0,0.46,7.0,-41.49,1496416187
QuazarCoin,QCN,347,0.0167804,0.00000700,664.642,95845.0,5711706.0,5711706.0,-9.21,2.02,-1.86,1496416455
CacheCoin,CACH,348,0.0239721,0.00001000,4336.61,86386.0,3603588.0,3603588.0,-55.36,-74.23,,1496416450
bitGold,BITGOLD,349,1424.8,0.594361,3729.1,79810.0,56.0,56.0,-3.21,-4.67,4.28,1496416463
Kurrent,KURT,350,0.00743642,0.00000311,598.363,73765.0,9919485.0,21319485.0,0.62,8.21,17.61,1496416183
Freicoin,FRC,351,0.00263693,0.00000110,17614.7,73584.0,27905179.0,100000000.0,0.52,-0.43,4.87,1496416444
Greencoin,GREV2,352,0.0000239721,0.00000001,797.253,73333.0,3059088641.0,3059088641.0,-49.74,-0.38,0.1,1496416457
Spots,SPT,353,0.00308381,0.00000129,599.129,69096.0,22406021.0,22406021.0,0.42,-20.2,38.52,1496416443
PetroDollar,XPD,354,0.00106438,0.00000044,1340.66,68113.0,63993275.0,63993275.0,2.42,-33.96,40.24,1496416452
Gapcoin,GAP,355,0.00618479,0.00000258,11479.4,67311.0,10883285.0,10883285.0,0.23,-2.57,15.98,1496416461
CrevaCoin,CREVA,356,0.00173648,0.00000073,12287.2,63192.0,36390750.0,6240390800.0,-2.6,-1.41,-12.98,1496416165
MCAP,MCAP,357,6.27057,0.00261924,132298.0,62737.0,10005.0,100000000.0,-0.5,0.05,,1496416195
Wexcoin,WEX,358,0.346756,0.00014484,5936.26,58129.0,167637.0,10000167637.0,-5.73,-8.28,13.8,1496416180
Argentum,ARG,359,0.00764708,0.00000319,989.225,57397.0,7505734.0,7505734.0,-2.24,-19.72,-2.81,1496416442
NevaCoin,NEVA,360,0.0286433,0.00001196,547.273,51949.0,1813660.0,1813660.0,-0.98,0.76,15.68,1496416172
Acoin,ACOIN,361,0.0416115,0.00001736,11151.6,50770.0,1220085.0,1220085.0,6.91,-1.2,-32.07,1496416459
Philosopher Stones,PHS,362,0.0193934,0.00000809,3432.56,47111.0,2429219.0,2429219.0,0.77,-0.2,5.17,1496416446
PonziCoin,PONZI,363,0.0532195,0.00002223,654.555,45827.0,861099.0,861099.0,-28.02,-4.01,-4.3,1496416174
Prime-XI,PXI,364,0.00299542,0.00000125,1350.78,44319.0,14795440.0,14795440.0,1.22,0.73,52.03,1496416461
LevoPlus,LVPS,365,0.0955941,0.00003993,5162.89,39364.0,411787.0,91411787.0,0.33,89.62,-27.37,1496416190
Allion,ALL,366,0.00606981,0.00000254,2313.6,37629.0,6199359.0,7323359.0,0.32,-8.27,-26.34,1496416188
Independent Money System,IMS,367,0.00678433,0.00000283,989.389,36425.0,5368934.0,5368934.0,8.67,-2.21,-10.48,1496416172
Rawcoin,XRC,368,0.0502509,0.00002099,2322.5,35421.0,704882.0,704882.0,7.39,-8.89,221.66,1496416184
Bolivarcoin,BOLI,369,0.0052221,0.00000218,505.59,33859.0,6483700.0,6483700.0,1.97,-8.91,7.53,1496416167
MACRON,MCRN,370,0.0000719903,0.00000003,890.581,28898.0,401421401.0,401421401.0,0.21,-25.48,-17.18,1496416193
BeaverCoin,BVC,371,0.00920527,0.00000384,709.385,28677.0,3115258.0,3115258.0,5.62,6.33,-8.84,1496416460
Honey,HONEY,372,0.379082,0.00015834,1004.65,25894.0,68306.0,68306.0,0.38,-5.36,-49.83,1496416190
PIECoin,PIE,373,0.000357787,0.00000015,521.278,25785.0,72066991.0,72066991.0,0.38,12.46,-8.84,1496416190
Kittehcoin,MEOW,374,0.0000008593,0.0000000004,1642.95,20543.0,23905669976.0,23905669976.0,0.04,29.86,52.2,1496416448
Marijuanacoin,MAR,375,0.0380892,0.00001591,6405.17,19909.0,522690.0,522690.0,-0.29,-33.37,-28.99,1496416188
Eurocoin,EUC,376,0.00148431,0.00000062,1098.28,17411.0,11730325.0,11730325.0,0.31,-5.86,-21.7,1496416166
Bitvolt,VOLT,377,0.000790033,0.00000033,587.878,11939.0,15112554.0,60132654.0,-1.85,-0.69,-12.15,1496416193
Ebittree Coin,EBT,378,0.0113717,0.00000475,1213.78,9916.0,872000.0,810872000.0,-1.69,-5.53,6.24,1496416193
AllSafe,ASAFE,379,0.0000133816,0.000000006,1101.25,9501.0,710000000.0,710000000.0,0.35,-22.56,48.01,1496416182
Beatcoin,XBTS,380,0.00604779,0.00000253,1559.14,9221.0,1524686.0,2524686.0,5.66,-15.46,1.88,1496416181
BenjiRolls,BENJI,381,0.000454868,0.00000019,5858.51,8618.0,18945086.0,18945086.0,0.38,-5.23,-20.87,1496416186
Argus,ARGUS,382,0.00567813,0.00000237,698.91,6520.0,1148324.0,5194373.0,0.79,1.93,4.58,1496416188
Digital Money Bits,DMB,383,0.0135856,0.00000567,17819.7,4206.0,309600.0,10309600.0,-10.2,23.02,82.12,1496416195
Environ,ENV,384,0.0000239404,0.00000001,3227.17,3139.0,131129509.0,931129509.0,0.38,-0.68,,1496416193
Powercoin,PWR,385,0.0000239404,0.00000001,1313.91,1197.0,49983870.0,49983870.0,0.38,-0.69,-0.18,1496416175
Gold Pressed Latinum,GPL,386,0.171605,0.00007168,7588.4,,,204034.0,0.35,-11.83,20.15,1496416194
SnakeEyes,SNAKE,387,0.156269,0.00006527,976.528,,,10000000.0,10.17,11.76,40.75,1496416194
Arcade Token,ARC,388,3.74133,0.00167261,,10777041.0,2880537.0,2880537.0,,,31.79,1496180681
Scotcoin,SCOT,389,0.00629608,0.00000263,164.072,6296080.0,1000000000.0,1000000000.0,-0.62,-25.54,10.07,1496416455
Jinn,JINN,390,48.8655,0.0203843,488.655,2868551.0,58703.0,1000000.0,0.21,9.02,-18.09,1496416461
XCurrency,XC,391,0.431497,0.00018,352.389,2505632.0,5806835.0,5806835.0,0.52,-0.9,-17.19,1496416455
AsiaCoin,AC,392,0.00288682,0.00000120,76.0734,2423730.0,839584734.0,839584734.0,6.62,-3.71,-22.98,1496416453
InstantDEX,DEX,393,2.40578,0.00100358,348.838,2405780.0,1000000.0,1000000.0,0.21,9.02,,1496416460
NewYorkCoin,NYC,394,0.0000239721,0.00000001,246.433,1431612.0,59719935819.0,59719935819.0,0.52,5471.81,24.12,1496416453
Bitpark Coin,BPC,395,0.0189847,0.00000793,257.04,1423853.0,75000000.0,100000000.0,0.38,10.45,11.71,1496416185
InsaneCoin,INSANE,396,0.0633053,0.00002644,201.829,1161082.0,18340987.0,18340987.0,0.21,-17.96,51.38,1496416182
Devcoin,DVC,397,0.0000610280,0.00000003,44.6061,854613.0,14003627500.0,14003627500.0,0.03,-9.18,82.34,1496416441
DubaiCoin,DBIC,398,0.162116,0.00006772,152.892,831495.0,5129014.0,6146942.0,-0.32,-1.87,2.72,1496416173
ShadowCash,SDC,399,0.12256,0.00005113,393.227,817126.0,6667148.0,6667148.0,0.52,0.5,-19.86,1496416458
Pandacoin,PND,400,0.0000239721,0.00000001,295.396,779451.0,32514916898.0,32514916898.0,0.52,-0.38,0.1,1496416450
Ultimate Secure Cash,USC,401,0.0729684,0.00003048,133.832,754720.0,10343113.0,38602656.0,0.38,,-13.59,1496416191
Casino,CASINO,402,0.742593,0.00031018,21.5352,742593.0,1000000.0,1000000.0,1.45,53.3,17.2,1496416190
Carboncoin,CARBON,403,0.0000479441,0.00000002,7.15566,737952.0,15391933686.0,15391933686.0,0.52,-0.38,0.1,1496416458
Tao,XTO,404,0.0225074,0.00000940,210.397,682348.0,30316613.0,32316613.0,-0.91,33.92,9.48,1496416179
Cryptofund,FUND,405,0.5588,0.0002553,,558800.0,1000000.0,1000000.0,,,-21.85,1495948164
E-Currency Coin ,ECC,406,0.0000239721,0.00000001,3.83795,528839.0,22060603799.0,22060603799.0,0.52,-0.38,0.1,1496416451
CageCoin,CAGE,407,0.0000049631,0.000000002,126.177,502109.0,101168328395,101168328395,3.96,-1.43,16.27,1496416451
Shorty,SHORTY,408,0.00501117,0.00000210,,501117.0,100000000.0,100000000.0,,-1.01,29.77,1496365479
ReeCoin,REE,409,0.0383144,0.00001600,329.973,473861.0,12367704.0,6662367704.0,0.38,-6.83,23.11,1496416177
Joincoin,J,410,0.192732,0.00008040,368.09,471885.0,2448402.0,2448402.0,-86.26,-65.39,101.63,1496416458
CasinoCoin,CSC,411,0.0119756,0.00000500,360.88,462272.0,38601187.0,38601187.0,3.63,2.17,-8.81,1496416443
Happycoin,HPC,412,0.0404593,0.00001690,220.71,459859.0,11365953.0,11365953.0,0.38,4.97,181.77,1496416192
YashCoin,YASH,413,0.0454868,0.00001900,235.112,454873.0,10000117.0,10000117.0,-3.57,-23.92,16.1,1496416186
SmileyCoin,SMLY,414,0.0000173224,0.000000007,107.905,449694.0,25960250000.0,25960250000.0,0.03,-20.68,-32.58,1496416463
PayCoin,XPY,415,0.0377393,0.00001574,113.738,441654.0,11702753.0,11752753.0,48.44,412.49,112.67,1496416462
Dashcoin,DSH,416,0.023732,0.00000990,272.988,410364.0,17291579.0,17291579.0,-9.44,-12.6,-4.36,1496416461
Colossuscoin V2,CV2,417,0.0000184823,0.000000008,245.22,410116.0,22189670273.0,22189670273.0,2.18,-14.98,-51.66,1496416465
BitBar,BTB,418,11.5205,0.00480582,183.279,375385.0,32584.0,32584.0,0.55,0.06,2.09,1496416441
LTBcoin,LTBC,419,0.000742106,0.00000032,,366499.0,493863915.0,493863915.0,,,,1496287754
Orbitcoin,ORB,420,0.123636,0.00005157,25.6079,365420.0,2955613.0,2955613.0,0.3,-4.24,2.64,1496416446
FuelCoin,FC2,421,0.00357184,0.00000149,3.65687,362229.0,101412497.0,101412497.0,0.52,6.03,,1496416456
GCoin,GCN,422,0.0000025914,0.000000001,494.261,360223.0,139006910000,139006910000,9.88,5.33,39.6,1496416462
RussiaCoin,RC,423,0.0423266,0.00001768,0.287212,347774.0,8216446.0,8216446.0,0.38,-0.58,4.47,1496416170
SuperCoin,SUPER,424,0.00839022,0.00000350,83.894,345305.0,41155630.0,41155630.0,0.52,,,1496416455
Mineum,MNM,425,0.0361048,0.00001508,98.3431,340698.0,9436367.0,9586367.0,-6.99,-1.25,-20.41,1496416176
HOdlcoin,HODL,426,0.00366288,0.00000153,239.833,339480.0,92681280.0,250000000.0,0.38,39.4,8.77,1496416171
Bitstar,BITS,427,0.0130384,0.00000544,85.8864,300923.0,23079737.0,23079737.0,-35.26,47.14,148.94,1496416453
Rare Pepe Party,RAREPEPEPRTY,428,16.1275,0.0067095,,290295.0,18000.0,100000.0,,,-2.21,1496315982
HitCoin,HTC,429,0.0000239404,0.00000001,16.421,263256.0,10996318099.0,20996318099.0,0.38,-37.14,-9.86,1496416173
MTMGaming,MTM,430,0.0851356,0.00003556,331.263,255407.0,3000000.0,5000000.0,-1.31,23.19,119.04,1496416189
Veltor,VLT,431,0.454485,0.00018984,345.821,252173.0,554855.0,554855.0,0.38,-2.98,44.51,1496416180
SmartCoin,SMC,432,0.0105936,0.00000442,89.5114,242524.0,22893406.0,22893406.0,0.43,9.81,-21.85,1496416448
Crypto Bullion,CBX,433,0.234606,0.00009787,57.8634,233633.0,995851.0,995851.0,1.08,-9.22,-35.94,1496416458
BTCtalkcoin,TALK,434,0.00357833,0.00000161,,233631.0,65290635.0,65290635.0,,,-24.22,1496191750
AgrolifeCoin,AGLC,435,0.0472658,0.00001990,,216113.0,4572282.0,204572282.0,,,,1496301878
VirtualCoin,VC,436,0.0212872,0.00000888,221.894,214240.0,10064287.0,10064287.0,0.52,10.58,-6.14,1496416458
Vault Coin,VLTC,437,0.00693104,0.00000290,32.2157,206027.0,29725250.0,529725250.0,3.79,8.89,-12.07,1496416185
BritCoin,BRIT,438,0.00956485,0.00000399,161.853,203426.0,21268092.0,21268092.0,0.52,74.8,-1.38,1496416457
The Cypherfunks,FUNK,439,0.0000044953,0.000000002,83.9753,198517.0,44160970000.0,44160970000.0,0.7,-9.68,-29.75,1496416165
SwagBucks,BUCKS,440,0.965117,0.00040313,2.69215,198456.0,205629.0,205629.0,1.25,9.01,-21.82,1496416169
Pesobit,PSB,441,0.00581752,0.00000243,398.233,190062.0,32670663.0,32670663.0,0.38,-9.95,0.14,1496416181
42-coin,42,442,4443.23,1.85351,156.158,186616.0,42.0,42.0,1.42,-2.84,16.9,1496416448
Kobocoin,KOBO,443,0.00733048,0.00000306,111.441,181065.0,24700248.0,24700248.0,0.52,-38.26,-58.39,1496416463
BillaryCoin,BLRY,444,0.0200621,0.00000838,12.9147,180221.0,8983158.0,8983158.0,0.38,7.27,-3.24,1496416174
Bitz,BITZ,445,0.0892373,0.00003720,,177662.0,1990891.0,1990891.0,,-0.31,,1496351362
Tristar Coin,TSTR,446,0.0343849,0.00001500,,172882.0,5027857.0,255027857.0,,,-6.01,1496271895
NetCoin,NET,447,0.000217049,0.00000009,85.9363,170845.0,787126712.0,787126712.0,0.48,-5.66,-13.5,1496416446
Zero,ZER,448,0.227434,0.00009500,297.163,169445.0,745030.0,745030.0,0.38,-0.73,-7.65,1496416190
Titcoin,TIT,449,0.002967,0.00000124,111.356,148048.0,49898202.0,49898202.0,-2.53,4.38,-19.81,1496416457
Crave,CRAVE,450,0.11195,0.00004670,260.789,139903.0,1249695.0,1249695.0,0.52,-30.23,21.36,1496416464
Truckcoin,TRK,451,0.00110257,0.00000046,22.481,135680.0,123057949.0,123057949.0,0.53,-4.52,59.28,1496416458
Stress,STS,452,0.000239404,0.00000010,3.16971,135295.0,565134332.0,565134332.0,0.38,-0.69,,1496416171
Coin(O),CNO,453,0.00129441,0.00000054,256.036,133472.0,103113890.0,103113890.0,-4.76,14.62,37.65,1496416451
HoboNickels,HBN,454,0.00270884,0.00000113,183.513,131563.0,48568019.0,48568019.0,0.52,12.79,97.33,1496416447
PureVidz,VIDZ,455,0.0010259,0.00000043,246.769,128427.0,125184522.0,125184522.0,2.57,-29.86,1.0,1496416186
MetalCoin,METAL,456,0.00153421,0.00000064,5.80596,118020.0,76925527.0,76925527.0,0.52,-19.29,-14.58,1496416464
Bitcurrency,BTCR,457,0.000685613,0.00000029,108.996,115350.0,168243190.0,168243190.0,0.38,-2.13,25.3,1496416183
BitcoinTX,BTX,458,0.00141248,0.00000059,58.1919,114498.0,81061976.0,81061976.0,0.32,-41.41,-54.64,1496416163
Xiaomicoin,MI,459,0.000279583,0.00000012,293.092,113550.0,406141855.0,406141855.0,0.32,18.12,19.31,1496416169
TEKcoin,TEK,460,0.0000801809,0.00000003,485.172,113380.0,1414054562.0,1414054562.0,0.49,-20.52,65.23,1496416454
GAIA,GAIA,461,0.00466575,0.00000198,,112451.0,24101381.0,24101381.0,,-2.07,-10.22,1496340859
Rimbit,RBT,462,0.000962606,0.00000040,497.727,111181.0,115499623.0,393459356.0,-0.02,1.91,-2.96,1496416462
Digital Rupees,DRS,463,0.000215464,0.00000009,95.3915,110060.0,510802961.0,510802961.0,0.38,3.78,16.49,1496416186
LanaCoin,LANA,464,0.000143596,0.00000006,379.253,107467.0,748397623.0,748397623.0,0.39,-25.37,21.6,1496416174
HyperStake,HYP,465,0.000273452,0.00000011,299.056,105497.0,385796097.0,385796097.0,-6.38,6.71,18.84,1496416458
C-Bit,XCT,466,0.000790033,0.00000033,9.78601,104119.0,131791000.0,131791000.0,6.86,-0.69,5.97,1496416171
Phoenixcoin,PXC,467,0.00179728,0.00000075,360.548,104033.0,57883725.0,57883725.0,0.58,40.01,29.07,1496416443
Cannacoin,CCN,468,0.0213591,0.00000891,63.5982,100338.0,4697672.0,4697672.0,0.52,-15.06,-1.5,1496416453
Coin2.1,C2,469,0.000998852,0.00000042,320.42,99862.0,99976323.0,99976323.0,-0.27,2.57,-8.96,1496416455
Pakcoin,PAK,470,0.00271714,0.00000113,251.321,99555.0,36639700.0,36639700.0,0.53,-1.76,-16.49,1496416167
LottoCoin,LOT,471,0.0000068309,0.000000003,5.94627,98987.0,14491014421.0,14491014421.0,-2.63,-31.14,-29.03,1496416447
BigUp,BIGUP,472,0.0000478808,0.00000002,154.199,98366.0,2054402898.0,2054402898.0,0.38,1.62,99.63,1496416171
Dollarcoin,DLC,473,0.0106056,0.00000443,10.4423,96582.0,9106714.0,9106714.0,0.38,8.63,,1496416180
Sterlingcoin,SLG,474,0.0245645,0.00001025,83.1583,95339.0,3881156.0,3881156.0,0.29,-2.65,-15.99,1496416461
Swing,SWING,475,0.0417162,0.00001743,7.57363,95014.0,2277633.0,2277633.0,0.64,-29.92,-14.42,1496416168
GlobalBoost-Y,BSTY,476,0.00816596,0.00000341,143.581,93079.0,11398430.0,11398430.0,0.27,-3.13,3.41,1496416460
TittieCoin,TTC,477,0.0000718443,0.00000003,91.5955,90511.0,1259816434.0,1259816434.0,0.52,-0.03,5.34,1496416461
FlutterCoin,FLT,478,0.000274616,0.00000011,9.36243,88485.0,322214524.0,322214524.0,-3.21,-4.92,-23.27,1496416452
WayGuide,WAY,479,0.000861855,0.00000036,2.67089,86221.0,100040708.0,100040708.0,0.38,,8.89,1496416179
BunnyCoin,BUN,480,0.0000008136,0.0000000003,5.22073,82504.0,101411059820,101411059820,-2.48,-2.62,-0.87,1496416459
KiloCoin,KLC,481,0.000406987,0.00000017,4.06987,79891.0,196297971.0,10025186872.0,0.32,5.52,13.13,1496416171
GameUnits,UNITS,482,0.0228342,0.00000954,104.191,79147.0,3466167.0,3466167.0,0.38,-36.66,-22.11,1496416186
AmberCoin,AMBER,483,0.00177393,0.00000074,2.7313,77420.0,43643263.0,43643263.0,0.52,17.02,0.86,1496416463
UFO Coin,UFO,484,0.0000229521,0.00000001,,75442.0,3286913762.0,3286913762.0,,,-4.16,1496273048
Elementrem,ELE,485,0.00293272,0.00000123,124.991,73371.0,25018237.0,25018237.0,-5.19,-0.37,-5.31,1496416177
Darsek,KED,486,0.00737361,0.00000308,25.5542,72702.0,9859767.0,9859767.0,3.06,-4.41,-24.79,1496416191
Triangles,TRI,487,0.995104,0.00041511,10.4244,72535.0,72891.0,72891.0,0.52,-15.4,-11.76,1496416457
Blakecoin,BLC,488,0.00580014,0.00000242,205.717,69084.0,11910789.0,11910789.0,0.52,-0.39,-3.95,1496416448
Valorbit,VAL,489,0.0000239404,0.00000001,11.9702,68765.0,2872339329.0,922340072339329,0.32,-0.69,-0.18,1496416172
SproutsExtreme,SPEX,490,0.0000239404,0.00000001,11.9702,68628.0,2866607586.0,2866607586.0,0.32,-0.69,-0.18,1496416171
NoLimitCoin,NLC2,491,0.000335166,0.00000014,9.83771,67187.0,200458734.0,200458734.0,0.38,-14.03,-32.67,1496416180
CorgiCoin,CORG,492,0.0000535026,0.00000002,,66978.0,1251855418.0,1251855418.0,0.41,-24.22,-69.38,1496414947
CCMiner,CCM100,493,0.0275034,0.00001149,50.8538,66458.0,2416354.0,6000000.0,1.45,-1.26,-3.18,1496416188
Guncoin,GUN,494,0.00035955,0.00000015,34.9857,65475.0,182102578.0,182102578.0,0.52,-8.47,32.7,1496416454
HempCoin,HMP,495,0.0000478808,0.00000002,119.702,64956.0,1356620798.0,2856620798.0,0.38,-0.69,71.98,1496416170
Yacoin,YAC,496,0.000551357,0.00000023,4.13755,64020.0,116113808.0,116113808.0,0.52,-0.38,-4.15,1496416444
ChessCoin,CHESS,497,0.00118019,0.00000049,27.5196,63690.0,53966004.0,53966004.0,0.19,-2.21,82.54,1496416177
Debitcoin,DBTC,498,0.00351924,0.00000147,33.924,63318.0,17992027.0,25992027.0,0.38,3.01,18.21,1496416175
Ratecoin,XRA,499,0.000594041,0.00000025,124.128,63022.0,106090103.0,106090103.0,-0.09,-1.97,-25.18,1496416165
Bitcloud,BTD,500,0.00531477,0.00000222,45.1371,59200.0,11138720.0,11138720.0,0.32,2.54,55.89,1496416179
DigiCube,CUBE,501,0.0000239232,0.000000010,0.841784,58112.0,2429126009.0,2429126009.0,18.09,,-0.26,1496416169
Chronos,CRX,502,0.000773719,0.00000032,286.418,57046.0,73729962.0,73729962.0,0.36,11.57,13.39,1496416177
RevolverCoin,XRE,503,0.00258556,0.00000108,25.8599,56349.0,21793606.0,21793606.0,0.38,32.52,1.29,1496416175
Nyancoin,NYAN,504,0.000179234,0.00000007,66.0733,53392.0,297891209.0,297891209.0,-0.84,-15.21,-6.38,1496416448
KushCoin,KUSH,505,0.00976769,0.00000408,30.3677,52684.0,5393668.0,5393668.0,0.38,-9.56,-18.97,1496416187
AquariusCoin,ARCO,506,0.0418196,0.00001747,128.292,51109.0,1222137.0,1222137.0,-0.13,-6.67,-11.48,1496416174
Artex Coin,ATX,507,0.00267928,0.00000112,107.116,50093.0,18696595.0,268696595.0,-9.33,-14.14,15.3,1496416178
Zayedcoin,ZYD,508,0.00790033,0.00000330,20.4064,49328.0,6243840.0,6243840.0,0.38,-2.17,-17.44,1496416179
RedCoin,RED,509,0.000648182,0.00000027,10.8479,48035.0,74107896.0,74107896.0,0.68,6.48,-35.54,1496416447
SatoshiMadness,MAD,510,0.0000239404,0.00000001,129.518,47897.0,2000683485.0,2000683485.0,0.38,-0.69,-0.18,1496416167
BurstOcean,OCEAN,511,0.223653,0.00009342,10.2433,47376.0,211827.0,1000000.0,20.19,3.17,62.91,1496416190
AurumCoin,AU,512,0.159103,0.00006637,125.181,47129.0,296216.0,296216.0,0.25,-25.75,-24.96,1496416462
Aricoin,ARI,513,0.000335609,0.00000014,26.5496,47073.0,140262505.0,140262505.0,0.24,-7.98,10.32,1496416451
Francs,FRN,514,0.0272702,0.00001139,168.656,46744.0,1714100.0,1714100.0,0.42,-4.28,22.43,1496416171
MarteXcoin,MXT,515,0.0170039,0.00000710,0.120223,46389.0,2728161.0,2728161.0,-0.46,0.83,-37.73,1496416175
Eternity,ENT,516,0.0148835,0.00000622,291.874,45614.0,3064737.0,3064737.0,-12.76,-18.61,-33.5,1496416183
Tigercoin,TGC,517,0.0010308,0.00000043,10.972,44878.0,43536800.0,43536800.0,0.52,7.1,43.48,1496416448
Evotion,EVO,518,0.0180533,0.00000754,159.704,44578.0,2469220.0,2469220.0,0.57,1.81,-50.2,1496416170
808Coin,808,519,0.000215718,0.00000009,254.683,44467.0,206135808.0,206135808.0,0.39,0.91,42.24,1496416178
Sativacoin,STV,520,0.00622989,0.00000260,0.258488,44088.0,7076855.0,7076855.0,,-5.51,8.79,1496416460
ICOBID,ICOB,521,0.000409972,0.00000017,135.191,42581.0,103862796.0,103862796.0,0.35,-12.63,6.48,1496416186
Jin Coin,JIN,522,0.00428533,0.00000179,65.5409,42204.0,9848485.0,9848485.0,0.38,-33.88,,1496416179
AmsterdamCoin,AMS,523,0.00430927,0.00000180,126.182,41385.0,9603707.0,16803707.0,-4.9,-8.43,18.07,1496416166
UniCoin,UNIC,524,0.0140768,0.00000588,104.742,40987.0,2911668.0,2911668.0,0.67,-13.43,7.13,1496416164
Joulecoin,XJO,525,0.00124655,0.00000052,37.8216,40211.0,32258096.0,32258096.0,0.52,-6.02,3.96,1496416447
UCoin,U,526,0.0148866,0.00000621,171.04,40042.0,2689812.0,2689812.0,0.52,2.02,-0.02,1496416462
MiloCoin,MILO,527,0.00385441,0.00000161,68.1691,39663.0,10290227.0,10290227.0,0.32,-8.77,40.13,1496416189
OctoCoin,888,528,0.000804553,0.00000034,62.0965,38918.0,48372508.0,48372508.0,0.52,-23.03,48.84,1496416451
Photon,PHO,529,0.0000021294,0.0000000009,90.0887,37986.0,17839147665.0,17839147665.0,0.03,70.91,52.21,1496416451
Franko,FRK,530,0.0568857,0.00002373,4.17421,36233.0,636950.0,636950.0,0.52,1.6,-49.0,1496416442
Universe,UNI,531,0.0119463,0.00000499,154.889,35541.0,2975067.0,14175067.0,0.38,7.73,3.44,1496416191
WMCoin,WMC,532,0.00306437,0.00000128,0.474355,35324.0,11527489.0,911527489.0,0.38,,,1496416175
PopularCoin,POP,533,0.0000105316,0.000000004,6.62994,35204.0,3342694698.0,3342694698.0,3.07,-14.08,-3.3,1496416453
FlavorCoin,FLVR,534,0.0016618,0.00000069,1.30185,34728.0,20898106.0,20898106.0,11.91,17.11,45.93,1496416170
Cypher,CYP,535,0.00541053,0.00000226,244.815,34440.0,6365285.0,6365285.0,0.38,9.12,-11.67,1496416164
Dobbscoin,BOB,536,0.00656834,0.00000274,3.38828,33238.0,5060382.0,5060382.0,0.52,-1.18,1.71,1496416458
SpaceCoin,SPACE,537,0.00180588,0.00000075,43.071,32139.0,17796795.0,17796795.0,0.02,-12.96,-7.02,1496416167
Evil Coin,EVIL,538,0.0015061,0.00000063,0.920612,31659.0,21020383.0,21020383.0,0.37,-2.28,0.04,1496416170
CryptoWorldX Token,CWXT,539,0.00057457,0.00000024,5.52511,31422.0,54688570.0,54688570.0,0.38,-0.69,-7.86,1496416188
Uro,URO,540,0.0258179,0.00001077,61.2027,31170.0,1207310.0,1207310.0,0.52,-2.37,-8.64,1496416456
RonPaulCoin,RPC,541,0.0384521,0.00001604,19.4748,30346.0,789188.0,789188.0,0.51,-18.8,12.57,1496416447
LeaCoin,LEA,542,0.000109425,0.00000005,69.9469,30226.0,276229889.0,276229889.0,33.04,35.52,-0.01,1496416465
Creatio,XCRE,543,0.00147091,0.00000061,178.863,30184.0,20520514.0,20520514.0,0.47,1.7,46.02,1496416184
CoExistCoin,COXST,544,0.00108512,0.00000045,11.9503,29449.0,27138905.0,27138905.0,8.83,-30.13,-49.02,1496416175
Hexx,HXX,545,0.0217336,0.00000908,334.295,29411.0,1353261.0,1353261.0,0.38,0.6,-36.57,1496416165
Dreamcoin,DRM,546,0.0120275,0.00000503,,29311.0,2436996.0,2436996.0,,-1.07,,1496330352
Solarflarecoin,SFC,547,0.0021307,0.00000089,93.4478,29231.0,13718750.0,13718750.0,0.38,-0.69,-33.0,1496416187
Hommalicoin,HMC,548,11.7946,0.00496011,,28528.0,2419.0,1000000000.0,,,102.06,1496299177
SixEleven,611,549,0.0691878,0.00002890,8.97643,28511.0,412083.0,412083.0,0.38,-21.37,-62.09,1496416175
Zurcoin,ZUR,550,0.000359106,0.00000015,22.4919,28364.0,78984822.0,78984822.0,0.38,-29.42,6.95,1496416174
PlatinumBAR,XPTX,551,0.155613,0.00006500,9.6696,27167.0,174581.0,174581.0,0.38,16.06,-3.12,1496416174
Bitzeny,ZNY,552,0.000359106,0.00000015,59.0232,27154.0,75614500.0,75614500.0,0.32,-0.69,9.59,1496416165
PayCon,CON,553,0.00115955,0.00000048,49.5214,26719.0,23042604.0,23042604.0,-1.21,-1.28,-16.52,1496416464
Unrealcoin,URC,554,0.00378758,0.00000158,20.1919,26605.0,7024402.0,7024402.0,0.52,,8.14,1496416465
HealthyWormCoin,WORM,555,0.00167583,0.00000070,40.9879,26522.0,15826378.0,15826378.0,0.38,-0.69,-39.24,1496416192
BumbaCoin,BUMBA,556,0.00119702,0.00000050,0.848685,26269.0,21945500.0,21945500.0,0.38,-0.69,-19.55,1496416172
PX,PX,557,0.000335166,0.00000014,97.2024,25745.0,76812380.0,76812380.0,0.38,-33.79,-22.24,1496416179
SoonCoin,SOON,558,0.00203762,0.00000085,48.1288,25394.0,12462620.0,12462620.0,2.95,-4.85,-17.22,1496416462
GoldPieces,GP,559,0.0207117,0.00000864,328.824,25272.0,1220161.0,1220161.0,-4.56,-3.64,-37.27,1496416462
Lex4All,LEX,560,0.0252531,0.00001055,88.0072,25254.0,1000043.0,5000000.0,-31.69,-48.67,-49.51,1496416189
Grantcoin,GRT,561,0.00059851,0.00000025,132.118,24736.0,41329098.0,10041329098.0,0.38,-13.67,0.79,1496416166
Cannation,CNNC,562,0.00996613,0.00000416,72.486,24463.0,2454569.0,2454569.0,0.32,-9.88,-14.61,1496416194
Universal Currency,UNIT,563,0.00185457,0.00000077,63.8131,24196.0,13046431.0,13046431.0,0.32,-46.76,-74.9,1496416164
CryptoEscudo,CESC,564,0.000167804,0.00000007,30.9029,24181.0,144105100.0,594105100.0,0.52,-0.38,0.1,1496416453
X-Coin,XCO,565,0.00191776,0.00000080,11.3883,23751.0,12384976.0,12384976.0,0.52,-0.91,-10.2,1496416464
NeuCoin,NEU,566,0.0000116700,0.000000005,0.0168632,23232.0,1990764588.0,2014638413.0,-11.65,-19.26,,1496416167
ARbit,ARB,567,0.00357811,0.00000149,,23154.0,6471085.0,6471085.0,,-0.33,14.76,1496362165
Theresa May Coin,MAY,568,0.00150825,0.00000063,15.0599,23048.0,15281000.0,15281000.0,0.38,-13.5,,1496416196
B3Coin,B3,569,0.073497,0.00003070,67.4311,22585.0,307297.0,307297.0,0.38,7.57,26.78,1496416179
AntiBitcoin,ANTI,570,0.00126884,0.00000053,205.355,22160.0,17465159.0,17465159.0,0.38,-9.25,3.73,1496416169
ParallelCoin,DUO,571,0.0746411,0.00003118,258.018,21459.0,287489.0,287489.0,0.19,-2.83,-9.54,1496416168
Ride My Car,RIDE,572,0.000212202,0.00000009,26.1797,21453.0,101097610.0,101097610.0,0.38,-19.33,-22.95,1496416188
BiosCrypto,BIOS,573,0.00102944,0.00000043,0.263321,21348.0,20737003.0,20737003.0,0.38,-14.27,0.65,1496416166
Flaxscript,FLAX,574,0.003615,0.00000151,1.68454,19869.0,5496301.0,5496301.0,-0.28,-0.69,9.81,1496416166
Litecred,LTCR,575,0.000649894,0.00000027,182.316,19645.0,30227750.0,30227750.0,-9.94,-22.96,91.95,1496416169
MindCoin,MND,576,0.00155613,0.00000065,18.6583,19524.0,12546625.0,12546625.0,0.38,-3.65,-7.31,1496416169
IslaCoin,ISL,577,0.0128899,0.00000538,24.2102,19511.0,1513704.0,1513704.0,2.11,5.05,-10.13,1496416168
DAPPSTER,DLISK,578,0.000191714,0.00000008,,19171.0,100000000.0,100000000.0,,-0.59,-20.38,1496409881
PLNcoin,PLNC,579,0.00110271,0.00000046,1.17,18845.0,17089600.0,19089600.0,0.52,1.84,-3.46,1496416453
Magnum,MGM,580,0.00516496,0.00000225,,18735.0,3627235.0,253627235.0,,,-4.97,1496272491
SongCoin,SONG,581,0.000572703,0.00000024,34.5159,18650.0,32565300.0,32565300.0,1.56,-3.06,-12.15,1496416464
Destiny,DES,582,0.0116111,0.00000485,201.233,18578.0,1600000.0,1600000.0,0.32,-24.15,-0.39,1496416170
Impact,IMX,583,0.000167583,0.00000007,52.6689,18319.0,109314611.0,109314611.0,0.38,-19.53,-14.95,1496416191
BTCDragon,DRAGON,584,0.0450056,0.00001880,227.593,18189.0,404146.0,1000000.0,-54.35,-62.64,-66.08,1496416188
Halcyon,HAL,585,0.00390744,0.00000163,14.9067,18169.0,4649905.0,4649905.0,0.52,8.26,-14.58,1496416459
Luna Coin,LUNA,586,0.0147836,0.00000618,237.985,18145.0,1227386.0,1227386.0,0.46,-1.52,-2.57,1496416185
VIP Tokens,VIP,587,0.000215464,0.00000009,2.39414,17981.0,83450403.0,83450403.0,0.38,-10.62,-15.49,1496416171
Alexium,AUM,588,0.000885795,0.00000037,1.22642,17979.0,20297336.0,20297336.0,0.38,,13.39,1496416166
SecretCoin,SCRT,589,0.00424808,0.00000177,,17964.0,4228672.0,4228672.0,0.64,0.08,28.3,1496414965
BipCoin,BIP,590,0.0129278,0.00000540,86.2868,17374.0,1343889.0,1343889.0,1.7,-1.63,-38.75,1496416183
Vector,VEC2,591,0.00107732,0.00000045,26.2264,17068.0,15842771.0,15842771.0,0.38,-49.79,-42.41,1496416167
GameBet Coin,GBT,592,0.000790033,0.00000033,0.395017,16798.0,21262780.0,22262780.0,0.38,-6.36,-5.89,1496416173
VapersCoin,VPRC,593,0.0000212633,0.000000009,40.2222,16588.0,780124964.0,1635124964.0,10.63,243.63,18.11,1496416179
Steps,STEPS,594,0.000885795,0.00000037,0.442898,16498.0,18625017.0,18625017.0,0.32,,4.9,1496416167
Shilling,SH,595,0.00503757,0.00000210,221.187,16240.0,3223800.0,3223800.0,3.6,155.71,145.01,1496416180
Sling,SLING,596,0.0149439,0.00000627,,16051.0,1074095.0,1074095.0,,-1.13,16.74,1496412262
Orlycoin,ORLY,597,0.000431634,0.00000018,,15818.0,36646779.0,36646779.0,,-0.53,12.48,1496410470
AnarchistsPrime,ACP,598,0.00354161,0.00000148,6.12587,15565.0,4394874.0,4394874.0,3.34,4.92,41.58,1496416166
Blackstar,BSTAR,599,0.0000239404,0.00000001,102.639,15102.0,630795971.0,630795971.0,0.38,-0.69,-0.18,1496416185
Prototanium,PR,600,0.0767124,0.00003204,25.6209,14918.0,194462.0,194462.0,0.59,-24.26,-25.48,1496416168
BowsCoin,BSC,601,0.00268133,0.00000112,1.76965,14882.0,5550102.0,5550102.0,0.38,-0.17,59.71,1496416166
MustangCoin,MST,602,0.0233874,0.00000977,37.3795,14704.0,628713.0,628713.0,0.38,25.25,-46.55,1496416181
Sprouts,SPRTS,603,0.0000000831,0.00000000003,33.7503,14531.0,174913700393,174913700393,-0.46,9.1,-59.08,1496416166
BitQuark,BTQ,604,0.00201365,0.00000084,16.8896,14409.0,7155671.0,7155671.0,0.52,8.62,-46.13,1496416455
FuzzBalls,FUZZ,605,0.00295959,0.00000124,459.348,14295.0,4829945.0,4829945.0,1.69,-0.2,-1.9,1496416173
Firecoin,FIRE,606,0.144024,0.00006008,2.61051,14174.0,98412.0,98412.0,0.52,-3.19,-52.11,1496416458
GuccioneCoin,GCC,607,0.000694272,0.00000029,1.19611,14084.0,20285537.0,23775537.0,0.38,-12.73,-17.29,1496416166
OsmiumCoin,OS76,608,0.0157528,0.00000658,3.41529,14083.0,894026.0,894026.0,0.38,13.04,13.63,1496416173
TajCoin,TAJ,609,0.00230812,0.00000096,64.4979,13319.0,5770463.0,5770463.0,0.02,27.77,44.72,1496416177
BlazeCoin,BLZ,610,0.0000218528,0.000000009,0.522664,13299.0,608557394.0,608557394.0,0.03,-8.87,14.66,1496416456
GPU Coin,GPU,611,0.000326103,0.00000014,207.581,13200.0,40477042.0,51530001.0,-0.08,3.37,19.87,1496416175
BitTokens,BXT,612,0.0251374,0.00001050,0.98036,13056.0,519366.0,519366.0,0.38,-6.95,118.48,1496416179
Speedcash,SCS,613,0.0493172,0.00002060,0.964559,12873.0,261031.0,476118.0,0.38,-0.64,14.3,1496416193
JobsCoin,JOBS,614,0.000119702,0.00000005,5.9851,12691.0,106019270.0,200019300.0,0.38,-0.69,46.35,1496416181
Crypto,CTO,615,0.00126884,0.00000053,156.378,12592.0,9924243.0,9924243.0,0.38,-17.76,-41.14,1496416165
Solaris,XLR,616,0.0718212,0.00003000,323.091,12153.0,169208.0,269208.0,0.38,-9.53,-41.37,1496416191
TAGRcoin,TAGR,617,0.000311225,0.00000013,0.340504,12035.0,38669634.0,38669634.0,0.38,-7.78,-13.49,1496416165
WARP,WARP,618,0.0105936,0.00000443,,11602.0,1095224.0,1095224.0,0.27,0.53,5.41,1496415568
Bitcoin 21,XBTC21,619,0.0145198,0.00000655,,11516.0,793108.0,7093108.0,,,-39.94,1496220571
Metal Music Coin,MTLMC3,620,0.000141712,0.00000006,11.4525,11297.0,79719140.0,79719140.0,-3.26,-18.48,-4.81,1496416165
Comet,CMT,621,0.012776,0.00000534,1.83043,11151.0,872830.0,872830.0,1.17,-40.69,7.66,1496416177
Money,$$$,622,0.000236276,0.00000010,64.4838,10842.0,45887218.0,45887218.0,0.01,-6.15,-32.33,1496416168
Cabbage,CAB,623,0.00102944,0.00000043,73.9026,10809.0,10499996.0,10499996.0,0.38,-2.83,-36.35,1496416172
Abncoin,ABN,624,0.15281,0.00006383,48.448,10345.0,67700.0,4734367.0,0.38,41.44,-14.53,1496416186
Future Digital Currency,FDC,625,0.0037347,0.00000156,62.2451,9636.0,2580051.0,1002580051.0,0.38,0.44,40.45,1496416185
Zonecoin,ZNE,626,0.00365195,0.00000153,,9429.0,2581970.0,2581970.0,0.08,-0.85,20.68,1496414075
G3N,G3N,627,0.0012449,0.00000052,2.48911,9414.0,7561891.0,7561891.0,0.38,-2.56,-3.88,1496416165
LetItRide,LIR,628,0.000263344,0.00000011,120.468,9287.0,35267448.0,35267448.0,0.38,-15.97,-9.44,1496416176
Xonecoin,XOC,629,0.0220491,0.00000921,0.502725,9261.0,420000.0,420000.0,0.32,13.39,1.28,1496416178
Elysium,ELS,630,0.00229839,0.00000096,3.6943,9205.0,4005012.0,4005012.0,-3.83,150.9,76.65,1496416187
High Voltage,HVCO,631,0.00611441,0.00000256,,9136.0,1494171.0,1694171.0,,-0.92,64.52,1496333672
1CRedit,1CR,632,0.102374,0.00004246,,9031.0,88213.0,88213.0,,0.02,-28.86,1496373868
Cashcoin,CASH,633,0.000244984,0.00000011,,8778.0,35831128.0,35831128.0,,,-14.38,1496155747
EGO,EGO,634,0.000143642,0.00000006,9.84348,8619.0,60000001.0,60000001.0,0.38,-14.88,-13.96,1496416181
iBank,IBANK,635,0.00188531,0.00000079,,8534.0,4526324.0,4526324.0,,-1.0,4.81,1496357683
JIO Token,JIO,636,0.00442898,0.00000185,126.557,8451.0,1908128.0,8888888.0,0.38,27.59,69.52,1496416185
Scorecoin,SCORE,637,0.000500091,0.00000021,19.0852,8328.0,16652010.0,16652010.0,0.69,-40.92,-57.14,1496416191
DPAY,DPAY,638,0.0000963625,0.00000004,,7665.0,79541001.0,79541001.0,,-0.01,,1496409277
Qibuck Asset,QBK,639,0.00525065,0.00000219,2.10026,7646.0,1456187.0,2000000.0,1.45,31.38,-0.56,1496416194
Hirocoin,HIRO,640,0.0000239721,0.00000001,2.39721,7468.0,311517119.0,311517119.0,0.52,-0.38,-35.33,1496416452
ImpulseCoin,IMPS,641,0.000359314,0.00000015,,7274.0,20245510.0,20245510.0,,-0.63,4.27,1496410181
Iconic,ICON,642,0.0120899,0.00000505,0.241798,7168.0,592894.0,592894.0,0.38,,-40.7,1496416187
PosEx,PEX,643,0.00280103,0.00000117,12.4171,6872.0,2453240.0,2453240.0,0.38,-1.53,-7.31,1496416173
Dix Asset,DIX,644,0.0000000681,0.00000000003,31.3275,6810.0,100000000000,100000000000,-0.89,7.92,-26.69,1496416185
SydPak,SDP,645,0.0399562,0.00001677,,6334.0,158534.0,158534.0,-0.16,-1.04,14.54,1496413464
Printerium,PRX,646,0.000641639,0.00000027,273.703,5823.0,9074428.0,9074428.0,0.38,-32.06,-0.92,1496416186
BioBar,BIOB,647,0.00655967,0.00000274,72.1622,5810.0,885756.0,985756.0,37.53,23.49,30.26,1496416190
Coinonat,CXT,648,0.00250881,0.00000105,98.6073,5353.0,2133702.0,8133702.0,0.79,-12.2,-13.96,1496416193
Concoin,CONX,649,0.00763699,0.00000319,104.149,5253.0,687849.0,1538849.0,0.38,3.19,50.59,1496416192
Save and Gain,SANDG,650,0.00141989,0.00000064,,4352.0,3064800.0,3064800.0,,,-8.49,1496226272
Antilitecoin,ALTC,651,0.000119702,0.00000005,8.03869,3772.0,31512613.0,31512613.0,0.32,-29.06,-35.29,1496416171
GeertCoin,GEERT,652,0.00073201,0.00000031,13.225,3726.0,5090239.0,5090239.0,-2.64,-9.75,-32.72,1496416189
NodeCoin,NODC,653,0.00221639,0.00000097,,3720.0,1678439.0,5878439.0,,,1.05,1496270080
Revenu,REV,654,0.00272921,0.00000114,29.6932,3263.0,1195525.0,1195525.0,0.38,-2.35,-6.43,1496416174
Selfiecoin,SLFI,655,0.0000239721,0.00000001,1.91776,2585.0,107829281.0,107829281.0,0.52,-0.38,0.1,1496416465
Pulse,PULSE,656,0.00017849,0.00000007,130.581,2552.0,14298972.0,14298972.0,0.02,-59.87,-77.57,1496416171
Californium,CF,657,0.0193917,0.00000810,55.1711,2155.0,111110.0,111110.0,0.32,0.64,-2.02,1496416163
Doubloon,BOAT,658,0.000499065,0.00000021,114.1,1771.0,3547845.0,18547845.0,0.39,-17.13,-35.95,1496416187
P7Coin,P7C,659,0.0000478808,0.00000002,0.693865,1686.0,35220238.0,35220238.0,0.38,-33.79,0.38,1496416163
Enigma,XNG,660,0.0794822,0.00003320,52.4403,1322.0,16627.0,66627.0,0.38,-39.79,-11.35,1496416173
GanjaCoin,420G,661,0.00186982,0.00000078,27.9705,1258.0,672975.0,1741116.0,0.52,-74.1,-94.37,1496416461
Impeachcoin,IMPCH,662,0.00368682,0.00000154,6.55692,1136.0,308179.0,2501512.0,0.38,-15.03,-49.05,1496416188
Dollar Online,DOLLAR,663,0.0119941,0.00000501,75.7776,1060.0,88379.0,10088379.0,0.38,-26.72,2.05,1496416185
23 Skidoo,CHAO,664,3854.47,1.61003,142.498,974.0,0.0,0.0,0.38,5.89,-62.72,1496416166
Digital Credits,DGCS,665,0.000119702,0.00000005,192.077,697.0,5826388.0,201284316.0,0.38,-0.69,-32.57,1496416168
Zcashshare,ZHS,666,0.000216504,0.00000009,,612.0,2826000.0,2826000.0,,-0.21,-34.54,1496411380
CRTCoin,CRT,667,0.00479441,0.00000200,0.0000000240,380.0,79270.0,10079270.0,0.52,-0.38,0.1,1496416454
SwapToken,TOKEN,668,0.0000103230,0.000000004,50.1646,362.0,35110531.0,35110531.0,-0.11,-47.11,757.88,1496416177
PizzaCoin,PIZZA,669,0.000239404,0.00000010,66.9373,330.0,1377917.0,10127917.0,0.38,41.87,42.6,1496416178
Xenixcoin,XEN,670,0.0263344,0.00001100,35.9106,266.0,10100.0,10010100.0,0.38,68.06,-61.73,1496416183
CaliphCoin,CALC,671,0.000887231,0.00000037,11.9702,77.0,87140.0,148587140.0,0.38,10.91,-43.09,1496416182
MikeTheMug,MUG,672,0.0000051456,0.000000002,,5.0,999279.0,1000000.0,,,,1496047185
BTCGold,XBG,673,0.135407,0.00005656,27.4704,,,99000001.0,0.38,81.19,-45.19,1496416193
Soarcoin,SOAR,674,0.0197826,0.00000826,198.69,,,5000000000.0,5.69,19.74,-13.43,1496416191
Project-X,NANOX,675,448883.0,187.5,2341.05,,,1.0,0.38,-15.71,,1496416196
Internet of Things,XOT,676,1211.4,0.506008,1532.27,,,21000000.0,0.08,18.87,34.3,1496416192
AMIS,AMIS,677,277.548,0.115061,,,,,,0.67,-40.74,1496391890
Bitcoin Unlimited (Futures),BTU,678,121.096,0.0505823,640.471,,,,1.64,-14.04,-31.05,1496416190
Malcoin,MALC,679,31.2036,0.0130339,42134.6,,,1000000000.0,0.38,-0.69,-0.05,1496416194
GoldUnionCoin,GUC,680,22.2816,0.0093071,19370.8,,,210000000.0,0.38,9.36,6.53,1496416193
Qtum (Pre-Launch),QTUM,681,10.0152,0.00418337,36822300.0,,,100000000.0,-1.06,40.45,114.53,1496416195
ZenCash,ZEN,682,9.21703,0.00384999,11811.8,,,1390663.0,32.69,,,1496416195
Fargocoin,FRGC,683,7.18489,0.00300115,582479.0,,,443852070.0,0.12,0.66,3.37,1496416185
EcoCoin,ECO,684,4.05087,0.00169206,93605.6,,,1093895.0,1.55,19.07,18.73,1496416195
Internet of People,IOP,685,3.46116,0.00144574,1210.68,,,2139403.0,0.38,-5.3,38.15,1496416184
DECENT (Pre-Launch),DCT,686,2.90425,0.00121312,7634.09,,,73290000.0,0.38,37.28,-28.77,1496416184
PRIZM,PZM,687,1.1042,0.00046123,54481.9,,,,0.75,13.39,8.98,1496416196
Bitcore,BTX,688,1.06595,0.00044525,25265.1,,,16360591.0,0.33,-5.61,-38.79,1496416193
DynamicCoin,DMC,689,0.998817,0.00041721,368574.0,,,10541442931.0,0.0,0.07,0.12,1496416182
OBITS.WARRANT,WARRANT,690,0.99635,0.00041618,1967.98,,,,0.71,,,1496416196
Databits,DTB,691,0.888172,0.00037099,116057.0,,,,-0.2,11.78,3.76,1496416190
Bitgem,BTG,692,0.791677,0.00033025,22.2367,,,,0.52,-6.01,-15.3,1496416445
Aeternity (Pre-Launch),AE,693,0.708636,0.000296,1606.0,,,,-3.21,,,1496416196
TechShares,THS,694,0.614766,0.00025679,16.9423,,,646359158.0,0.38,-0.3,-9.19,1496416178
GAY Money,GAY,695,0.614718,0.00025677,205.566,,,5603046977.0,0.37,17.7,50.82,1496416180
XDE II,XDE2,696,0.525876,0.00021966,1.59347,,,42249.0,-8.68,-8.91,-5.06,1496416191
LEOcoin,LEO,697,0.493356,0.00020608,262738.0,,,92916215.0,2.15,8.58,19.07,1496416169
WA Space,WA,698,0.366863,0.00015324,43055.9,,,,0.32,-5.03,9.49,1496416182
ZenGold,ZENGOLD,699,0.330282,0.00013796,1777.39,,,,6.47,16.4,,1496416195
ClubCoin,CLUB,700,0.27334,0.00011417,21493.2,,,90899180.0,-0.2,-4.18,-13.42,1496416169
TeslaCoilCoin,TESLA,701,0.266624,0.00011137,165.356,,,100000000.0,0.38,-51.86,-30.64,1496416176
Yogold,YOG,702,0.263512,0.00011007,31.8375,,,100000000.0,0.38,-0.57,9.76,1496416190
TROPTIONS,TROPTIONS,703,0.248173,0.00010598,,,,1000000001.0,,,,1496287780
Zilbercoin,ZBC,704,0.239786,0.00010016,99478.7,,,9009104.0,10.42,-1.18,-30.82,1496416187
Pabyosi Coin (Special),PCS,705,0.164922,0.00006889,3060.88,,,30993751760.0,-0.07,-2.52,6.25,1496416185
Golos Gold,GBG,706,0.161167,0.00006732,9378.96,,,,5.4,14.27,-12.19,1496416188
InvisibleCoin,IVZ,707,0.156187,0.00006524,176.791,,,,-63.62,6.02,20.31,1496416168
AlpaCoin,APC,708,0.152883,0.00006386,668.85,,,,0.38,6.32,22.72,1496416170
EquiTrader,EQT,709,0.126884,0.00005300,94884.9,,,7666320.0,0.38,-0.69,5.81,1496416196
LandCoin,LDCN,710,0.105413,0.00004403,25011.3,,,19003881978.0,6.43,41.36,198.85,1496416185
Wowecoin,WEC,711,0.103,0.00004302,11224.3,,,8901692.0,-0.96,-0.96,3.0,1496416177
DeusCoin,DEUS,712,0.0868558,0.00003628,6738.72,,,,0.61,-2.6,-26.32,1496416192
Omicron,OMC,713,0.0718212,0.00003000,0.392599,,,10134113.0,0.38,,-2.79,1496416182
WavesGo,WGO,714,0.0666556,0.00002784,658.943,,,10000000.0,3.12,-14.09,111.94,1496416193
Quartz,QRZ,715,0.0643518,0.00002688,2481.75,,,21000000.0,0.38,-85.95,,1496416195
InsaneCoin,INSN,716,0.0565992,0.00002364,2849.91,,,18528301.0,-17.39,-16.7,1.21,1496416194
Fazzcoin,FAZZ,717,0.0563551,0.00002354,513.368,,,1022577370.0,-1.62,40.53,-30.19,1496416192
Topaz Coin,TOPAZ,718,0.0435085,0.00001817,94.5929,,,38119.0,10.44,-25.39,-67.02,1496416194
Tattoocoin (Limited Edition),TLE,719,0.0383046,0.00001600,6.12326,,,975531.0,,-54.77,-81.46,1496416193
International Diamond,XID,720,0.038234,0.00001588,,,,,,-0.12,,1496373575
CryptoBuck,BUK,721,0.0321917,0.00001343,0.450684,,,,1.87,-9.93,16.03,1496416460
Elacoin,ELC,722,0.0315952,0.00001318,11.9716,,,,0.52,-24.97,1.94,1496416456
DeltaCredits,DCRE,723,0.0291355,0.00001217,2.04035,,,,0.38,,-5.35,1496416167
President Johnson,GARY,724,0.0282907,0.00001182,115.49,,,57968072167.0,0.38,-1.3,34.99,1496416179
IvugeoCoin,IEC,725,0.0238207,0.00000995,0.791034,,,,0.38,-0.19,,1496416164
RHFCoin,RHFC,726,0.0237257,0.00000991,8776.99,,,200157080.0,39.91,-26.0,-14.46,1496416192
EDRCoin,EDRC,727,0.0230307,0.00000962,15372.8,,,3407292.0,-0.0,-4.62,-29.23,1496416172
ShellPay,SHELL,728,0.0206737,0.00000864,11300.4,,,,0.71,-0.77,-29.51,1496416165
Lepaoquan,HLB,729,0.0183278,0.00000766,885850.0,,,935398665.0,-3.21,-1.63,-34.93,1496416185
Gycoin,GYC,730,0.0161368,0.00000674,12595.3,,,22213403.0,-2.83,-7.81,-18.75,1496416178
Avoncoin,ACN,731,0.0157528,0.00000658,3510.28,,,,15.79,-22.35,-23.92,1496416188
KolschCoin,TP1,732,0.0147961,0.00000620,,,,,,-1.0,32.16,1496357661
Digitalfund,DTF,733,0.0137825,0.00000576,19297.2,,,54000053.0,1.07,-4.91,-31.01,1496416180
PiCoin,PI,734,0.0131433,0.00000549,21.5464,,,1378369.0,0.38,162.18,136.75,1496416195
Mind Gene,MG,735,0.0122096,0.00000510,4876.42,,,,0.38,-7.14,-2.64,1496416182
Sharkcoin,SAK,736,0.0091813,0.00000383,3167.03,,,,-2.16,-6.96,11.56,1496416463
Tyrocoin,TYC,737,0.00790033,0.00000330,16.7583,,,50133100.0,0.38,3.71,-76.14,1496416193
Opal,OPAL,738,0.00779035,0.00000325,2979.53,,,,7.82,19.39,24.82,1496416459
Goldpay Coin,GP,739,0.00686925,0.00000287,35947.4,,,,0.01,7.63,-10.09,1496416194
9COIN,9COIN,740,0.00653573,0.00000273,249.911,,,350050250.0,0.38,-33.87,84.65,1496416195
Slimcoin,SLM,741,0.00652134,0.00000270,,,,13925626.0,,0.38,,1496406560
First Bitcoin,BIT,742,0.00616292,0.00000257,1019.7,,,20706894473.0,1.07,-6.8,14.2,1496416178
GBCGoldCoin,GBC,743,0.00589067,0.00000246,58.4231,,,,5.56,-9.85,-26.5,1496416169
Xaucoin,XAU,744,0.00575329,0.00000240,45.2656,,,,0.52,-0.38,-18.06,1496416465
Psilocybin,PSY,745,0.0057457,0.00000240,16.3832,,,,0.38,-10.06,-9.33,1496416172
EggCoin,EGG,746,0.00562322,0.00000237,,,,,,,-11.99,1496295864
Helleniccoin,HNC,747,0.00553023,0.00000231,644.125,,,,-1.95,-4.98,36.86,1496416166
Axiom,AXIOM,748,0.0047402,0.00000198,27.0913,,,,0.38,-1.19,-3.39,1496416166
BagCoin,BGC,749,0.00440893,0.00000184,84956.1,,,497214120.0,-0.98,5.21,-0.83,1496416178
GoldReserve,XGR,750,0.00426703,0.00000178,1710.06,,,17161907.0,0.1,-0.63,-6.73,1496416457
netBit,NBIT,751,0.00405899,0.00000170,4.3878,,,,-3.3,-0.37,19.66,1496416182
Dashs,DASHS,752,0.00399805,0.00000167,68.5086,,,,0.38,-46.41,-65.04,1496416194
AvatarCoin,AV,753,0.00380652,0.00000159,0.0951631,,,,0.38,,1.49,1496416169
Bitcoin Scrypt,BTCS,754,0.00378758,0.00000158,43.4951,,,,0.52,-3.85,-2.15,1496416451
President Trump,PRES,755,0.00291916,0.00000122,321.827,,,57968072167.0,0.38,0.58,-3.14,1496416179
Quotient,XQN,756,0.00263693,0.00000110,79.9396,,,,0.52,-8.68,-23.0,1496416462
RoyalCoin 2,RYCN,757,0.00251148,0.00000105,1713.94,,,2500124.0,-75.37,1.15,-12.74,1496416182
ZSEcoin,ZSE,758,0.00245363,0.00000102,116.426,,,6381305.0,8.02,-28.94,-63.44,1496416190
BitcoinFast,BCF,759,0.00244364,0.00000102,68.7571,,,,0.52,33.62,-28.17,1496416463
OCOW,OCOW,760,0.00227517,0.00000099,,,,,,,-4.18,1496142268
TrickyCoin,TRICK,761,0.00220543,0.00000092,11.2654,,,,0.52,-3.52,-17.38,1496416464
GameLeagueCoin,GML,762,0.00213351,0.00000089,0.533378,,,,0.52,,-13.32,1496416457
RichCoin,RICHX,763,0.00210122,0.00000093,,,,5925522.0,,,-5.51,1496167172
Neptune Classic,NTCC,764,0.00193917,0.00000081,1444.5,,,,0.38,-16.21,58.33,1496416188
Condensate,RAIN,765,0.00189211,0.00000079,1110.97,,,42978104.0,-0.37,10.06,-3.09,1496416194
Mavro,MAVRO,766,0.00168043,0.00000070,,,,15005722.0,,-0.42,-29.27,1496349588
Clinton,CLINT,767,0.00162795,0.00000068,35.6378,,,,0.38,-37.47,-36.67,1496416174
MMXVI,MMXVI,768,0.00155613,0.00000065,74.6694,,,,0.38,-0.3,-54.82,1496416172
Advanced Internet Blocks,AIB,769,0.00143281,0.00000060,102.242,,,31411917240.0,0.38,-12.29,-34.58,1496416164
UR,UR,770,0.00129278,0.00000054,239.75,,,,0.38,-4.23,-2.58,1496416190
TodayCoin,TODAY,771,0.00119702,0.00000050,8.67473,,,,0.38,-6.09,15.53,1496416179
RoyalCoin,ROYAL,772,0.00109889,0.00000046,59.7721,,,2500124.0,0.34,1.89,20.01,1496416181
Skeincoin,SKC,773,0.000958882,0.00000040,0.671485,,,,0.52,-6.73,,1496416451
BestChain,BEST,774,0.000938459,0.00000039,16.4802,,,20042911.0,0.06,2.26,-27.54,1496416191
Digital Bullion Gold,DBG,775,0.000933676,0.00000039,150.845,,,24523275.0,0.38,-13.93,-34.09,1496416176
True Investment Coin,TIC,776,0.000933676,0.00000039,36.1169,,,,0.38,-8.06,-10.91,1496416189
RubleBit,RUBIT,777,0.000909735,0.00000038,18.5592,,,,0.38,4.83,22.02,1496416169
The Aladin,ADT,778,0.000892522,0.00000032,,,,,,,,1495722585
Bitcedi,BXC,779,0.000873437,0.00000036,38.3434,,,,0.13,-12.7,,1496416176
SportsCoin,SPORT,780,0.000861855,0.00000036,2.39402,,,19800001.0,0.38,-0.69,9.47,1496416179
Donationcoin,DON,781,0.000839022,0.00000035,15577.3,,,,0.52,,,1496416455
Braincoin,BRAIN,782,0.000837914,0.00000035,0.478784,,,,0.38,-0.69,20.65,1496416173
Dubstep,DUB,783,0.000817313,0.00000034,,,,,,-0.28,0.45,1496411064
IrishCoin,IRL,784,0.000790033,0.00000033,324.896,,,,-2.57,,,1496416165
Motocoin,MOTO,785,0.000783361,0.00000033,15.997,,,,0.88,-3.19,33.63,1496416455
WeAreSatoshi,WSX,786,0.000767106,0.00000032,148.438,,,,0.52,2.84,-5.79,1496416460
Grumfork,GMF,787,0.000766093,0.00000032,4.78808,,,,0.38,217.8,,1496416193
FrankyWillCoin,FRWC,788,0.000745197,0.00000031,,,,,,-0.28,-2.91,1496411075
Lazaruscoin,LAZ,789,0.000745197,0.00000031,,,,,,-0.28,19.52,1496411078
KashhCoin,KASHH,790,0.000703359,0.00000029,3579.33,,,,-3.83,13.34,121.8,1496416189
Opescoin,OPES,791,0.000670331,0.00000028,0.268133,,,,0.32,-0.69,-12.46,1496416169
Vsync,XVS,792,0.000622243,0.00000026,409.703,,,103334172.0,8.73,18.96,-21.55,1496416192
Quebecoin,QBC,793,0.000599301,0.00000025,2.49283,,,,0.52,-6.65,-30.2,1496416453
CBD Crystals,CBD,794,0.000544835,0.00000023,13.4765,,,,0.6,-10.15,-8.76,1496416183
BitAlphaCoin,BAC,795,0.000490083,0.00000020,46.3299,,,,-0.96,-37.62,-34.87,1496416170
T-coin,TCOIN,796,0.000454868,0.00000019,1602.64,,,,5.96,-0.69,10.75,1496416185
Alphabet Coin Fund,FUN,797,0.000430927,0.00000018,63.2208,,,20742012.0,0.38,-62.76,-69.91,1496416174
GoldMaxCoin,GMX,798,0.000383047,0.00000016,2.2504,,,84078950.0,0.32,13.5,-22.59,1496416172
UGAIN,GAIN,799,0.000359695,0.00000015,,,,,,-0.53,-0.02,1496410477
Gambleo,GMB,800,0.000335166,0.00000014,1.19654,,,,0.38,,-64.17,1496416190
DarkLisk,DISK,801,0.000335166,0.00000014,0.476965,,,17888425.0,0.38,-13.1,-14.12,1496416173
PrismChain,PRM,802,0.000335166,0.00000014,54.0812,,,,0.38,26.4,-81.34,1496416175
MarxCoin,MARX,803,0.000333659,0.00000014,138.147,,,29280040.0,-0.22,-27.95,-30.92,1496416189
Sakuracoin,SKR,804,0.000310963,0.00000013,116.691,,,,-1.51,-1.07,8.98,1496416183
BlazerCoin,BLAZR,805,0.000287285,0.00000012,18.0852,,,,0.38,-20.55,-14.5,1496416192
Operand,OP,806,0.000287285,0.00000012,5.7457,,,36309296.0,0.38,-20.55,-20.15,1496416173
Cubits,QBT,807,0.000283833,0.00000012,0.00340599,,,,-0.92,-43.93,-52.41,1496416183
VGINA,VGINA,808,0.000283832,0.00000012,0.00283832,,,11603228.0,-0.92,,-66.19,1496416193
TeraCoin,TERA,809,0.000263344,0.00000011,3784.22,,,,0.38,9.24,5.52,1496416188
Happy Creator Coin,HCC,810,0.000243316,0.00000010,22.3254,,,,0.38,10.24,3.38,1496416176
Cycling Coin,CYC,811,0.000239404,0.00000010,3.43145,,,,0.38,-17.24,-16.82,1496416165
The Vegan Initiative,XVE,812,0.000239404,0.00000010,1114.65,,,,0.38,4.85,14.23,1496416192
MobileCash,MBL,813,0.000215464,0.00000009,10.1916,,,1068669648.0,0.38,27.69,28.34,1496416181
President Sanders,BURN,814,0.000215464,0.00000009,138.395,,,57968072167.0,0.38,11.73,-48.73,1496416186
AsicCoin,ASC,815,0.000206802,0.00000009,23.7388,,,,0.03,5.37,12.41,1496416447
Moneta,MONETA,816,0.000191523,0.00000008,117.404,,,,14.72,-0.69,-20.15,1496416168
LAthaan,LTH,817,0.000167583,0.00000007,134.456,,,,0.38,-22.76,16.45,1496416181
VegasCoin,VGC,818,0.00011986,0.00000005,2.39721,,,,0.52,67.25,0.1,1496416453
TheCreed,TCR,819,0.0000957616,0.00000004,1.50825,,,,0.38,-20.55,-20.15,1496416174
PayPeer,PAYP,820,0.0000957616,0.00000004,42.6567,,,,0.32,32.41,99.63,1496416172
Wowcoin,WOW,821,0.0000957616,0.00000004,51.7698,,,,0.38,32.41,99.63,1496416182
LinkedCoin,LKC,822,0.0000957616,0.00000004,11.393,,,,0.38,-0.69,-23.11,1496416176
TeamUp,TEAM,823,0.0000956810,0.00000004,,,,301004896.0,0.3,-0.77,32.98,1496415879
Halloween Coin,HALLO,824,0.0000775864,0.00000003,207.562,,,264606156.0,-0.01,-5.51,-42.24,1496416195
FireFlyCoin,FFC,825,0.0000719162,0.00000003,4.86983,,,,201.57,-0.38,117.21,1496416461
LePen,LEPEN,826,0.0000551256,0.00000002,168.022,,,,-7.95,-11.38,12.84,1496416187
InflationCoin,IFLT,827,0.0000517669,0.00000002,2544.41,,,3273766294.0,0.09,17.56,13.16,1496416186
PinkDog,PDG,828,0.0000478808,0.00000002,0.0000239404,,,,0.38,-0.69,99.63,1496416189
PokeCoin,POKE,829,0.0000478808,0.00000002,132.532,,,,0.32,-33.79,-33.46,1496416177
CyberCoin,CC,830,0.0000478808,0.00000002,0.478808,,,549267534.0,0.38,-0.69,19.37,1496416164
Rcoin,RCN,831,0.0000478808,0.00000002,191.476,,,,0.38,98.62,97.03,1496416181
MoneyCoin,MONEY,832,0.0000478808,0.00000002,1284.1,,,,0.38,-29.85,-12.1,1496416184
Tellurion,TELL,833,0.0000478808,0.00000002,4.78806,,,,0.38,-0.69,-0.18,1496416181
Cashme,CME,834,0.0000478808,0.00000002,0.478808,,,,0.32,-0.69,-0.18,1496416168
FedoraShare,FEDS,835,0.0000240446,0.00000001,3240.35,,,499001349174,-0.0,9.49,10.16,1496416179
UNCoin,UNC,836,0.0000239721,0.00000001,1208.65,,,,-27.77,-50.19,-31.05,1496416464
SuperTurboStake,STRB,837,0.0000239404,0.00000001,11.9702,,,,0.38,-0.69,-0.18,1496416170
President Clinton,HILL,838,0.0000239404,0.00000001,3.83047,,,57968072167.0,0.32,-0.69,-50.09,1496416177
Aces,ACES,839,0.0000239404,0.00000001,247.065,,,,0.38,-0.69,-45.03,1496416179
Global Business Revolution,GBRC,840,0.0000239404,0.00000001,660.564,,,900096049.0,0.38,-50.34,-29.91,1496416182
Safe Trade Coin,XSTC,841,0.0000239404,0.00000001,359.585,,,604880000.0,0.38,-0.69,-0.18,1496416186
X2,X2,842,0.0000239404,0.00000001,4.67831,,,,0.38,-0.69,-0.18,1496416169
ChoofCoin,CHOOF,843,0.0000239404,0.00000001,0.718212,,,,0.38,-35.44,-41.29,1496416182
SoulCoin,SOUL,844,0.0000239404,0.00000001,13.8591,,,,0.38,-0.69,-0.18,1496416174
Yescoin,YES,845,0.0000239369,0.000000010,883.467,,,,0.38,-0.63,4.79,1496416187
Victoriouscoin,VTY,846,0.0000235666,0.000000010,122.038,,,10263290326.0,0.3,-2.24,55.45,1496416181
Dimecoin,DIME,847,0.0000173896,0.000000007,755.576,,,527115675536,10.13,4112.76,530.49,1496416447
Virtacoin,VTA,848,0.0000090627,0.000000004,79.0495,,,12423206610.0,-0.11,-51.06,-34.73,1496416458
XP,XP,849,0.0000026288,0.000000001,187.749,,,133635560466,-47.3,60.43,899.48,1496416178
BitCentavo,NBE,850,0.0000005705,0.0000000002,,,,,,6.75,-45.33,1496398156
RabbitCoin,RBBT,851,0.0000004992,0.0000000002,68.7419,,,,0.07,46.26,52.24,1496416459
BatCoin,BAT,852,0.0000002668,0.0000000001,76.4473,,,,0.03,-68.63,,1496416451
StrongHands,SHND,853,0.0000001141,0.00000000005,91.0246,,,,-0.53,20.96,,1496416168
Paccoin,PAC,854,0.0000000653,0.00000000003,803.348,,,,-0.88,-5.61,17.46,1496416168
Bond,BOND,855,,,,,1349.0,1349.0,,,,
bitRUBLE,BITRUBLE,856,,,,,,,,,,
