Name,Symbol,Rank,Price(BTC),Price(USD),24HVolume,MarketCap,%Change_1h,%Change_24h,%Change_7d,LastUpdated
Bitcoin,BTC,1,2422.14,1.0,1352540000.0,39644102748.0,16367387.0,16367387.0,0.72,1.87,3.38,1496420052
Ethereum,ETH,2,222.071,0.0921808,522382000.0,20463128004.0,92146782.0,92146782.0,-0.61,0.57,25.41,1496419765
Ripple,XRP,3,0.31566,0.00013108,401442000.0,12191323907.0,38621693933.0,99994661895.0,5.06,7.82,7.34,1496420045
NEM,XEM,4,0.221393,0.00009194,12314600.0,1992537000.0,8999999999.0,8999999999.0,-0.22,1.53,4.32,1496420063
Ethereum Classic,ETC,5,17.1017,0.00709883,85498100.0,1577086247.0,92218098.0,92218098.0,0.61,0.07,3.7,1496419775
Litecoin,LTC,6,28.0663,0.0116548,311947000.0,1442081082.0,51381232.0,51381232.0,0.81,-0.0,2.32,1496420040
Dash,DASH,7,138.585,0.0575487,34450800.0,1016281350.0,7333271.0,7333271.0,0.6,2.2,7.86,1496420047
Stratis,STRAT,8,8.24061,0.00342064,41919300.0,810948099.0,98408746.0,98408746.0,0.63,49.96,170.69,1496419775
Bytecoin,BCN,9,0.00378796,0.00000157,20780800.0,693082580.0,182969878362,182969878362,2.45,52.29,24.15,1496420053
Monero,XMR,10,43.7414,0.018164,10144000.0,636990907.0,14562655.0,14562655.0,0.34,-1.43,7.55,1496420052
Waves,WAVES,11,4.31139,0.00178964,3492620.0,431139000.0,100000000.0,100000000.0,0.75,28.48,58.35,1496419773
Stellar Lumens,XLM,12,0.04105,0.00001705,20852100.0,396740527.0,9664811867.0,102940435314,2.84,5.34,-9.85,1496420055
Golem,GNT,13,0.465504,0.00019323,10309700.0,383981215.0,824872000.0,1000000000.0,2.42,-2.94,12.21,1496419781
Zcash,ZEC,14,247.377,0.102685,16025600.0,355392621.0,1436644.0,1436644.0,1.27,1.7,13.92,1496419779
Dogecoin,DOGE,15,0.00296591,0.00000123,31837600.0,325162831.0,109633411214,109633411214,1.25,6.96,2.47,1496420045
Gnosis,GNO,16,248.459,0.103134,1482160.0,274445327.0,1104590.0,10000000.0,0.26,0.24,6.66,1496419791
Augur,REP,17,24.0597,0.00999099,4658250.0,264656700.0,11000000.0,11000000.0,0.32,-0.63,-3.77,1496420068
Siacoin,SC,18,0.00959392,0.00000398,31131500.0,254364570.0,26513100959.0,26513100959.0,2.79,19.91,15.07,1496420066
Steem,STEEM,19,1.06727,0.00044302,2922710.0,250109375.0,234344988.0,251319082.0,0.42,5.88,-6.34,1496419771
DigiByte,DGB,20,0.02966,0.00001232,92285800.0,240454566.0,8107031908.0,8107031908.0,-0.09,40.75,89.09,1496420048
BitShares,BTS,21,0.0818242,0.00003398,19978100.0,212923751.0,2602210000.0,2602210000.0,0.04,14.24,10.34,1496420054
MaidSafeCoin,MAID,22,0.39644,0.00016463,2698180.0,179409878.0,452552412.0,452552412.0,1.34,-1.87,-1.8,1496420052
GameCredits,GAME,23,2.77199,0.00115109,1941610.0,174721224.0,63030972.0,63030972.0,2.01,8.72,-1.27,1496420057
Basic Attention Token,BAT,24,0.165563,0.00006872,3223640.0,165563000.0,1000000000.0,1500000000.0,-0.71,5.07,,1496419793
DigixDAO,DGD,25,82.5784,0.034278,1347780.0,165156800.0,2000000.0,2000000.0,2.51,2.17,3.13,1496419770
BitConnect,BCC,26,23.5268,0.00976589,1470510.0,151485638.0,6438854.0,6438854.0,0.99,5.46,45.39,1496419785
Lisk,LSK,27,1.28581,0.00053373,2710920.0,138590716.0,107784755.0,107784755.0,1.18,1.85,3.5,1496419770
Decred,DCR,28,26.0741,0.0108233,2022610.0,131011327.0,5024577.0,5444577.0,-0.64,9.65,16.17,1496419768
Ardor,ARDR,29,0.127634,0.00005298,3200940.0,127506302.0,998999495.0,998999495.0,1.15,13.85,3.76,1496419775
SingularDTV,SNGLS,30,0.204903,0.00008505,256633.0,122941800.0,600000000.0,1000000000.0,7.29,11.04,6.9,1496419778
Factom,FCT,31,13.4267,0.00557557,1270500.0,117526846.0,8753219.0,8753219.0,-0.83,2.94,0.12,1496420067
Byteball,GBYTE,32,580.426,0.240933,560331.0,109865279.0,189284.0,1000000.0,-2.69,17.9,89.35,1496419782
Tether,USDT,33,1.0383,0.00043116,62243800.0,109014948.0,104993690.0,124951468.0,0.1,-0.35,0.85,1496420061
Iconomi,ICN,34,1.21418,0.000504,742204.0,105633660.0,87000000.0,100000000.0,-0.37,2.34,0.4,1496419778
PIVX,PIVX,35,1.65163,0.00068559,928835.0,88426749.0,53539079.0,53539079.0,-0.34,3.51,15.81,1496419768
Round,ROUND,36,0.103903,0.00004313,366680.0,88317550.0,850000000.0,1000000000.0,1.11,-7.99,-25.45,1496419781
Komodo,KMD,37,0.861983,0.00035781,939225.0,87013314.0,100945510.0,100945510.0,25.62,54.69,57.66,1496419785
Aragon,ANT,38,2.19459,0.00091097,558891.0,73749563.0,33605167.0,39609523.0,0.89,6.08,-0.72,1496419793
FirstBlood,1ST,39,0.788264,0.00032721,2882410.0,67442583.0,85558371.0,93468691.0,0.13,-1.7,3.82,1496419778
SysCoin,SYS,40,0.12301,0.00005108,3394260.0,64601597.0,525173542.0,525173542.0,-1.66,16.22,-9.63,1496420057
Nxt,NXT,41,0.0635995,0.00002641,3185040.0,63535899.0,998999983.0,998999983.0,2.12,12.06,0.05,1496420043
AntShares,ANS,42,1.24015,0.00051478,6477430.0,62007500.0,50000000.0,100000000.0,0.83,2.06,24.12,1496419777
iExec RLC,RLC,43,0.730818,0.00030336,672292.0,57055541.0,78070793.0,86999785.0,4.85,24.16,17.83,1496419790
Ubiq,UBQ,44,1.29191,0.00053648,1542160.0,47927560.0,37098219.0,37098219.0,7.93,14.74,181.38,1496420058
Wings,WINGS,45,0.453842,0.00018839,1790340.0,40713409.0,89708333.0,100000000.0,2.29,38.95,50.81,1496419783
ReddCoin,RDD,46,0.0014197,0.00000059,2259950.0,40497786.0,28525593888.0,28525593888.0,2.61,32.74,-4.05,1496420046
Peercoin,PPC,47,1.60604,0.00066692,1150040.0,38746023.0,24125192.0,24125192.0,0.81,2.22,-4.38,1496420040
Lykke,LKK,48,0.272067,0.00011293,465298.0,37447339.0,137640138.0,1285690000.0,1.0,6.77,10.93,1496419781
BitcoinDark,BTCD,49,29.026,0.0120533,305594.0,37410514.0,1288862.0,1288862.0,5.81,21.12,27.24,1496420055
Emercoin,EMC,50,0.871852,0.00036204,877136.0,35014042.0,40160534.0,40160534.0,2.57,3.09,-9.66,1496420057
Melon,MLN,51,56.3334,0.0233838,356111.0,33766240.0,599400.0,749400.0,2.39,4.25,-11.95,1496419785
Storjcoin X,SJCX,52,0.650706,0.00027021,445354.0,33298672.0,51173144.0,500000000.0,3.66,-1.38,9.32,1496420056
Ark,ARK,53,0.338896,0.00014067,414297.0,32301853.0,95314944.0,126564944.0,1.77,17.32,30.54,1496419787
Omni,OMNI,54,52.619,0.0218505,7281500.0,29413221.0,558985.0,615301.0,-3.37,-12.24,170.13,1496420044
Counterparty,XCP,55,10.6702,0.00443089,534479.0,27942530.0,2618745.0,2618745.0,0.15,-4.43,-7.94,1496420047
Xaurum,XAUR,56,0.237478,0.00009861,111849.0,27002277.0,113704332.0,113704332.0,-0.51,-7.15,19.82,1496420063
Namecoin,NMC,57,1.73286,0.00071958,822234.0,25536118.0,14736400.0,14736400.0,0.53,3.29,-0.72,1496420040
Blocknet,BLOCK,58,6.39474,0.00265547,225661.0,25006735.0,3910516.0,3910516.0,-3.31,37.51,97.12,1496420059
Gulden,NLG,59,0.0712708,0.00002960,106293.0,24699768.0,346562245.0,448582400.0,2.52,5.59,3.18,1496420050
Nexus,NXS,60,0.494941,0.00020553,97520.1,24678654.0,49861810.0,49861810.0,0.5,-4.17,0.5,1496420061
Synereo,AMP,61,0.28746,0.00011932,499432.0,23645403.0,82256324.0,949291063.0,-1.71,5.73,11.07,1496419766
XtraBYtes,XBY,62,0.0360931,0.00001498,772811.0,23460515.0,650000000.0,650000000.0,3.89,70.86,519.71,1496419791
Burst,BURST,63,0.0131387,0.00000546,4539560.0,23390808.0,1780298482.0,1780298482.0,4.29,12.78,27.97,1496420057
WeTrust,TRST,64,0.251853,0.00010454,399571.0,23207624.0,92147500.0,100000000.0,2.06,10.43,-11.82,1496419790
YbCoin,YBC,65,7.21036,0.00299416,2625740.0,21777178.0,3020262.0,3020262.0,4.14,5.75,4.27,1496420045
EarthCoin,EAC,66,0.00232022,0.00000096,6284570.0,21685863.0,9346468332.0,9346468332.0,1.88,4.75,-6.34,1496420047
Matchpool,GUP,67,0.28139,0.0001168,283507.0,21104250.0,75000000.0,98855150.0,-0.35,6.66,14.37,1496419789
TokenCard,TKN,68,0.854245,0.00035459,229963.0,20197817.0,23644056.0,39406760.0,-0.29,-1.11,-15.14,1496419791
OBITS,OBITS,69,1.31571,0.00054636,674256.0,19260589.0,14638932.0,16443700.0,7.95,28.79,37.93,1496420068
BitBay,BAY,70,0.0190116,0.00000789,50084.8,19154638.0,1007523702.0,1007523702.0,3.23,7.17,1.47,1496420060
Verge,XVG,71,0.00142081,0.00000059,2683170.0,19052312.0,13409472280.0,13409472280.0,-1.55,67.02,15.33,1496420058
Humaniq,HMQ,72,0.153968,0.00006391,711531.0,19041742.0,123673373.0,184190414.0,4.14,29.23,-21.06,1496419792
BlackCoin,BLK,73,0.246199,0.00010224,1132900.0,18752766.0,76169141.0,76169141.0,4.53,7.1,18.98,1496420049
Edgeless,EDG,74,0.23427,0.00009724,386237.0,18608637.0,79432438.0,132046997.0,-2.42,-1.93,-12.95,1496419788
E-Dinar Coin,EDR,75,0.0278017,0.00001154,441684.0,18366769.0,660634755.0,785634755.0,3.56,-13.79,8.09,1496419775
PotCoin,POT,76,0.0844599,0.00003507,945437.0,18323022.0,216943451.0,216943451.0,1.23,6.24,-11.42,1496420047
NAV Coin,NAV,77,0.290951,0.00012082,549807.0,17844311.0,61330984.0,61330984.0,0.53,3.28,-12.29,1496420054
BCAP,BCAP,78,1.74188,0.00072305,169600.0,17418800.0,10000000.0,10000000.0,2.03,7.49,-9.96,1496419793
Bankcoin,B@,79,4.02483,0.00167069,6732.34,17166222.0,4265080.0,25000000.0,0.92,20.35,46.92,1496419789
Nexium,NXC,80,0.250787,0.0001041,2759270.0,16682749.0,66521586.0,66521586.0,-2.66,-7.6,23.99,1496419782
Expanse,EXP,81,2.30054,0.00095532,431240.0,16662869.0,7243025.0,16243025.0,-2.1,-2.77,3.7,1496420067
Unity Ingot,UNY,82,0.082134,0.00003409,83282.9,16591068.0,202000000.0,10000000000.0,0.5,1.96,83.98,1496419792
Infinitecoin,IFC,83,0.000181876,0.00000008,2716010.0,16477288.0,90596274910.0,90596274910.0,0.74,-0.21,1.64,1496420041
Swarm City,SWT,84,2.40735,0.00099928,35673.7,15988968.0,6641730.0,6641730.0,5.44,8.54,-13.84,1496419787
ZCoin,XZC,85,7.15402,0.0029696,1118510.0,15986238.0,2234581.0,2234581.0,4.01,-2.38,17.4,1496419778
LBRY Credits,LBC,86,0.223176,0.00009264,855347.0,15293029.0,68524524.0,466424524.0,-1.19,9.68,5.5,1496419774
Pepe Cash,PEPECASH,87,0.0211505,0.00000878,25645.8,14845198.0,701884009.0,701884009.0,7.24,-1.28,-11.28,1496419777
Shift,SHIFT,88,1.36275,0.00056567,338802.0,14760137.0,10831141.0,10831141.0,4.54,30.9,136.38,1496419765
TaaS,TAAS,89,1.79363,0.00074453,181052.0,14610911.0,8146001.0,8146001.0,-0.06,4.95,16.04,1496419787
GridCoin,GRC,90,0.0372717,0.00001548,217136.0,14547620.0,390312753.0,390312753.0,0.19,4.52,12.83,1496420062
I/O Coin,IOC,91,0.87309,0.00036256,38890.9,14263065.0,16336306.0,16336306.0,-0.93,12.7,8.49,1496420056
Agoras Tokens,AGRS,92,0.33779,0.00014027,22566.2,14187180.0,42000000.0,42000000.0,-3.27,-5.99,0.96,1496420066
Chronobank,TIME,93,19.5993,0.00813558,481946.0,13917714.0,710113.0,710113.0,-1.67,1.33,5.06,1496419787
Etheroll,DICE,94,1.95245,0.00081045,15653.3,13670318.0,7001623.0,7001623.0,12.97,8.41,7.5,1496419792
MonaCoin,MONA,95,0.269585,0.00011195,23829.6,13627185.0,50548750.0,50548750.0,-0.39,-0.11,-6.76,1496420049
Radium,RADS,96,4.12239,0.00171119,391938.0,13384620.0,3246811.0,3246811.0,-2.58,5.72,14.44,1496419768
SuperNET,UNITY,97,15.9919,0.00664076,2718.62,13050366.0,816061.0,816061.0,2.77,31.47,138.7,1496420059
E-coin,ECN,98,4.61916,0.00191739,128866.0,12883427.0,2789128.0,211078020.0,0.67,9.46,7.01,1496419789
Golos,GOLOS,99,0.102824,0.00004268,31434.8,12655547.0,123079703.0,123079703.0,3.62,14.02,66.05,1496419782
Bitland,CADASTRAL,100,0.421013,0.00017476,25049.8,12630390.0,30000000.0,30000000.0,-4.26,1.86,91.18,1496419774
Vertcoin,VTC,101,0.369817,0.00015357,569826.0,12367173.0,33441331.0,33441331.0,1.4,7.27,5.55,1496420046
MergeCoin,MGC,102,0.120661,0.00005009,3310310.0,11932532.0,98893030.0,103893030.0,5.87,16.3,-5.69,1496419792
Waves Community Token,WCT,103,2.35106,0.00097591,113319.0,11755300.0,5000000.0,10000000.0,-16.54,-7.66,6.92,1496419785
LuckChain,BASH,104,0.0159282,0.00000661,645740.0,11533106.0,724068369.0,724068369.0,6.93,24.79,74.26,1496419781
Clams,CLAM,105,4.86783,0.00202141,750810.0,11207337.0,2302327.0,16207748.0,0.59,2.58,-7.57,1496420055
Pluton,PLU,106,12.6572,0.00525395,111937.0,10758614.0,850000.0,20000000.0,-0.66,-4.35,42.32,1496419777
Mooncoin,MOON,107,0.0000483627,0.00000002,40739.4,10733913.0,221946109931,221946109931,12.79,38.42,-5.48,1496420047
DigitalNote,XDN,108,0.00152745,0.00000063,2920950.0,10511196.0,6881531669.0,6881531669.0,-0.39,3.71,-13.79,1496420054
FlorinCoin,FLO,109,0.0708347,0.00002941,306578.0,9492264.0,134005845.0,134005845.0,-2.5,4.61,0.15,1496420043
Bitcrystals,BCY,110,0.406026,0.00016861,236260.0,9456923.0,23291422.0,23291422.0,0.03,5.77,-0.0,1496420067
HEAT,HEAT,111,0.35864,0.00014887,30476.7,9453857.0,26360296.0,26360296.0,-0.1,-5.84,0.16,1496419775
Viacoin,VIA,112,0.414992,0.00017233,247369.0,9398190.0,22646678.0,22646678.0,-1.75,3.52,-2.54,1496420055
vSlice,VSL,113,0.271689,0.00011278,145952.0,9071830.0,33390496.0,33390496.0,0.17,0.98,-10.15,1496419782
DNotes,NOTE,114,0.0729876,0.00003031,210275.0,9040912.0,123869156.0,123869156.0,3.8,9.77,19.48,1496420049
Primecoin,XPM,115,0.462856,0.00019221,3948730.0,8945972.0,19327764.0,19327764.0,-1.73,19.75,8.8,1496420058
Rubycoin,RBY,116,0.358199,0.00014875,40758.1,8737907.0,24394002.0,24394002.0,0.5,1.3,5.89,1496420050
Energycoin,ENRG,117,0.0720515,0.00002992,2627.04,8714061.0,120942118.0,120942118.0,-3.47,2.96,9.15,1496420053
FedoraCoin,TIPS,118,0.0000195013,0.000000008,56642.9,8642356.0,443168182458,443168182458,-1.82,-5.95,-19.72,1496420045
Crown,CRW,119,0.618622,0.00025689,19895.7,8574426.0,13860525.0,13860525.0,7.12,-2.58,-2.04,1496420060
NeosCoin,NEOS,120,2.49082,0.00103434,1011670.0,8337248.0,3347190.0,3347190.0,-2.03,-0.66,18.19,1496420057
VeriCoin,VRC,121,0.274945,0.00011417,498772.0,8306587.0,30211813.0,30211813.0,1.66,-2.32,-1.35,1496420053
Pascal Coin,PASC,122,0.800099,0.00033212,148228.0,8006271.0,10006600.0,10006600.0,0.22,7.27,-0.6,1496419782
Skycoin,SKY,123,1.41561,0.00058761,52676.7,7737443.0,5465801.0,100000000.0,0.57,-12.38,-27.56,1496419789
BelaCoin,BELA,124,0.220399,0.00009152,479721.0,7709810.0,34981150.0,34981150.0,1.54,11.69,3.41,1496420050
VPNCoin,VASH,125,0.019216,0.00000798,1928310.0,7692929.0,400339746.0,400339746.0,5.32,9.42,-5.35,1496420061
SolarCoin,SLR,126,0.218035,0.00009054,86333.6,7666937.0,35163789.0,98034180520.0,1.42,-0.82,9.5,1496420050
SaluS,SLS,127,7.58951,0.00315037,79585.2,7615697.0,1003450.0,1003450.0,0.61,2.48,33.24,1496419768
Creditbit,CRB,128,0.63075,0.00026182,279383.0,7489741.0,11874342.0,11874342.0,1.93,-3.64,-4.66,1496419767
Einsteinium,EMC2,129,0.0352454,0.00001464,352328.0,7430085.0,210810073.0,210810073.0,0.01,12.84,3.08,1496420049
Bitcoin Plus,XBC,130,74.2779,0.0308445,135680.0,7199310.0,96924.0,96924.0,0.24,7.76,0.12,1496420051
Incent,INCNT,131,0.307637,0.0001277,192034.0,7078208.0,23008312.0,46016625.0,-0.03,12.15,36.8,1496419781
Global Currency Reserve,GCR,132,0.0672356,0.00002792,27763.5,6904554.0,102691934.0,102691934.0,2.82,5.65,0.4,1496420067
Blitzcash,BLITZ,133,1.6578,0.00068842,256555.0,6737225.0,4063955.0,4063955.0,6.6,57.72,347.88,1496420060
Asch,XAS,134,0.0894395,0.00003713,48671.0,6707963.0,75000000.0,100000000.0,1.67,1.82,5.47,1496419789
Aeon,AEON,135,0.463125,0.00019232,5926.67,6590908.0,14231380.0,14231380.0,2.33,1.36,5.07,1496420066
Lunyr,LUN,136,2.76682,0.0011485,136849.0,6357746.0,2297853.0,2703356.0,-0.71,8.3,-12.18,1496419792
Novacoin,NVC,137,3.66049,0.00152005,46252.3,6354947.0,1736092.0,1736092.0,0.59,-0.79,-10.03,1496420040
Feathercoin,FTC,138,0.0384544,0.00001597,110253.0,6300432.0,163841640.0,163841640.0,0.38,2.41,12.58,1496420046
PinkCoin,PINK,139,0.0194913,0.00000809,1689450.0,6256479.0,320988300.0,370988300.0,6.13,33.87,17.74,1496420052
FirstCoin,FRST,140,1.922,0.00079782,127258.0,6083133.0,3165002.0,110000000.0,0.46,12.38,15.46,1496419784
WorldCoin,WDC,141,0.0520429,0.00002161,337181.0,5964380.0,114605067.0,114605067.0,1.21,9.66,9.99,1496420052
ZClassic,ZCL,142,4.00307,0.00166166,424858.0,5916688.0,1478038.0,1478038.0,0.71,-6.11,30.72,1496419780
ION,ION,143,0.416818,0.00017302,33278.5,5734301.0,13757326.0,19657326.0,-1.87,16.01,-12.61,1496419773
SIBCoin,SIB,144,0.389178,0.00016161,27303.4,5702263.0,14652070.0,14652070.0,-0.01,2.69,27.14,1496420067
Safe Exchange Coin,SAFEX,145,0.00264947,0.00000110,22698.0,5689693.0,2147483647.0,2147483647.0,2.03,0.34,-8.27,1496419768
MonetaryUnit,MUE,146,0.0461958,0.00001918,65427.7,5614650.0,121540280.0,121540280.0,6.41,6.21,0.7,1496420060
FoldingCoin,FLDC,147,0.0108519,0.00000451,368534.0,5314631.0,489741985.0,1000000000.0,-3.61,7.72,3.37,1496420057
RouletteToken,RLT,148,0.517363,0.00021476,62889.5,5221336.0,10092210.0,10092933.0,7.0,13.04,14.56,1496419793
Auroracoin,AUR,149,0.596773,0.00024782,9653.21,5166944.0,8658139.0,8658139.0,0.97,-1.72,3.81,1496420050
Gambit,GAM,150,4.32923,0.00179775,37869.5,5125974.0,1184038.0,1184038.0,-10.84,2.03,6.18,1496420064
Vcash,XVC,151,0.325305,0.00013509,128836.0,4961443.0,15251665.0,15251665.0,0.43,7.58,-1.98,1496420062
OKCash,OK,152,0.067512,0.00002803,206099.0,4832497.0,71579828.0,71579828.0,4.57,-14.42,141.79,1496420060
MUSE,MUSE,153,0.00343969,0.00000143,8328.98,4729025.0,1374840478.0,1524840478.0,-1.67,15.21,-0.51,1496420064
Sphere,SPHR,154,1.46735,0.00060933,24445.0,4523752.0,3082940.0,3082940.0,0.5,7.79,124.96,1496420064
Janus,JNS,155,0.213831,0.00008876,7851.36,4476139.0,20933069.0,25201489.0,-2.01,-8.38,-6.5,1496419784
FairCoin,FAIR,156,0.0830326,0.00003448,4880.56,4409502.0,53105673.0,53105673.0,10.64,11.51,25.89,1496420050
CloakCoin,CLOAK,157,0.872646,0.00036237,18340.7,4366329.0,5003552.0,5003552.0,0.03,1.24,22.73,1496420053
Ethereum Movie Venture,EMV,158,0.647854,0.00026892,2805.82,4319026.0,6666666.0,6666666.0,-10.09,194.21,6.38,1496419790
Darcrus,DAR,159,0.313181,0.00013,26463.7,4266703.0,13623762.0,13623762.0,1.19,2.18,2.32,1496419783
Quark,QRK,160,0.0166076,0.00000690,186818.0,4153578.0,250101047.0,250101047.0,-3.07,38.9,11.54,1496420043
bitCNY,BITCNY,161,0.139798,0.00005805,479410.0,4118603.0,29461100.0,29461100.0,-1.29,-0.87,-2.1,1496420058
APX,APX,162,4.54259,0.00188561,86047.8,4088331.0,900000.0,1000000.0,2.84,6.79,33.59,1496419794
ArtByte,ABY,163,0.0052265,0.00000217,114108.0,4039426.0,772874050.0,772874050.0,4.49,20.71,0.51,1496420054
LoMoCoin,LMC,164,0.0193151,0.00000802,363631.0,4028334.0,208558816.0,293558816.0,-0.18,9.24,7.06,1496419776
ICO OpenLedger,ICOO,165,8.3457,0.00346426,14236.4,3937459.0,471795.0,471795.0,-2.86,11.51,15.93,1496419773
NautilusCoin,NAUT,166,0.242503,0.0001007,361585.0,3923699.0,16180000.0,16180000.0,0.78,0.25,4.71,1496420052
Unobtanium,UNO,167,19.6956,0.00817876,74767.2,3894314.0,197725.0,197725.0,-4.13,-5.88,-7.93,1496420044
Bitmark,BTM,168,0.997066,0.00041404,181408.0,3889734.0,3901180.0,3901180.0,0.01,2.13,22.24,1496420056
Riecoin,RIC,169,0.106175,0.00004409,633018.0,3631298.0,34201063.0,34201063.0,-0.6,11.77,20.07,1496420048
Circuits of Value,COVAL,170,0.00888603,0.00000369,92281.5,3554412.0,400000000.0,1200000000.0,5.65,18.49,4.48,1496420061
DubaiCoin,DBIX,171,4.08501,0.00169567,35261.3,3553964.0,870001.0,870001.0,-4.57,-2.19,50.12,1496419790
SpreadCoin,SPR,172,0.434498,0.00018043,29176.3,3534818.0,8135406.0,8135406.0,-1.67,13.59,25.65,1496420059
Minereum,MNE,173,7.97899,0.00331205,391617.0,3191899.0,400038.0,400038.0,-8.67,95.24,200.89,1496419793
Diamond,DMD,174,1.48955,0.00061855,16884.9,3164354.0,2124369.0,2124369.0,0.48,0.52,3.75,1496420044
Zennies,ZENI,175,0.00310772,0.00000129,5629.67,3109834.0,1000680352.0,1000680352.0,0.64,-0.55,2.67,1496419789
BitSend,BSD,176,0.203846,0.00008465,24453.9,3109808.0,15255675.0,15255675.0,-2.58,6.77,34.17,1496420055
Megacoin,MEC,177,0.0935425,0.00003884,569820.0,3076281.0,32886450.0,32886450.0,6.73,21.99,-8.81,1496420047
Musicoin,MUSIC,178,0.0175447,0.00000728,55419.4,3016649.0,171940748.0,171940748.0,1.2,5.31,-2.86,1496419787
Wild Beast Block,WBB,179,1.27963,0.00053138,35890.7,2975343.0,2325159.0,2325159.0,0.5,1.98,-24.94,1496420062
PoSW Coin,POSW,180,0.0723318,0.00003002,48537.9,2965604.0,41000000.0,70000000.0,0.14,9.72,24.29,1496419783
Jinn,JINN,181,50.0226,0.0207723,500.226,2936477.0,58703.0,1000000.0,2.75,12.73,-25.22,1496420058
Rise,RISE,182,0.027327,0.00001134,110836.0,2934570.0,107387215.0,107387215.0,3.29,28.64,28.34,1496419773
Curecoin,CURE,183,0.122631,0.00005092,16086.3,2907356.0,23708166.0,23708166.0,-0.3,10.62,-5.96,1496420055
HunterCoin,HUC,184,0.162139,0.00006733,3598480.0,2860993.0,17645310.0,17645310.0,6.25,41.18,39.16,1496420048
Zetacoin,ZET,185,0.0171481,0.00000712,293408.0,2849286.0,166157515.0,166157515.0,0.47,-0.03,15.78,1496420042
BitBean,BITB,186,0.00145087,0.00000060,143384.0,2842082.0,1958881000.0,1958881000.0,-3.6,16.49,-18.49,1496420062
RaiBlocks,XRB,187,0.0365648,0.00001518,45570.4,2742613.0,75006927.0,340282367.0,1.49,17.66,24.22,1496419788
Myriad,XMY,188,0.00183908,0.00000076,116245.0,2733102.0,1486124500.0,1486124500.0,10.44,21.01,-25.0,1496420050
Ethbits,ETB,189,1.97438,0.00081956,1691.39,2659461.0,1346986.0,1634691.0,-0.68,61.81,,1496419793
ZcCoin,ZCC,190,0.042511,0.00001765,1874530.0,2621103.0,61657044.0,61657044.0,3.6,26.17,3.66,1496420057
Cryptonite,XCN,191,0.00790756,0.00000328,701127.0,2591881.0,327772523.0,327772523.0,5.28,34.3,-3.25,1496420055
Steem Dollars,SBD,192,1.7641,0.00073227,736138.0,2504863.0,1419910.0,1419910.0,5.45,15.43,3.87,1496419774
Atmos,ATMS,193,0.0246928,0.00001025,171363.0,2471093.0,100073439.0,110073439.0,1.34,4.36,8.13,1496419790
Digitalcoin,DGC,194,0.0683769,0.00002839,222238.0,2351467.0,34389793.0,34389793.0,7.11,11.99,5.61,1496420041
Mintcoin,MINT,195,0.0000963898,0.00000004,8619.89,2346963.0,24348665548.0,24348665548.0,0.47,2.06,-10.8,1496420048
Spectrecoin,XSPEC,196,0.113997,0.00004732,209267.0,2325113.0,20396261.0,20396261.0,0.76,-1.78,-3.07,1496419783
BoostCoin,BOST,197,0.188877,0.00007843,187043.0,2239229.0,11855487.0,11855487.0,3.2,10.04,-0.78,1496420054
Bata,BTA,198,0.44955,0.00018668,42135.4,2225859.0,4951305.0,4951305.0,-0.01,16.81,43.53,1496420065
BlockPay,BLOCKPAY,199,0.409995,0.00017019,16207.2,2225576.0,5428300.0,98928316.0,12.8,-6.84,29.8,1496419776
Veros,VRS,200,0.0259877,0.00001079,63539.9,2221609.0,85486938.0,10000000000.0,-0.96,-16.73,-15.74,1496419780
MaxCoin,MAX,201,0.0406143,0.00001687,144125.0,2211151.0,54442678.0,54442678.0,12.6,15.19,37.41,1496420047
bitUSD,BITUSD,202,1.00894,0.00041897,252973.0,2194979.0,2175530.0,2175530.0,0.18,0.61,1.81,1496420057
iCash,ICASH,203,0.00960934,0.00000399,12438.9,2122967.0,220927467.0,220927467.0,1.28,28.5,6.92,1496420063
Groestlcoin,GRS,204,0.0310605,0.00001290,7398.37,2100317.0,67620200.0,67620200.0,0.55,7.86,10.36,1496420051
FUNCoin,FUNC,205,0.354659,0.00014722,51604.6,2048833.0,5776909.0,100000000.0,5.4,9.5,21.73,1496419792
Zeitcoin,ZEIT,206,0.0000563484,0.00000002,5911.97,2047034.0,36328166763.0,36328166763.0,-16.11,-4.61,6.13,1496420049
Breakout Stake,BRX,207,0.325419,0.00013508,12480.1,2039753.0,6268082.0,6268082.0,0.61,7.21,34.73,1496419774
Adzcoin,ADZ,208,0.0353915,0.00001469,9757.78,1941068.0,54845600.0,54845600.0,-4.38,2.55,-7.42,1496419767
Espers,ESP,209,0.0000961241,0.00000004,4723.08,1934781.0,20127951755.0,20127951755.0,-6.05,-13.79,-24.76,1496419771
Anoncoin,ANC,210,0.913492,0.00037934,222858.0,1927758.0,2110317.0,2110317.0,6.89,114.03,65.81,1496420044
Project Decorum,PDC,211,0.0377503,0.00001567,1840.29,1887515.0,50000000.0,50000000.0,6.74,1.28,-6.62,1496419773
Tickets,TIX,212,0.0000281515,0.00000001,35917.1,1882668.0,66876281414.0,66876281414.0,0.95,-0.45,-8.16,1496420042
GoldCoin,GLD,213,0.0450085,0.00001869,19320.5,1811809.0,40254828.0,40254828.0,-0.11,-2.02,-4.26,1496420057
DeepWebCash,DWC,214,1.30693,0.0005425,20185.5,1745715.0,1335738.0,1335738.0,0.08,3.32,-10.62,1496419781
TransferCoin,TX,215,0.286868,0.00011912,6649.49,1713798.0,5974171.0,5974171.0,-3.5,-5.36,-29.07,1496420067
2GIVE,2GIVE,216,0.00296723,0.00000123,19891.9,1522180.0,512996921.0,512996921.0,3.35,22.48,-20.83,1496419772
vTorrent,VTR,217,0.138348,0.00005745,15228.6,1496367.0,10815966.0,10815966.0,2.68,-5.42,18.13,1496420061
CryptoCarbon,CCRB,218,0.414395,0.00017201,2610.8,1476121.0,3562111.0,10000150.0,-5.75,-8.83,20.27,1496419784
Sequence,SEQ,219,0.0324262,0.00001346,2133.18,1449483.0,44700998.0,44700998.0,0.64,5.74,29.79,1496419777
Startcoin,START,220,0.0313917,0.00001304,34510.2,1415131.0,45079785.0,70782220.0,4.79,-3.61,-30.16,1496420054
Boolberry,XBB,221,0.146477,0.00006083,8613.18,1396289.0,9532480.0,9532480.0,-4.75,5.29,-2.66,1496420054
EB3 Coin,EB3,222,0.289114,0.00012001,38852.4,1354784.0,4685986.0,786000000.0,0.61,5.36,9.15,1496419789
Renos,RNS,223,0.0404024,0.00001677,668561.0,1347510.0,33352221.0,33352221.0,4.52,69.7,148.05,1496419786
Pangea Poker,PANGEA,224,1.34332,0.00055782,722.779,1342450.0,999352.0,1000000.0,2.75,57.82,57.98,1496420060
Voxels,VOX,225,0.0422384,0.00001753,463026.0,1330510.0,31500000.0,210000000.0,-3.03,55.03,18.73,1496419770
Ixcoin,IXC,226,0.0627418,0.00002605,7538.31,1317521.0,20999088.0,20999088.0,4.49,-79.93,19.82,1496420044
Breakout,BRK,227,0.072417,0.00003006,4300.67,1297370.0,17915267.0,17915267.0,3.11,5.22,-4.74,1496419773
ChainCoin,CHC,228,0.086841,0.00003606,18670.6,1275130.0,14683507.0,14683507.0,-0.19,0.7,-9.66,1496420066
EuropeCoin,ERC,229,0.129413,0.00005374,2960.78,1274902.0,9851425.0,9851425.0,0.5,10.68,7.35,1496420065
Bitswift,SWIFT,230,0.302848,0.00012576,8800.04,1229835.0,4060897.0,4060897.0,0.47,0.78,60.6,1496420060
Stealthcoin,XST,231,0.0457305,0.00001899,2113.74,1197089.0,26177028.0,26177028.0,0.54,-1.39,3.22,1496420054
Visio,VISIO,232,0.023262,0.00000966,2865.07,1177052.0,50599758.0,62599758.0,2.01,-2.89,-20.27,1496419786
MediterraneanCoin,MED,233,0.0233589,0.00000970,184365.0,1161091.0,49706598.0,49706598.0,7.12,68.97,42.15,1496420059
Qwark,QWARK,234,0.0650452,0.00002700,33680.3,1148652.0,17659296.0,250377576.0,-6.3,23.62,54.48,1496419771
Yocoin,YOC,235,0.0106762,0.00000443,63915.2,1127608.0,105618830.0,200000000.0,-1.23,8.52,23.13,1496419767
TagCoin,TAG,236,0.202339,0.00008402,152936.0,1111445.0,5492984.0,5492984.0,0.58,9.43,-7.48,1496420043
VeriumReserve,VRM,237,0.984199,0.00040854,67825.6,1095979.0,1113575.0,1113575.0,8.36,37.52,13.25,1496419777
Dynamic,DYN,238,0.664088,0.00027566,4244.27,1073417.0,1616378.0,4370282.0,0.64,-0.94,3.68,1496419788
SecureCoin,SRC,239,0.136359,0.00005662,145940.0,1061673.0,7785866.0,7785866.0,3.13,12.35,-18.72,1496420043
Inpay,INPAY,240,0.103661,0.00004303,33172.7,1036610.0,10000000.0,10000000.0,0.61,-6.38,-23.27,1496419790
DopeCoin,DOPE,241,0.00929542,0.00000386,18670.1,1032588.0,111085648.0,111085648.0,3.49,38.84,-4.49,1496420048
WhiteCoin,XWC,242,0.00402159,0.00000167,19368.1,997579.0,248055781.0,248055781.0,-0.1,-6.21,53.21,1496420051
Triggers,TRIG,243,0.0309567,0.00001285,29578.5,993883.0,32105593.0,100000000.0,2.99,5.93,-12.3,1496419778
LiteDoge,LDOGE,244,0.0000671420,0.00000003,6577.97,991989.0,14774490659.0,14774490659.0,-9.52,-10.69,-35.44,1496420063
Creativecoin,CREA,245,0.0932737,0.00003872,4461.58,984725.0,10557366.0,12269094.0,0.03,8.31,-26.01,1496419792
Mercury,MER,246,0.00969107,0.00000402,998.98,969107.0,100000000.0,100000000.0,14.61,-5.21,-11.48,1496419788
CannabisCoin,CANN,247,0.0124793,0.00000518,55271.4,963791.0,77231176.0,91859176.0,0.47,1.27,40.56,1496420056
PutinCoin,PUT,248,0.00476006,0.00000198,4087.98,954000.0,200417616.0,200417616.0,-2.9,3.81,28.72,1496419774
AudioCoin,ADC,249,0.00119993,0.00000050,6660.68,951783.0,793198644.0,793198644.0,1.17,6.88,-18.71,1496420064
Hacker Gold,HKG,250,0.0584415,0.00002426,1766.4,941545.0,16110893.0,16110893.0,4.98,-3.12,-10.63,1496419782
ArcticCoin,ARC,251,0.0401735,0.00001668,33124.3,938379.0,23358166.0,23358166.0,-1.01,6.19,-20.7,1496419779
HiCoin,XHI,252,0.00482067,0.00000200,122630.0,914626.0,189729990.0,10189729990.0,1.16,-3.21,-5.24,1496419772
PepeCoin,PEPE,253,0.0648877,0.00002693,28170.9,893718.0,13773305.0,13773305.0,0.23,-7.89,21.85,1496419769
DIBCOIN,DIBC,254,0.178385,0.00007405,4535.94,891925.0,5000000.0,5000000000.0,-0.76,-3.3,-4.79,1496419790
HTMLCOIN,HTML5,255,0.0000215949,0.000000009,8507.6,878027.0,40659020000.0,40659020000.0,12.72,5.01,-6.88,1496420058
Syndicate,SYNX,256,0.0753737,0.00003129,14427.7,849376.0,11268860.0,11268860.0,-3.93,-68.0,51.99,1496419773
Centurion,CNT,257,0.0326638,0.00001356,31994.5,844368.0,25850279.0,63389078.0,0.46,1.92,2.67,1496419785
GlobalCoin,GLC,258,0.0129076,0.00000536,1246.36,841201.0,65171010.0,65171010.0,2.77,-16.38,-50.27,1496420059
Woodcoin,LOG,259,0.102153,0.00004242,570.03,820819.0,8035193.0,8035193.0,0.5,-5.48,-0.7,1496420062
Pesetacoin,PTC,260,0.00625178,0.00000260,4646.18,816155.0,130547672.0,130547672.0,0.21,2.72,-10.04,1496420048
EverGreenCoin,EGC,261,0.0603842,0.00002507,10216.3,804396.0,13321301.0,13321301.0,-0.77,-11.74,-0.53,1496419767
Hush,HUSH,262,0.715514,0.00029701,99825.0,787700.0,1100888.0,1222363.0,2.73,1.3,29.23,1496419780
ExclusiveCoin,EXCL,263,0.192164,0.00007980,6813.66,785668.0,4088531.0,4088531.0,0.56,24.34,2.59,1496420059
Unitus,UIS,264,0.0166243,0.00000690,21116.5,777593.0,46774476.0,46774476.0,-2.67,0.64,-10.88,1496420061
e-Gulden,EFL,265,0.0490299,0.00002036,1789.97,752393.0,15345599.0,20384939.0,0.61,0.19,-17.64,1496420050
GeoCoin,GEO,266,0.299497,0.00012437,7120.58,735289.0,2455079.0,2455079.0,2.24,13.01,22.89,1496420062
BlueCoin,BLU,267,0.00127203,0.00000053,1764.37,731015.0,574683675.0,574683675.0,-13.0,-17.38,158.99,1496420051
Fantomcoin,FCN,268,0.122815,0.00005100,2136.43,719911.0,5861750.0,5861750.0,2.51,1.04,-2.25,1496420053
HempCoin,THC,269,0.00332249,0.00000138,16780.2,703780.0,211823061.0,211823061.0,1.22,12.19,-9.08,1496420054
Ripto Bux,RBX,270,0.00203882,0.00000085,6685.38,697481.0,342100100.0,1000000000.0,6.85,13.13,63.91,1496419788
Tokes,TKS,271,1.05038,0.00043601,5015.35,680251.0,647624.0,50000000.0,-4.46,4.4,-16.27,1496419788
Altcoin,ALT,272,5.28876,0.00219534,2379.7,646156.0,122175.0,134063.0,0.27,10.68,16.41,1496419791
Version,V,273,0.00144545,0.00000060,1587.03,632238.0,437398754.0,437398754.0,0.64,,,1496419793
Synergy,SNRG,274,0.226695,0.00009414,1544.22,629236.0,2775695.0,2775695.0,0.19,-4.14,7.06,1496420065
ProCurrency,PROC,275,0.221195,0.00009182,875.46,622709.0,2815205.0,15000053805.0,0.67,-11.93,-1.32,1496419791
DT Token,DRACO,276,0.00697531,0.00000290,61044.3,620028.0,88888888.0,88888888.0,-4.9,42.69,54.97,1496419773
Moin,MOIN,277,0.0864876,0.00003590,3746.09,601057.0,6949629.0,6949629.0,11.58,41.23,38.55,1496419767
Magi,XMG,278,0.0842048,0.00003497,4731.78,594130.0,7055774.0,7055774.0,0.49,14.43,-4.05,1496420058
TrustPlus,TRUST,279,0.0182537,0.00000758,1274.95,585699.0,32086595.0,32086595.0,0.41,5.32,7.69,1496420054
Deutsche eMark,DEM,280,0.0208666,0.00000867,719.481,579954.0,27793416.0,27793416.0,2.69,0.56,0.86,1496420043
UniBURST,UNIBURST,281,0.568002,0.00023577,2105.58,568001.0,999999.0,1000000.0,1.1,3.67,204.35,1496419786
TileCoin,XTC,282,0.00550309,0.00000229,8169.75,550309.0,100000000.0,100000000.0,0.4,-1.16,-10.7,1496420059
IncaKoin,NKA,283,0.0000722300,0.00000003,10925.5,544397.0,7536993897.0,7536993897.0,0.57,32.94,195.07,1496420062
BTSR,BTSR,284,0.159899,0.00006637,17482.4,529397.0,3310819.0,3310819.0,-3.7,8.5,-2.7,1496419769
FujiCoin,FJC,285,0.000545753,0.00000023,4108.86,525578.0,963031899.0,963031899.0,2.47,-28.8,8.82,1496420065
1337,1337,286,0.0000217965,0.000000009,2929.57,496981.0,22800959860.0,22800959860.0,0.48,24.01,45.86,1496420068
Canada eCoin,CDN,287,0.00501297,0.00000208,1314.12,488341.0,97415544.0,97415544.0,-8.12,-1.86,12.41,1496420052
NuShares,NSR,288,0.000173493,0.00000007,1968.06,468825.0,2702268334.0,3317160542.0,-0.62,-27.0,-69.88,1496420060
Capricoin,CPC,289,0.453481,0.00018831,46477.1,446521.0,984653.0,200984653.0,-0.87,2.53,14.83,1496420066
TrumpCoin,TRUMP,290,0.0677263,0.00002811,5686.51,442899.0,6539538.0,6539538.0,3.71,5.71,8.32,1496419769
KoreCoin,KORE,291,0.240814,0.0001,1652.42,440918.0,1830949.0,1830949.0,0.5,-4.5,-2.14,1496420054
I0Coin,I0C,292,0.0193614,0.00000804,1274.84,406094.0,20974435.0,20974435.0,0.32,4.46,4.54,1496420043
Elcoin,EL,293,0.0357926,0.00001486,3967.12,401198.0,11208967.0,20935289.0,1.87,-35.41,-34.97,1496419772
NobleCoin,NOBL,294,0.000167812,0.00000007,10862.4,384567.0,2291655060.0,2291655060.0,0.45,-1.41,-23.19,1496420046
Newbium,NEWB,295,0.0158999,0.00000660,44207.9,381598.0,24000000.0,51000000.0,0.64,54.47,266.57,1496419772
iTicoin,ITI,296,11.5374,0.00478911,51376.1,369197.0,32000.0,9999992.0,6.13,-5.72,10.57,1496419793
PostCoin,POST,297,0.0233359,0.00000969,3612.04,368132.0,15775332.0,15775332.0,0.1,-3.46,-1.58,1496419770
Jewels,JWL,298,0.0176586,0.00000733,2400.89,356283.0,20176196.0,20176196.0,0.61,-1.45,5.28,1496419778
Terracoin,TRC,299,0.0169909,0.00000706,6097.3,341509.0,20099500.0,20099500.0,0.54,7.94,-5.18,1496420051
Virtacoinplus,XVP,300,0.0386881,0.00001606,1207.68,341205.0,8819373.0,10353966.0,0.41,-9.51,-44.37,1496419786
MazaCoin,MZC,301,0.000311706,0.00000013,1172.36,340576.0,1092618137.0,1092618137.0,0.49,22.29,43.54,1496420050
Wyvern,WYV,302,0.308387,0.00012801,715.31,336332.0,1090616.0,1090616.0,0.64,2.97,-12.72,1496419789
Trollcoin,TROLL,303,0.000600667,0.00000025,924.597,332616.0,553744047.0,553744047.0,0.57,-2.19,-5.96,1496420058
Master Swiscoin,MSCN,304,0.0320929,0.00001332,8414.86,328894.0,10248190.0,1002574186.0,-3.67,-7.06,-20.04,1496419785
Dotcoin,DOT,305,0.0014016,0.00000058,48786.7,315201.0,224886750.0,489886750.0,-0.21,-3.21,15.66,1496420061
Bottlecaps,CAP,306,0.00213577,0.00000089,3379.12,296657.0,138899201.0,138899201.0,1.05,20.24,229.74,1496420044
ParkByte,PKB,307,0.0616724,0.00002561,1049.82,293809.0,4764026.0,4764026.0,0.51,18.17,12.52,1496420065
Atomic Coin,ATOM,308,0.0283054,0.00001175,779.557,284464.0,10049813.0,10049813.0,4.38,23.63,2.98,1496419778
TeslaCoin,TES,309,0.00389416,0.00000162,1308.95,279499.0,71773917.0,71773917.0,-23.84,-13.55,-5.54,1496420046
Quatloo,QTL,310,0.0369104,0.00001533,14350.5,274516.0,7437372.0,7437372.0,1.79,-0.15,-16.22,1496420055
Influxcoin,INFX,311,0.162064,0.00006730,8482.04,271195.0,1673383.0,1673383.0,0.44,-0.27,-53.81,1496420067
Torcoin,TOR,312,1.03162,0.00042822,21965.1,270972.0,262667.0,1262667.0,0.86,34.16,-27.47,1496419790
Bytecent,BYC,313,0.167004,0.00006935,12264.6,270796.0,1621493.0,1621493.0,0.47,3.88,-9.08,1496420061
Karbowanec,KRB,314,0.0747705,0.00003104,5260.78,264645.0,3539437.0,3539437.0,0.79,-3.14,-7.04,1496419776
Asiadigicoin,ADCN,315,0.0106,0.00000440,899.65,264269.0,24931054.0,210000000.0,0.61,-17.49,-28.24,1496419769
UltraCoin,UTC,316,0.00575545,0.00000239,4173.22,248065.0,43100869.0,43100869.0,-1.72,14.93,39.86,1496420046
KibiCoin,KIC,317,0.0168667,0.00000700,751.169,247178.0,14654800.0,14654800.0,-3.74,,,1496419793
Zoin,ZOI,318,0.0221145,0.00000918,1496.11,237813.0,10753700.0,10753700.0,-1.53,-8.33,-23.34,1496419780
Cryptojacks,CJ,319,0.000578056,0.00000024,1843.01,235019.0,406568581.0,406568581.0,-0.31,145.62,69.15,1496419774
8Bit,8BIT,320,0.197598,0.00008205,2504.62,230086.0,1164415.0,1164415.0,0.5,5.27,-44.96,1496420063
Rubies,RBIES,321,0.0221115,0.00000918,2641.83,229375.0,10373545.0,10373545.0,0.64,-0.41,-15.85,1496419768
Sexcoin,SXC,322,0.00184145,0.00000076,3020.08,225650.0,122539226.0,122539226.0,0.8,-23.22,-7.91,1496420043
PRCoin,PRC,323,0.0234917,0.00000975,43277.5,222156.0,9456800.0,789456800.0,0.61,6.22,-0.44,1496419786
LiteBar,LTB,324,0.334346,0.00013884,746.126,215914.0,645781.0,645781.0,14.68,12.34,-5.37,1496420048
NuBits,USNBT,325,1.00009,0.0004153,80414.1,196789.0,196772.0,838087.0,-0.69,0.39,1.23,1496420058
Neutron,NTRN,326,0.0154262,0.00000641,722.251,194643.0,12617684.0,12617684.0,0.5,-15.99,149.72,1496420064
GoldBlocks,GB,327,0.0118589,0.00000492,1384.22,176309.0,14867222.0,14867222.0,-0.07,-4.34,10.72,1496419773
UnbreakableCoin,UNB,328,0.0726002,0.00003015,4935.15,165394.0,2278150.0,2278150.0,-1.25,-5.61,3.51,1496420053
bitBTC,BITBTC,329,2560.75,1.06337,65634.6,164093.0,64.0,64.0,4.49,6.42,5.83,1496420059
Tattoocoin (Standard Edition),TSE,330,0.00142889,0.00000059,1079.2,163424.0,114371465.0,604371465.0,0.34,6.2,16.68,1496419785
Fastcoin,FST,331,0.00128464,0.00000053,1922.26,162847.0,126764507.0,126764507.0,1.63,1.55,38.97,1496420053
Netko,NETKO,332,0.0629634,0.00002614,1429.32,153992.0,2445737.0,2445737.0,-5.59,-5.28,-22.33,1496419787
TheGCCcoin,GCC,333,0.0217058,0.00000901,1194.9,152802.0,7039689.0,867039689.0,0.64,2.37,-19.73,1496419785
DigitalPrice,DP,334,0.00657883,0.00000273,985.645,149059.0,22657386.0,22657386.0,-6.96,-10.43,56.07,1496420060
Pascal Lite,PASL,335,0.074007,0.00003072,3454.03,146441.0,1978750.0,1978750.0,-11.67,11.01,-28.16,1496419788
PipCoin,PIP,336,0.020429,0.00000848,585.97,134283.0,6573177.0,6999979.0,21.75,-4.81,-4.48,1496419778
BERNcash,BERN,337,0.00182327,0.00000076,989.172,129879.0,71234301.0,71234301.0,12.9,10.84,-5.71,1496419771
Sumokoin,SUMO,338,0.264999,0.00011,10764.0,121613.0,458919.0,9347808.0,22.82,13.31,,1496419794
Flycoin,FLY,339,0.556521,0.0002311,1533.97,117318.0,210806.0,210806.0,0.47,-43.79,45.6,1496420068
Machinecoin,MAC,340,0.00599626,0.00000249,2280.92,117272.0,19557575.0,19557575.0,0.47,3.02,-10.61,1496420062
MojoCoin,MOJO,341,0.00961092,0.00000399,1606.96,115871.0,12056148.0,12056148.0,1.79,6.25,-26.57,1496419770
bitEUR,BITEUR,342,1.12485,0.0004671,18827.9,114847.0,102100.0,102100.0,-0.56,-2.4,-0.12,1496420065
Piggycoin,PIGGY,343,0.00023634,0.00000010,1012.97,114344.0,483812335.0,483812335.0,0.51,-11.98,-48.8,1496420054
bitSilver,BITSILVER,344,19.2764,0.00800468,16048.5,104460.0,5419.0,5419.0,-2.03,2.66,10.15,1496420062
CHNCoin,CNC,345,0.00412758,0.00000171,13619.0,104264.0,25260247.0,170109984.0,0.21,-0.71,-27.61,1496420057
Emerald Crypto,EMD,346,0.00524963,0.00000218,3408.61,100358.0,19117129.0,19117129.0,1.47,46.82,46.24,1496420042
Eryllium,ERY,347,0.0227863,0.00000946,3344.22,99229.0,4354776.0,14354776.0,1.31,7.36,-40.52,1496419785
QuazarCoin,QCN,348,0.016857,0.00000700,665.847,96286.0,5711918.0,5711918.0,0.54,8.16,0.76,1496420053
CacheCoin,CACH,349,0.0240814,0.00001000,1854.17,86782.0,3603692.0,3603692.0,0.47,-72.83,,1496420048
bitGold,BITGOLD,350,1413.7,0.58705,3701.77,79188.0,56.0,56.0,-1.95,-8.93,4.48,1496420060
Kurrent,KURT,351,0.00747401,0.00000310,628.992,74138.0,9919485.0,21319485.0,0.49,11.42,19.91,1496419782
Freicoin,FRC,352,0.00264895,0.00000110,17702.9,73920.0,27905523.0,100000000.0,0.54,1.37,7.01,1496420041
Greencoin,GREV2,353,0.0000240814,0.00000001,606.728,73669.0,3059168641.0,3059168641.0,0.5,1.37,2.21,1496420055
PetroDollar,XPD,354,0.00107415,0.00000045,1381.05,68738.0,63993275.0,63993275.0,1.58,-19.22,39.94,1496420051
Gapcoin,GAP,355,0.00604443,0.00000251,10981.1,65785.0,10883541.0,10883541.0,-3.4,-4.59,14.2,1496420059
CrevaCoin,CREVA,356,0.00177499,0.00000074,11202.5,64593.0,36390750.0,6240390800.0,2.12,1.79,-8.74,1496420065
MCAP,MCAP,357,6.35697,0.00263875,132862.0,63601.0,10005.0,100000000.0,1.39,-1.87,,1496419793
Wexcoin,WEX,358,0.347638,0.0001443,5957.92,58285.0,167661.0,10000167661.0,0.26,-10.02,17.27,1496419778
Argentum,ARG,359,0.00722441,0.00000300,930.15,54226.0,7505947.0,7505947.0,-5.45,-21.42,-5.81,1496420042
NevaCoin,NEVA,360,0.0288241,0.00001196,550.207,52284.0,1813905.0,1813905.0,0.62,3.33,18.42,1496419770
Acoin,ACOIN,361,0.0417772,0.00001735,11177.3,50972.0,1220085.0,1220085.0,0.84,0.02,-30.71,1496420057
Philosopher Stones,PHS,362,0.0194337,0.00000807,3399.47,47209.0,2429219.0,2429219.0,0.38,1.3,6.67,1496420044
PonziCoin,PONZI,363,0.0535298,0.00002222,669.191,46094.0,861099.0,861099.0,0.57,-2.13,-2.98,1496419772
Prime-XI,PXI,364,0.00295684,0.00000123,1237.9,43750.0,14796150.0,14796150.0,-1.25,4.62,55.82,1496420059
LevoPlus,LVPS,365,0.0961689,0.00003992,4280.03,39618.0,411967.0,91411967.0,0.59,98.49,-25.83,1496419786
Allion,ALL,366,0.00610795,0.00000254,2328.14,37865.0,6199359.0,7323359.0,0.61,-4.56,-23.04,1496419786
Independent Money System,IMS,367,0.00670765,0.00000278,957.044,36013.0,5368934.0,5368934.0,0.24,-0.55,-10.52,1496419769
Rawcoin,XRC,368,0.0458208,0.00001902,1468.89,32298.0,704882.0,704882.0,-8.8,-13.43,182.51,1496419782
MACRON,MCRN,369,0.0000724426,0.00000003,896.177,29080.0,401421401.0,401421401.0,0.64,-25.23,-19.03,1496419790
BeaverCoin,BVC,370,0.00900644,0.00000374,678.12,28057.0,3115258.0,3115258.0,-1.18,3.4,-8.28,1496420058
PIECoin,PIE,371,0.000360035,0.00000015,524.553,25947.0,72067362.0,72067362.0,0.61,10.9,-6.59,1496419787
Honey,HONEY,372,0.371908,0.00015438,1103.27,25404.0,68306.0,68306.0,-1.91,-1.89,-46.17,1496419787
Kittehcoin,MEOW,373,0.0000008895,0.0000000004,1005.4,21263.0,23905669976.0,23905669976.0,3.8,42.2,60.92,1496420045
Marijuanacoin,MAR,374,0.0385212,0.00001599,6473.61,20135.0,522690.0,522690.0,0.88,-36.91,-27.4,1496419786
Eurocoin,EUC,375,0.00144488,0.00000060,1079.69,16949.0,11730350.0,11730350.0,-2.22,-5.57,-25.12,1496420066
Bitvolt,VOLT,376,0.000794997,0.00000033,645.158,12014.0,15112554.0,60132654.0,0.61,1.06,-9.25,1496419792
Ebittree Coin,EBT,377,0.0114431,0.00000475,1211.77,9979.0,872060.0,810872060.0,0.61,-3.14,8.86,1496419791
Beatcoin,XBTS,378,0.00611405,0.00000254,1577.59,9322.0,1524686.0,2524686.0,2.05,-13.25,6.73,1496419778
AllSafe,ASAFE,379,0.0000131240,0.000000005,1079.56,9318.0,710000000.0,710000000.0,-2.2,-23.96,33.65,1496419780
BenjiRolls,BENJI,380,0.000457726,0.00000019,6053.81,8672.0,18945136.0,18945136.0,0.61,-7.99,-18.99,1496419784
Argus,ARGUS,381,0.00571434,0.00000237,703.368,6562.0,1148324.0,5194373.0,0.62,3.91,6.76,1496419786
Digital Money Bits,DMB,382,0.0138054,0.00000573,18025.7,4284.0,310300.0,10310300.0,-1.8,18.82,105.02,1496419793
Environ,ENV,383,0.0000240908,0.00000001,3249.85,3159.0,131129509.0,931129509.0,0.61,1.31,,1496419793
Powercoin,PWR,384,0.0000240908,0.00000001,1322.16,1204.0,49983870.0,49983870.0,0.64,1.3,2.09,1496419772
Gold Pressed Latinum,GPL,385,0.172852,0.00007175,7439.27,,,204044.0,0.74,-9.89,20.94,1496419792
SnakeEyes,SNAKE,386,0.161364,0.00006698,1024.5,,,10000000.0,3.19,18.5,50.78,1496419792
Arcade Token,ARC,387,3.74133,0.00167261,,10777041.0,2880537.0,2880537.0,,,32.01,1496180681
Scotcoin,SCOT,388,0.0063438,0.00000263,165.315,6343800.0,1000000000.0,1000000000.0,0.71,-24.3,14.56,1496420053
XCurrency,XC,389,0.433465,0.00018,9.63255,2517061.0,5806838.0,5806838.0,0.5,1.1,-18.79,1496420052
InstantDEX,DEX,390,2.46275,0.00102268,357.099,2462750.0,1000000.0,1000000.0,2.75,12.73,,1496420058
AsiaCoin,AC,391,0.00289847,0.00000120,73.4746,2433625.0,839624179.0,839624179.0,0.44,-2.26,-22.57,1496420051
Bitpark Coin,BPC,392,0.0197545,0.00000820,144.135,1481588.0,75000000.0,100000000.0,4.07,16.74,15.43,1496419782
NewYorkCoin,NYC,393,0.0000240814,0.00000001,275.345,1438140.0,59719935819.0,59719935819.0,0.5,655.31,22.79,1496420051
InsaneCoin,INSANE,394,0.0571589,0.00002373,267.053,1048351.0,18340988.0,18340988.0,-9.74,-21.15,42.85,1496419780
Devcoin,DVC,395,0.0000617089,0.00000003,45.1037,864170.0,14003977500.0,14003977500.0,0.97,-5.19,64.39,1496420054
ShadowCash,SDC,396,0.123119,0.00005113,395.02,820854.0,6667162.0,6667162.0,0.47,2.26,-17.8,1496420056
DubaiCoin,DBIC,397,0.154263,0.00006403,172.622,791217.0,5129014.0,6146942.0,-5.01,-4.63,-0.99,1496419769
Pandacoin,PND,398,0.0000240814,0.00000001,297.944,783005.0,32514916898.0,32514916898.0,0.5,1.37,2.21,1496420049
Casino,CASINO,399,0.766803,0.0003183,22.2373,766803.0,1000000.0,1000000.0,3.4,62.54,23.85,1496419787
Ultimate Secure Cash,USC,400,0.0734268,0.00003048,134.673,759462.0,10343113.0,38602656.0,0.64,,-10.34,1496419789
Carboncoin,CARBON,401,0.0000481628,0.00000002,7.18829,741319.0,15391933727.0,15391933727.0,0.5,1.37,2.21,1496420056
Tao,XTO,402,0.0224275,0.00000931,207.57,679926.0,30316640.0,32316640.0,-0.37,51.48,12.08,1496419777
Cryptofund,FUND,403,0.5588,0.0002553,,558800.0,1000000.0,1000000.0,,,-20.21,1495948164
CageCoin,CAGE,404,0.0000053216,0.000000002,132.871,538377.0,101168328395,101168328395,7.04,5.88,30.93,1496420048
E-Currency Coin ,ECC,405,0.0000240814,0.00000001,3.85545,531250.0,22060603799.0,22060603799.0,0.5,1.37,2.21,1496420050
ReeCoin,REE,406,0.0384019,0.00001594,363.809,474943.0,12367704.0,6662367704.0,-0.44,-5.4,36.66,1496419774
Joincoin,J,407,0.192878,0.00008009,434.566,472243.0,2448402.0,2448402.0,0.12,-64.68,126.72,1496420056
YashCoin,YASH,408,0.0457726,0.00001900,227.851,457731.0,10000117.0,10000117.0,0.64,-21.36,19.0,1496419783
SmileyCoin,SMLY,409,0.0000175156,0.000000007,114.498,454709.0,25960250000.0,25960250000.0,1.08,-17.23,-38.73,1496420061
PayCoin,XPY,410,0.0379114,0.00001574,114.257,443668.0,11702766.0,11752766.0,57.86,421.46,116.05,1496420060
CasinoCoin,CSC,411,0.0113386,0.00000471,331.796,437683.0,38601187.0,38601187.0,-5.42,-3.64,-12.39,1496420042
Colossuscoin V2,CV2,412,0.0000187217,0.000000008,250.206,415431.0,22189835273.0,22189835273.0,1.27,-16.65,-48.6,1496420062
Happycoin,HPC,413,0.0362326,0.00001504,228.461,411818.0,11365953.0,11365953.0,-10.43,-0.06,157.26,1496419789
Dashcoin,DSH,414,0.0237777,0.00000987,336.728,411154.0,17291579.0,17291579.0,0.27,-10.48,-2.65,1496420060
BitBar,BTB,415,11.5723,0.00480551,186.407,377081.0,32585.0,32585.0,0.51,2.11,4.2,1496420041
Orbitcoin,ORB,416,0.124474,0.00005169,24.5349,367901.0,2955649.0,2955649.0,0.61,-0.43,5.25,1496420046
GCoin,GCN,417,0.0000026371,0.000000001,477.112,366578.0,139006910000,139006910000,1.69,9.4,37.88,1496420060
LTBcoin,LTBC,418,0.000742106,0.00000032,,366499.0,493863915.0,493863915.0,,,,1496287754
FuelCoin,FC2,419,0.00358813,0.00000149,3.67355,363881.0,101412508.0,101412508.0,0.47,7.88,,1496420055
Mineum,MNM,420,0.0383577,0.00001592,78.3487,361957.0,9436367.0,9586367.0,6.22,13.23,-13.92,1496419773
RussiaCoin,RC,421,0.0425926,0.00001768,0.289016,349960.0,8216446.0,8216446.0,0.64,1.42,6.88,1496419767
SuperCoin,SUPER,422,0.00842849,0.00000350,84.2767,346880.0,41155630.0,41155630.0,0.5,,,1496420054
MTMGaming,MTM,423,0.114891,0.00004769,392.699,344673.0,3000000.0,5000000.0,35.13,80.44,185.69,1496419787
HOdlcoin,HODL,424,0.00363771,0.00000151,241.839,337198.0,92695195.0,250000000.0,-0.67,40.34,2.17,1496419769
Crypto Bullion,CBX,425,0.325633,0.00013522,80.8655,324283.0,995853.0,995853.0,38.92,27.54,-10.14,1496420042
Bitstar,BITS,426,0.0130761,0.00000543,85.217,301793.0,23079737.0,23079737.0,0.33,49.22,154.39,1496420051
Rare Pepe Party,RAREPEPEPRTY,427,16.1275,0.0067095,,290295.0,18000.0,100000.0,,,-0.67,1496315982
Shorty,SHORTY,428,0.00281863,0.00000117,0.281863,281863.0,100000000.0,100000000.0,,-43.56,-25.81,1496419782
HitCoin,HTC,429,0.0000240908,0.00000001,16.5242,264910.0,10996318099.0,20996318099.0,0.64,-49.35,-11.07,1496419770
Veltor,VLT,430,0.45734,0.00018984,347.994,253757.0,554855.0,554855.0,0.61,-3.76,47.37,1496419777
SmartCoin,SMC,431,0.0106467,0.00000442,87.2447,243741.0,22893550.0,22893550.0,0.56,-0.78,-19.72,1496420047
BTCtalkcoin,TALK,432,0.00357833,0.00000161,,233631.0,65290635.0,65290635.0,,,-25.17,1496191750
AgrolifeCoin,AGLC,433,0.0472658,0.00001990,,216188.0,4573878.0,204573878.0,,,,1496301878
VirtualCoin,VC,434,0.0213843,0.00000888,222.906,215218.0,10064287.0,10064287.0,0.5,12.52,-4.15,1496420056
Vault Coin,VLTC,435,0.00692202,0.00000287,32.0893,205760.0,29725410.0,529725410.0,-0.16,38.15,-14.57,1496419782
BritCoin,BRIT,436,0.00960847,0.00000399,162.591,204354.0,21268092.0,21268092.0,0.47,29.44,0.7,1496420056
SwagBucks,BUCKS,437,0.969651,0.0004025,2.71709,199404.0,205645.0,205645.0,0.49,16.69,-21.04,1496419767
The Cypherfunks,FUNK,438,0.0000045026,0.000000002,87.6085,198843.0,44161720000.0,44161720000.0,0.16,-12.12,-27.92,1496420064
Pesobit,PSB,439,0.00585407,0.00000243,400.735,191258.0,32670878.0,32670878.0,0.64,-3.33,3.84,1496419777
42-coin,42,440,4455.04,1.84999,168.777,187112.0,42.0,42.0,0.31,0.26,18.43,1496420046
Kobocoin,KOBO,441,0.00736393,0.00000306,111.928,181891.0,24700248.0,24700248.0,0.5,-36.16,-56.05,1496420061
BillaryCoin,BLRY,442,0.0201881,0.00000838,12.9958,181353.0,8983158.0,8983158.0,0.61,9.54,-1.67,1496419772
Bitz,BITZ,443,0.0892373,0.00003720,,177662.0,1990891.0,1990891.0,,0.98,,1496351362
Tristar Coin,TSTR,444,0.0343849,0.00001500,,172882.0,5027857.0,255027857.0,,,-12.82,1496271895
NetCoin,NET,445,0.000218107,0.00000009,86.0131,171678.0,787126712.0,787126712.0,0.52,-5.57,-10.24,1496420043
Zero,ZER,446,0.228863,0.00009500,299.03,170565.0,745270.0,745270.0,0.61,1.26,-7.72,1496419788
Titcoin,TIT,447,0.00303742,0.00000126,113.133,151562.0,49898202.0,49898202.0,2.37,8.09,-12.92,1496420056
Crave,CRAVE,448,0.11246,0.00004670,261.978,140541.0,1249695.0,1249695.0,0.54,-29.01,25.53,1496420062
Coin(O),CNO,449,0.00132439,0.00000055,262.73,136564.0,103114606.0,103114606.0,2.88,18.79,39.3,1496420049
Truckcoin,TRK,450,0.0011076,0.00000046,22.5836,136307.0,123065209.0,123065209.0,0.5,-1.22,62.3,1496420055
Stress,STS,451,0.000240908,0.00000010,3.18963,136145.0,565134332.0,565134332.0,0.61,1.3,,1496419769
TEKcoin,TEK,452,0.0000947649,0.00000004,315.695,134003.0,1414054562.0,1414054562.0,11.35,-3.17,99.9,1496420052
HoboNickels,HBN,453,0.0027212,0.00000113,180.855,132165.0,48568800.0,48568800.0,0.54,13.75,100.58,1496420044
PureVidz,VIDZ,454,0.00103235,0.00000043,248.32,129234.0,125184575.0,125184575.0,0.64,-29.64,1.16,1496419783
Bitcurrency,BTCR,455,0.000759961,0.00000032,90.4079,127864.0,168251043.0,168251043.0,10.83,17.77,39.35,1496419781
MetalCoin,METAL,456,0.00154121,0.00000064,5.83244,118558.0,76925527.0,76925527.0,0.47,-17.88,-12.78,1496420062
BitcoinTX,BTX,457,0.0014208,0.00000059,58.5346,115173.0,81062063.0,81062063.0,0.5,-42.85,-42.48,1496420063
Xiaomicoin,MI,458,0.000281065,0.00000012,294.564,114152.0,406141855.0,406141855.0,0.45,18.16,15.46,1496420066
GAIA,GAIA,459,0.00466575,0.00000198,,112451.0,24101381.0,24101381.0,,-0.81,-8.74,1496340859
Digital Rupees,DRS,460,0.000216817,0.00000009,95.9909,110751.0,510802961.0,510802961.0,0.61,-12.64,15.9,1496419784
Rimbit,RBT,461,0.000945638,0.00000039,462.267,109221.0,115499623.0,393459356.0,-3.19,0.57,-1.63,1496420060
LanaCoin,LANA,462,0.000145531,0.00000006,302.61,108924.0,748460472.0,748460472.0,1.36,-22.21,21.49,1496419772
HyperStake,HYP,463,0.000277658,0.00000012,276.51,107119.0,385796097.0,385796097.0,1.0,13.39,21.6,1496420057
Phoenixcoin,PXC,464,0.00180546,0.00000075,355.19,104509.0,57884825.0,57884825.0,0.54,29.41,37.79,1496420041
Cannacoin,CCN,465,0.0214565,0.00000891,63.8883,100796.0,4697672.0,4697672.0,0.5,-13.57,0.8,1496420052
LottoCoin,LOT,466,0.0000069363,0.000000003,6.03811,100514.0,14491014421.0,14491014421.0,1.26,-29.29,-26.92,1496420045
Coin2.1,C2,467,0.00100334,0.00000042,329.829,100310.0,99976323.0,99976323.0,2.05,3.52,-7.33,1496420053
Pakcoin,PAK,468,0.00273193,0.00000113,255.51,100103.0,36641900.0,36641900.0,0.45,0.81,-13.49,1496420067
BigUp,BIGUP,469,0.0000481816,0.00000002,179.259,98986.0,2054435983.0,2054435983.0,0.64,2.71,102.81,1496419769
C-Bit,XCT,470,0.000746816,0.00000031,9.03186,98424.0,131791750.0,131791750.0,-4.0,-3.8,1.81,1496419769
Dollarcoin,DLC,471,0.0106722,0.00000443,10.5079,97189.0,9106714.0,9106714.0,0.61,10.81,,1496419778
Swing,SWING,472,0.0424515,0.00001762,9.86533,96694.0,2277756.0,2277756.0,1.78,-35.97,-10.86,1496419765
Sterlingcoin,SLG,473,0.0246889,0.00001025,83.5748,95821.0,3881156.0,3881156.0,0.53,-1.88,-14.31,1496420058
FlutterCoin,FLT,474,0.00028815,0.00000012,10.4847,92846.0,322214524.0,322214524.0,4.83,1.08,-17.13,1496420050
TittieCoin,TTC,475,0.0000722014,0.00000003,91.922,90961.0,1259816434.0,1259816434.0,0.54,1.59,9.14,1496420060
GlobalBoost-Y,BSTY,476,0.00792859,0.00000329,157.067,90373.0,11398430.0,11398430.0,-2.9,-5.49,-0.54,1496420059
WayGuide,WAY,477,0.00086727,0.00000036,2.68767,86762.0,100040708.0,100040708.0,0.61,,11.37,1496419777
BunnyCoin,BUN,478,0.0000008233,0.0000000003,4.83734,83493.0,101411059820,101411059820,0.97,-0.0,1.52,1496420057
KiloCoin,KLC,479,0.000409544,0.00000017,4.09544,80393.0,196297971.0,10025186872.0,0.64,4.52,15.7,1496419768
GameUnits,UNITS,480,0.0229776,0.00000954,104.846,79645.0,3466192.0,3466192.0,0.64,-35.5,-20.01,1496419783
AmberCoin,AMBER,481,0.00178202,0.00000074,2.74376,77773.0,43643263.0,43643263.0,0.47,19.07,1.98,1496420061
UFO Coin,UFO,482,0.0000229521,0.00000001,,75443.0,3286990012.0,3286990012.0,,,-2.58,1496273048
Elementrem,ELE,483,0.00295054,0.00000122,126.488,73818.0,25018518.0,25018518.0,0.59,4.69,1.65,1496419775
Darsek,KED,484,0.00741994,0.00000308,25.7148,73162.0,9860159.0,9860159.0,0.61,-2.49,-23.57,1496419789
Triangles,TRI,485,0.999642,0.00041511,10.472,72865.0,72891.0,72891.0,0.54,-13.92,-9.72,1496420055
Valorbit,VAL,486,0.0000240908,0.00000001,14.4545,69197.0,2872349633.0,922340072349633,0.64,1.3,2.09,1496419770
Spots,SPT,487,0.00308277,0.00000128,458.257,69073.0,22406021.0,22406021.0,0.04,-15.33,52.33,1496420042
SproutsExtreme,SPEX,488,0.0000240908,0.00000001,12.0454,69059.0,2866607586.0,2866607586.0,0.61,1.3,2.09,1496419769
CCMiner,CCM100,489,0.0284001,0.00001179,54.3862,68625.0,2416354.0,6000000.0,3.19,4.7,2.31,1496419786
NoLimitCoin,NLC2,490,0.000337272,0.00000014,5.65472,67609.0,200458745.0,200458745.0,0.61,-3.15,-32.03,1496419777
CorgiCoin,CORG,491,0.0000535026,0.00000002,,66978.0,1251855418.0,1251855418.0,,-19.0,-67.84,1496414947
Guncoin,GUN,492,0.00036119,0.00000015,35.4736,65775.0,182107078.0,182107078.0,0.54,-5.94,35.67,1496420052
Blakecoin,BLC,493,0.00548965,0.00000228,194.706,65386.0,11910789.0,11910789.0,-5.32,-4.51,-8.17,1496420046
HempCoin,HMP,494,0.0000481816,0.00000002,120.454,65364.0,1356620858.0,2856620858.0,0.64,1.3,65.96,1496419768
Yacoin,YAC,495,0.000553872,0.00000023,4.15642,64313.0,116114644.0,116114644.0,0.51,1.37,-2.11,1496420041
ChessCoin,CHESS,496,0.00118829,0.00000049,27.7019,64127.0,53966080.0,53966080.0,0.7,0.16,92.85,1496419773
Debitcoin,DBTC,497,0.00354135,0.00000147,34.1371,63716.0,17992033.0,25992033.0,0.61,1.75,21.18,1496419774
Ratecoin,XRA,498,0.00057948,0.00000024,120.823,61478.0,106092115.0,106092115.0,-2.54,-0.28,-25.68,1496420064
Bitcloud,BTD,499,0.00534816,0.00000222,45.4207,59572.0,11138756.0,11138756.0,0.61,4.6,33.97,1496419778
DigiCube,CUBE,500,0.0000240742,0.000000010,0.84711,58479.0,2429126009.0,2429126009.0,0.65,,1.92,1496419766
Chronos,CRX,501,0.000788861,0.00000033,278.573,58163.0,73729962.0,73729962.0,1.94,15.78,18.29,1496419775
RevolverCoin,XRE,502,0.00260181,0.00000108,25.7101,56703.0,21793738.0,21793738.0,0.61,25.2,4.43,1496419773
Nyancoin,NYAN,503,0.000181109,0.00000008,66.7881,53951.0,297891209.0,297891209.0,0.9,-15.26,-3.96,1496420047
KushCoin,KUSH,504,0.00982906,0.00000408,30.5585,53015.0,5393690.0,5393690.0,0.64,-10.9,-17.06,1496419784
Artex Coin,ATX,505,0.00283014,0.00000117,192.319,52916.0,18697445.0,268697445.0,5.61,5.49,25.87,1496419777
PayCon,CON,506,0.00224506,0.00000093,88.441,51732.0,23042604.0,23042604.0,91.91,96.58,64.3,1496420062
Zayedcoin,ZYD,507,0.00794997,0.00000330,20.5346,49638.0,6243840.0,6243840.0,0.64,-0.21,-15.57,1496419777
AmsterdamCoin,AMS,508,0.00510525,0.00000212,131.641,49029.0,9603707.0,16803707.0,18.36,15.75,40.41,1496420066
RedCoin,RED,509,0.000660587,0.00000027,13.6802,48955.0,74107896.0,74107896.0,2.01,6.45,-33.27,1496420045
BurstOcean,OCEAN,510,0.230945,0.00009586,10.5773,48920.0,211827.0,1000000.0,3.4,9.39,72.15,1496419786
Evotion,EVO,511,0.0197338,0.00000819,69.5754,48727.0,2469220.0,2469220.0,9.32,15.57,-44.44,1496419766
SatoshiMadness,MAD,512,0.0000240814,0.00000001,130.28,48179.0,2000683485.0,2000683485.0,0.47,1.37,2.21,1496420068
AurumCoin,AU,513,0.160334,0.00006658,124.352,47493.0,296216.0,296216.0,0.62,-24.91,-22.65,1496420059
Aricoin,ARI,514,0.000337139,0.00000014,26.6707,47288.0,140262505.0,140262505.0,0.5,-6.01,14.1,1496420049
AquariusCoin,ARCO,515,0.0385737,0.00001601,87.1521,47144.0,1222188.0,1222188.0,-7.83,-10.57,-17.09,1496419771
Francs,FRN,516,0.0274412,0.00001139,169.456,47037.0,1714100.0,1714100.0,0.64,-2.41,26.14,1496419768
MarteXcoin,MXT,517,0.017193,0.00000714,0.12156,46905.0,2728161.0,2728161.0,1.04,9.35,-35.63,1496419772
Eternity,ENT,518,0.0149496,0.00000621,297.626,45824.0,3065254.0,3065254.0,0.57,-21.22,-30.6,1496419781
Tigercoin,TGC,519,0.0010355,0.00000043,11.0221,45082.0,43536800.0,43536800.0,0.54,8.89,46.27,1496420044
808Coin,808,520,0.000217134,0.00000009,218.615,44763.0,206154476.0,206154476.0,0.67,1.49,44.66,1496419775
Sativacoin,STV,521,0.0062574,0.00000260,0.259644,44283.0,7076858.0,7076858.0,0.48,-3.87,11.13,1496420059
ICOBID,ICOB,522,0.000414236,0.00000017,81.573,43024.0,103862796.0,103862796.0,1.02,-8.66,9.94,1496419784
Jin Coin,JIN,523,0.00431226,0.00000179,65.9527,42469.0,9848485.0,9848485.0,0.61,-32.55,,1496419777
UniCoin,UNIC,524,0.0141838,0.00000589,104.9,41299.0,2911699.0,2911699.0,0.67,-7.16,9.86,1496420064
Joulecoin,XJO,525,0.0012663,0.00000053,38.4323,40849.0,32258800.0,32258800.0,1.67,-3.27,7.23,1496420043
UCoin,U,526,0.0149545,0.00000621,171.82,40225.0,2689812.0,2689812.0,0.5,39.87,1.72,1496420060
MiloCoin,MILO,527,0.00387862,0.00000161,44.4584,39913.0,10290391.0,10290391.0,0.64,-19.36,44.4,1496419787
OctoCoin,888,528,0.000808222,0.00000034,62.3797,39097.0,48374188.0,48374188.0,0.5,-22.72,54.31,1496420050
Lex4All,LEX,529,0.0387274,0.00001608,123.463,38729.0,1000043.0,5000000.0,53.25,-19.09,-22.8,1496419787
Photon,PHO,530,0.0000021410,0.0000000009,90.3673,38194.0,17839704721.0,17839704721.0,0.41,76.84,50.65,1496420049
Bolivarcoin,BOLI,531,0.00574961,0.00000239,459.278,37281.0,6484025.0,6484025.0,10.28,4.32,20.69,1496420066
Franko,FRK,532,0.0571451,0.00002373,4.19324,36399.0,636950.0,636950.0,0.47,2.97,-48.25,1496420047
Universe,UNI,533,0.0120213,0.00000499,151.273,35776.0,2976051.0,14176051.0,0.61,12.87,5.74,1496419789
PopularCoin,POP,534,0.0000106746,0.000000004,6.71845,35682.0,3342706281.0,3342706281.0,1.05,5.81,1.37,1496420054
WMCoin,WMC,535,0.00308363,0.00000128,0.477336,35547.0,11527489.0,911527489.0,0.64,,,1496419772
FlavorCoin,FLVR,536,0.00167263,0.00000069,1.31043,34955.0,20898106.0,20898106.0,0.66,23.84,55.9,1496419767
Cypher,CYP,537,0.00544239,0.00000226,246.256,34642.0,6365285.0,6365285.0,0.5,11.09,-9.86,1496420063
Dobbscoin,BOB,538,0.0065983,0.00000274,3.40373,33390.0,5060382.0,5060382.0,0.47,0.54,3.73,1496420058
SpaceCoin,SPACE,539,0.00181651,0.00000075,43.3246,32329.0,17797371.0,17797371.0,0.5,-11.18,-5.48,1496420067
Evil Coin,EVIL,540,0.00151561,0.00000063,0.926449,31859.0,21020383.0,21020383.0,0.62,0.79,2.38,1496419768
CryptoWorldX Token,CWXT,541,0.00057818,0.00000024,5.55982,31621.0,54690870.0,54690870.0,0.64,1.3,-5.77,1496419785
Uro,URO,542,0.0259357,0.00001077,61.4818,31312.0,1207310.0,1207310.0,0.5,-0.66,-6.71,1496420053
LeaCoin,LEA,543,0.000110659,0.00000005,70.66,30568.0,276233289.0,276233289.0,1.09,32.2,6.02,1496420063
RonPaulCoin,RPC,544,0.0386294,0.00001604,18.4751,30486.0,789204.0,789204.0,0.5,-15.2,21.38,1496420045
Creatio,XCRE,545,0.00148015,0.00000061,179.987,30373.0,20520514.0,20520514.0,0.61,5.19,49.34,1496419782
CoExistCoin,COXST,546,0.00109953,0.00000046,13.5797,29840.0,27138905.0,27138905.0,1.36,-27.37,-47.07,1496419771
Solarflarecoin,SFC,547,0.00214408,0.00000089,94.0349,29414.0,13718750.0,13718750.0,0.61,1.3,-32.77,1496419785
Dreamcoin,DRM,548,0.0120275,0.00000503,,29311.0,2436996.0,2436996.0,,0.19,,1496330352
SixEleven,611,549,0.0696225,0.00002890,9.03283,28690.0,412086.0,412086.0,0.61,-19.79,-60.06,1496419772
Zurcoin,ZUR,550,0.000361362,0.00000015,22.8761,28543.0,78987069.0,78987069.0,0.64,-18.78,9.38,1496419771
Hommalicoin,HMC,551,11.7946,0.00496011,,28528.0,2419.0,1000000000.0,,,103.86,1496299177
Hexx,HXX,552,0.0208365,0.00000865,317.735,28199.0,1353330.0,1353330.0,-4.22,-21.63,-38.74,1496420065
GoldPieces,GP,553,0.0225152,0.00000935,348.543,27472.0,1220161.0,1220161.0,3.14,2.96,-31.24,1496420060
PlatinumBAR,XPTX,554,0.15659,0.00006500,9.73036,27347.0,174639.0,174639.0,0.64,18.39,-0.92,1496419771
Bitzeny,ZNY,555,0.000361221,0.00000015,59.3708,27314.0,75614500.0,75614500.0,0.5,1.37,12.12,1496420065
HealthyWormCoin,WORM,556,0.00168636,0.00000070,41.2454,26730.0,15851005.0,15851005.0,0.61,1.3,-37.86,1496419789
Unrealcoin,URC,557,0.00380486,0.00000158,20.2839,26727.0,7024402.0,7024402.0,0.5,,6.22,1496420063
BumbaCoin,BUMBA,558,0.00120454,0.00000050,0.192727,26434.0,21945612.0,21945612.0,0.61,1.3,-19.88,1496419770
PX,PX,559,0.000337272,0.00000014,97.8131,25908.0,76815620.0,76815620.0,0.61,-32.47,-20.6,1496419776
Grantcoin,GRT,560,0.000602035,0.00000025,121.458,24882.0,41329318.0,10041329318.0,0.47,-2.56,3.21,1496420067
Universal Currency,UNIT,561,0.00189596,0.00000079,54.8886,24736.0,13046431.0,13046431.0,2.14,-44.79,-73.92,1496420064
Firecoin,FIRE,562,0.250567,0.00010405,3.37399,24659.0,98412.0,98412.0,74.05,53.56,-15.3,1496420055
CryptoEscudo,CESC,563,0.00016857,0.00000007,31.0438,24292.0,144105100.0,594105100.0,0.54,1.37,2.21,1496420050
X-Coin,XCO,564,0.00192651,0.00000080,11.4402,23860.0,12384976.0,12384976.0,0.5,1.09,-9.03,1496420062
NeuCoin,NEU,565,0.0000117980,0.000000005,0.0170482,23487.0,1990764588.0,2014638413.0,1.27,-11.56,,1496420067
Theresa May Coin,MAY,566,0.00151772,0.00000063,13.8896,23194.0,15282250.0,15282250.0,0.64,-6.89,,1496419793
ARbit,ARB,567,0.00357811,0.00000149,,23155.0,6471355.0,6471355.0,,1.09,16.83,1496362165
B3Coin,B3,568,0.0739588,0.00003070,67.8548,22729.0,307314.0,307314.0,0.64,9.4,28.84,1496419776
AntiBitcoin,ANTI,569,0.00127681,0.00000053,206.646,22300.0,17465159.0,17465159.0,0.64,-7.43,6.09,1496419766
ParallelCoin,DUO,570,0.0759695,0.00003153,251.615,21840.0,287489.0,287489.0,1.01,1.94,-6.84,1496419766
Ride My Car,RIDE,571,0.000213536,0.00000009,26.3442,21588.0,101097677.0,101097677.0,0.61,-16.26,-19.25,1496419786
BiosCrypto,BIOS,572,0.0010355,0.00000043,0.264871,21473.0,20737003.0,20737003.0,0.54,-11.54,-3.14,1496420065
SoonCoin,SOON,573,0.00163753,0.00000068,39.0218,20408.0,12462620.0,12462620.0,-19.6,-22.55,-33.24,1496420061
Flaxscript,FLAX,574,0.00363629,0.00000151,2.01318,19986.0,5496351.0,5496351.0,0.5,1.37,9.27,1496420066
Litecred,LTCR,575,0.000653977,0.00000027,183.462,19768.0,30227750.0,30227750.0,0.64,-21.39,96.04,1496419767
MindCoin,MND,576,0.0015659,0.00000065,18.7755,19647.0,12546625.0,12546625.0,0.64,-1.72,-5.21,1496419767
IslaCoin,ISL,577,0.0129709,0.00000538,24.3623,19634.0,1513704.0,1513704.0,0.64,7.16,-8.09,1496419765
PLNcoin,PLNC,578,0.00110774,0.00000046,1.17534,18931.0,17089600.0,19089600.0,0.5,3.62,-5.69,1496420051
Magnum,MGM,579,0.00516496,0.00000225,,18735.0,3627260.0,253627260.0,,,18.53,1496272491
Destiny,DES,580,0.011684,0.00000485,202.497,18694.0,1600000.0,1600000.0,0.64,-22.84,1.88,1496419769
SongCoin,SONG,581,0.000573337,0.00000024,32.2829,18671.0,32565300.0,32565300.0,0.15,4.01,-6.23,1496420062
Impact,IMX,582,0.000168636,0.00000007,45.7726,18434.0,109314611.0,109314611.0,0.64,-16.02,-13.81,1496419788
BTCDragon,DRAGON,583,0.045182,0.00001875,180.728,18260.0,404146.0,1000000.0,0.53,-52.11,-64.33,1496419785
Halcyon,HAL,584,0.00390118,0.00000162,15.7671,18141.0,4650056.0,4650056.0,0.5,9.48,-12.97,1496420057
VIP Tokens,VIP,585,0.000216817,0.00000009,2.40918,18093.0,83450403.0,83450403.0,0.61,-8.83,-14.93,1496419769
Alexium,AUM,586,0.000891011,0.00000037,1.23364,18085.0,20297336.0,20297336.0,0.5,,15.27,1496420066
Luna Coin,LUNA,587,0.0147337,0.00000612,250.099,18084.0,1227386.0,1227386.0,-0.31,1.95,-1.65,1496419782
SecretCoin,SCRT,588,0.00424808,0.00000177,,17964.0,4228672.0,4228672.0,,0.92,29.69,1496414965
BipCoin,BIP,589,0.01325,0.00000550,58.1279,17807.0,1343889.0,1343889.0,3.18,5.46,-36.2,1496419780
Vector,VEC2,590,0.00108366,0.00000045,26.3808,17168.0,15842942.0,15842942.0,0.5,-31.17,-41.03,1496420067
GameBet Coin,GBT,591,0.000794997,0.00000033,0.397499,16904.0,21262780.0,22262780.0,0.64,-4.49,-2.87,1496419770
VapersCoin,VPRC,592,0.0000213865,0.000000009,40.5187,16684.0,780124964.0,1635124964.0,0.56,257.22,16.65,1496419776
Steps,STEPS,593,0.000891011,0.00000037,0.445506,16595.0,18625017.0,18625017.0,0.5,,9.25,1496420067
Shilling,SH,594,0.00506923,0.00000210,222.577,16342.0,3223800.0,3223800.0,0.64,160.35,133.78,1496419777
Sling,SLING,595,0.0149439,0.00000627,,16051.0,1074095.0,1074095.0,,0.33,24.58,1496412262
Orlycoin,ORLY,596,0.000431634,0.00000018,,15818.0,36646779.0,36646779.0,,0.83,14.32,1496410470
AnarchistsPrime,ACP,597,0.00356246,0.00000148,6.16194,15657.0,4394874.0,4394874.0,0.5,7.11,55.89,1496420065
Sprouts,SPRTS,598,0.0000000869,0.00000000004,34.817,15210.0,174958021221,174958021221,4.19,-9.58,-58.27,1496420067
Blackstar,BSTAR,599,0.0000240908,0.00000001,103.284,15196.0,630795971.0,630795971.0,0.64,1.3,2.09,1496419782
BowsCoin,BSC,600,0.00269712,0.00000112,1.78007,14969.0,5550102.0,5550102.0,0.47,1.37,63.54,1496420066
Prototanium,PR,601,0.0763316,0.00003170,20.6892,14844.0,194462.0,194462.0,-0.56,-22.36,-24.51,1496420067
MustangCoin,MST,602,0.0235318,0.00000977,37.6085,14795.0,628714.0,628714.0,0.61,22.33,-45.36,1496419778
FuzzBalls,FUZZ,603,0.00304262,0.00000126,476.331,14696.0,4829945.0,4829945.0,2.3,4.0,2.47,1496419772
BitQuark,BTQ,604,0.00202284,0.00000084,16.9666,14475.0,7155671.0,7155671.0,0.54,9.85,-43.74,1496420053
DAPPSTER,DLISK,605,0.000144545,0.00000006,0.261554,14455.0,100000000.0,100000000.0,,-24.02,-38.56,1496419774
GuccioneCoin,GCC,606,0.00069836,0.00000029,1.20315,14167.0,20285537.0,23775537.0,0.5,-10.92,-15.31,1496420066
OsmiumCoin,OS76,607,0.0158456,0.00000658,3.4354,14166.0,894026.0,894026.0,0.5,8.1,16.36,1496420068
BlazeCoin,BLZ,608,0.0000220966,0.000000009,0.528495,13447.0,608557394.0,608557394.0,1.08,-7.7,14.05,1496420054
Cannation,CNNC,609,0.00545127,0.00000226,75.6329,13381.0,2454640.0,2454640.0,-45.31,-50.03,-52.51,1496419792
GPU Coin,GPU,610,0.000329079,0.00000014,209.29,13320.0,40477042.0,51530001.0,0.83,5.66,21.98,1496419772
BitTokens,BXT,611,0.0252954,0.00001050,0.986519,13139.0,519417.0,519417.0,0.61,-2.39,122.99,1496419776
Speedcash,SCS,612,0.0496271,0.00002060,0.970619,12954.0,261031.0,476118.0,0.61,1.35,16.9,1496419791
TajCoin,TAJ,613,0.00222929,0.00000093,73.873,12867.0,5771653.0,5771653.0,-3.43,24.9,41.61,1496419776
Crypto,CTO,614,0.00127631,0.00000053,157.299,12667.0,9924768.0,9924768.0,0.47,-15.95,-39.81,1496420065
Solaris,XLR,615,0.0722725,0.00003000,327.477,12237.0,169320.0,269320.0,0.61,-2.47,-40.39,1496419790
TAGRcoin,TAGR,616,0.000313058,0.00000013,0.34251,12106.0,38669634.0,38669634.0,0.47,-5.87,-11.41,1496420066
WARP,WARP,617,0.0105936,0.00000443,,11602.0,1095224.0,1095224.0,,0.56,7.14,1496415568
Bitcoin 21,XBTC21,618,0.0145198,0.00000655,,11516.0,793108.0,7093108.0,,,-39.17,1496220571
Metal Music Coin,MTLMC3,619,0.000142546,0.00000006,11.5199,11364.0,79719140.0,79719140.0,0.5,-15.91,-3.22,1496420065
Comet,CMT,620,0.0128563,0.00000534,1.84193,11221.0,872830.0,872830.0,0.61,-40.41,10.64,1496419774
Money,$$$,621,0.000237178,0.00000010,64.1223,10883.0,45887218.0,45887218.0,0.3,-7.28,-33.83,1496420068
Cabbage,CAB,622,0.00103591,0.00000043,51.2879,10877.0,10499996.0,10499996.0,0.61,0.93,-39.62,1496419770
Future Digital Currency,FDC,623,0.00375817,0.00000156,62.6361,9696.0,2580051.0,1002580051.0,0.61,11.31,46.52,1496419783
Cashcoin,CASH,624,0.000264895,0.00000011,1.8618,9491.0,35831128.0,35831128.0,0.44,,-4.62,1496420049
G3N,G3N,625,0.00125223,0.00000052,2.50377,9469.0,7561891.0,7561891.0,0.54,-0.54,-1.57,1496420064
Abncoin,ABN,626,0.139271,0.00005781,24.6615,9429.0,67700.0,4734367.0,-8.84,-5.08,-12.23,1496419783
LetItRide,LIR,627,0.000264999,0.00000011,121.225,9346.0,35267724.0,35267724.0,0.64,-14.28,-4.91,1496419774
Xonecoin,XOC,628,0.022119,0.00000921,,9290.0,420000.0,420000.0,0.33,4.67,2.44,1496417376
High Voltage,HVCO,629,0.00611441,0.00000256,,9136.0,1494171.0,1694171.0,,-0.18,55.44,1496333672
1CRedit,1CR,630,0.102374,0.00004246,,9031.0,88213.0,88213.0,,1.39,-27.7,1496373868
EGO,EGO,631,0.000144545,0.00000006,9.90533,8673.0,60000001.0,60000001.0,0.61,-13.17,-9.94,1496419778
iBank,IBANK,632,0.00188531,0.00000079,,8534.0,4526324.0,4526324.0,,0.35,6.52,1496357683
JIO Token,JIO,633,0.0044568,0.00000185,127.353,8504.0,1908128.0,8888888.0,0.61,29.72,74.16,1496419783
Scorecoin,SCORE,634,0.000503291,0.00000021,19.1939,8381.0,16652010.0,16652010.0,0.65,-39.73,-56.1,1496419788
Qibuck Asset,QBK,635,0.00542184,0.00000225,2.16874,7895.0,1456187.0,2000000.0,3.19,39.31,5.08,1496419793
DPAY,DPAY,636,0.0000963625,0.00000004,,7665.0,79541001.0,79541001.0,,1.3,9.21,1496409277
JobsCoin,JOBS,637,0.0000722725,0.00000003,68.9128,7662.0,106019270.0,200019300.0,-39.63,-39.22,-5.91,1496419779
Hirocoin,HIRO,638,0.0000240814,0.00000001,2.40814,7502.0,311522282.0,311522282.0,0.5,1.37,-26.03,1496420050
ImpulseCoin,IMPS,639,0.000359314,0.00000015,,7274.0,20245510.0,20245510.0,,0.73,1.51,1496410181
Iconic,ICON,640,0.0121659,0.00000505,0.243317,7213.0,592894.0,592894.0,0.64,,-39.35,1496419784
PosEx,PEX,641,0.00281863,0.00000117,12.4951,6915.0,2453240.0,2453240.0,0.64,0.44,-5.21,1496419769
Dix Asset,DIX,642,0.0000000684,0.00000000003,,6844.0,100000000000,100000000000,-0.29,9.55,-25.0,1496417087
SydPak,SDP,643,0.0397343,0.00001650,0.240814,6299.0,158535.0,158535.0,,-0.26,16.18,1496420066
Printerium,PRX,644,0.00064567,0.00000027,275.423,5859.0,9074428.0,9074428.0,0.61,-30.7,1.34,1496419784
Zonecoin,ZNE,645,0.00221636,0.00000092,2.19441,5723.0,2581970.0,2581970.0,0.5,-39.09,-26.34,1496419776
Coinonat,CXT,646,0.00252743,0.00000105,92.7563,5396.0,2135002.0,8135002.0,0.73,-12.85,-10.99,1496419790
Concoin,CONX,647,0.00768497,0.00000319,97.1155,5286.0,687849.0,1538849.0,0.61,4.17,58.22,1496419790
Elysium,ELS,648,0.00118248,0.00000049,17.4087,4736.0,4005012.0,4005012.0,-48.54,30.85,-7.31,1496419784
Save and Gain,SANDG,649,0.00141989,0.00000064,,4352.0,3064800.0,3064800.0,,,-8.69,1496226272
BioBar,BIOB,650,0.00481816,0.00000200,72.3503,4268.0,885756.0,985756.0,-26.56,-2.6,-4.38,1496419787
Californium,CF,651,0.036387,0.00001511,57.7121,4043.0,111110.0,111110.0,87.42,93.81,88.62,1496420064
Antilitecoin,ALTC,652,0.000120454,0.00000005,8.08919,3796.0,31512613.0,31512613.0,0.64,-27.64,-35.25,1496419769
GeertCoin,GEERT,653,0.000735769,0.00000031,13.1313,3745.0,5090239.0,5090239.0,0.5,-11.9,-29.14,1496419786
NodeCoin,NODC,654,0.00221639,0.00000097,,3720.0,1678439.0,5878439.0,,,-1.95,1496270080
Revenu,REV,655,0.00274635,0.00000114,29.8798,3283.0,1195525.0,1195525.0,0.64,-0.62,-5.22,1496419769
Selfiecoin,SLFI,656,0.0000240814,0.00000001,1.92651,2597.0,107829281.0,107829281.0,0.5,1.37,2.21,1496420063
Pulse,PULSE,657,0.00018039,0.00000007,130.042,2579.0,14298972.0,14298972.0,1.04,-45.3,-74.96,1496419769
Enigma,XNG,658,0.124429,0.00005165,34.5294,2069.0,16627.0,66627.0,56.52,-4.56,36.44,1496419770
Doubloon,BOAT,659,0.000501861,0.00000021,105.181,1781.0,3547845.0,18547845.0,0.54,-15.53,-33.5,1496419785
P7Coin,P7C,660,0.0000481628,0.00000002,0.697951,1696.0,35220238.0,35220238.0,0.5,-32.42,2.21,1496420063
Dollar Online,DOLLAR,661,0.0152254,0.00000632,193.18,1346.0,88379.0,10088379.0,26.96,-5.71,29.22,1496419781
GanjaCoin,420G,662,0.00187835,0.00000078,28.0981,1264.0,672975.0,1741116.0,0.5,-73.64,-94.26,1496420059
23 Skidoo,CHAO,663,3877.17,1.61003,138.688,979.0,0.0,0.0,0.47,8.08,-59.35,1496420067
Impeachcoin,IMPCH,664,0.00310772,0.00000129,5.96912,958.0,308179.0,2501512.0,-15.72,-27.4,-56.29,1496419785
Digital Credits,DGCS,665,0.000120407,0.00000005,193.208,702.0,5826388.0,201284316.0,0.5,1.37,-27.03,1496420068
Zcashshare,ZHS,666,0.000216504,0.00000009,,612.0,2826000.0,2826000.0,,1.16,-33.56,1496411380
CRTCoin,CRT,667,0.00481628,0.00000200,0.0000000241,382.0,79270.0,10079270.0,0.54,1.37,2.21,1496420051
SwapToken,TOKEN,668,0.0000103702,0.000000004,50.6544,364.0,35110531.0,35110531.0,-0.41,-43.35,847.61,1496419774
PizzaCoin,PIZZA,669,0.000240908,0.00000010,67.3579,332.0,1377917.0,10127917.0,0.64,44.72,45.84,1496419775
Xenixcoin,XEN,670,0.0264999,0.00001100,36.1362,268.0,10100.0,10010100.0,0.61,71.43,-61.15,1496419781
CaliphCoin,CALC,671,0.000892806,0.00000037,12.0454,78.0,87140.0,148587140.0,0.64,-8.05,-39.87,1496419778
MikeTheMug,MUG,672,0.0000051456,0.000000002,,5.0,999279.0,1000000.0,,,,1496047185
BTCGold,XBG,673,0.136258,0.00005656,27.643,,,99000001.0,0.61,84.83,-43.94,1496419791
Soarcoin,SOAR,674,0.0183143,0.00000760,139.412,,,5000000000.0,-8.24,8.77,-26.4,1496419788
Project-X,NANOX,675,451703.0,187.5,2284.45,,,1.0,0.61,-25.78,,1496419793
Internet of Things,XOT,676,1213.03,0.503525,1536.42,,,21000000.0,0.14,22.1,31.26,1496419790
AMIS,AMIS,677,277.548,0.115061,,,,,,1.78,-39.96,1496391890
Bitcoin Unlimited (Futures),BTU,678,120.69,0.050098,626.28,,,,0.54,-9.87,-29.02,1496419789
Malcoin,MALC,679,31.3996,0.0130339,42399.3,,,1000000000.0,0.61,13.42,2.22,1496419791
GoldUnionCoin,GUC,680,22.4216,0.0093071,19492.5,,,210000000.0,0.61,6.41,9.86,1496419791
Qtum (Pre-Launch),QTUM,681,10.2389,0.00425012,36410900.0,,,100000000.0,2.25,48.17,123.56,1496419794
ZenCash,ZEN,682,7.28817,0.00302529,12004.2,,,1390863.0,-14.73,-31.43,,1496419794
Fargocoin,FRGC,683,7.19919,0.00298835,582827.0,,,443861973.0,0.2,0.87,3.94,1496419783
EcoCoin,ECO,684,4.07661,0.00169218,94556.4,,,1093895.0,0.62,19.2,28.5,1496419793
Internet of People,IOP,685,3.29262,0.00136675,1615.62,,,2139403.0,-4.88,-8.42,35.56,1496419781
DECENT (Pre-Launch),DCT,686,2.95488,0.00122656,5212.98,,,73290000.0,1.73,10.65,-26.34,1496419782
PRIZM,PZM,687,1.09324,0.0004538,39514.6,,,,-0.38,6.5,9.04,1496419792
Bitcore,BTX,688,1.07445,0.000446,24531.2,,,16360728.0,0.8,-3.97,-37.8,1496419791
DynamicCoin,DMC,689,0.998858,0.00041462,368558.0,,,10541442931.0,0.0,0.07,0.16,1496419779
OBITS.WARRANT,WARRANT,690,0.993574,0.00041243,1962.5,,,,-1.25,,,1496419794
Databits,DTB,691,0.912921,0.00037895,121451.0,,,,2.77,15.79,7.99,1496419789
Bitgem,BTG,692,0.795288,0.00033025,22.3382,,,,0.54,-4.43,-13.51,1496420041
Aeternity (Pre-Launch),AE,693,0.780543,0.000324,1815.37,,,,9.98,14.74,,1496419793
GAY Money,GAY,694,0.618611,0.00025678,206.884,,,5603047538.0,0.65,24.66,54.25,1496419777
TechShares,THS,695,0.615578,0.00025679,,,,646359158.0,0.15,1.18,-8.43,1496416481
XDE II,XDE2,696,0.53072,0.0002203,1.59296,,,42249.0,0.89,-7.35,-4.05,1496419788
LEOcoin,LEO,697,0.484936,0.00020137,261239.0,,,92916789.0,-0.71,7.7,17.78,1496420065
InvisibleCoin,IVZ,698,0.433417,0.00017998,180.24,,,,177.24,198.55,238.23,1496420067
WA Space,WA,699,0.369168,0.00015324,43326.5,,,,0.61,-4.49,13.26,1496419780
ZenGold,ZENGOLD,700,0.315247,0.00013086,1727.72,,,,-3.55,9.78,,1496419793
ClubCoin,CLUB,701,0.275079,0.00011418,21770.8,,,90899180.0,0.62,-2.96,-12.01,1496419767
TeslaCoilCoin,TESLA,702,0.2683,0.00011137,166.395,,,100000000.0,0.61,-50.92,-27.35,1496419772
Yogold,YOG,703,0.265168,0.00011007,32.0375,,,100000000.0,0.61,1.42,12.25,1496419788
TROPTIONS,TROPTIONS,704,0.248173,0.00010598,,,,1000000001.0,,,,1496287780
Zilbercoin,ZBC,705,0.227159,0.00009429,93601.6,,,9009119.0,-5.28,-6.5,-32.03,1496419785
Pabyosi Coin (Special),PCS,706,0.165958,0.00006889,3080.11,,,30993751760.0,0.64,1.98,11.62,1496419782
Golos Gold,GBG,707,0.156181,0.00006483,8893.15,,,,-3.11,9.35,-13.52,1496419786
AlpaCoin,APC,708,0.153844,0.00006386,673.052,,,,0.61,8.56,25.51,1496419768
EquiTrader,EQT,709,0.127681,0.00005300,97516.9,,,7666640.0,0.61,1.3,8.21,1496419793
LandCoin,LDCN,710,0.106075,0.00004403,25168.4,,,19003881978.0,0.61,35.87,204.89,1496419783
Wowecoin,WEC,711,0.103,0.00004275,11224.3,,,8901692.0,-0.48,-0.96,3.0,1496419775
DeusCoin,DEUS,712,0.0874015,0.00003628,6781.06,,,,0.64,1.32,-23.69,1496419791
Omicron,OMC,713,0.0743202,0.00003085,0.635974,,,10134113.0,3.46,,2.05,1496419778
WavesGo,WGO,714,0.0678638,0.00002817,693.323,,,10000000.0,1.88,-10.57,114.83,1496419791
Quartz,QRZ,715,0.0647561,0.00002688,2497.34,,,21000000.0,0.64,-84.22,,1496419793
InsaneCoin,INSN,716,0.0570203,0.00002367,2869.61,,,18528303.0,-0.89,-14.38,6.0,1496419792
Fazzcoin,FAZZ,717,0.0557702,0.00002315,523.789,,,1022577370.0,-1.05,40.77,-31.28,1496419790
Topaz Coin,TOPAZ,718,0.048817,0.00002026,42.1874,,,38126.0,12.22,-42.8,-60.37,1496419791
Tattoocoin (Limited Edition),TLE,719,0.0385453,0.00001600,6.16173,,,975532.0,0.61,-54.54,-80.85,1496419791
International Diamond,XID,720,0.038234,0.00001588,,,,,,1.24,,1496373575
CryptoBuck,BUK,721,0.0324162,0.00001346,0.453827,,,,1.32,2.49,14.17,1496420058
Elacoin,ELC,722,0.0317393,0.00001318,12.0262,,,,0.54,,3.47,1496420041
DeltaCredits,DCRE,723,0.0293185,0.00001217,,,,,0.54,2.09,-3.52,1496419764
President Johnson,GARY,724,0.0284672,0.00001182,116.204,,,57968072167.0,0.64,0.69,47.39,1496419775
IvugeoCoin,IEC,725,0.023961,0.00000995,0.795693,,,,0.5,1.88,,1496420064
RHFCoin,RHFC,726,0.0238747,0.00000991,8832.13,,,200157080.0,0.61,-18.39,-12.51,1496419790
EDRCoin,EDRC,727,0.0230259,0.00000956,14715.8,,,3407292.0,-0.02,-8.5,-27.17,1496419770
ShellPay,SHELL,728,0.0199406,0.00000828,12097.0,,,,-3.55,-4.02,-32.03,1496420065
Lepaoquan,HLB,729,0.0190609,0.00000791,932298.0,,,935398673.0,4.21,4.57,-29.63,1496419782
Gycoin,GYC,730,0.0170702,0.00000709,12825.6,,,22213403.0,5.78,4.09,-13.08,1496419774
KolschCoin,TP1,731,0.0147961,0.00000620,,,,,,0.46,33.91,1496357661
Avoncoin,ACN,732,0.014045,0.00000583,3091.28,,,,-8.11,-31.41,-29.63,1496419786
Digitalfund,DTF,733,0.0133426,0.00000554,18624.2,,,54000053.0,-0.73,-6.01,-32.65,1496419776
PiCoin,PI,734,0.0132259,0.00000549,21.6817,,,1378369.0,0.61,167.38,161.33,1496419792
Mind Gene,MG,735,0.013009,0.00000540,4900.8,,,,6.53,0.63,4.58,1496419778
Sharkcoin,SAK,736,0.00951215,0.00000395,3279.9,,,,1.43,-4.09,18.6,1496420063
Tyrocoin,TYC,737,0.00794997,0.00000330,16.8636,,,50133100.0,0.64,5.79,-75.67,1496419791
Slimcoin,SLM,738,0.00782645,0.00000325,52.979,,,13925626.0,,22.02,,1496420061
Goldpay Coin,GP,739,0.00686632,0.00000285,35371.3,,,,-0.04,9.53,-10.45,1496419792
9COIN,9COIN,740,0.0065768,0.00000273,251.481,,,350050250.0,0.61,-33.86,77.36,1496419792
Opal,OPAL,741,0.00655043,0.00000272,2483.33,,,,-8.06,0.56,9.13,1496420058
First Bitcoin,BIT,742,0.00620164,0.00000257,1026.11,,,20706894502.0,0.64,-8.42,19.47,1496419774
GBCGoldCoin,GBC,743,0.00589067,0.00000245,58.4231,,,,-0.0,-9.85,-26.61,1496420069
Psilocybin,PSY,744,0.0057818,0.00000240,16.4862,,,,0.61,-8.25,-7.39,1496419770
Xaucoin,XAU,745,0.00577953,0.00000240,45.472,,,,0.5,1.37,-17.12,1496420063
EggCoin,EGG,746,0.00562322,0.00000237,,,,,,,-9.09,1496295864
Helleniccoin,HNC,747,0.00546647,0.00000227,425.16,,,,-1.24,-8.54,35.55,1496420065
Axiom,AXIOM,748,0.00476811,0.00000198,27.2509,,,,0.5,0.86,-1.28,1496420065
BagCoin,BGC,749,0.00458194,0.00000190,85797.2,,,497214120.0,3.11,8.65,3.57,1496419775
GoldReserve,XGR,750,0.00447914,0.00000186,1777.25,,,17161943.0,5.41,5.99,-0.74,1496420055
netBit,NBIT,751,0.00408449,0.00000170,4.41537,,,,0.64,1.63,23.63,1496419780
Dashs,DASHS,752,0.00402317,0.00000167,68.939,,,,0.61,-57.28,-65.73,1496419790
AvatarCoin,AV,753,0.00383044,0.00000159,0.095761,,,,0.61,,2.09,1496419767
Bitcoin Scrypt,BTCS,754,0.00380486,0.00000158,40.8322,,,,0.54,-2.82,7.18,1496420049
President Trump,PRES,755,0.00293751,0.00000122,323.849,,,57968072167.0,0.61,2.59,3.58,1496419775
Quotient,XQN,756,0.00264895,0.00000110,80.3042,,,,0.5,-7.08,-21.37,1496420060
RoyalCoin 2,RYCN,757,0.00252726,0.00000105,1724.71,,,2500124.0,0.61,2.53,-10.76,1496419780
ZSEcoin,ZSE,758,0.00246563,0.00000102,117.044,,,6381500.0,0.53,-25.17,-63.04,1496419788
BitcoinFast,BCF,759,0.0024548,0.00000102,69.0716,,,,0.5,35.96,-26.54,1496420061
OCOW,OCOW,760,0.00227517,0.00000099,,,,,,,-2.61,1496142268
TrickyCoin,TRICK,761,0.00221549,0.00000092,11.3168,,,,0.5,-1.83,-15.28,1496420063
GameLeagueCoin,GML,762,0.00214324,0.00000089,0.535811,,,,0.5,,-11.68,1496420055
RichCoin,RICHX,763,0.00210122,0.00000093,,,,5925522.0,,,-4.26,1496167172
Condensate,RAIN,764,0.00197574,0.00000082,1160.6,,,42978104.0,5.47,17.71,2.62,1496419791
Neptune Classic,NTCC,765,0.00195136,0.00000081,1453.57,,,,0.61,-16.6,66.33,1496419786
Mavro,MAVRO,766,0.00168043,0.00000070,,,,15005722.0,,0.95,-28.07,1496349588
Clinton,CLINT,767,0.00163818,0.00000068,35.8617,,,,0.61,-36.22,-35.72,1496419771
MMXVI,MMXVI,768,0.00146954,0.00000061,75.1004,,,,-5.55,5.66,-54.89,1496419768
Advanced Internet Blocks,AIB,769,0.00144125,0.00000060,102.844,,,31411917289.0,0.5,-11.18,-33.1,1496420064
UR,UR,770,0.0013009,0.00000054,241.257,,,,0.61,-1.96,-0.64,1496419786
TodayCoin,TODAY,771,0.00120454,0.00000050,6.08139,,,,0.61,5.41,15.5,1496419777
RoyalCoin,ROYAL,772,0.00110296,0.00000046,58.4656,,,2500124.0,0.45,3.48,18.53,1496419779
Skeincoin,SKC,773,0.000963255,0.00000040,0.626116,,,,0.5,-5.55,,1496420049
BestChain,BEST,774,0.00094407,0.00000039,15.6269,,,20042911.0,0.61,-5.46,-25.92,1496419789
Digital Bullion Gold,DBG,775,0.000939542,0.00000039,151.793,,,24523275.0,0.61,-12.2,-33.64,1496419774
RubleBit,RUBIT,776,0.000915093,0.00000038,18.6685,,,,0.5,7.0,20.77,1496420068
The Aladin,ADT,777,0.000892522,0.00000032,,,,,,,,1495722585
Bitcedi,BXC,778,0.000891419,0.00000037,29.9676,,,,2.07,-7.41,,1496419772
SportsCoin,SPORT,779,0.00086727,0.00000036,2.40906,,,19800001.0,0.64,1.3,11.37,1496419777
Donationcoin,DON,780,0.00086693,0.00000036,15139.1,,,,3.41,,,1496420053
Braincoin,BRAIN,781,0.000843179,0.00000035,0.481792,,,,0.64,1.3,23.21,1496419770
IrishCoin,IRL,782,0.000818767,0.00000034,333.754,,,,2.73,,,1496420066
Dubstep,DUB,783,0.000817313,0.00000034,,,,,,1.19,2.03,1496411064
Motocoin,MOTO,784,0.000786934,0.00000033,16.07,,,,0.5,1.97,36.8,1496420053
WeAreSatoshi,WSX,785,0.000770604,0.00000032,149.115,,,,0.5,4.64,-3.8,1496420057
FrankyWillCoin,FRWC,786,0.000745197,0.00000031,,,,,,1.08,-1.32,1496411075
Lazaruscoin,LAZ,787,0.000745197,0.00000031,,,,,,1.08,25.69,1496411078
KashhCoin,KASHH,788,0.000720056,0.00000030,3032.28,,,,2.51,11.59,131.9,1496419785
True Investment Coin,TIC,789,0.000698634,0.00000029,21.5011,,,,-25.16,-30.05,-33.52,1496419786
Opescoin,OPES,790,0.000674543,0.00000028,0.269817,,,,0.64,1.3,-10.67,1496419767
Quebecoin,QBC,791,0.000602035,0.00000025,2.5042,,,,0.54,1.37,-29.02,1496420051
Vsync,XVS,792,0.000600462,0.00000025,420.317,,,103334172.0,-3.52,13.61,-21.78,1496419789
CBD Crystals,CBD,793,0.000548258,0.00000023,13.5611,,,,0.64,-8.35,-7.07,1496419779
BitAlphaCoin,BAC,794,0.000493162,0.00000020,46.621,,,,0.31,-14.85,-32.13,1496419767
T-coin,TCOIN,795,0.000457726,0.00000019,1612.71,,,,0.61,3.91,13.26,1496419783
Alphabet Coin Fund,FUN,796,0.000433635,0.00000018,63.618,,,20742012.0,0.61,-62.01,-71.9,1496419773
GoldMaxCoin,GMX,797,0.000385453,0.00000016,2.26454,,,84078950.0,0.61,15.77,-20.37,1496419770
UGAIN,GAIN,798,0.000359695,0.00000015,,,,,,0.83,1.61,1496410477
Gambleo,GMB,799,0.000337272,0.00000014,1.20406,,,,0.61,,-63.35,1496419788
DarkLisk,DISK,800,0.000337272,0.00000014,0.479962,,,17888425.0,0.64,-11.36,-8.61,1496419771
PrismChain,PRM,801,0.000337272,0.00000014,54.421,,,,0.61,29.86,-80.94,1496419773
MarxCoin,MARX,802,0.000336136,0.00000014,141.112,,,29286200.0,0.73,-29.39,-29.83,1496419786
Sakuracoin,SKR,803,0.000312939,0.00000013,116.291,,,,-1.24,1.24,11.21,1496419779
BlazerCoin,BLAZR,804,0.00028909,0.00000012,16.405,,,,0.61,-18.96,0.31,1496419790
Operand,OP,805,0.00028909,0.00000012,5.7818,,,36309296.0,0.61,-18.31,-18.33,1496419771
Cubits,QBT,806,0.00028845,0.00000012,0.0034614,,,,1.63,-42.24,-50.52,1496419779
VGINA,VGINA,807,0.000288449,0.00000012,0.00288448,,,11603228.0,1.63,,-65.08,1496419791
TeraCoin,TERA,808,0.000264999,0.00000011,3808.0,,,,0.61,25.95,8.46,1496419786
Cycling Coin,CYC,809,0.000264895,0.00000011,5.16141,,,,10.51,-7.08,-5.8,1496420066
Happy Creator Coin,HCC,810,0.000244844,0.00000010,22.4656,,,,0.64,19.15,5.77,1496419773
Grumfork,GMF,811,0.000240908,0.00000010,4.81816,,,,-68.56,1.3,,1496419792
The Vegan Initiative,XVE,812,0.000240908,0.00000010,1127.94,,,,0.61,-2.57,21.53,1496419790
MobileCash,MBL,813,0.000216817,0.00000009,10.2556,,,1068669648.0,0.64,30.25,31.25,1496419779
President Sanders,BURN,814,0.000216817,0.00000009,139.265,,,57968072167.0,0.61,-21.23,-47.06,1496419784
AsicCoin,ASC,815,0.00020911,0.00000009,24.0036,,,,1.04,8.93,14.21,1496420044
Moneta,MONETA,816,0.000192651,0.00000008,118.095,,,,0.5,1.37,-17.8,1496420068
LAthaan,LTH,817,0.000168636,0.00000007,135.301,,,,0.61,-21.21,19.1,1496419779
Halloween Coin,HALLO,818,0.000122647,0.00000005,219.809,,,264606158.0,32.8,44.74,-7.53,1496419793
VegasCoin,VGC,819,0.000120407,0.00000005,2.40814,,,,0.5,98.86,2.21,1496420052
TheCreed,TCR,820,0.0000963633,0.00000004,1.51772,,,,0.61,-18.96,-18.33,1496419771
PayPeer,PAYP,821,0.0000963633,0.00000004,42.9247,,,,0.64,35.07,104.17,1496419769
Wowcoin,WOW,822,0.0000963633,0.00000004,52.095,,,,0.61,22.16,104.17,1496419781
LinkedCoin,LKC,823,0.0000963633,0.00000004,11.4646,,,,0.61,1.3,-22.1,1496419775
TeamUp,TEAM,824,0.0000956810,0.00000004,,,,301004896.0,0.01,0.58,35.15,1496415879
FireFlyCoin,FFC,825,0.0000722442,0.00000003,4.89204,,,,0.47,1.37,152.65,1496420061
LePen,LEPEN,826,0.0000529658,0.00000002,146.61,,,,-3.92,-17.84,9.39,1496419784
InflationCoin,IFLT,827,0.0000521280,0.00000002,2510.83,,,3275671956.0,0.58,15.04,19.67,1496419784
PinkDog,PDG,828,0.0000481816,0.00000002,0.0000240908,,,,0.61,1.3,104.17,1496419786
PokeCoin,POKE,829,0.0000481816,0.00000002,133.364,,,,0.61,-32.47,-31.94,1496419775
MoneyCoin,MONEY,830,0.0000481816,0.00000002,1292.16,,,,0.64,-32.47,-2.8,1496419781
Tellurion,TELL,831,0.0000481816,0.00000002,4.81814,,,,0.61,1.3,2.09,1496419777
CyberCoin,CC,832,0.0000481628,0.00000002,0.481628,,,549267534.0,0.5,1.37,36.8,1496420063
Cashme,CME,833,0.0000481628,0.00000002,0.481628,,,,0.5,1.37,2.21,1496420068
President Clinton,HILL,834,0.0000240908,0.00000001,3.85453,,,57968072167.0,0.61,1.3,-48.96,1496419776
SuperTurboStake,STRB,835,0.0000240908,0.00000001,12.0454,,,,0.64,1.3,2.09,1496419768
Aces,ACES,836,0.0000240908,0.00000001,248.617,,,,0.64,1.3,-46.82,1496419776
Global Business Revolution,GBRC,837,0.0000240908,0.00000001,664.714,,,900096049.0,0.64,-49.35,-18.71,1496419780
Safe Trade Coin,XSTC,838,0.0000240908,0.00000001,361.844,,,604880000.0,0.64,1.3,2.09,1496419783
X2,X2,839,0.0000240908,0.00000001,4.70771,,,,0.64,1.3,2.09,1496419767
Rcoin,RCN,840,0.0000240908,0.00000001,193.57,,,,-49.68,1.3,-9.93,1496419778
ChoofCoin,CHOOF,841,0.0000240908,0.00000001,1.08409,,,,0.64,-49.35,-39.83,1496419779
SoulCoin,SOUL,842,0.0000240908,0.00000001,13.4885,,,,0.61,1.3,2.09,1496419772
Yescoin,YES,843,0.0000240908,0.000000010,1152.01,,,,0.63,1.61,7.23,1496419784
UNCoin,UNC,844,0.0000240814,0.00000001,1213.05,,,,0.5,-43.94,-29.84,1496420063
FedoraShare,FEDS,845,0.0000240446,0.000000010,3240.35,,,499001349354,-0.0,-1.39,10.03,1496419776
Victoriouscoin,VTY,846,0.0000237131,0.000000010,122.815,,,10263290326.0,0.64,-0.29,50.74,1496419778
Dimecoin,DIME,847,0.0000167186,0.000000007,793.857,,,527119948176,-3.79,3912.04,569.95,1496420045
Virtacoin,VTA,848,0.0000090681,0.000000004,79.5814,,,12423206610.0,-0.02,-52.67,-30.8,1496420056
XP,XP,849,0.0000025710,0.000000001,394.972,,,133635560466,-3.84,69.68,877.75,1496419777
BitCentavo,NBE,850,0.0000005705,0.0000000002,,,,,,18.7,-39.14,1496398156
RabbitCoin,RBBT,851,0.0000005053,0.0000000002,69.1824,,,,1.22,43.32,55.71,1496420057
BatCoin,BAT,852,0.0000004438,0.0000000002,102.254,,,,65.97,-48.02,,1496420049
StrongHands,SHND,853,0.0000001259,0.00000000005,95.5207,,,,8.02,34.52,,1496419766
Paccoin,PAC,854,0.0000000750,0.00000000003,1038.54,,,,10.96,9.14,38.37,1496420068
Bond,BOND,855,,,,,1349.0,1349.0,,,,
bitRUBLE,BITRUBLE,856,,,,,,,,,,
