Name,Symbol,Rank,Price(BTC),Price(USD),24HVolume,MarketCap,%Change_1h,%Change_24h,%Change_7d,LastUpdated
Bitcoin,BTC,1,2419.2,1.0,1316560000.0,39596195520.0,16367475.0,16367475.0,0.17,2.74,5.16,1496423653
Ethereum,ETH,2,220.315,0.0911612,496492000.0,20301558123.0,92147871.0,92147871.0,-0.69,0.79,27.39,1496423367
Ripple,XRP,3,0.307753,0.00012743,390437000.0,11885942173.0,38621693933.0,99994661895.0,-2.9,5.65,6.34,1496423642
NEM,XEM,4,0.228104,0.00009438,12798200.0,2052936000.0,8999999999.0,8999999999.0,2.75,6.05,9.99,1496423362
Ethereum Classic,ETC,5,17.1189,0.0070834,82163000.0,1578692016.0,92219244.0,92219244.0,0.12,1.47,7.12,1496423376
Litecoin,LTC,6,28.3159,0.0117249,306063000.0,1454922827.0,51381832.0,51381832.0,0.79,2.65,5.29,1496423641
Dash,DASH,7,138.072,0.0571723,34266300.0,1012527341.0,7333329.0,7333329.0,-0.2,2.92,9.94,1496423646
Stratis,STRAT,8,8.33421,0.0034485,45070400.0,820159658.0,98408806.0,98408806.0,-0.1,49.85,177.32,1496423377
Bytecoin,BCN,9,0.00377021,0.00000156,21014800.0,689835468.0,182970038311,182970038311,-0.21,48.43,31.0,1496423652
Monero,XMR,10,43.6622,0.0180794,10140500.0,635848865.0,14562914.0,14562914.0,0.07,-0.52,9.33,1496423650
Waves,WAVES,11,4.21914,0.00174578,3766470.0,421914000.0,100000000.0,100000000.0,-2.2,27.42,57.91,1496423373
Stellar Lumens,XLM,12,0.04116,0.00001704,19860200.0,397803656.0,9664811867.0,102940435314,0.68,7.64,-7.39,1496423653
Golem,GNT,13,0.467929,0.00019362,9459480.0,385981530.0,824872000.0,1000000000.0,0.32,0.13,16.38,1496423382
Zcash,ZEC,14,246.607,0.10204,15392800.0,354344974.0,1436881.0,1436881.0,-0.18,1.94,16.93,1496423381
Dogecoin,DOGE,15,0.00298941,0.00000124,32338700.0,327739216.0,109633411214,109633411214,0.74,7.93,5.62,1496423643
Gnosis,GNO,16,250.609,0.103696,1434830.0,276820195.0,1104590.0,10000000.0,0.7,2.78,10.46,1496423392
Augur,REP,17,24.2245,0.0100235,4619290.0,266469500.0,11000000.0,11000000.0,0.55,2.69,-0.98,1496423367
DigiByte,DGB,18,0.0317677,0.00001315,89186900.0,257541758.0,8107031908.0,8107031908.0,7.32,48.65,105.94,1496423647
Siacoin,SC,19,0.0097071,0.00000402,29697400.0,257372788.0,26513870097.0,26513870097.0,2.07,19.75,20.26,1496423366
Steem,STEEM,20,1.09484,0.00045302,2908270.0,256573170.0,234347640.0,251321734.0,2.91,8.81,-0.84,1496423372
BitShares,BTS,21,0.0879963,0.00003644,21342500.0,228984852.0,2602210000.0,2602210000.0,7.7,24.27,23.63,1496423655
MaidSafeCoin,MAID,22,0.395117,0.00016361,2720550.0,178811151.0,452552412.0,452552412.0,-0.11,-1.31,0.0,1496423650
GameCredits,GAME,23,2.77291,0.0011482,1875970.0,174780510.0,63031440.0,63031440.0,0.03,7.78,1.69,1496423654
DigixDAO,DGD,24,82.5176,0.0341439,1310670.0,165035200.0,2000000.0,2000000.0,-0.07,1.97,6.02,1496423372
Basic Attention Token,BAT,25,0.163695,0.00006773,3174100.0,163695000.0,1000000000.0,1500000000.0,-1.22,5.98,,1496423394
BitConnect,BCC,26,23.6442,0.00978341,1485130.0,152244164.0,6438964.0,6438964.0,0.52,7.9,48.7,1496423385
Lisk,LSK,27,1.31129,0.00054258,2726760.0,141339445.0,107786565.0,107786565.0,1.87,3.89,9.12,1496423372
Decred,DCR,28,26.3801,0.0109155,2073820.0,132555459.0,5024828.0,5444828.0,1.42,11.33,20.12,1496423370
SingularDTV,SNGLS,29,0.213957,0.00008853,247496.0,128374200.0,600000000.0,1000000000.0,4.27,19.84,16.83,1496423380
Ardor,ARDR,30,0.128434,0.00005314,3267600.0,128305501.0,998999495.0,998999495.0,0.37,15.37,7.37,1496423376
Factom,FCT,31,13.2342,0.005476,1303650.0,115841851.0,8753219.0,8753219.0,-1.44,2.59,1.55,1496423366
Byteball,GBYTE,32,602.163,0.249161,530250.0,113979743.0,189284.0,1000000.0,4.73,23.15,100.55,1496423384
Tether,USDT,33,1.03675,0.0004293,57560900.0,108852208.0,104993690.0,124951468.0,0.11,-0.24,0.69,1496423659
Iconomi,ICN,34,1.23408,0.00051063,764913.0,107364960.0,87000000.0,100000000.0,1.43,5.05,5.66,1496423380
Round,ROUND,35,0.104833,0.00004338,351483.0,89108050.0,850000000.0,1000000000.0,0.83,-5.09,-23.25,1496423382
PIVX,PIVX,36,1.66008,0.0006869,954516.0,88879588.0,53539340.0,53539340.0,0.5,5.38,19.68,1496423369
Komodo,KMD,37,0.794515,0.00032875,992707.0,80202722.0,100945510.0,100945510.0,-7.43,46.1,50.18,1496423385
Aragon,ANT,38,2.16848,0.00089727,581772.0,72872133.0,33605167.0,39609523.0,-0.97,6.71,2.2,1496423393
FirstBlood,1ST,39,0.789251,0.00032657,2774880.0,67527029.0,85558371.0,93468691.0,0.12,-0.05,7.49,1496423379
SysCoin,SYS,40,0.124769,0.00005166,3458850.0,65525494.0,525174476.0,525174476.0,1.44,19.33,-5.16,1496423654
Nxt,NXT,41,0.0651894,0.00002699,3344460.0,65124209.0,998999983.0,998999983.0,2.24,15.21,5.35,1496423643
AntShares,ANS,42,1.24632,0.0005157,6355750.0,62316000.0,50000000.0,100000000.0,0.56,3.18,29.31,1496423378
iExec RLC,RLC,43,0.789774,0.00032679,730302.0,61658283.0,78070793.0,86999785.0,7.92,34.84,32.17,1496423391
Ubiq,UBQ,44,1.32795,0.00054987,1504410.0,49265036.0,37098563.0,37098563.0,2.5,17.02,190.37,1496423654
Wings,WINGS,45,0.457539,0.00018932,1741080.0,41045061.0,89708333.0,100000000.0,0.82,30.58,56.43,1496423385
ReddCoin,RDD,46,0.00142373,0.00000059,2253440.0,40612762.0,28525606585.0,28525606585.0,1.12,35.15,0.53,1496423647
Peercoin,PPC,47,1.62361,0.0006723,1110850.0,39169913.0,24125198.0,24125198.0,0.8,4.24,-1.2,1496423640
Lykke,LKK,48,0.271442,0.00011232,471052.0,37361314.0,137640138.0,1285690000.0,0.08,6.39,10.08,1496423382
BitcoinDark,BTCD,49,28.2433,0.0116949,324900.0,36401721.0,1288862.0,1288862.0,-3.65,18.8,25.81,1496423654
Emercoin,EMC,50,0.873572,0.00036173,859531.0,35083156.0,40160577.0,40160577.0,0.48,5.28,-7.17,1496423654
Ark,ARK,51,0.359527,0.00014876,456383.0,34268619.0,95315844.0,126565844.0,4.86,27.06,39.41,1496423389
Melon,MLN,52,55.7919,0.0230854,333533.0,33441665.0,599400.0,749400.0,-0.01,4.18,-10.37,1496423388
Storjcoin X,SJCX,53,0.646577,0.00026773,412901.0,33087378.0,51173144.0,500000000.0,-0.92,-0.98,11.03,1496423654
Omni,OMNI,54,52.876,0.0218946,6837320.0,29556898.0,558985.0,615301.0,-0.1,-5.62,181.88,1496423643
Counterparty,XCP,55,10.8348,0.00448642,502009.0,28373575.0,2618745.0,2618745.0,0.88,-2.78,-4.44,1496423646
Xaurum,XAUR,56,0.247005,0.00010221,113333.0,28085538.0,113704331.0,113704331.0,4.45,-3.74,24.82,1496423362
Blocknet,BLOCK,57,6.79393,0.0028132,237346.0,26567774.0,3910516.0,3910516.0,6.24,46.18,112.27,1496423657
Namecoin,NMC,58,1.73017,0.00071642,796132.0,25496477.0,14736400.0,14736400.0,0.09,4.7,1.39,1496423640
Gulden,NLG,59,0.0714992,0.00002961,107327.0,24779109.0,346564845.0,448585000.0,0.09,6.04,5.27,1496423649
Nexus,NXS,60,0.496378,0.00020554,96680.5,24750854.0,49862916.0,49862916.0,-0.6,-2.67,1.93,1496423659
WeTrust,TRST,61,0.258848,0.0001071,424126.0,23852196.0,92147500.0,100000000.0,3.84,14.26,-7.41,1496423391
Synereo,AMP,62,0.289407,0.00011975,471594.0,23805556.0,82256324.0,949291063.0,0.33,8.08,14.96,1496423367
Burst,BURST,63,0.0131199,0.00000543,4320970.0,23357797.0,1780333442.0,1780333442.0,-0.37,18.1,31.51,1496423656
XtraBYtes,XBY,64,0.0354449,0.00001467,764948.0,23039185.0,650000000.0,650000000.0,-1.24,60.13,515.36,1496423391
EarthCoin,EAC,65,0.00236889,0.00000098,6475910.0,22140755.0,9346468332.0,9346468332.0,2.01,7.15,-1.74,1496423645
YbCoin,YBC,66,7.20682,0.00298417,2642250.0,21766486.0,3020262.0,3020262.0,-0.48,3.78,7.21,1496423644
Matchpool,GUP,67,0.281434,0.00011645,275400.0,21107550.0,75000000.0,98855150.0,-0.72,8.94,17.18,1496423390
Humaniq,HMQ,68,0.164127,0.00006791,738952.0,20298140.0,123673373.0,184190414.0,5.35,37.73,-13.05,1496423393
TokenCard,TKN,69,0.847738,0.00035077,231837.0,20043965.0,23644056.0,39406760.0,-0.32,-0.45,-13.7,1496423392
Verge,XVG,70,0.00144869,0.00000060,2744160.0,19426168.0,13409472280.0,13409472280.0,2.39,68.05,21.04,1496423656
OBITS,OBITS,71,1.32218,0.00054709,671366.0,19355303.0,14638932.0,16443700.0,2.43,34.21,42.2,1496423373
BitBay,BAY,72,0.0190397,0.00000788,60785.1,19182950.0,1007523778.0,1007523778.0,1.23,7.54,3.28,1496423658
BlackCoin,BLK,73,0.250515,0.00010373,1147920.0,19081532.0,76169221.0,76169221.0,0.94,8.91,23.64,1496423648
Edgeless,EDG,74,0.235109,0.00009728,367293.0,18675281.0,79432438.0,132046997.0,0.51,1.34,-11.09,1496423389
E-Dinar Coin,EDR,75,0.0278728,0.00001153,436595.0,18413740.0,660634755.0,785634755.0,0.28,-15.9,9.0,1496423378
PotCoin,POT,76,0.0834209,0.00003454,882350.0,18097621.0,216943490.0,216943490.0,-0.86,-1.73,-10.38,1496423645
NAV Coin,NAV,77,0.291831,0.00012084,543566.0,17898331.0,61331149.0,61331149.0,0.26,4.19,-9.75,1496423653
Nexium,NXC,78,0.263732,0.00010913,1924210.0,17543871.0,66521586.0,66521586.0,3.64,-7.67,34.0,1496423384
BCAP,BCAP,79,1.73857,0.00071938,166469.0,17385700.0,10000000.0,10000000.0,-0.17,8.89,-9.24,1496423394
Expanse,EXP,80,2.34532,0.00097044,418253.0,16988035.0,7243376.0,16243376.0,1.99,-0.48,8.29,1496423366
Unity Ingot,UNY,81,0.0821776,0.00003400,84629.4,16599875.0,202000000.0,10000000000.0,0.45,3.61,87.62,1496423393
Bankcoin,B@,82,3.87114,0.00160179,7466.66,16510722.0,4265080.0,25000000.0,-3.71,22.05,44.66,1496423389
Infinitecoin,IFC,83,0.000181105,0.00000007,2679320.0,16407438.0,90596274910.0,90596274910.0,-0.43,-0.52,4.1,1496423642
Swarm City,SWT,84,2.41506,0.0009993,35170.6,16040175.0,6641730.0,6641730.0,0.36,14.54,-10.87,1496423388
ZCoin,XZC,85,7.17026,0.00296689,1053300.0,16023962.0,2234781.0,2234781.0,0.13,-1.68,20.26,1496423381
LBRY Credits,LBC,86,0.223234,0.00009237,844638.0,15297004.0,68524524.0,466424524.0,0.3,10.84,8.78,1496423376
Pepe Cash,PEPECASH,87,0.0216493,0.00000896,25079.0,15195297.0,701884009.0,701884009.0,2.43,3.84,-8.95,1496423380
Shift,SHIFT,88,1.39799,0.00057845,354953.0,15142013.0,10831274.0,10831274.0,1.59,34.08,147.56,1496423366
GridCoin,GRC,89,0.0376755,0.00001560,220834.0,14705228.0,390312753.0,390312753.0,0.75,5.14,16.56,1496423659
TaaS,TAAS,90,1.76584,0.00073066,175829.0,14384534.0,8146001.0,8146001.0,-2.2,2.37,16.86,1496423390
Agoras Tokens,AGRS,91,0.342358,0.00014166,22298.7,14379036.0,42000000.0,42000000.0,1.35,-3.37,2.02,1496423366
Chronobank,TIME,92,19.9496,0.00825467,456959.0,14166467.0,710113.0,710113.0,1.98,5.08,8.82,1496423388
I/O Coin,IOC,93,0.84524,0.00034999,39404.7,13808105.0,16336313.0,16336313.0,-4.14,10.23,6.88,1496423653
MonaCoin,MONA,94,0.265678,0.00011001,24366.8,13430235.0,50550800.0,50550800.0,-1.76,-1.56,-5.98,1496423649
Radium,RADS,95,4.12382,0.00170634,360231.0,13389443.0,3246854.0,3246854.0,-0.23,4.02,17.09,1496423368
SuperNET,UNITY,96,16.2538,0.00673029,17574.9,13264092.0,816061.0,816061.0,2.29,33.79,143.98,1496423656
E-coin,ECN,97,4.63124,0.0019163,129958.0,12920288.0,2789812.0,211078704.0,0.3,8.89,10.01,1496423390
Bitland,CADASTRAL,98,0.419809,0.00017371,24983.1,12594270.0,30000000.0,30000000.0,-0.66,4.39,90.81,1496423375
Vertcoin,VTC,99,0.375092,0.00015532,559403.0,12543594.0,33441381.0,33441381.0,1.56,8.59,10.85,1496423646
Golos,GOLOS,100,0.0993335,0.00004110,35380.0,12226099.0,123081322.0,123081322.0,-3.53,9.53,63.55,1496423383
MergeCoin,MGC,101,0.123152,0.00005096,3335470.0,12179406.0,98897350.0,103897350.0,1.82,18.91,-1.41,1496423392
Waves Community Token,WCT,102,2.35398,0.00097402,112876.0,11769900.0,5000000.0,10000000.0,0.22,-9.09,9.53,1496423385
LuckChain,BASH,103,0.0161186,0.00000667,678517.0,11670999.0,724070244.0,724070244.0,-1.62,23.3,82.94,1496423383
Clams,CLAM,104,4.88319,0.00202201,639171.0,11243028.0,2302394.0,16207815.0,0.53,6.26,-4.87,1496423652
Pluton,PLU,105,12.6144,0.00521956,105898.0,10722234.0,850000.0,20000000.0,-0.39,-5.22,45.27,1496423380
Mooncoin,MOON,106,0.0000482660,0.00000002,40587.0,10712460.0,221946288991,221946288991,2.71,51.29,0.58,1496423644
DigitalNote,XDN,107,0.00152379,0.00000063,2932780.0,10486014.0,6881534969.0,6881534969.0,-0.1,4.2,-11.1,1496423652
Viacoin,VIA,108,0.448925,0.00018589,271312.0,10166702.0,22646772.0,22646772.0,8.32,14.11,7.96,1496423652
Primecoin,XPM,109,0.499018,0.00020663,4315280.0,9645184.0,19328330.0,19328330.0,7.4,29.03,20.84,1496423641
Bitcrystals,BCY,110,0.412177,0.00017055,245238.0,9600188.0,23291422.0,23291422.0,0.66,8.48,3.77,1496423366
FlorinCoin,FLO,111,0.0713083,0.00002953,307949.0,9555738.0,134005970.0,134005970.0,0.18,4.25,3.76,1496423643
Etheroll,DICE,112,1.33444,0.00055216,23076.3,9343245.0,7001623.0,7001623.0,-31.35,-25.14,-26.09,1496423393
DNotes,NOTE,113,0.0743275,0.00003078,236048.0,9206991.0,123870592.0,123870592.0,1.76,14.6,24.51,1496423647
vSlice,VSL,114,0.272359,0.0001127,144615.0,9094202.0,33390496.0,33390496.0,0.28,3.95,-7.1,1496423383
Energycoin,ENRG,115,0.0738996,0.00003060,3967.72,8937577.0,120942158.0,120942158.0,2.57,4.43,9.89,1496423650
FedoraCoin,TIPS,116,0.0000199024,0.000000008,57443.6,8820110.0,443168182458,443168182458,1.88,-3.86,-15.07,1496423645
Rubycoin,RBY,117,0.359223,0.00014875,40728.7,8762940.0,24394150.0,24394150.0,0.29,2.6,8.37,1496423649
Crown,CRW,118,0.626615,0.00025947,19996.8,8685551.0,13861065.0,13861065.0,1.28,0.37,-2.22,1496423657
HEAT,HEAT,119,0.317717,0.00013146,30749.0,8375409.0,26361224.0,26361224.0,-11.38,-15.47,-9.59,1496423376
VeriCoin,VRC,120,0.273388,0.0001132,509504.0,8259565.0,30211877.0,30211877.0,-0.87,-1.83,0.13,1496423650
NeosCoin,NEOS,121,2.4479,0.00101362,974244.0,8193729.0,3347248.0,3347248.0,-2.25,-1.18,18.55,1496423654
Pascal Coin,PASC,122,0.799069,0.00033064,145427.0,7999320.0,10010800.0,10010800.0,-0.1,7.87,1.67,1496423383
Skycoin,SKY,123,1.44471,0.00059779,52156.0,7896497.0,5465801.0,100000000.0,1.54,-9.86,-24.64,1496423390
VPNCoin,VASH,124,0.0196356,0.00000813,1975110.0,7860911.0,400339746.0,400339746.0,2.78,11.63,-1.35,1496423658
SolarCoin,SLR,125,0.222882,0.00009229,102276.0,7837381.0,35163812.0,98034180543.0,2.07,1.55,12.25,1496423648
BelaCoin,BELA,126,0.222103,0.00009197,457036.0,7769418.0,34981150.0,34981150.0,0.49,13.91,6.33,1496423648
SaluS,SLS,127,7.61367,0.00315036,79772.3,7639944.0,1003451.0,1003451.0,0.36,-3.77,36.6,1496423369
Einsteinium,EMC2,128,0.0360702,0.00001494,361860.0,7603961.0,210810073.0,210810073.0,2.12,16.69,7.52,1496423647
Blitzcash,BLITZ,129,1.81097,0.00074988,283235.0,7359759.0,4063987.0,4063987.0,13.2,70.65,400.51,1496423658
Incent,INCNT,130,0.310321,0.0001284,188984.0,7139962.0,23008312.0,46016625.0,1.21,14.27,41.03,1496423384
Bitcoin Plus,XBC,131,73.5551,0.0304574,150742.0,7129335.0,96925.0,96925.0,-0.59,6.58,1.19,1496423651
Creditbit,CRB,132,0.597048,0.00024704,260971.0,7089552.0,11874342.0,11874342.0,-5.55,-8.37,-9.92,1496423369
Lunyr,LUN,133,2.93336,0.00121376,140787.0,6740430.0,2297853.0,2703356.0,5.67,15.38,-4.83,1496423393
Global Currency Reserve,GCR,134,0.0653738,0.00002705,27471.1,6713370.0,102692055.0,102692055.0,-2.36,4.55,-0.63,1496423365
Aeon,AEON,135,0.45657,0.00018892,5993.38,6497709.0,14231573.0,14231573.0,-1.47,1.79,4.01,1496423365
Asch,XAS,136,0.085774,0.00003549,53261.2,6433050.0,75000000.0,100000000.0,-1.76,-2.29,3.65,1496423390
Feathercoin,FTC,137,0.039032,0.00001616,107580.0,6395257.0,163846520.0,163846520.0,1.52,2.8,16.2,1496423640
ZClassic,ZCL,138,4.29933,0.00177897,422421.0,6355162.0,1478175.0,1478175.0,7.04,-1.4,42.07,1496423382
Novacoin,NVC,139,3.66006,0.00151554,44662.8,6354272.0,1736111.0,1736111.0,0.09,0.19,-9.08,1496423640
ION,ION,140,0.459255,0.00019003,40149.8,6318519.0,13758193.0,19658193.0,9.35,27.25,-1.0,1496423375
FirstCoin,FRST,141,1.92736,0.0007975,131103.0,6100409.0,3165163.0,110000000.0,0.37,13.42,16.44,1496423387
PinkCoin,PINK,142,0.0183759,0.00000761,1843210.0,5898500.0,320991100.0,370991100.0,-5.68,24.63,13.24,1496423650
WorldCoin,WDC,143,0.050449,0.00002089,328576.0,5781712.0,114605083.0,114605083.0,-1.56,7.74,10.43,1496423641
SIBCoin,SIB,144,0.393828,0.00016296,27519.3,5770587.0,14652556.0,14652556.0,0.99,3.42,29.9,1496423366
Safe Exchange Coin,SAFEX,145,0.00268312,0.00000111,23806.3,5761956.0,2147483647.0,2147483647.0,1.08,2.31,-5.02,1496423369
MonetaryUnit,MUE,146,0.0464146,0.00001922,69174.3,5641409.0,121543840.0,121543840.0,0.33,10.0,4.39,1496423658
Gambit,GAM,147,4.65589,0.0019265,38888.6,5512800.0,1184049.0,1184049.0,7.92,10.29,15.85,1496423365
FoldingCoin,FLDC,148,0.0109084,0.00000452,373351.0,5342301.0,489741985.0,1000000000.0,1.37,9.44,6.16,1496423655
Auroracoin,AUR,149,0.588731,0.00024378,9890.09,5097315.0,8658139.0,8658139.0,-0.86,-2.66,4.04,1496423648
Vcash,XVC,150,0.330517,0.00013686,127977.0,5040946.0,15251698.0,15251698.0,1.77,10.7,0.27,1496423659
RouletteToken,RLT,151,0.492534,0.0002038,60042.2,4970756.0,10092210.0,10092933.0,-2.85,8.18,9.74,1496423394
OKCash,OK,152,0.0664647,0.00002752,204160.0,4757567.0,71580351.0,71580351.0,-2.8,-15.69,142.88,1496423658
MUSE,MUSE,153,0.00343998,0.00000142,8329.12,4729424.0,1374840478.0,1524840478.0,-0.08,18.12,1.36,1496423363
Quark,QRK,154,0.0185827,0.00000769,209236.0,4647553.0,250101047.0,250101047.0,8.75,58.18,31.87,1496423642
Sphere,SPHR,155,1.4726,0.00060933,24460.6,4539938.0,3082940.0,3082940.0,0.36,5.74,128.9,1496423363
Darcrus,DAR,156,0.326263,0.000135,26093.4,4444929.0,13623762.0,13623762.0,3.23,7.05,8.11,1496423384
Janus,JNS,157,0.206729,0.00008554,10511.3,4327472.0,20933069.0,25201489.0,-3.48,-10.51,-7.82,1496423385
Ethereum Movie Venture,EMV,158,0.640786,0.00026514,2775.21,4271906.0,6666666.0,6666666.0,-4.38,193.23,8.19,1496423390
CloakCoin,CLOAK,159,0.848262,0.00035124,19091.2,4244329.0,5003559.0,5003559.0,-3.01,-0.22,23.51,1496423650
LoMoCoin,LMC,160,0.0199845,0.00000827,366456.0,4167945.0,208558888.0,293558888.0,2.97,13.13,12.63,1496423379
FairCoin,FAIR,161,0.0766768,0.00003175,4970.78,4071975.0,53105702.0,53105702.0,-5.79,0.67,18.31,1496423648
Unobtanium,UNO,162,20.3653,0.00843278,77487.9,4026731.0,197725.0,197725.0,2.88,0.89,-3.29,1496423643
NautilusCoin,NAUT,163,0.246809,0.0001022,350452.0,3993370.0,16180000.0,16180000.0,2.04,1.91,9.56,1496423652
Bitmark,BTM,164,1.0132,0.00041954,150496.0,3952675.0,3901180.0,3901180.0,1.64,2.35,25.78,1496423654
ICO OpenLedger,ICOO,165,8.32876,0.00344625,14208.9,3929467.0,471795.0,471795.0,-0.06,16.67,19.58,1496423374
APX,APX,166,4.35435,0.00180173,215459.0,3918915.0,900000.0,1000000.0,-3.54,2.28,28.56,1496423394
bitCNY,BITCNY,167,0.131934,0.00005463,469758.0,3899032.0,29552900.0,29552900.0,-5.58,-3.83,-7.55,1496423655
ArtByte,ABY,168,0.00500089,0.00000207,117958.0,3865116.0,772885650.0,772885650.0,-4.72,21.63,0.4,1496423651
DubaiCoin,DBIX,169,4.3784,0.00181168,37848.8,3809269.0,870014.0,870014.0,6.27,5.97,69.06,1496423390
SpreadCoin,SPR,170,0.4443,0.00018397,29359.7,3614672.0,8135655.0,8135655.0,2.26,17.98,30.64,1496423657
Riecoin,RIC,171,0.105542,0.00004370,630401.0,3609792.0,34202423.0,34202423.0,0.4,10.87,20.58,1496423648
Circuits of Value,COVAL,172,0.00891142,0.00000369,94418.4,3564568.0,400000000.0,1200000000.0,1.67,21.81,6.87,1496423659
HunterCoin,HUC,173,0.196754,0.00008147,4271780.0,3471890.0,17645840.0,17645840.0,20.27,72.47,71.75,1496423645
Minereum,MNE,174,8.24166,0.00341021,375599.0,3299205.0,400308.0,400308.0,-2.09,94.55,221.14,1496423393
BitSend,BSD,175,0.20968,0.00008682,24427.5,3198957.0,15256375.0,15256375.0,0.25,12.0,39.58,1496423651
Diamond,DMD,176,1.49381,0.00061855,16003.7,3173509.0,2124440.0,2124440.0,0.19,0.68,5.97,1496423645
Zennies,ZENI,177,0.00311762,0.00000129,5710.99,3119741.0,1000680398.0,1000680398.0,0.36,0.9,4.99,1496423391
Megacoin,MEC,178,0.0945585,0.00003915,576446.0,3109693.0,32886450.0,32886450.0,2.61,23.04,-5.0,1496423641
Rise,RISE,179,0.0285495,0.00001181,123292.0,3065851.0,107387215.0,107387215.0,4.93,34.0,36.57,1496423375
Musicoin,MUSIC,180,0.017627,0.00000729,57067.0,3032394.0,172031180.0,172031180.0,0.44,6.27,0.48,1496423389
Jinn,JINN,181,50.8418,0.0210524,508.418,2984566.0,58703.0,1000000.0,2.29,15.06,-30.43,1496423655
Wild Beast Block,WBB,182,1.27409,0.00052757,35806.5,2962505.0,2325192.0,2325192.0,-0.25,2.49,-26.04,1496423660
PoSW Coin,POSW,183,0.0714934,0.00002958,44308.0,2931229.0,41000000.0,70000000.0,-0.94,11.67,24.47,1496423384
Mintcoin,MINT,184,0.000120223,0.00000005,10775.8,2927270.0,24348665548.0,24348665548.0,24.73,28.5,15.98,1496423646
BitBean,BITB,185,0.00148554,0.00000062,145433.0,2910113.0,1958960000.0,1958960000.0,1.55,20.38,-14.48,1496423659
Curecoin,CURE,186,0.121393,0.00005027,15502.0,2878006.0,23708168.0,23708168.0,-0.82,9.68,-4.39,1496423652
Zetacoin,ZET,187,0.0172196,0.00000713,289514.0,2861170.0,166157775.0,166157775.0,-1.3,0.88,21.28,1496423642
RaiBlocks,XRB,188,0.0360567,0.00001492,45805.0,2705119.0,75024027.0,340282367.0,-1.46,15.33,25.61,1496423389
Cryptonite,XCN,189,0.00817004,0.00000338,714747.0,2678037.0,327787516.0,327787516.0,1.78,38.7,4.89,1496423653
ZcCoin,ZCC,190,0.0434163,0.00001798,1948820.0,2676921.0,61657044.0,61657044.0,2.24,28.7,9.22,1496423653
Myriad,XMY,191,0.0017992,0.00000075,116884.0,2673855.0,1486135500.0,1486135500.0,-1.62,20.48,-24.02,1496423647
Ethbits,ETB,192,1.95284,0.00080804,1672.94,2630447.0,1346986.0,1634691.0,-1.1,61.05,,1496423395
InstantDEX,DEX,193,2.59995,0.00107658,3236.94,2599950.0,1000000.0,1000000.0,6.25,19.52,,1496423655
Steem Dollars,SBD,194,1.78721,0.00073951,745030.0,2538871.0,1420578.0,1420578.0,1.3,18.41,8.24,1496423376
Atmos,ATMS,195,0.0251095,0.00001039,172936.0,2512795.0,100073494.0,110073494.0,-1.42,7.55,12.87,1496423391
Zeitcoin,ZEIT,196,0.0000688818,0.00000003,5459.6,2502353.0,36328216620.0,36328216620.0,12.39,13.6,29.17,1496423649
Digitalcoin,DGC,197,0.0682215,0.00002825,222306.0,2346123.0,34389793.0,34389793.0,0.36,10.57,9.17,1496423641
Bata,BTA,198,0.471162,0.00019496,39792.6,2332874.0,4951321.0,4951321.0,4.96,20.1,52.84,1496423363
Spectrecoin,XSPEC,199,0.113956,0.00004715,206367.0,2324293.0,20396406.0,20396406.0,0.5,-2.26,-1.33,1496423384
Breakout Stake,BRX,200,0.362514,0.00015,12781.4,2272268.0,6268082.0,6268082.0,11.44,19.87,51.97,1496423375
BoostCoin,BOST,201,0.190344,0.00007882,189934.0,2256621.0,11855487.0,11855487.0,0.97,10.89,2.65,1496423651
MaxCoin,MAX,202,0.0409076,0.00001694,160032.0,2227119.0,54442678.0,54442678.0,1.36,18.5,42.74,1496423646
Veros,VRS,203,0.0259867,0.00001075,63380.2,2221523.0,85486938.0,10000000000.0,0.04,-14.95,-14.11,1496423382
BlockPay,BLOCKPAY,204,0.408578,0.00016906,16152.4,2217884.0,5428300.0,98928316.0,3.28,-7.27,35.13,1496423379
iCash,ICASH,205,0.00964353,0.00000399,13079.7,2130521.0,220927467.0,220927467.0,1.26,31.8,11.32,1496423660
Groestlcoin,GRS,206,0.0310529,0.00001286,7141.54,2099813.0,67620521.0,67620521.0,-0.02,8.97,12.26,1496423650
bitUSD,BITUSD,207,0.962873,0.0003987,254419.0,2094855.0,2175630.0,2175630.0,-3.7,-3.11,-2.92,1496423655
FUNCoin,FUNC,208,0.353816,0.0001464,49334.0,2043963.0,5776909.0,100000000.0,-0.23,11.49,24.58,1496423394
Anoncoin,ANC,209,0.955001,0.00039544,233699.0,2015355.0,2110317.0,2110317.0,4.7,114.67,78.52,1496423645
Adzcoin,ADZ,210,0.0365837,0.00001514,10570.6,2006468.0,54845960.0,54845960.0,1.96,7.32,-1.88,1496423369
Espers,ESP,211,0.0000952413,0.00000004,4748.34,1917016.0,20127992982.0,20127992982.0,-0.47,-13.96,-23.07,1496423374
Project Decorum,PDC,212,0.0378706,0.00001567,1843.75,1893530.0,50000000.0,50000000.0,0.36,2.57,-4.41,1496423373
Tickets,TIX,213,0.0000280049,0.00000001,35039.4,1872864.0,66876281414.0,66876281414.0,-0.24,0.88,-6.8,1496423645
GoldCoin,GLD,214,0.0448603,0.00001858,19624.7,1805846.0,40254880.0,40254880.0,0.09,-2.39,-3.8,1496423644
DeepWebCash,DWC,215,1.32088,0.00054655,20222.8,1764679.0,1335988.0,1335988.0,1.1,5.65,-7.88,1496423383
TransferCoin,TX,216,0.280762,0.00011617,6674.26,1677335.0,5974225.0,5974225.0,-7.51,-8.63,-29.36,1496423365
CryptoCarbon,CCRB,217,0.436033,0.00018042,2825.85,1553198.0,3562111.0,10000150.0,2.46,1.46,22.85,1496423385
2GIVE,2GIVE,218,0.00291765,0.00000121,18484.9,1496745.0,512996925.0,512996925.0,0.88,24.83,-24.76,1496423373
vTorrent,VTR,219,0.138091,0.00005718,15393.3,1493588.0,10815966.0,10815966.0,-0.18,-4.65,20.71,1496423658
Sequence,SEQ,220,0.0325296,0.00001346,1192.35,1454110.0,44701124.0,44701124.0,0.36,4.96,32.74,1496423380
Boolberry,XBB,221,0.150278,0.00006223,6534.15,1432522.0,9532480.0,9532480.0,2.44,12.01,0.94,1496423654
Startcoin,START,222,0.0307141,0.00001272,33121.6,1384585.0,45079785.0,70782220.0,-2.13,-3.43,-31.33,1496423652
Pangea Poker,PANGEA,223,1.36532,0.00056534,797.21,1364436.0,999352.0,1000000.0,2.29,61.09,63.86,1496423658
EB3 Coin,EB3,224,0.290035,0.00012001,38976.2,1359129.0,4686086.0,786000000.0,0.36,8.49,12.07,1496423391
Renos,RNS,225,0.0403136,0.00001668,686254.0,1344548.0,33352227.0,33352227.0,-0.28,72.4,151.22,1496423387
Ixcoin,IXC,226,0.0634252,0.00002626,7285.61,1331871.0,20999088.0,20999088.0,1.14,-78.74,21.38,1496423644
Voxels,VOX,227,0.0418696,0.00001732,498307.0,1318892.0,31500000.0,210000000.0,-0.84,57.43,22.35,1496423371
EuropeCoin,ERC,228,0.129877,0.00005374,2971.38,1279475.0,9851435.0,9851435.0,0.33,7.99,8.9,1496423363
ChainCoin,CHC,229,0.0870553,0.00003602,18385.2,1278302.0,14683795.0,14683795.0,-0.51,1.93,-6.96,1496423365
Breakout,BRK,230,0.0696027,0.00002880,4317.02,1246959.0,17915387.0,17915387.0,-3.85,0.41,-5.92,1496423375
Bitswift,SWIFT,231,0.305476,0.00012649,10450.3,1240507.0,4060898.0,4060898.0,0.87,2.6,64.29,1496423656
Yocoin,YOC,232,0.0116033,0.00000480,69710.9,1225527.0,105618830.0,200000000.0,8.33,15.19,35.18,1496423368
Stealthcoin,XST,233,0.0458612,0.00001899,1921.65,1200520.0,26177249.0,26177249.0,0.29,-0.19,5.9,1496423652
Visio,VISIO,234,0.0234037,0.00000968,2889.53,1184227.0,50600000.0,62600000.0,0.65,-1.34,-20.46,1496423388
MediterraneanCoin,MED,235,0.0234257,0.00000970,184745.0,1164412.0,49706598.0,49706598.0,1.07,70.08,49.86,1496423657
Qwark,QWARK,236,0.0652525,0.00002700,33953.5,1152313.0,17659296.0,250377576.0,0.33,21.6,58.08,1496423372
TagCoin,TAG,237,0.205271,0.00008500,159042.0,1127550.0,5492984.0,5492984.0,0.9,11.34,-3.9,1496423644
VeriumReserve,VRM,238,0.997429,0.00041271,66355.8,1110777.0,1113640.0,1113640.0,2.29,40.6,17.24,1496423378
SecureCoin,SRC,239,0.140757,0.00005828,151913.0,1095915.0,7785866.0,7785866.0,2.18,14.68,-13.77,1496423645
LiteDoge,LDOGE,240,0.0000736636,0.00000003,7760.67,1088344.0,14774518659.0,14774518659.0,0.49,-6.03,-39.76,1496423659
Dynamic,DYN,241,0.666204,0.00027566,4257.8,1076856.0,1616406.0,4370310.0,0.36,1.94,6.34,1496423389
WhiteCoin,XWC,242,0.00410553,0.00000170,17505.0,1018401.0,248055889.0,248055889.0,1.63,-4.31,58.15,1496423649
Triggers,TRIG,243,0.0310554,0.00001285,29660.1,997052.0,32105593.0,100000000.0,0.36,6.87,-8.96,1496423381
PutinCoin,PUT,244,0.00490874,0.00000203,4356.69,983798.0,200417616.0,200417616.0,3.21,1.91,35.92,1496423376
Mercury,MER,245,0.00973674,0.00000403,872.298,973674.0,100000000.0,100000000.0,1.5,-1.72,-9.68,1496423390
CannabisCoin,CANN,246,0.0125201,0.00000518,55248.3,966942.0,77231176.0,91859176.0,0.32,2.57,43.63,1496423653
DopeCoin,DOPE,247,0.00864577,0.00000358,18566.8,960421.0,111085648.0,111085648.0,-3.38,29.47,-9.16,1496423648
Hacker Gold,HKG,248,0.0586711,0.00002428,1744.18,945244.0,16110893.0,16110893.0,0.43,-1.68,-7.57,1496423382
AudioCoin,ADC,249,0.00118447,0.00000049,6424.91,939520.0,793198644.0,793198644.0,-1.29,5.94,-18.36,1496423363
PepeCoin,PEPE,250,0.0678015,0.00002805,28071.0,933903.0,13774071.0,13774071.0,4.53,-0.62,31.29,1496423370
Creativecoin,CREA,251,0.0874901,0.00003620,4053.77,923677.0,10557501.0,12269229.0,-6.16,0.1,-22.75,1496423394
DIBCOIN,DIBC,252,0.184014,0.00007614,4482.5,920070.0,5000000.0,5000000000.0,3.19,1.99,-1.54,1496423390
Inpay,INPAY,253,0.0917203,0.00003795,27671.8,917203.0,10000000.0,10000000.0,-4.88,-16.03,-30.73,1496423391
ArcticCoin,ARC,254,0.0391014,0.00001618,32132.0,913355.0,23358637.0,23358637.0,-2.63,1.95,-21.24,1496423381
HiCoin,XHI,255,0.00476112,0.00000197,122489.0,903327.0,189729990.0,10189729990.0,-0.66,-3.81,-3.55,1496423373
Pesetacoin,PTC,256,0.00639116,0.00000265,3631.06,834355.0,130548262.0,130548262.0,2.23,9.93,-5.94,1496423647
Woodcoin,LOG,257,0.102445,0.00004242,571.659,823165.0,8035193.0,8035193.0,0.29,2.0,0.2,1496423659
EverGreenCoin,EGC,258,0.0617604,0.00002556,10291.1,822729.0,13321301.0,13321301.0,1.82,-13.06,2.55,1496423369
Centurion,CNT,259,0.0317641,0.00001314,32086.1,821111.0,25850279.0,63389078.0,-1.81,-2.07,1.32,1496423387
Syndicate,SYNX,260,0.0723621,0.00002994,15442.9,815438.0,11268860.0,11268860.0,-3.49,-69.17,48.5,1496423375
HTMLCOIN,HTML5,261,0.0000199583,0.000000008,5472.11,811485.0,40659020000.0,40659020000.0,-4.09,-5.53,-13.32,1496423655
Hush,HUSH,262,0.725178,0.00030006,91720.6,798339.0,1100888.0,1222363.0,-0.27,-4.13,37.3,1496423382
ExclusiveCoin,EXCL,263,0.192713,0.00007980,6745.77,787917.0,4088553.0,4088553.0,0.29,26.66,3.24,1496423656
Unitus,UIS,264,0.0167093,0.00000692,21298.8,781601.0,46776418.0,46776418.0,0.51,2.27,-8.76,1496423658
e-Gulden,EFL,265,0.0490441,0.00002031,1799.81,752615.0,15345673.0,20385013.0,0.03,1.98,-16.18,1496423648
GeoCoin,GEO,266,0.300312,0.00012435,6803.22,737290.0,2455079.0,2455079.0,0.27,15.07,26.69,1496423659
Fantomcoin,FCN,267,0.120751,0.00005000,2082.02,707832.0,5861912.0,5861912.0,-1.19,1.5,-0.47,1496423651
HempCoin,THC,268,0.00333192,0.00000138,15587.7,705777.0,211823061.0,211823061.0,0.28,11.7,-8.22,1496423652
BlueCoin,BLU,269,0.00118664,0.00000049,1607.18,681943.0,574683675.0,574683675.0,-7.72,-21.55,148.35,1496423649
Tokes,TKS,270,1.04887,0.000434,5855.27,679273.0,647624.0,50000000.0,-0.16,6.15,-16.54,1496423389
Ripto Bux,RBX,271,0.00195372,0.00000081,6981.72,668368.0,342100100.0,1000000000.0,-3.26,14.06,61.74,1496423390
Altcoin,ALT,272,5.37684,0.00222481,2143.1,656917.0,122175.0,134063.0,1.68,8.48,17.49,1496423391
Version,V,273,0.00145006,0.00000060,1525.41,634267.0,437407723.0,437407723.0,0.36,,,1496423395
Synergy,SNRG,274,0.227471,0.00009412,1604.93,631413.0,2775795.0,2775795.0,0.34,-3.17,9.6,1496423363
ProCurrency,PROC,275,0.221888,0.00009181,870.833,624660.0,2815205.0,15000053805.0,0.35,-9.99,-0.19,1496423392
Deutsche eMark,DEM,276,0.0216812,0.00000898,754.718,602595.0,27793416.0,27793416.0,3.69,5.55,8.21,1496423645
Moin,MOIN,277,0.0850288,0.00003518,3413.18,590925.0,6949704.0,6949704.0,-0.86,32.96,39.29,1496423368
TrustPlus,TRUST,278,0.0183058,0.00000758,1190.52,587371.0,32086595.0,32086595.0,0.29,4.26,12.14,1496423652
Magi,XMG,279,0.0825289,0.00003417,4610.18,582308.0,7055810.0,7055810.0,-1.99,9.23,-4.7,1496423655
DT Token,DRACO,280,0.00639779,0.00000265,73879.8,568692.0,88888888.0,88888888.0,-6.12,34.18,43.1,1496423374
UniBURST,UNIBURST,281,0.566546,0.00023442,4821.31,566545.0,999999.0,1000000.0,-0.59,12.68,213.4,1496423387
TileCoin,XTC,282,0.00550424,0.00000228,8063.25,550424.0,100000000.0,100000000.0,-0.89,-1.65,-6.39,1496423657
IncaKoin,NKA,283,0.0000720194,0.00000003,10902.4,542810.0,7536994225.0,7536994225.0,-0.33,34.29,160.5,1496423658
BTSR,BTSR,284,0.159327,0.00006593,17419.8,527503.0,3310819.0,3310819.0,-0.18,12.78,0.65,1496423371
FujiCoin,FJC,285,0.000530967,0.00000022,3871.07,511373.0,963098433.0,963098433.0,-2.31,-28.02,9.29,1496423363
Canada eCoin,CDN,286,0.00508467,0.00000211,977.526,495326.0,97415544.0,97415544.0,0.43,1.78,16.61,1496423649
1337,1337,287,0.0000211226,0.000000009,2899.68,481644.0,22802329591.0,22802329591.0,-3.14,21.89,44.08,1496423368
NuShares,NSR,288,0.000174039,0.00000007,1983.52,470300.0,2702268334.0,3317163701.0,0.31,-26.08,-70.63,1496423656
Capricoin,CPC,289,0.455081,0.0001883,41262.6,448110.0,984681.0,200984681.0,-0.02,3.82,18.25,1496423364
KoreCoin,KORE,290,0.241502,0.0001,1657.14,442178.0,1830949.0,1830949.0,0.29,-3.34,-0.43,1496423651
TrumpCoin,TRUMP,291,0.0662134,0.00002740,5740.57,433005.0,6539539.0,6539539.0,-2.23,11.35,7.76,1496423370
Elcoin,EL,292,0.0383313,0.00001586,4375.46,429654.0,11208967.0,20935289.0,6.03,-31.21,-30.21,1496423373
I0Coin,I0C,293,0.0194167,0.00000804,1241.8,407254.0,20974438.0,20974438.0,0.26,4.89,6.76,1496423642
NobleCoin,NOBL,294,0.000168463,0.00000007,10869.6,386061.0,2291665159.0,2291665159.0,0.39,10.34,-21.02,1496423646
Newbium,NEWB,295,0.0159506,0.00000660,44348.7,382814.0,24000000.0,51000000.0,0.36,56.48,274.04,1496423375
PostCoin,POST,296,0.0230647,0.00000954,3392.6,363853.0,15775332.0,15775332.0,-1.56,-3.19,-0.9,1496423371
GCoin,GCN,297,0.0000025748,0.000000001,1640.94,357909.0,139006910000,139006910000,-2.44,11.57,31.85,1496423657
Jewels,JWL,298,0.0177149,0.00000733,2413.59,357420.0,20176224.0,20176224.0,0.36,0.23,7.65,1496423378
TeslaCoin,TES,299,0.00494466,0.00000205,1189.72,354898.0,71773932.0,71773932.0,10.59,-5.76,14.97,1496423645
Terracoin,TRC,300,0.0172406,0.00000714,6187.79,346540.0,20100220.0,20100220.0,-0.41,10.7,-4.48,1496423640
Virtacoinplus,XVP,301,0.0387791,0.00001605,1207.37,342013.0,8819519.0,10354112.0,0.24,-9.18,-42.47,1496423388
MazaCoin,MZC,302,0.000312724,0.00000013,1208.06,341688.0,1092618137.0,1092618137.0,0.32,20.73,41.68,1496423648
Wyvern,WYV,303,0.309369,0.00012801,717.949,337403.0,1090616.0,1090616.0,0.36,4.25,-11.07,1496423391
Master Swiscoin,MSCN,304,0.0322591,0.00001335,8680.32,330618.0,10248830.0,1002574851.0,0.67,-4.29,-18.57,1496423387
iTicoin,ITI,305,10.2845,0.00425551,44805.0,329104.0,32000.0,9999992.0,-6.51,-15.22,-1.71,1496423393
Dotcoin,DOT,306,0.00140005,0.00000058,44615.6,314853.0,224886750.0,489886750.0,0.26,-3.3,16.44,1496423659
Trollcoin,TROLL,307,0.000555058,0.00000023,889.131,307361.0,553746038.0,553746038.0,-7.59,-8.71,-11.95,1496423655
ParkByte,PKB,308,0.0618932,0.00002561,1053.57,294861.0,4764026.0,4764026.0,0.36,18.79,16.41,1496423363
Atomic Coin,ATOM,309,0.0283218,0.00001172,663.223,284632.0,10049909.0,10049909.0,1.64,30.34,4.3,1496423380
Torcoin,TOR,310,1.0428,0.00043149,22286.1,273963.0,262719.0,1262719.0,1.12,41.09,-20.77,1496423390
Bytecent,BYC,311,0.168303,0.00006969,11344.8,272914.0,1621561.0,1621561.0,0.78,10.26,-6.9,1496423657
Quatloo,QTL,312,0.0366848,0.00001519,13373.8,272844.0,7437516.0,7437516.0,-0.61,6.13,-14.11,1496423652
Influxcoin,INFX,313,0.16198,0.00006702,8540.13,271055.0,1673383.0,1673383.0,-0.05,2.01,-51.54,1496423367
Karbowanec,KRB,314,0.0763301,0.00003158,5069.9,270199.0,3539880.0,3539880.0,2.13,-1.12,-3.11,1496423378
Asiadigicoin,ADCN,315,0.0106337,0.00000440,902.517,265109.0,24931054.0,210000000.0,0.36,-19.28,-26.95,1496423371
Sexcoin,SXC,316,0.0021032,0.00000087,3109.72,257725.0,122539564.0,122539564.0,15.36,-4.89,6.42,1496423659
Bottlecaps,CAP,317,0.00185129,0.00000077,1105.86,257174.0,138915904.0,138915904.0,-12.98,-68.95,191.75,1496423658
UltraCoin,UTC,318,0.00591679,0.00000245,4255.79,255021.0,43101203.0,43101203.0,2.72,18.7,46.38,1496423647
Zoin,ZOI,319,0.0217501,0.00000900,1435.38,233921.0,10754950.0,10754950.0,-1.63,-6.04,-22.3,1496423381
8Bit,8BIT,320,0.200601,0.00008306,2016.05,233583.0,1164415.0,1164415.0,1.52,6.74,-42.02,1496423660
Rubies,RBIES,321,0.022182,0.00000918,2650.25,230106.0,10373546.0,10373546.0,0.36,-0.33,-13.65,1496423369
Cryptojacks,CJ,322,0.000565742,0.00000023,1819.87,230013.0,406568581.0,406568581.0,-2.11,153.2,67.56,1496423376
PRCoin,PRC,323,0.0235664,0.00000975,43415.2,222905.0,9458600.0,789458600.0,0.36,3.23,1.81,1496423387
KibiCoin,KIC,324,0.0149581,0.00000619,947.324,219215.0,14655250.0,14655250.0,-12.21,-8.83,,1496423394
Flycoin,FLY,325,0.967284,0.00040024,1769.62,203909.0,210806.0,210806.0,73.81,0.91,162.79,1496423366
NuBits,USNBT,326,0.998426,0.00041342,80932.5,196462.0,196772.0,838087.0,-0.17,-0.48,0.86,1496423655
Neutron,NTRN,327,0.0154745,0.00000641,706.566,195252.0,12617684.0,12617684.0,0.31,-23.01,155.13,1496423660
LiteBar,LTB,328,0.294805,0.00012207,961.58,190381.0,645787.0,645787.0,-8.04,-21.59,-15.84,1496423648
GoldBlocks,GB,329,0.0120195,0.00000497,1356.3,178697.0,14867298.0,14867298.0,0.93,-3.94,11.66,1496423376
Netko,NETKO,330,0.0707746,0.00002928,977.496,173224.0,2447550.0,2447550.0,12.5,8.09,-11.0,1496423388
UnbreakableCoin,UNB,331,0.0729742,0.00003022,4485.47,166246.0,2278150.0,2278150.0,-0.68,-3.82,6.29,1496423650
Tattoocoin (Standard Edition),TSE,332,0.00143345,0.00000059,1082.64,163946.0,114371500.0,604371500.0,0.36,9.68,20.06,1496423385
bitBTC,BITBTC,333,2542.74,1.05289,64865.9,162939.0,64.0,64.0,1.3,7.8,7.72,1496423657
Pascal Lite,PASL,334,0.078883,0.00003264,3070.71,156145.0,1979450.0,1979450.0,4.11,35.7,-21.59,1496423389
Fastcoin,FST,335,0.00122764,0.00000051,1468.34,155621.0,126764507.0,126764507.0,-4.78,-2.29,32.19,1496423642
TheGCCcoin,GCC,336,0.0213883,0.00000885,1232.55,150572.0,7039945.0,867039945.0,-1.42,1.66,-17.17,1496423386
DigitalPrice,DP,337,0.00620925,0.00000257,1018.66,140688.0,22657768.0,22657768.0,-8.77,-17.28,50.68,1496423656
PipCoin,PIP,338,0.0204941,0.00000848,587.837,134711.0,6573177.0,6999979.0,4.62,-2.06,-2.07,1496423380
BERNcash,BERN,339,0.00180935,0.00000075,960.203,128888.0,71234301.0,71234301.0,-1.03,11.47,-3.3,1496423372
Sumokoin,SUMO,340,0.265844,0.00011,10746.4,122180.0,459591.0,9348480.0,0.36,16.23,,1496423395
Piggycoin,PIGGY,341,0.000246445,0.00000010,1190.11,119233.0,483812521.0,483812521.0,3.25,-4.25,-44.54,1496423653
MojoCoin,MOJO,342,0.00983485,0.00000407,1610.26,118571.0,12056168.0,12056168.0,2.37,8.59,-22.37,1496423371
Machinecoin,MAC,343,0.00601339,0.00000249,2213.64,117609.0,19557875.0,19557875.0,-0.11,4.87,-9.02,1496423658
Emerald Crypto,EMD,344,0.00613394,0.00000254,3351.99,117263.0,19117129.0,19117129.0,16.85,74.41,72.94,1496423642
bitEUR,BITEUR,345,1.10643,0.00045781,19447.4,112967.0,102100.0,102100.0,-1.34,-1.73,-1.24,1496423363
QuazarCoin,QCN,346,0.0193201,0.00000800,751.19,110359.0,5712137.0,5712137.0,14.61,23.17,19.03,1496423650
CHNCoin,CNC,347,0.00411778,0.00000171,12832.9,104016.0,25260247.0,170109984.0,-0.56,-0.64,-23.72,1496423658
bitSilver,BITSILVER,348,19.2716,0.00797988,16044.4,102507.0,5319.0,5319.0,-0.2,0.48,9.22,1496423659
Eryllium,ERY,349,0.0228925,0.00000947,4827.7,99692.0,4354777.0,14354777.0,2.19,7.73,-39.15,1496423386
CacheCoin,CACH,350,0.0241502,0.00001000,604.498,87030.0,3603694.0,3603694.0,0.31,-71.57,,1496423647
bitGold,BITGOLD,351,1405.35,0.58192,3680.95,78721.0,56.0,56.0,-0.72,-5.91,4.53,1496423658
Freicoin,FRC,352,0.00265652,0.00000110,17753.5,74132.0,27905798.0,100000000.0,0.3,2.67,9.3,1496423643
Greencoin,GREV2,353,0.0000241502,0.00000001,608.461,73883.0,3059316641.0,3059316641.0,0.29,2.61,4.33,1496423651
PetroDollar,XPD,354,0.00106745,0.00000044,1368.69,68310.0,63993275.0,63993275.0,-0.5,9.82,37.57,1496423648
Gapcoin,GAP,355,0.0061583,0.00000255,11228.4,67026.0,10883818.0,10883818.0,0.98,-3.14,17.55,1496423657
Kurrent,KURT,356,0.00666243,0.00000276,1650.3,66088.0,9919485.0,21319485.0,-7.98,-11.6,11.69,1496423382
CrevaCoin,CREVA,357,0.00175417,0.00000073,11399.7,63836.0,36390750.0,6240390800.0,-0.7,2.51,-7.82,1496423364
MCAP,MCAP,358,6.37755,0.00263888,132825.0,63807.0,10005.0,100000000.0,0.36,-4.96,,1496423394
Wexcoin,WEX,359,0.348091,0.00014403,5968.97,58370.0,167685.0,10000167685.0,0.15,-11.84,20.99,1496423380
Argentum,ARG,360,0.00724505,0.00000300,932.874,54383.0,7506217.0,7506217.0,0.3,-11.27,-1.73,1496423644
Acoin,ACOIN,361,0.0417035,0.00001727,11190.9,50882.0,1220085.0,1220085.0,-0.66,0.24,-29.61,1496423655
Philosopher Stones,PHS,362,0.0195375,0.00000809,3380.53,47461.0,2429219.0,2429219.0,0.44,2.82,8.33,1496423643
PonziCoin,PONZI,363,0.0537004,0.00002222,670.875,46241.0,861099.0,861099.0,0.36,-0.86,-1.84,1496423374
Prime-XI,PXI,364,0.00295271,0.00000122,1190.67,43691.0,14796810.0,14796810.0,-0.03,8.4,57.68,1496423656
LevoPlus,LVPS,365,0.0964722,0.00003992,4202.29,39756.0,412102.0,91412102.0,0.36,103.56,-29.46,1496423388
Allion,ALL,366,0.00613887,0.00000254,2315.42,38057.0,6199359.0,7323359.0,0.55,5.26,-19.03,1496423387
Independent Money System,IMS,367,0.00651534,0.00000270,930.36,34980.0,5368934.0,5368934.0,-1.0,-1.52,-11.61,1496423370
Rawcoin,XRC,368,0.0459184,0.00001900,1578.93,32367.0,704882.0,704882.0,0.27,-6.74,170.82,1496423383
BeaverCoin,BVC,369,0.00874237,0.00000362,658.566,27235.0,3115258.0,3115258.0,-2.47,0.82,-9.03,1496423656
PIECoin,PIE,370,0.000361182,0.00000015,526.225,26030.0,72067732.0,72067732.0,0.36,8.73,-4.29,1496423387
Honey,HONEY,371,0.372821,0.00015427,1023.87,25466.0,68306.0,68306.0,0.78,24.83,-44.17,1496423388
Marijuanacoin,MAR,372,0.0398765,0.00001650,6964.34,20843.0,522690.0,522690.0,3.22,-35.01,-23.7,1496423387
Kittehcoin,MEOW,373,0.0000008159,0.0000000003,945.414,19505.0,23905669976.0,23905669976.0,-8.51,34.8,51.62,1496423646
Eurocoin,EUC,374,0.00152256,0.00000063,1147.12,17860.0,11730350.0,11730350.0,4.51,3.26,-22.2,1496423365
Bitvolt,VOLT,375,0.000797531,0.00000033,633.451,12053.0,15112554.0,60132654.0,0.36,6.79,-7.2,1496423392
Ebittree Coin,EBT,376,0.0114796,0.00000475,1215.63,10012.0,872120.0,810872120.0,0.33,-1.72,11.43,1496423391
Beatcoin,XBTS,377,0.0064845,0.00000268,1590.89,9887.0,1524686.0,2524686.0,4.15,-11.2,17.43,1496423380
AllSafe,ASAFE,378,0.0000135991,0.000000006,1124.07,9655.0,710000000.0,710000000.0,3.23,-21.2,29.47,1496423382
BenjiRolls,BENJI,379,0.000459184,0.00000019,6315.76,8699.0,18945486.0,18945486.0,0.33,-3.67,-17.06,1496423384
Argus,ARGUS,380,0.00575563,0.00000238,709.784,6609.0,1148324.0,5194373.0,0.76,5.78,9.47,1496423388
Digital Money Bits,DMB,381,0.0154159,0.00000638,13936.5,4793.0,310900.0,10310900.0,10.26,14.54,150.93,1496423394
Environ,ENV,382,0.0000241676,0.00000001,2581.1,3169.0,131129509.0,931129509.0,0.36,-19.82,,1496423392
Powercoin,PWR,383,0.0000241676,0.00000001,1352.91,1208.0,49983870.0,49983870.0,0.36,2.62,4.4,1496423375
Gold Pressed Latinum,GPL,384,0.173233,0.00007168,7437.13,,,204054.0,0.31,-8.67,19.9,1496423392
SnakeEyes,SNAKE,385,0.130437,0.00005397,836.886,,,10000000.0,-19.43,0.75,25.65,1496423394
Arcade Token,ARC,386,3.74133,0.00167261,,10777041.0,2880537.0,2880537.0,,,35.21,1496180681
Scotcoin,SCOT,387,0.00778231,0.00000322,116.735,7782310.0,1000000000.0,1000000000.0,22.67,-6.82,45.75,1496423651
AsiaCoin,AC,388,0.00290666,0.00000120,73.6861,2440707.0,839694632.0,839694632.0,0.27,1.9,-21.38,1496423649
XCurrency,XC,389,0.386403,0.00016,53.1304,2243780.0,5806839.0,5806839.0,-10.86,-8.74,-26.12,1496423652
Bitpark Coin,BPC,390,0.0198174,0.00000820,144.594,1486305.0,75000000.0,100000000.0,0.36,15.55,15.52,1496423385
NewYorkCoin,NYC,391,0.0000241364,0.000000010,344.253,1441424.0,59719935819.0,59719935819.0,0.23,74.15,20.93,1496423649
InsaneCoin,INSANE,392,0.0573247,0.00002372,244.354,1051392.0,18340989.0,18340989.0,0.49,-18.3,39.94,1496423382
Devcoin,DVC,393,0.0000623043,0.00000003,45.539,872533.0,14004377500.0,14004377500.0,0.9,-2.51,51.84,1496423640
GlobalCoin,GLC,394,0.0129445,0.00000536,363.854,843606.0,65171010.0,65171010.0,0.29,-9.02,-49.54,1496423642
ShadowCash,SDC,395,0.123604,0.00005118,396.81,824090.0,6667176.0,6667176.0,0.39,3.58,-15.78,1496423653
Pandacoin,PND,396,0.0000241502,0.00000001,298.795,785242.0,32514916898.0,32514916898.0,0.29,2.61,4.33,1496423647
Casino,CASINO,397,0.782624,0.00032383,22.6961,782624.0,1000000.0,1000000.0,1.72,75.12,30.25,1496423388
DubaiCoin,DBIC,398,0.149773,0.00006197,263.118,768188.0,5129014.0,6146942.0,-0.54,-6.05,-2.41,1496423370
Ultimate Secure Cash,USC,399,0.0736608,0.00003048,135.102,761882.0,10343113.0,38602656.0,0.36,,-6.74,1496423391
Carboncoin,CARBON,400,0.0000483004,0.00000002,21.6989,743437.0,15391933771.0,15391933771.0,0.29,2.61,4.33,1496423653
Tao,XTO,401,0.0227164,0.00000940,212.765,688685.0,30316655.0,32316655.0,1.33,67.6,16.8,1496423379
Cryptofund,FUND,402,0.5588,0.0002553,,558800.0,1000000.0,1000000.0,,,-18.42,1495948164
CageCoin,CAGE,403,0.0000055221,0.000000002,167.255,558665.0,101168328395,101168328395,3.81,12.85,37.0,1496423646
Joincoin,J,404,0.224297,0.00009288,472.033,549169.0,2448402.0,2448402.0,16.29,-58.56,160.72,1496423653
E-Currency Coin ,ECC,405,0.0000241502,0.00000001,3.86647,532768.0,22060603799.0,22060603799.0,0.3,2.6,4.34,1496423649
Colossuscoin V2,CV2,406,0.0000226539,0.000000009,283.452,502690.0,22189980273.0,22189980273.0,20.94,-0.23,-30.45,1496423659
ReeCoin,REE,407,0.0385243,0.00001594,364.968,476457.0,12367704.0,6662367704.0,-0.99,-4.17,52.0,1496423376
YashCoin,YASH,408,0.0459184,0.00001900,228.577,459189.0,10000117.0,10000117.0,0.36,-17.42,22.81,1496423384
SmileyCoin,SMLY,409,0.0000176846,0.000000007,115.603,459097.0,25960250000.0,25960250000.0,0.9,-14.84,-36.25,1496423659
Dashcoin,DSH,410,0.0261405,0.00001082,330.141,452011.0,17291579.0,17291579.0,9.94,2.45,9.14,1496423656
PayCoin,XPY,411,0.0380197,0.00001574,114.583,444938.0,11702818.0,11752818.0,0.29,427.83,119.43,1496423658
CasinoCoin,CSC,412,0.0113799,0.00000471,317.213,439278.0,38601187.0,38601187.0,-0.27,-3.89,-10.66,1496423659
Happycoin,HPC,413,0.0363481,0.00001504,229.189,413131.0,11365954.0,11365954.0,0.36,1.24,162.47,1496423391
BitBar,BTB,414,11.6002,0.00480337,437.473,378001.0,32586.0,32586.0,0.25,3.15,6.62,1496423641
Orbitcoin,ORB,415,0.124934,0.00005173,23.2115,369265.0,2955677.0,2955677.0,0.37,1.98,7.73,1496423645
LTBcoin,LTBC,416,0.000742106,0.00000032,,366499.0,493863915.0,493863915.0,,,,1496287754
FuelCoin,FC2,417,0.00359838,0.00000149,3.68404,364921.0,101412522.0,101412522.0,0.29,9.2,,1496423652
Mineum,MNM,418,0.0383822,0.00001588,64.4967,362189.0,9436367.0,9586367.0,0.46,28.37,-11.65,1496423374
MTMGaming,MTM,419,0.117262,0.00004852,441.726,351786.0,3000000.0,5000000.0,1.72,87.1,199.68,1496423388
RussiaCoin,RC,420,0.0427283,0.00001768,0.289937,351075.0,8216446.0,8216446.0,0.36,2.74,9.34,1496423368
SuperCoin,SUPER,421,0.00845256,0.00000350,84.5174,347870.0,41155630.0,41155630.0,0.29,4.14,,1496423650
HOdlcoin,HODL,422,0.00364931,0.00000151,242.61,338324.0,92709110.0,250000000.0,0.36,30.18,-2.4,1496423370
Crypto Bullion,CBX,423,0.326564,0.00013522,81.0965,325210.0,995855.0,995855.0,0.29,31.81,-8.56,1496423643
Rare Pepe Party,RAREPEPEPRTY,424,16.1275,0.0067095,,290295.0,18000.0,100000.0,,,1.4,1496315982
Shorty,SHORTY,425,0.00282761,0.00000117,0.282761,282761.0,100000000.0,100000000.0,0.36,-42.82,-24.13,1496423383
HitCoin,HTC,426,0.0000241676,0.00000001,16.5768,265755.0,10996318099.0,20996318099.0,0.36,-48.69,-20.16,1496423373
The Cypherfunks,FUNK,427,0.0000058026,0.000000002,84.1653,256256.0,44162645000.0,44162645000.0,28.78,13.43,-5.39,1496423365
SmartCoin,SMC,428,0.0106323,0.00000440,71.8891,243415.0,22893894.0,22893894.0,-0.13,-1.31,-18.07,1496423645
BTCtalkcoin,TALK,429,0.00357833,0.00000161,,233631.0,65290635.0,65290635.0,,,-25.92,1496191750
Bitstar,BITS,430,0.00981072,0.00000406,205.009,226429.0,23079737.0,23079737.0,-24.97,13.11,94.59,1496423650
AgrolifeCoin,AGLC,431,0.0472658,0.00001990,,216339.0,4577068.0,204577068.0,,,,1496301878
VirtualCoin,VC,432,0.0214454,0.00000888,223.542,215833.0,10064287.0,10064287.0,0.29,13.74,-2.17,1496423653
Vault Coin,VLTC,433,0.00693604,0.00000287,33.2627,206178.0,29725550.0,529725550.0,0.27,48.21,-14.09,1496423385
BritCoin,BRIT,434,0.00963592,0.00000399,163.055,204938.0,21268092.0,21268092.0,0.29,2.61,2.78,1496423652
Pesobit,PSB,435,0.00587273,0.00000243,402.013,191869.0,32671098.0,32671098.0,0.36,3.37,6.59,1496423379
NetCoin,NET,436,0.00024241,0.00000010,100.523,190807.0,787126712.0,787126712.0,11.16,6.93,2.96,1496423644
SwagBucks,BUCKS,437,0.925801,0.00038307,2.23571,190396.0,205655.0,205655.0,-4.57,11.34,-24.06,1496423368
42-coin,42,438,4487.39,1.85812,111.026,188470.0,42.0,42.0,0.74,4.05,20.83,1496423644
Kobocoin,KOBO,439,0.00740756,0.00000307,112.878,182969.0,24700248.0,24700248.0,0.59,-34.72,-53.48,1496423659
BillaryCoin,BLRY,440,0.0202524,0.00000838,13.0373,181931.0,8983158.0,8983158.0,0.36,10.97,-1.96,1496423374
Bitz,BITZ,441,0.0892373,0.00003720,,177662.0,1990891.0,1990891.0,,1.92,,1496351362
Tristar Coin,TSTR,442,0.0343849,0.00001500,,172882.0,5027857.0,255027857.0,,,-17.44,1496271895
Veltor,VLT,443,0.310143,0.00012833,349.413,172084.0,554855.0,554855.0,-26.18,-33.64,1.02,1496423379
Zero,ZER,444,0.229592,0.00009500,299.521,171188.0,745620.0,745620.0,0.36,2.59,-6.54,1496423389
Titcoin,TIT,445,0.00302734,0.00000125,111.335,151059.0,49898202.0,49898202.0,0.26,8.6,-12.0,1496423655
Crave,CRAVE,446,0.112781,0.00004670,262.726,140942.0,1249695.0,1249695.0,0.29,-28.14,28.29,1496423660
Truckcoin,TRK,447,0.00111075,0.00000046,21.0989,136702.0,123071539.0,123071539.0,0.29,-0.9,57.73,1496423653
Stress,STS,448,0.000241676,0.00000010,2.83969,136579.0,565134332.0,565134332.0,0.36,2.62,-1.61,1496423371
TEKcoin,TEK,449,0.0000950249,0.00000004,314.334,134370.0,1414054562.0,1414054562.0,0.27,-0.6,105.21,1496423650
HoboNickels,HBN,450,0.00272897,0.00000113,70.852,132547.0,48570352.0,48570352.0,0.31,-1.14,104.42,1496423645
Coin(O),CNO,451,0.00127981,0.00000053,254.041,131968.0,103115202.0,103115202.0,-3.36,15.86,35.04,1496423648
PureVidz,VIDZ,452,0.00102917,0.00000043,242.707,128836.0,125184631.0,125184631.0,-0.27,-30.57,0.92,1496423386
Bitcurrency,BTCR,453,0.000739459,0.00000031,93.1128,124420.0,168258552.0,168258552.0,-1.92,11.97,35.36,1496423383
MetalCoin,METAL,454,0.00154561,0.00000064,5.8491,118897.0,76925527.0,76925527.0,0.29,-16.87,-10.97,1496423658
BitcoinTX,BTX,455,0.00142589,0.00000059,58.7442,115586.0,81062178.0,81062178.0,0.36,-44.26,-39.22,1496423362
Rimbit,RBT,456,0.000992084,0.00000041,484.301,114585.0,115499623.0,393459356.0,4.32,6.1,6.26,1496423657
Xiaomicoin,MI,457,0.000281972,0.00000012,295.464,114521.0,406141855.0,406141855.0,0.32,16.94,13.05,1496423366
GAIA,GAIA,458,0.00466575,0.00000198,,112451.0,24101381.0,24101381.0,,0.12,-7.11,1496340859
Digital Rupees,DRS,459,0.000217508,0.00000009,91.4088,111104.0,510802961.0,510802961.0,0.36,-15.41,13.77,1496423385
LanaCoin,LANA,460,0.000145967,0.00000006,311.057,109252.0,748468343.0,748468343.0,0.34,-12.4,22.46,1496423374
HyperStake,HYP,461,0.000278566,0.00000012,276.461,107470.0,385796097.0,385796097.0,0.33,15.28,23.16,1496423655
Phoenixcoin,PXC,462,0.00181088,0.00000075,350.074,104824.0,57885825.0,57885825.0,0.3,26.59,47.66,1496423642
Cannacoin,CCN,463,0.0215178,0.00000891,64.0708,101084.0,4697672.0,4697672.0,0.29,-12.67,3.27,1496423649
LottoCoin,LOT,464,0.0000069675,0.000000003,6.06512,100966.0,14491014421.0,14491014421.0,0.32,-28.04,-25.37,1496423643
Pakcoin,PAK,465,0.00273504,0.00000113,276.575,100223.0,36644000.0,36644000.0,0.18,1.81,-10.55,1496423367
BigUp,BIGUP,466,0.0000483352,0.00000002,179.83,99303.0,2054472500.0,2054472500.0,0.36,2.91,93.93,1496423372
C-Bit,XCT,467,0.000749196,0.00000031,9.06064,98738.0,131792000.0,131792000.0,0.36,-0.58,4.21,1496423371
Dollarcoin,DLC,468,0.0107062,0.00000443,10.5414,97498.0,9106714.0,9106714.0,0.36,12.25,,1496423380
Coin2.1,C2,469,0.000974373,0.00000040,320.399,97414.0,99976323.0,99976323.0,-2.88,6.13,-8.8,1496423652
Swing,SWING,470,0.0425868,0.00001762,9.89677,97007.0,2277867.0,2277867.0,0.64,-40.5,-8.37,1496423371
Sterlingcoin,SLG,471,0.0247478,0.00001025,81.0303,96050.0,3881156.0,3881156.0,0.23,-2.07,-12.55,1496423655
GlobalBoost-Y,BSTY,472,0.00838144,0.00000347,281.927,95535.0,11398430.0,11398430.0,5.67,0.01,6.74,1496423656
FlutterCoin,FLT,473,0.000289112,0.00000012,10.8295,93156.0,322214524.0,322214524.0,0.26,2.38,-14.39,1496423648
TittieCoin,TTC,474,0.0000724391,0.00000003,92.4437,91260.0,1259816434.0,1259816434.0,0.33,2.93,11.01,1496423657
WayGuide,WAY,475,0.000870034,0.00000036,2.69623,87039.0,100040708.0,100040708.0,0.33,,13.89,1496423377
BunnyCoin,BUN,476,0.0000008377,0.0000000003,21.6726,84948.0,101411059820,101411059820,1.62,2.17,5.1,1496423654
KiloCoin,KLC,477,0.000410849,0.00000017,4.10849,80649.0,196297971.0,10025186872.0,0.33,2.89,18.32,1496423369
GameUnits,UNITS,478,0.0230509,0.00000954,105.18,79899.0,3466207.0,3466207.0,0.36,-19.73,-17.77,1496423385
AmberCoin,AMBER,479,0.00178711,0.00000074,2.7516,77995.0,43643263.0,43643263.0,0.29,20.52,2.85,1496423658
UFO Coin,UFO,480,0.0000229521,0.00000001,,75444.0,3287033762.0,3287033762.0,,,-0.85,1496273048
Elementrem,ELE,481,0.00296049,0.00000122,126.248,74068.0,25018835.0,25018835.0,0.38,8.35,4.82,1496423377
Darsek,KED,482,0.00744358,0.00000308,25.7968,73399.0,9860671.0,9860671.0,0.36,-1.21,-22.6,1496423390
Triangles,TRI,483,1.0025,0.00041511,10.5019,73074.0,72891.0,72891.0,0.31,-12.82,-9.74,1496423654
CCMiner,CCM100,484,0.0289861,0.00001199,55.7113,70041.0,2416354.0,6000000.0,1.72,12.8,7.6,1496423386
Valorbit,VAL,485,0.0000241676,0.00000001,14.5006,69418.0,2872355366.0,922340072355366,0.36,2.63,4.4,1496423371
SproutsExtreme,SPEX,486,0.0000241676,0.00000001,12.0838,69279.0,2866607586.0,2866607586.0,0.36,2.62,4.4,1496423370
Spots,SPT,487,0.00309007,0.00000128,455.927,69236.0,22406021.0,22406021.0,0.26,-15.71,72.34,1496423645
CorgiCoin,CORG,488,0.0000544143,0.00000002,0.0582697,68119.0,1251855418.0,1251855418.0,,-16.53,-67.42,1496423647
Guncoin,GUN,489,0.000362207,0.00000015,23.9924,65961.0,182108128.0,182108128.0,0.3,-1.76,38.72,1496423651
Blakecoin,BLC,490,0.00550564,0.00000228,195.275,65577.0,11910789.0,11910789.0,0.29,-3.34,-6.44,1496423645
HempCoin,HMP,491,0.0000483352,0.00000002,120.838,65573.0,1356620954.0,2856620954.0,0.36,2.62,50.06,1496423370
Yacoin,YAC,492,0.000555454,0.00000023,4.1683,64497.0,116115488.0,116115488.0,0.29,2.61,-0.4,1496423641
ChessCoin,CHESS,493,0.00118613,0.00000049,22.0943,64011.0,53966194.0,53966194.0,-0.11,1.07,100.39,1496423375
Debitcoin,DBTC,494,0.00355264,0.00000147,34.2459,63919.0,17992039.0,25992039.0,0.36,3.07,21.61,1496423375
Ratecoin,XRA,495,0.000567094,0.00000023,137.072,60165.0,106093515.0,106093515.0,-2.14,-1.56,-23.88,1496423364
Bitcloud,BTD,496,0.00536521,0.00000222,45.5654,59762.0,11138768.0,11138768.0,0.36,5.97,18.01,1496423379
DigiCube,CUBE,497,0.0000241508,0.000000010,0.849804,58665.0,2429126009.0,2429126009.0,0.36,,4.32,1496423372
Chronos,CRX,498,0.000795533,0.00000033,257.469,58655.0,73729962.0,73729962.0,0.89,15.64,21.47,1496423376
NoLimitCoin,NLC2,499,0.000290011,0.00000012,27.1987,58135.0,200458759.0,200458759.0,-13.98,-19.38,-39.55,1496423378
RevolverCoin,XRE,500,0.0026101,0.00000108,39.9532,56884.0,21793862.0,21793862.0,0.36,23.15,7.85,1496423374
Nyancoin,NYAN,501,0.000181675,0.00000008,67.0111,54119.0,297891209.0,297891209.0,0.24,-13.77,-1.9,1496423645
Eternity,ENT,502,0.0174007,0.00000720,297.249,53345.0,3065682.0,3065682.0,16.44,-7.87,-17.09,1496423383
KushCoin,KUSH,503,0.00986038,0.00000408,20.7068,53184.0,5393704.0,5393704.0,0.36,-14.18,-14.59,1496423386
NevaCoin,NEVA,504,0.0288993,0.00001196,459.366,52425.0,1814070.0,1814070.0,0.33,3.74,21.09,1496423370
PayCon,CON,505,0.00225145,0.00000093,88.6979,51879.0,23042604.0,23042604.0,0.29,90.15,67.7,1496423659
Zayedcoin,ZYD,506,0.00797531,0.00000330,20.6001,49797.0,6243840.0,6243840.0,0.36,1.09,-13.66,1496423379
AmsterdamCoin,AMS,507,0.00512353,0.00000212,53.7967,49205.0,9603707.0,16803707.0,0.36,23.65,39.11,1496423366
RedCoin,RED,508,0.000663516,0.00000027,13.7384,49172.0,74107896.0,74107896.0,0.43,8.07,-31.73,1496423646
Artex Coin,ATX,509,0.0026262,0.00000109,195.002,49104.0,18697705.0,268697705.0,-7.19,-0.88,21.22,1496423378
Evotion,EVO,510,0.0197127,0.00000816,70.8757,48675.0,2469220.0,2469220.0,-0.07,17.51,-43.19,1496423368
SatoshiMadness,MAD,511,0.0000241676,0.00000001,130.747,48352.0,2000683485.0,2000683485.0,0.36,2.63,4.4,1496423366
Aricoin,ARI,512,0.000338103,0.00000014,26.7469,47423.0,140262505.0,140262505.0,0.29,-4.05,18.0,1496423646
AurumCoin,AU,513,0.160092,0.00006629,122.155,47422.0,296216.0,296216.0,-0.37,-25.33,-20.73,1496423657
MarteXcoin,MXT,514,0.0171145,0.00000708,0.121005,46691.0,2728161.0,2728161.0,-0.08,12.9,-34.37,1496423374
ICOBID,ICOB,515,0.000435017,0.00000018,85.4313,45182.0,103862796.0,103862796.0,5.06,-2.66,19.14,1496423386
808Coin,808,516,0.000217751,0.00000009,219.018,44893.0,206166868.0,206166868.0,0.32,5.61,49.52,1496423376
Jin Coin,JIN,517,0.004326,0.00000179,66.1629,42605.0,9848485.0,9848485.0,0.36,-44.53,,1496423379
BurstOcean,OCEAN,518,0.19895,0.00008232,7.958,42143.0,211827.0,1000000.0,-14.14,-0.52,43.65,1496423388
OctoCoin,888,519,0.000859821,0.00000036,39.7708,41594.0,48375228.0,48375228.0,6.39,-15.11,68.22,1496423648
UniCoin,UNIC,520,0.0142346,0.00000589,105.132,41447.0,2911700.0,2911700.0,0.33,0.87,12.26,1496423363
Sativacoin,STV,521,0.0058566,0.00000243,0.493523,41446.0,7076860.0,7076860.0,-6.4,-9.19,5.86,1496423656
Joulecoin,XJO,522,0.00127003,0.00000053,37.7851,40971.0,32259488.0,32259488.0,0.86,-1.7,9.4,1496423643
AquariusCoin,ARCO,523,0.0335107,0.00001387,79.4411,40958.0,1222248.0,1222248.0,-12.94,-22.3,-26.66,1496423374
UCoin,U,524,0.0149973,0.00000621,172.311,40340.0,2689812.0,2689812.0,0.29,118.97,3.33,1496423657
MiloCoin,MILO,525,0.00389098,0.00000161,20.4325,40040.0,10290532.0,10290532.0,0.33,-18.03,56.46,1496423388
Lex4All,LEX,526,0.0395265,0.00001636,126.01,39528.0,1000043.0,5000000.0,1.72,-17.96,-21.94,1496423388
Francs,FRN,527,0.0227602,0.00000942,160.303,39013.0,1714100.0,1714100.0,-17.02,-18.16,7.91,1496423369
Photon,PHO,528,0.0000021623,0.0000000009,91.2949,38576.0,17840392849.0,17840392849.0,0.93,83.39,54.26,1496423647
Tigercoin,TGC,529,0.000869407,0.00000036,9.28717,37851.0,43536800.0,43536800.0,-16.04,-7.59,25.21,1496423645
Bolivarcoin,BOLI,530,0.00570644,0.00000236,482.468,37005.0,6484750.0,6484750.0,1.62,6.0,21.97,1496423365
Franko,FRK,531,0.0573084,0.00002373,4.20522,36503.0,636950.0,636950.0,0.31,4.23,-47.34,1496423641
PopularCoin,POP,532,0.0000107464,0.000000004,6.76545,35922.0,3342708756.0,3342708756.0,0.57,7.95,6.59,1496423649
Universe,UNI,533,0.0119871,0.00000496,153.269,35685.0,2976973.0,14176973.0,-0.24,11.36,7.59,1496423390
WMCoin,WMC,534,0.00309345,0.00000128,0.478857,35660.0,11527489.0,911527489.0,0.36,,,1496423373
FlavorCoin,FLVR,535,0.00167798,0.00000069,1.30989,35067.0,20898106.0,20898106.0,0.38,28.54,62.88,1496423369
Cypher,CYP,536,0.00545794,0.00000226,246.96,34741.0,6365285.0,6365285.0,0.29,,-8.41,1496423660
HealthyWormCoin,WORM,537,0.00215092,0.00000089,202.903,34133.0,15869158.0,15869158.0,27.56,30.49,-19.21,1496423389
Dobbscoin,BOB,538,0.00661715,0.00000274,3.41346,33485.0,5060382.0,5060382.0,0.29,1.77,5.88,1496423654
SpaceCoin,SPACE,539,0.00185459,0.00000077,44.9004,33008.0,17797915.0,17797915.0,2.1,-8.21,-2.09,1496423366
Evil Coin,EVIL,540,0.00152043,0.00000063,0.929393,31960.0,21020383.0,21020383.0,0.36,1.72,4.69,1496423369
CryptoWorldX Token,CWXT,541,0.000580022,0.00000024,5.57754,31723.0,54692390.0,54692390.0,0.36,4.18,-3.63,1496423386
Uro,URO,542,0.0260097,0.00001077,61.6574,31402.0,1207310.0,1207310.0,0.29,0.55,-4.78,1496423651
LeaCoin,LEA,543,0.000111877,0.00000005,71.3532,30905.0,276236689.0,276236689.0,1.03,35.16,11.68,1496423362
RonPaulCoin,RPC,544,0.0387522,0.00001605,18.8804,30585.0,789234.0,789234.0,0.37,-12.21,32.01,1496423644
Creatio,XCRE,545,0.00148447,0.00000061,178.654,30462.0,20520514.0,20520514.0,0.33,12.93,50.63,1496423383
CoExistCoin,COXST,546,0.00110364,0.00000046,13.6127,29952.0,27138905.0,27138905.0,0.55,-25.72,-46.25,1496423372
Solarflarecoin,SFC,547,0.00215092,0.00000089,94.3346,29508.0,13718750.0,13718750.0,0.36,2.62,-31.47,1496423386
MACRON,MCRN,548,0.0000730866,0.00000003,262.852,29339.0,401421401.0,401421401.0,0.93,-18.95,-20.31,1496423391
Dreamcoin,DRM,549,0.0120275,0.00000503,,29311.0,2436996.0,2436996.0,,,-0.26,1496330352
SixEleven,611,550,0.0698444,0.00002890,9.06162,28782.0,412089.0,412089.0,0.36,-18.74,-59.14,1496423374
Zurcoin,ZUR,551,0.000362514,0.00000015,12.7585,28634.0,78987762.0,78987762.0,0.36,7.16,12.46,1496423373
Hommalicoin,HMC,552,11.7946,0.00496011,,28528.0,2419.0,1000000000.0,,,106.73,1496299177
PlatinumBAR,XPTX,553,0.157089,0.00006500,9.76137,27440.0,174677.0,174677.0,0.36,19.93,1.33,1496423374
Bitzeny,ZNY,554,0.000362514,0.00000015,59.5833,27411.0,75614500.0,75614500.0,0.36,0.22,14.42,1496423364
Unrealcoin,URC,555,0.00381573,0.00000158,20.3419,26803.0,7024402.0,7024402.0,0.29,,4.63,1496423660
BumbaCoin,BUMBA,556,0.00120838,0.00000050,0.169173,26519.0,21945724.0,21945724.0,0.36,2.62,-20.65,1496423372
GoldPieces,GP,557,0.0213726,0.00000885,329.76,26078.0,1220161.0,1220161.0,-2.25,-2.3,-34.45,1496423658
PX,PX,558,0.000338346,0.00000014,67.6726,25991.0,76818990.0,76818990.0,0.36,-31.58,-19.05,1496423378
Hexx,HXX,559,0.0188434,0.00000780,320.701,25503.0,1353420.0,1353420.0,-9.56,-34.25,-44.25,1496423365
Grantcoin,GRT,560,0.00060419,0.00000025,121.892,24971.0,41329748.0,10041329748.0,0.36,2.62,5.31,1496423365
Universal Currency,UNIT,561,0.00190275,0.00000079,55.0851,24824.0,13046431.0,13046431.0,0.33,-44.11,-73.41,1496423363
Firecoin,FIRE,562,0.251283,0.00010405,0.753727,24729.0,98412.0,98412.0,27.17,54.39,-13.54,1496423653
CryptoEscudo,CESC,563,0.000169051,0.00000007,31.1325,24361.0,144105100.0,594105100.0,0.29,2.6,4.34,1496423649
X-Coin,XCO,564,0.00193201,0.00000080,11.4729,23928.0,12384976.0,12384976.0,0.29,,,1496423660
NeuCoin,NEU,565,0.0000117459,0.000000005,0.0169729,23383.0,1990764588.0,2014638413.0,0.22,-9.6,,1496423367
Theresa May Coin,MAY,566,0.00152256,0.00000063,13.9339,23270.0,15283250.0,15283250.0,0.36,-0.53,,1496423394
ARbit,ARB,567,0.00357811,0.00000149,,23156.0,6471455.0,6471455.0,,1.97,18.77,1496362165
B3Coin,B3,568,0.0741945,0.00003070,68.071,22802.0,307330.0,307330.0,0.36,10.83,30.89,1496423377
AntiBitcoin,ANTI,569,0.00128088,0.00000053,207.304,22371.0,17465159.0,17465159.0,0.36,-6.22,8.49,1496423368
Ride My Car,RIDE,570,0.000214216,0.00000009,26.4282,21657.0,101097745.0,101097745.0,0.33,-13.62,-16.56,1496423386
ParallelCoin,DUO,571,0.0750236,0.00003104,244.833,21568.0,287489.0,287489.0,-0.49,3.08,-6.61,1496423368
BiosCrypto,BIOS,572,0.00103921,0.00000043,0.265819,21550.0,20737003.0,20737003.0,0.36,-10.16,-5.81,1496423365
SoonCoin,SOON,573,0.00169051,0.00000070,40.4448,21068.0,12462620.0,12462620.0,3.24,-19.3,-30.33,1496423658
Sprouts,SPRTS,574,0.0000001152,0.00000000005,31.0196,20155.0,175026255935,175026255935,32.95,24.22,-48.16,1496423365
Flaxscript,FLAX,575,0.00364931,0.00000151,1.79841,20058.0,5496377.0,5496377.0,0.36,2.63,8.99,1496423365
MindCoin,MND,576,0.00157089,0.00000065,20.238,19709.0,12546625.0,12546625.0,0.36,-0.44,-3.06,1496423368
IslaCoin,ISL,577,0.0130122,0.00000538,24.44,19697.0,1513704.0,1513704.0,0.36,8.56,-6.2,1496423367
Litecred,LTCR,578,0.000631707,0.00000026,145.895,19095.0,30227750.0,30227750.0,-3.21,-24.61,93.04,1496423369
PLNcoin,PLNC,579,0.00111091,0.00000046,1.1787,18985.0,17089600.0,19089600.0,0.29,4.89,-6.93,1496423649
Speedcash,SCS,580,0.0724786,0.00002999,1.21539,18919.0,261031.0,476118.0,23.58,36.96,74.03,1496423392
Destiny,DES,581,0.0117213,0.00000485,202.901,18754.0,1600000.0,1600000.0,0.36,-22.13,4.18,1496423370
Magnum,MGM,582,0.00516496,0.00000225,,18735.0,3627280.0,253627280.0,,,57.18,1496272491
BTCDragon,DRAGON,583,0.0461143,0.00001908,184.457,18637.0,404146.0,1000000.0,1.72,-48.41,-60.27,1496423387
Impact,IMX,584,0.000169173,0.00000007,45.9184,18493.0,109314611.0,109314611.0,0.36,-12.99,,1496423391
Halcyon,HAL,585,0.00391233,0.00000162,8.88859,18193.0,4650194.0,4650194.0,0.91,10.82,-11.6,1496423654
VIP Tokens,VIP,586,0.000217508,0.00000009,2.41686,18151.0,83450403.0,83450403.0,0.33,-7.64,-14.37,1496423370
Alexium,AUM,587,0.000894201,0.00000037,1.23806,18150.0,20297336.0,20297336.0,0.36,,16.48,1496423365
Luna Coin,LUNA,588,0.0147843,0.00000612,249.144,18146.0,1227386.0,1227386.0,0.13,2.47,0.63,1496423385
SecretCoin,SCRT,589,0.00424808,0.00000177,,17964.0,4228672.0,4228672.0,,1.91,32.41,1496414965
BipCoin,BIP,590,0.0132922,0.00000550,58.3131,17863.0,1343889.0,1343889.0,1.14,6.53,-34.75,1496423381
Vector,VEC2,591,0.00108754,0.00000045,26.4752,17230.0,15843011.0,15843011.0,0.36,-1.29,-39.77,1496423371
SongCoin,SONG,592,0.000524748,0.00000022,35.5799,17089.0,32565300.0,32565300.0,-8.47,-0.26,-7.23,1496423660
VapersCoin,VPRC,593,0.0000217374,0.000000009,45.5076,16958.0,780124964.0,1635124964.0,1.67,270.63,17.04,1496423376
GameBet Coin,GBT,594,0.000797531,0.00000033,0.398765,16958.0,21262780.0,22262780.0,0.36,-3.24,0.26,1496423374
Sling,SLING,595,0.0155639,0.00000644,0.241676,16717.0,1074095.0,1074095.0,,5.41,37.76,1496423364
Steps,STEPS,596,0.000894201,0.00000037,0.447101,16655.0,18625017.0,18625017.0,0.33,,11.09,1496423366
Shilling,SH,597,0.0050368,0.00000208,225.744,16238.0,3223800.0,3223800.0,-0.36,160.64,126.86,1496423379
GPU Coin,GPU,598,0.000393426,0.00000016,228.65,15925.0,40477042.0,51530001.0,8.82,27.19,49.21,1496423373
Orlycoin,ORLY,599,0.000431634,0.00000018,,15818.0,36646779.0,36646779.0,,1.83,16.53,1496410470
AnarchistsPrime,ACP,600,0.00357522,0.00000148,6.18401,15713.0,4394874.0,4394874.0,0.36,8.44,59.21,1496423364
Blackstar,BSTAR,601,0.0000241676,0.00000001,103.613,15245.0,630795971.0,630795971.0,0.36,2.62,4.4,1496423384
Metal Music Coin,MTLMC3,602,0.000191002,0.00000008,8.61628,15227.0,79719140.0,79719140.0,29.7,14.79,32.41,1496423364
Prototanium,PR,603,0.0780011,0.00003228,19.1022,15168.0,194462.0,194462.0,2.36,-13.21,-21.5,1496423367
BowsCoin,BSC,604,0.00270677,0.00000112,18.0271,15023.0,5550102.0,5550102.0,0.33,2.62,67.03,1496423364
FuzzBalls,FUZZ,605,0.0030544,0.00000126,486.792,14753.0,4829945.0,4829945.0,0.85,5.43,4.79,1496423372
BlazeCoin,BLZ,606,0.0000242143,0.00000001,0.494112,14736.0,608557394.0,608557394.0,9.51,4.02,21.07,1496423653
BitQuark,BTQ,607,0.00202862,0.00000084,17.0151,14516.0,7155671.0,7155671.0,0.3,11.04,-41.79,1496423653
DAPPSTER,DLISK,608,0.000145006,0.00000006,0.262388,14501.0,100000000.0,100000000.0,0.36,-23.03,-36.16,1496423376
GuccioneCoin,GCC,609,0.00070086,0.00000029,1.20746,14217.0,20285537.0,23775537.0,0.36,-5.23,-13.5,1496423365
OsmiumCoin,OS76,610,0.0159023,0.00000658,3.4477,14217.0,894026.0,894026.0,0.36,9.44,18.85,1496423367
Cannation,CNNC,611,0.00546864,0.00000226,75.8739,13424.0,2454751.0,2454751.0,0.91,-49.63,-51.37,1496423393
BitTokens,BXT,612,0.025376,0.00001050,0.989663,13182.0,519453.0,519453.0,0.36,-0.93,127.64,1496423378
TajCoin,TAJ,613,0.00223623,0.00000093,74.0695,12909.0,5772445.0,5772445.0,0.01,26.34,44.35,1496423377
Crypto,CTO,614,0.00128088,0.00000053,157.862,12713.0,9925280.0,9925280.0,0.36,-14.32,-38.52,1496423364
MustangCoin,MST,615,0.0197397,0.00000817,0.265354,12411.0,628715.0,628715.0,-16.08,-6.04,-53.3,1496423379
TAGRcoin,TAGR,616,0.000314179,0.00000013,0.343736,12149.0,38669634.0,38669634.0,0.36,-4.71,-9.52,1496423364
WARP,WARP,617,0.0105936,0.00000443,,11602.0,1095224.0,1095224.0,,1.54,9.21,1496415568
Bitcoin 21,XBTC21,618,0.0145198,0.00000655,,11516.0,793108.0,7093108.0,,,-40.24,1496220571
Comet,CMT,619,0.0128395,0.00000531,2.08948,11207.0,872830.0,872830.0,-0.09,-46.6,13.2,1496423375
Solaris,XLR,620,0.0659489,0.00002729,173.376,11174.0,169428.0,269428.0,-6.59,-6.87,-44.95,1496423390
Money,$$$,621,0.000238414,0.00000010,69.7449,10940.0,45887218.0,45887218.0,0.52,-2.87,-33.7,1496423367
Cabbage,CAB,622,0.00103921,0.00000043,51.4514,10912.0,10499996.0,10499996.0,0.36,4.69,-40.87,1496423371
Abncoin,ABN,623,0.157646,0.00006523,12.688,10673.0,67700.0,4734367.0,13.24,-2.39,13.33,1496423385
Iconic,ICON,624,0.0174007,0.00000720,0.485769,10317.0,592894.0,592894.0,29.33,,-11.57,1496423386
Future Digital Currency,FDC,625,0.00377015,0.00000156,62.8358,9727.0,2580101.0,1002580101.0,0.36,18.59,52.96,1496423384
DPAY,DPAY,626,0.000120838,0.00000005,0.35524,9612.0,79541001.0,79541001.0,0.46,28.28,38.66,1496423381
Cashcoin,CASH,627,0.000265652,0.00000011,1.86712,9519.0,35831128.0,35831128.0,0.29,,-1.36,1496423647
G3N,G3N,628,0.00125672,0.00000052,2.51273,9503.0,7561891.0,7561891.0,0.36,0.69,0.53,1496423363
LetItRide,LIR,629,0.000265844,0.00000011,120.822,9376.0,35267974.0,35267974.0,0.36,-13.16,-0.07,1496423375
Xonecoin,XOC,630,0.0222825,0.00000922,2.85434,9359.0,420000.0,420000.0,0.56,2.74,4.17,1496423378
High Voltage,HVCO,631,0.00611441,0.00000256,,9136.0,1494171.0,1694171.0,,0.03,45.05,1496333672
1CRedit,1CR,632,0.102374,0.00004246,,9031.0,88213.0,88213.0,,2.38,-26.29,1496373868
EGO,EGO,633,0.000145006,0.00000006,9.9369,8700.0,60000001.0,60000001.0,0.36,-12.04,-6.97,1496423380
Scorecoin,SCORE,634,0.000518213,0.00000021,19.9472,8629.0,16652010.0,16652010.0,3.01,-37.33,-53.98,1496423390
iBank,IBANK,635,0.00188531,0.00000079,,8534.0,4526324.0,4526324.0,,1.34,8.59,1496357683
JIO Token,JIO,636,0.00447101,0.00000185,127.758,8531.0,1908128.0,8888888.0,0.36,30.97,78.93,1496423384
Qibuck Asset,QBK,637,0.00553371,0.00000229,2.21348,8058.0,1456187.0,2000000.0,1.72,50.09,10.52,1496423395
JobsCoin,JOBS,638,0.0000725028,0.00000003,69.1324,7687.0,106019270.0,200019300.0,0.36,-38.43,-3.35,1496423380
Hirocoin,HIRO,639,0.0000241502,0.00000001,2.41502,7523.0,311524573.0,311524573.0,0.29,2.61,-15.0,1496423648
ImpulseCoin,IMPS,640,0.000359314,0.00000015,,7274.0,20245510.0,20245510.0,,1.72,3.47,1496410181
PosEx,PEX,641,0.00282761,0.00000117,12.5349,6937.0,2453240.0,2453240.0,0.33,1.75,-3.06,1496423371
Dix Asset,DIX,642,0.0000000684,0.00000000003,,6844.0,100000000000,100000000000,,10.05,-23.14,1496417087
SydPak,SDP,643,0.0398765,0.00001650,0.241676,6322.0,158535.0,158535.0,0.41,0.97,20.36,1496423365
BioBar,BIOB,644,0.00664609,0.00000275,72.4159,5887.0,885756.0,985756.0,25.59,36.02,36.82,1496423388
Printerium,PRX,645,0.000647728,0.00000027,276.301,5878.0,9074428.0,9074428.0,0.36,-25.03,3.63,1496423385
Zonecoin,ZNE,646,0.00222342,0.00000092,2.2014,5741.0,2581970.0,2581970.0,0.36,-38.29,-25.47,1496423377
Coinonat,CXT,647,0.00259831,0.00000108,95.257,5551.0,2136302.0,8136302.0,2.85,-12.11,-7.27,1496423392
Concoin,CONX,648,0.0076853,0.00000318,97.6667,5286.0,687849.0,1538849.0,0.04,3.39,65.99,1496423391
Elysium,ELS,649,0.00117003,0.00000048,20.437,4686.0,4005012.0,4005012.0,-1.01,30.75,-6.48,1496423387
Save and Gain,SANDG,650,0.00141989,0.00000064,,4352.0,3064800.0,3064800.0,,,-7.07,1496226272
Antilitecoin,ALTC,651,0.000120838,0.00000005,8.11497,3808.0,31512613.0,31512613.0,0.36,-26.7,-34.75,1496423371
GeertCoin,GEERT,652,0.000737966,0.00000031,13.1712,3756.0,5090239.0,5090239.0,0.32,-10.77,-26.99,1496423388
NodeCoin,NODC,653,0.00221639,0.00000097,,3720.0,1678439.0,5878439.0,,,-0.23,1496270080
Revenu,REV,654,0.00275511,0.00000114,29.975,3294.0,1195525.0,1195525.0,0.36,0.26,-4.32,1496423371
Selfiecoin,SLFI,655,0.0000241502,0.00000001,1.93201,2604.0,107829281.0,107829281.0,0.29,2.61,4.34,1496423660
Pulse,PULSE,656,0.000181691,0.00000008,125.13,2598.0,14298972.0,14298972.0,0.89,-29.22,-71.62,1496423370
Californium,CF,657,0.0195858,0.00000811,57.8384,2176.0,111110.0,111110.0,-29.92,-2.15,3.13,1496423660
Enigma,XNG,658,0.124826,0.00005165,34.6394,2075.0,16627.0,66627.0,10.21,-3.31,39.38,1496423372
Doubloon,BOAT,659,0.000503656,0.00000021,105.052,1787.0,3547845.0,18547845.0,0.4,-14.39,-31.63,1496423386
P7Coin,P7C,660,0.0000483352,0.00000002,0.70045,1702.0,35220238.0,35220238.0,0.36,-31.58,4.4,1496423364
Dollar Online,DOLLAR,661,0.0152739,0.00000632,194.482,1350.0,88379.0,10088379.0,0.36,-4.48,30.91,1496423384
GanjaCoin,420G,662,0.00188371,0.00000078,28.1784,1268.0,672975.0,1741116.0,0.29,-73.32,-94.14,1496423656
23 Skidoo,CHAO,663,3891.05,1.61003,137.273,983.0,0.0,0.0,0.36,9.42,-53.94,1496423365
Impeachcoin,IMPCH,664,0.00306929,0.00000127,6.00035,946.0,308179.0,2501512.0,-1.2,-27.59,-55.4,1496423387
Digital Credits,DGCS,665,0.000145006,0.00000006,193.915,845.0,5826388.0,201284316.0,20.43,23.16,-5.87,1496423368
Zcashshare,ZHS,666,0.000216504,0.00000009,,612.0,2826000.0,2826000.0,,2.15,-32.53,1496411380
CRTCoin,CRT,667,0.00483004,0.00000200,0.0000000242,383.0,79270.0,10079270.0,0.29,2.61,4.33,1496423649
SwapToken,TOKEN,668,0.0000104102,0.000000004,50.6953,366.0,35110531.0,35110531.0,0.31,-43.51,1017.2,1496423376
PizzaCoin,PIZZA,669,0.000241676,0.00000010,67.5725,333.0,1377917.0,10127917.0,0.36,46.61,49.14,1496423377
Xenixcoin,XEN,670,0.0265844,0.00001100,36.2514,268.0,10100.0,10010100.0,0.36,73.67,-60.49,1496423383
CaliphCoin,CALC,671,0.000958329,0.00000040,14.1259,84.0,87140.0,148587140.0,5.54,-16.25,-32.65,1496423380
MikeTheMug,MUG,672,0.0000051456,0.000000002,,5.0,999279.0,1000000.0,,,-99.43,1496047185
BTCGold,XBG,673,0.136692,0.00005656,27.7311,,,99000001.0,0.33,21.42,-42.67,1496423392
Soarcoin,SOAR,674,0.0183382,0.00000759,139.779,,,5000000000.0,-4.25,9.67,-32.11,1496423389
Project-X,NANOX,675,453142.0,187.5,2291.73,,,1.0,0.36,-34.99,,1496423395
Internet of Things,XOT,676,1213.87,0.502273,1538.54,,,21000000.0,0.08,27.18,28.52,1496423391
AMIS,AMIS,677,277.548,0.115061,,,,,,2.83,-38.84,1496391890
Bitcoin Unlimited (Futures),BTU,678,120.685,0.0499366,627.108,,,,-0.0,-10.09,-27.18,1496423389
Malcoin,MALC,679,31.4997,0.0130339,42534.4,,,1000000000.0,0.36,30.72,4.53,1496423393
GoldUnionCoin,GUC,680,22.493,0.0093071,19554.6,,,210000000.0,0.36,3.02,13.0,1496423392
Qtum (Pre-Launch),QTUM,681,10.3641,0.00428844,36432000.0,,,100000000.0,1.22,49.23,131.88,1496423394
ZenCash,ZEN,682,7.31077,0.00302503,12396.5,,,1391300.0,0.33,-31.17,,1496423394
Fargocoin,FRGC,683,6.75442,0.00279483,582623.0,,,443871739.0,-6.17,-5.26,-1.96,1496423384
EcoCoin,ECO,684,3.94643,0.00163294,86958.7,,,1093895.0,-1.49,11.18,28.04,1496423394
Internet of People,IOP,685,3.56444,0.00147488,1546.96,,,2139405.0,3.68,1.04,46.54,1496423383
DECENT (Pre-Launch),DCT,686,2.97459,0.00123082,4746.24,,,73290000.0,0.62,6.64,-24.42,1496423383
PRIZM,PZM,687,1.11635,0.00046192,39639.5,,,,2.12,9.61,12.72,1496423393
Bitcore,BTX,688,1.0742,0.00044448,23900.5,,,16360816.0,0.1,-3.06,-36.97,1496423392
DynamicCoin,DMC,689,0.997867,0.00041289,293354.0,,,10541442931.0,-0.1,-0.05,0.08,1496423381
OBITS.WARRANT,WARRANT,690,0.995442,0.00041189,1966.19,,,,0.06,,,1496423395
Databits,DTB,691,0.9147,0.00037848,131764.0,,,,0.24,16.65,10.77,1496423389
Bitgem,BTG,692,0.79756,0.00033025,15.9247,,,,0.29,-1.06,-11.66,1496423641
Aeternity (Pre-Launch),AE,693,0.78303,0.000324,1821.16,,,,0.33,15.37,,1496423394
GAY Money,GAY,694,0.620577,0.00025678,207.539,,,5603051044.0,0.36,26.29,57.62,1496423379
TechShares,THS,695,0.615578,0.00025679,,,,646359158.0,,2.5,-7.81,1496416481
XDE II,XDE2,696,0.581823,0.00024074,1.2253,,,42249.0,9.71,3.18,7.08,1496423389
LEOcoin,LEO,697,0.487793,0.00020184,286728.0,,,92918016.0,0.02,8.04,18.78,1496423365
InvisibleCoin,IVZ,698,0.434968,0.00017998,184.269,,,,0.36,202.25,245.3,1496423367
WA Space,WA,699,0.370344,0.00015324,43464.5,,,,0.36,-4.61,17.18,1496423382
ZenGold,ZENGOLD,700,0.314258,0.00013003,1722.22,,,,-0.2,13.96,,1496423394
ClubCoin,CLUB,701,0.277837,0.00011496,22224.7,,,90899180.0,1.04,-1.73,-9.74,1496423368
TeslaCoilCoin,TESLA,702,0.269155,0.00011137,166.926,,,100000000.0,0.36,-50.28,-21.06,1496423375
Yogold,YOG,703,0.266013,0.00011007,32.1396,,,100000000.0,0.33,2.75,14.79,1496423389
TROPTIONS,TROPTIONS,704,0.248173,0.00010598,,,,1000000001.0,,,,1496287780
Zilbercoin,ZBC,705,0.230059,0.00009519,94605.2,,,9009137.0,0.08,-5.28,-29.17,1496423385
Pabyosi Coin (Special),PCS,706,0.166487,0.00006889,3089.93,,,30993751760.0,0.36,6.06,17.36,1496423384
Golos Gold,GBG,707,0.162189,0.00006711,9225.22,,,,3.67,12.16,-7.72,1496423386
AlpaCoin,APC,708,0.154334,0.00006386,675.197,,,,0.36,10.08,27.64,1496423370
EquiTrader,EQT,709,0.128088,0.00005300,83156.6,,,7666960.0,0.36,2.62,10.66,1496423395
LandCoin,LDCN,710,0.106407,0.00004403,25163.5,,,19003881978.0,0.35,30.01,211.56,1496423385
Wowecoin,WEC,711,0.104,0.00004303,11333.4,,,8901692.0,0.97,-0.0,4.0,1496423376
DeusCoin,DEUS,712,0.08768,0.00003628,6802.67,,,,0.33,4.14,-20.67,1496423391
InsaneCoin,INSN,713,0.086148,0.00003565,3347.4,,,18528309.0,37.1,30.64,72.25,1496423393
Omicron,OMC,714,0.074557,0.00003085,0.638,,,10134113.0,1.06,,4.36,1496423379
WavesGo,WGO,715,0.0653202,0.00002703,696.537,,,10000000.0,-3.69,-16.23,109.16,1496423393
Quartz,QRZ,716,0.0649625,0.00002688,2505.3,,,21000000.0,0.36,-76.09,,1496423394
Topaz Coin,TOPAZ,717,0.0489725,0.00002026,42.3219,,,38130.0,0.36,-47.52,-59.39,1496423393
Fazzcoin,FAZZ,718,0.0468419,0.00001938,568.531,,,1022577370.0,-16.11,19.53,-40.68,1496423392
Tattoocoin (Limited Edition),TLE,719,0.0386682,0.00001600,6.18137,,,975532.0,0.33,-54.61,-80.19,1496423392
International Diamond,XID,720,0.038234,0.00001588,,,,,,2.24,,1496373575
CryptoBuck,BUK,721,0.0325011,0.00001351,,,,,0.63,13.02,17.03,1496420359
Elacoin,ELC,722,0.0318299,0.00001318,12.0605,,,,0.29,,5.12,1496423641
DeltaCredits,DCRE,723,0.0293185,0.00001217,,,,,-0.01,2.36,-1.86,1496419764
President Johnson,GARY,724,0.0285573,0.00001182,116.568,,,57968072167.0,0.36,2.21,60.69,1496423377
IvugeoCoin,IEC,725,0.0240468,0.00000995,0.798541,,,,0.36,3.14,,1496423363
RHFCoin,RHFC,726,0.0239508,0.00000991,8860.28,,,200157080.0,0.36,-8.62,-10.46,1496423391
EDRCoin,EDRC,727,0.0230266,0.00000953,13503.6,,,3407292.0,-0.0,-8.16,-25.67,1496423371
ShellPay,SHELL,728,0.0199406,0.00000825,9754.12,,,,0.0,-3.43,-31.4,1496423364
Lepaoquan,HLB,729,0.019706,0.00000815,976645.0,,,935398681.0,3.13,8.01,-23.63,1496423384
Gycoin,GYC,730,0.0170702,0.00000706,12825.6,,,22213403.0,0.18,10.98,-12.55,1496423376
Digitalfund,DTF,731,0.0156886,0.00000649,21238.7,,,54000053.0,14.32,12.56,-19.12,1496423377
KolschCoin,TP1,732,0.0147961,0.00000620,,,,,,1.34,36.28,1496357661
Avoncoin,ACN,733,0.0145006,0.00000600,2846.53,,,,-3.81,-32.43,-24.61,1496423386
PiCoin,PI,734,0.013268,0.00000549,21.7508,,,1378369.0,0.33,171.08,186.57,1496423393
Mind Gene,MG,735,0.0125672,0.00000520,6233.07,,,,-0.94,-2.12,2.82,1496423379
Sharkcoin,SAK,736,0.0100465,0.00000416,3476.93,,,,5.02,2.43,27.9,1496423659
Tyrocoin,TYC,737,0.00797531,0.00000330,16.9173,,,50133100.0,0.36,7.35,-75.24,1496423392
Slimcoin,SLM,738,0.00784881,0.00000325,53.1304,,,13925626.0,0.29,23.51,,1496423659
First Bitcoin,BIT,739,0.00765581,0.00000317,1001.78,,,20706894502.0,23.54,7.07,52.78,1496423377
Goldpay Coin,GP,740,0.00686778,0.00000284,36234.7,,,,0.02,10.81,-10.1,1496423393
Opal,OPAL,741,0.00681046,0.00000282,2547.1,,,,1.55,4.21,16.42,1496423655
9COIN,9COIN,742,0.00659776,0.00000273,252.283,,,350050250.0,0.36,-31.32,70.92,1496423393
GBCGoldCoin,GBC,743,0.00589067,0.00000244,58.4231,,,,-0.0,-9.85,-26.59,1496423368
Psilocybin,PSY,744,0.00580022,0.00000240,16.5387,,,,0.36,-7.06,-5.41,1496423371
Xaucoin,XAU,745,0.00579604,0.00000240,45.6019,,,,0.29,2.61,-15.42,1496423659
EggCoin,EGG,746,0.00562322,0.00000237,,,,,,,-5.84,1496295864
Helleniccoin,HNC,747,0.00548605,0.00000227,411.321,,,,0.36,-9.91,,1496423365
Axiom,AXIOM,748,0.00478518,0.00000198,27.3484,,,,0.36,2.19,0.83,1496423365
BagCoin,BGC,749,0.00447198,0.00000185,85875.3,,,497214120.0,-2.02,5.43,1.23,1496423376
GoldReserve,XGR,750,0.00441948,0.00000183,1730.94,,,17161979.0,0.01,6.14,-0.12,1496423652
netBit,NBIT,751,0.00409751,0.00000170,4.42944,,,,0.36,2.96,26.43,1496423382
Dashs,DASHS,752,0.00403599,0.00000167,69.1588,,,,0.36,-56.72,-62.72,1496423392
AvatarCoin,AV,753,0.00384265,0.00000159,0.0960662,,,,0.36,,4.4,1496423369
Bitcoin Scrypt,BTCS,754,0.00381573,0.00000158,40.9489,,,,0.31,-0.4,19.11,1496423649
President Trump,PRES,755,0.00294687,0.00000122,324.881,,,57968072167.0,0.36,3.93,7.94,1496423377
Quotient,XQN,756,0.00265652,0.00000110,80.5336,,,,0.29,-5.94,-19.79,1496423657
ZSEcoin,ZSE,757,0.00255378,0.00000106,87.8895,,,6381695.0,2.22,-15.82,-61.37,1496423390
RoyalCoin 2,RYCN,758,0.00253531,0.00000105,1730.2,,,2500124.0,0.36,3.13,-8.74,1496423381
BitcoinFast,BCF,759,0.00246182,0.00000102,69.2698,,,,0.29,37.63,-24.96,1496423657
OCOW,OCOW,760,0.00227517,0.00000099,,,,,,,-0.73,1496142268
TrickyCoin,TRICK,761,0.00222342,0.00000092,11.3573,,,,0.33,-0.62,-13.47,1496423362
GameLeagueCoin,GML,762,0.00214937,0.00000089,0.537342,,,,0.29,,-9.85,1496423652
RichCoin,RICHX,763,0.00210122,0.00000093,,,,5925522.0,,,-2.4,1496167172
Condensate,RAIN,764,0.00206854,0.00000086,1259.13,,,42978104.0,5.38,25.08,9.11,1496423392
Neptune Classic,NTCC,765,0.00195758,0.00000081,1458.2,,,,0.36,-17.79,74.94,1496423387
Mavro,MAVRO,766,0.00168043,0.00000070,,,,15005722.0,,1.94,-26.68,1496349588
MMXVI,MMXVI,767,0.0016434,0.00000068,206.547,,,,11.88,32.36,-46.41,1496423370
Clinton,CLINT,768,0.0016434,0.00000068,35.976,,,,0.36,-35.38,-34.27,1496423372
Advanced Internet Blocks,AIB,769,0.00152002,0.00000063,104.407,,,31411917347.0,5.47,-6.36,-28.2,1496423362
UR,UR,770,0.00130505,0.00000054,241.518,,,,0.36,-0.04,0.84,1496423388
TodayCoin,TODAY,771,0.00120838,0.00000050,6.10077,,,,0.36,11.55,16.55,1496423377
RoyalCoin,ROYAL,772,0.00110647,0.00000046,58.6519,,,2500124.0,0.36,4.66,17.58,1496423382
Skeincoin,SKC,773,0.000966007,0.00000040,0.627905,,,,0.29,-4.55,,1496423647
BestChain,BEST,774,0.00094667,0.00000039,15.672,,,20042911.0,0.27,-10.78,-24.27,1496423389
Digital Bullion Gold,DBG,775,0.000942536,0.00000039,152.277,,,24523275.0,0.36,-11.06,-32.14,1496423374
RubleBit,RUBIT,776,0.000918369,0.00000038,18.7353,,,,0.36,8.33,20.45,1496423368
SportsCoin,SPORT,777,0.000894201,0.00000037,9.75344,,,19800001.0,3.15,5.47,17.05,1496423380
Bitcedi,BXC,778,0.000893903,0.00000037,30.0556,,,,0.27,-5.1,,1496423375
The Aladin,ADT,779,0.000892522,0.00000032,,,,,,,,1495722585
Donationcoin,DON,780,0.000869407,0.00000036,14615.7,,,,1.7,,,1496423651
Braincoin,BRAIN,781,0.000842028,0.00000035,,,,,-0.1,2.16,25.42,1496420372
IrishCoin,IRL,782,0.000821698,0.00000034,330.444,,,,0.36,,,1496423364
Dubstep,DUB,783,0.000817313,0.00000034,,,,,,2.08,3.84,1496411064
Motocoin,MOTO,784,0.000788616,0.00000033,16.2581,,,,0.21,4.71,40.57,1496423651
FrankyWillCoin,FRWC,785,0.000745197,0.00000031,,,,,,2.08,0.59,1496411075
Lazaruscoin,LAZ,786,0.000745197,0.00000031,,,,,,2.08,33.53,1496411078
True Investment Coin,TIC,787,0.00070086,0.00000029,21.5697,,,,0.33,-29.14,-34.35,1496423387
KashhCoin,KASHH,788,0.000687073,0.00000028,2919.27,,,,-5.61,2.62,128.03,1496423387
Opescoin,OPES,789,0.000676693,0.00000028,0.270677,,,,0.36,2.62,-8.65,1496423369
WeAreSatoshi,WSX,790,0.000676205,0.00000028,138.025,,,,-9.42,18.43,-14.08,1496423654
Quebecoin,QBC,791,0.000603755,0.00000025,2.51135,,,,0.29,2.61,-27.55,1496423649
Vsync,XVS,792,0.000578594,0.00000024,459.694,,,103334172.0,-3.62,18.94,-23.92,1496423390
CBD Crystals,CBD,793,0.000550005,0.00000023,13.6044,,,,0.36,-7.15,-4.98,1496423383
BitAlphaCoin,BAC,794,0.000494734,0.00000020,46.7696,,,,0.36,16.96,-29.84,1496423369
T-coin,TCOIN,795,0.000459184,0.00000019,1617.84,,,,0.33,7.37,15.8,1496423383
Alphabet Coin Fund,FUN,796,0.000435017,0.00000018,63.8207,,,20742012.0,0.36,-61.52,-73.6,1496423374
GoldMaxCoin,GMX,797,0.000386682,0.00000016,2.27175,,,84078950.0,0.36,17.28,-18.52,1496423371
UGAIN,GAIN,798,0.000359695,0.00000015,,,,,,1.83,3.58,1496410477
Gambleo,GMB,799,0.000338346,0.00000014,1.2079,,,,0.36,,-62.52,1496423389
DarkLisk,DISK,800,0.000338346,0.00000014,0.481491,,,17888425.0,0.36,-10.2,-2.34,1496423373
PrismChain,PRM,801,0.000338346,0.00000014,50.8482,,,,0.36,37.59,-80.51,1496423374
Sakuracoin,SKR,802,0.000337887,0.00000014,122.444,,,,5.99,10.38,21.92,1496423380
MarxCoin,MARX,803,0.000337421,0.00000014,147.854,,,29291520.0,-6.49,-26.8,-35.01,1496423388
BlazerCoin,BLAZR,804,0.000290011,0.00000012,16.0699,,,,0.33,-17.9,6.49,1496423390
Operand,OP,805,0.000290011,0.00000012,5.80022,,,36309296.0,0.36,-8.41,-16.48,1496423371
Cubits,QBT,806,0.0002889,0.00000012,0.0034668,,,,0.01,-41.58,-49.15,1496423381
VGINA,VGINA,807,0.000288899,0.00000012,0.00288899,,,11603228.0,0.01,,-64.34,1496423394
TeraCoin,TERA,808,0.000265844,0.00000011,3820.13,,,,0.36,43.36,12.75,1496423387
Cycling Coin,CYC,809,0.000265844,0.00000011,5.17989,,,,0.36,-5.93,-2.6,1496423364
The Vegan Initiative,XVE,810,0.000265441,0.00000011,805.901,,,,10.23,-7.57,41.33,1496423392
Happy Creator Coin,HCC,811,0.000245625,0.00000010,22.5372,,,,0.36,28.45,8.13,1496423375
Grumfork,GMF,812,0.000241676,0.00000010,4.83352,,,,-35.26,2.62,,1496423392
MobileCash,MBL,813,0.000217508,0.00000009,10.2883,,,1068669648.0,0.36,31.95,34.22,1496423380
President Sanders,BURN,814,0.000217508,0.00000009,139.708,,,57968072167.0,0.36,-27.86,-45.33,1496423384
AsicCoin,ASC,815,0.000211127,0.00000009,24.2353,,,,0.9,,15.87,1496423645
Moneta,MONETA,816,0.000193341,0.00000008,118.518,,,,0.36,2.62,-14.92,1496423367
LAthaan,LTH,817,0.000169173,0.00000007,135.732,,,,0.36,-13.25,21.8,1496423380
VegasCoin,VGC,818,0.000120751,0.00000005,2.41502,,,,0.29,202.8,7.2,1496423649
Halloween Coin,HALLO,819,0.000117369,0.00000005,221.178,,,264606160.0,-2.0,39.93,-11.25,1496423395
TheCreed,TCR,820,0.0000966704,0.00000004,1.52256,,,,0.36,-17.9,-16.48,1496423373
PayPeer,PAYP,821,0.0000966704,0.00000004,43.0615,,,,0.36,55.45,108.79,1496423371
Wowcoin,WOW,822,0.0000966704,0.00000004,1.45006,,,,0.36,8.08,108.79,1496423382
LinkedCoin,LKC,823,0.0000966704,0.00000004,11.5011,,,,0.33,2.62,-20.41,1496423375
TeamUp,TEAM,824,0.0000956810,0.00000004,,,,301004896.0,,1.57,37.77,1496415879
FireFlyCoin,FFC,825,0.0000724506,0.00000003,4.90601,,,,0.29,2.61,196.53,1496423656
LePen,LEPEN,826,0.0000531772,0.00000002,147.086,,,,0.48,-15.11,11.14,1496423386
InflationCoin,IFLT,827,0.0000486068,0.00000002,2419.72,,,3278342821.0,-6.62,7.39,20.32,1496423385
PinkDog,PDG,828,0.0000483352,0.00000002,0.0000241676,,,,0.36,2.62,108.79,1496423387
PokeCoin,POKE,829,0.0000483352,0.00000002,133.306,,,,0.36,-31.58,-30.4,1496423376
MoneyCoin,MONEY,830,0.0000483352,0.00000002,1296.28,,,,0.36,-31.58,-0.23,1496423383
Cashme,CME,831,0.0000483352,0.00000002,0.483352,,,,0.36,2.62,4.4,1496423368
Tellurion,TELL,832,0.0000483352,0.00000002,4.8335,,,,0.33,2.63,4.4,1496423378
CyberCoin,CC,833,0.0000483004,0.00000002,0.483004,,,549267534.0,0.29,2.61,56.04,1496423660
UNCoin,UNC,834,0.0000430396,0.00000002,2001.12,,,,78.73,15.43,31.44,1496423660
President Clinton,HILL,835,0.0000241676,0.00000001,3.86682,,,57968072167.0,0.36,2.62,-47.8,1496423377
SuperTurboStake,STRB,836,0.0000241676,0.00000001,12.0838,,,,0.36,2.62,4.4,1496423370
Aces,ACES,837,0.0000241676,0.00000001,250.136,,,,0.33,2.62,-47.8,1496423377
Global Business Revolution,GBRC,838,0.0000241676,0.00000001,666.832,,,900096049.0,0.36,-48.69,-3.75,1496423382
Safe Trade Coin,XSTC,839,0.0000241676,0.00000001,362.997,,,604880000.0,0.36,2.62,4.4,1496423385
X2,X2,840,0.0000241676,0.00000001,11.5954,,,,0.36,2.62,4.4,1496423369
Rcoin,RCN,841,0.0000241676,0.00000001,194.186,,,,0.36,2.62,-8.1,1496423381
ChoofCoin,CHOOF,842,0.0000241676,0.00000001,1.08754,,,,0.33,-48.69,-37.91,1496423381
SoulCoin,SOUL,843,0.0000241676,0.00000001,14.0319,,,,0.36,2.62,4.4,1496423373
Yescoin,YES,844,0.0000241671,0.000000010,1204.29,,,,0.36,3.09,9.86,1496423386
FedoraShare,FEDS,845,0.0000240446,0.000000010,3240.35,,,499001349494,-0.0,-1.4,10.01,1496423378
Victoriouscoin,VTY,846,0.0000237913,0.000000010,123.19,,,10263290326.0,0.37,4.14,47.2,1496423381
Dimecoin,DIME,847,0.0000165166,0.000000007,808.95,,,527127957968,-1.18,3884.3,565.26,1496423646
Virtacoin,VTA,848,0.0000091274,0.000000004,79.2954,,,12423206610.0,0.67,-53.83,-26.0,1496423655
XP,XP,849,0.0000025736,0.000000001,394.518,,,133635560466,0.26,67.98,937.65,1496423378
BatCoin,BAT,850,0.0000008302,0.0000000003,303.066,,,,71.71,-3.4,,1496423647
BitCentavo,NBE,851,0.0000005705,0.0000000002,,,,,,25.71,-28.09,1496398156
RabbitCoin,RBBT,852,0.0000005097,0.0000000002,70.1042,,,,0.76,32.26,58.52,1496423656
StrongHands,SHND,853,0.0000001261,0.00000000005,95.6715,,,,0.02,35.88,,1496423368
Paccoin,PAC,854,0.0000000780,0.00000000003,1090.06,,,,3.77,12.15,53.64,1496423367
Bond,BOND,855,,,,,1349.0,1349.0,,,,
bitRUBLE,BITRUBLE,856,,,,,,,,,,
