Name,Symbol,Rank,Price(BTC),Price(USD),24HVolume,MarketCap,%Change_1h,%Change_24h,%Change_7d,LastUpdated
Bitcoin,BTC,1,2418.37,1.0,1306150000.0,39582699995.0,16367512.0,16367512.0,-0.1,2.65,6.05,1496427262
Ethereum,ETH,2,221.868,0.0917548,486772000.0,20444935867.0,92149097.0,92149097.0,0.56,1.66,29.76,1496427265
Ripple,XRP,3,0.313969,0.00012984,386942000.0,12126014622.0,38621693933.0,99994661895.0,1.66,5.35,9.57,1496427268
NEM,XEM,4,0.229561,0.00009494,13212800.0,2066049000.0,8999999999.0,8999999999.0,0.82,6.56,12.13,1496427261
Ethereum Classic,ETC,5,17.1337,0.00708572,80631500.0,1580078295.0,92220495.0,92220495.0,0.32,2.11,9.07,1496427276
Litecoin,LTC,6,28.1901,0.0116582,303257000.0,1448479431.0,51382557.0,51382557.0,-0.55,2.38,5.73,1496427241
Dash,DASH,7,139.038,0.0574998,34343600.0,1019623359.0,7333415.0,7333415.0,0.72,2.84,12.46,1496427247
Stratis,STRAT,8,8.33637,0.00344755,46251500.0,820372646.0,98408857.0,98408857.0,-0.5,47.45,179.45,1496427277
Bytecoin,BCN,9,0.00379442,0.00000157,21096200.0,694265823.0,182970209666,182970209666,-0.18,47.99,39.87,1496427252
Monero,XMR,10,43.542,0.0180071,9991260.0,634108724.0,14563151.0,14563151.0,-0.21,-0.82,10.06,1496427251
Waves,WAVES,11,4.30286,0.00177947,3840520.0,430286000.0,100000000.0,100000000.0,3.45,31.27,61.86,1496427275
Stellar Lumens,XLM,12,0.041126,0.00001701,19477400.0,397475670.0,9664826866.0,102940435314,0.22,6.01,-6.0,1496427255
Golem,GNT,13,0.462663,0.00019134,9296780.0,381637754.0,824872000.0,1000000000.0,-1.03,-0.1,17.28,1496427283
Zcash,ZEC,14,244.681,0.101189,15509800.0,351635653.0,1437119.0,1437119.0,-0.59,0.32,17.42,1496427281
Dogecoin,DOGE,15,0.00299524,0.00000124,32534200.0,328378379.0,109633411214,109633411214,0.18,7.99,7.03,1496427244
Gnosis,GNO,16,248.58,0.102801,1422160.0,274578982.0,1104590.0,10000000.0,-0.56,1.8,11.5,1496427293
Augur,REP,17,24.2276,0.0100194,4231620.0,266503600.0,11000000.0,11000000.0,0.07,5.23,0.28,1496427267
Siacoin,SC,18,0.00998944,0.00000413,30782400.0,264866398.0,26514639219.0,26514639219.0,2.42,22.73,26.54,1496427265
Steem,STEEM,19,1.09769,0.00045396,2866120.0,257243983.0,234350302.0,251324396.0,0.31,10.07,1.15,1496427273
DigiByte,DGB,20,0.0314258,0.00001300,91870700.0,254769963.0,8107031908.0,8107031908.0,-1.2,48.15,105.16,1496427245
BitShares,BTS,21,0.0909105,0.00003760,23085100.0,236568212.0,2602210000.0,2602210000.0,3.34,28.23,31.8,1496427255
MaidSafeCoin,MAID,22,0.396402,0.00016393,2775070.0,179392681.0,452552412.0,452552412.0,0.57,-1.35,1.36,1496427250
GameCredits,GAME,23,2.76753,0.00114453,1862840.0,174442696.0,63031908.0,63031908.0,-0.33,6.32,3.6,1496427256
DigixDAO,DGD,24,82.4493,0.0340973,1305350.0,164898600.0,2000000.0,2000000.0,-0.06,2.41,7.97,1496427272
Basic Attention Token,BAT,25,0.162081,0.00006703,3356520.0,162081000.0,1000000000.0,1500000000.0,-0.83,3.85,,1496427295
BitConnect,BCC,26,23.5939,0.00975739,1494380.0,151924059.0,6439124.0,6439124.0,0.04,7.96,49.43,1496427285
Lisk,LSK,27,1.34634,0.00055679,2738010.0,145119781.0,107788360.0,107788360.0,3.16,6.75,15.04,1496427271
Decred,DCR,28,26.2148,0.0108413,2081500.0,131735105.0,5025219.0,5445219.0,0.34,8.91,20.39,1496427270
Ardor,ARDR,29,0.128211,0.00005302,3354500.0,128082724.0,998999495.0,998999495.0,-0.42,14.8,9.58,1496427276
SingularDTV,SNGLS,30,0.206193,0.00008527,207691.0,123715800.0,600000000.0,1000000000.0,-3.5,13.94,16.97,1496427279
Factom,FCT,31,13.4508,0.00556264,1297840.0,117737798.0,8753219.0,8753219.0,0.4,5.35,4.84,1496427266
Byteball,GBYTE,32,604.103,0.24983,548313.0,114346953.0,189284.0,1000000.0,1.53,22.43,103.33,1496427284
Tether,USDT,33,1.03163,0.00042664,55696000.0,108314640.0,104993690.0,124951468.0,-0.41,-0.3,-0.54,1496427260
Iconomi,ICN,34,1.24321,0.00051413,768292.0,108159270.0,87000000.0,100000000.0,1.65,6.07,7.91,1496427280
Round,ROUND,35,0.105621,0.00004368,354905.0,89777850.0,850000000.0,1000000000.0,0.79,0.27,-21.72,1496427283
PIVX,PIVX,36,1.6237,0.00067149,971431.0,86932243.0,53539596.0,53539596.0,-1.5,2.76,18.34,1496427270
Komodo,KMD,37,0.798193,0.0003301,1013260.0,80573999.0,100945510.0,100945510.0,-0.07,47.39,54.53,1496427285
Aragon,ANT,38,2.15033,0.00088928,613037.0,72262199.0,33605167.0,39609523.0,-0.58,4.74,5.0,1496427294
FirstBlood,1ST,39,0.805499,0.00033312,2851260.0,68917182.0,85558371.0,93468691.0,1.84,2.38,12.48,1496427280
Nxt,NXT,40,0.066187,0.00002737,3480280.0,66120812.0,998999983.0,998999983.0,1.22,16.06,9.03,1496427244
SysCoin,SYS,41,0.124246,0.00005138,3501570.0,65250946.0,525175426.0,525175426.0,-0.81,18.32,-3.8,1496427260
AntShares,ANS,42,1.2658,0.00052348,6415680.0,63290000.0,50000000.0,100000000.0,1.74,4.39,35.41,1496427279
iExec RLC,RLC,43,0.762659,0.0003154,752588.0,59541393.0,78070793.0,86999785.0,-2.95,28.68,31.82,1496427292
Ubiq,UBQ,44,1.33457,0.00055192,1483190.0,49511312.0,37099075.0,37099075.0,0.03,13.79,189.79,1496427256
Wings,WINGS,45,0.473347,0.00019576,1528490.0,42463170.0,89708333.0,100000000.0,3.48,22.2,65.46,1496427284
ReddCoin,RDD,46,0.00142601,0.00000059,2286090.0,40677868.0,28525654020.0,28525654020.0,1.07,34.74,3.26,1496427246
Peercoin,PPC,47,1.63272,0.00067522,1134040.0,39390024.0,24125400.0,24125400.0,0.58,4.8,0.52,1496427240
Lykke,LKK,48,0.272746,0.0001128,475932.0,37540797.0,137640138.0,1285690000.0,0.77,6.41,10.94,1496427283
BitcoinDark,BTCD,49,28.7974,0.0119093,338000.0,37115880.0,1288862.0,1288862.0,2.8,20.54,29.43,1496427253
Emercoin,EMC,50,0.858287,0.00035495,865300.0,34469332.0,40160613.0,40160613.0,-1.8,5.15,-7.19,1496427255
Ark,ARK,51,0.353301,0.00014611,467501.0,33675501.0,95316744.0,126566744.0,-1.74,26.13,36.21,1496427290
Storjcoin X,SJCX,52,0.656146,0.00027135,407138.0,33577054.0,51173144.0,500000000.0,1.62,0.84,14.33,1496427255
Melon,MLN,53,55.7056,0.0230374,329148.0,33389937.0,599400.0,749400.0,-0.08,3.9,-9.0,1496427287
Omni,OMNI,54,54.481,0.0225309,6166510.0,30454079.0,558985.0,615301.0,3.79,-0.65,197.67,1496427245
Counterparty,XCP,55,10.8952,0.00450577,506728.0,28531747.0,2618745.0,2618745.0,0.75,-2.99,-1.92,1496427247
Xaurum,XAUR,56,0.243682,0.00010078,113105.0,27707695.0,113704314.0,113704314.0,-0.89,-4.65,21.02,1496427262
Blocknet,BLOCK,57,6.64987,0.00275009,242891.0,26004425.0,3910516.0,3910516.0,0.69,41.44,108.53,1496427258
Namecoin,NMC,58,1.73755,0.00071857,807271.0,25605232.0,14736400.0,14736400.0,0.47,5.37,2.77,1496427240
Gulden,NLG,59,0.0719444,0.00002975,111296.0,24933587.0,346567445.0,448587600.0,0.67,5.72,6.2,1496427249
Nexus,NXS,60,0.498095,0.00020599,95760.1,24837103.0,49864189.0,49864189.0,0.52,0.11,2.57,1496427259
WeTrust,TRST,61,0.264799,0.00010951,434880.0,24400566.0,92147500.0,100000000.0,3.49,16.46,-3.34,1496427293
Synereo,AMP,62,0.292553,0.00012099,484767.0,24064334.0,82256324.0,949291063.0,1.09,7.62,17.26,1496427268
Burst,BURST,63,0.0133047,0.00000550,4287590.0,23687072.0,1780353682.0,1780353682.0,1.85,19.07,35.34,1496427255
XtraBYtes,XBY,64,0.0360309,0.00001490,765664.0,23420085.0,650000000.0,650000000.0,1.16,60.43,530.91,1496427292
EarthCoin,EAC,65,0.0023898,0.00000099,6640010.0,22336190.0,9346468332.0,9346468332.0,0.48,8.32,0.78,1496427244
YbCoin,YBC,66,7.17721,0.00296818,2632240.0,21677056.0,3020262.0,3020262.0,0.38,2.29,7.63,1496427245
Matchpool,GUP,67,0.277536,0.00011478,285040.0,20815200.0,75000000.0,98855150.0,-1.77,9.01,16.62,1496427291
TokenCard,TKN,68,0.860957,0.00035605,238268.0,20356515.0,23644056.0,39406760.0,1.66,1.17,-11.7,1496427294
Verge,XVG,69,0.00149867,0.00000062,2789950.0,20096374.0,13409472280.0,13409472280.0,3.97,59.94,27.57,1496427258
Humaniq,HMQ,70,0.162385,0.00006716,764040.0,20082701.0,123673373.0,184190414.0,0.21,32.97,-12.56,1496427293
BlackCoin,BLK,71,0.261495,0.00010814,1224280.0,19917892.0,76169305.0,76169305.0,4.15,13.22,30.24,1496427248
NAV Coin,NAV,72,0.322959,0.00013356,769129.0,19807667.0,61331832.0,61331832.0,10.62,14.63,1.36,1496427253
BitBay,BAY,73,0.0194741,0.00000805,59406.2,19620620.0,1007523861.0,1007523861.0,1.79,9.73,6.54,1496427261
Edgeless,EDG,74,0.235305,0.00009731,371609.0,18690850.0,79432438.0,132046997.0,-0.08,3.78,-9.94,1496427291
OBITS,OBITS,75,1.27322,0.00052655,633552.0,18638581.0,14638932.0,16443700.0,-1.74,29.21,40.65,1496427268
PotCoin,POT,76,0.0851006,0.00003519,411330.0,18462035.0,216943648.0,216943648.0,2.47,-4.95,-7.11,1496427246
Nexium,NXC,77,0.265986,0.00011,1705240.0,17693811.0,66521586.0,66521586.0,0.93,-7.02,37.72,1496427283
E-Dinar Coin,EDR,78,0.0266672,0.00001103,447244.0,17617279.0,660634755.0,785634755.0,-3.02,-20.31,4.75,1496427278
BCAP,BCAP,79,1.7421,0.00072045,167304.0,17421000.0,10000000.0,10000000.0,0.27,9.45,-9.39,1496427294
Shift,SHIFT,80,1.56974,0.00064917,398015.0,17002491.0,10831406.0,10831406.0,9.89,45.32,182.6,1496427266
Expanse,EXP,81,2.33882,0.00096723,438020.0,16941571.0,7243641.0,16243641.0,-0.43,-0.79,9.18,1496427267
Bankcoin,B@,82,3.97183,0.00164257,7603.36,16940173.0,4265080.0,25000000.0,2.98,23.99,48.13,1496427290
Unity Ingot,UNY,83,0.0822121,0.00003400,84227.1,16606844.0,202000000.0,10000000000.0,0.19,3.72,88.61,1496427293
Infinitecoin,IFC,84,0.000182755,0.00000008,2706360.0,16556922.0,90596274910.0,90596274910.0,1.07,0.36,5.9,1496427268
ZCoin,XZC,85,7.18907,0.00297308,1065930.0,16067437.0,2234981.0,2234981.0,0.05,-2.32,21.99,1496427280
Swarm City,SWT,86,2.41744,0.00099975,31906.5,16055983.0,6641730.0,6641730.0,0.26,12.87,-8.71,1496427288
LBRY Credits,LBC,87,0.230569,0.00009535,857564.0,15799631.0,68524524.0,466424524.0,3.59,14.41,14.14,1496427275
Agoras Tokens,AGRS,88,0.362563,0.00014994,24406.0,15227646.0,42000000.0,42000000.0,5.09,2.1,6.21,1496427265
Pepe Cash,PEPECASH,89,0.0213573,0.00000883,24973.2,14990347.0,701884009.0,701884009.0,-0.82,3.77,-9.75,1496427279
GridCoin,GRC,90,0.0379192,0.00001568,204073.0,14800347.0,390312753.0,390312753.0,0.41,5.77,18.38,1496427261
I/O Coin,IOC,91,0.894669,0.00037,41333.8,14615602.0,16336323.0,16336323.0,5.94,18.11,14.04,1496427255
TaaS,TAAS,92,1.76533,0.00073006,171492.0,14380380.0,8146001.0,8146001.0,0.13,3.83,19.02,1496427289
Chronobank,TIME,93,20.069,0.00829964,453609.0,14251254.0,710113.0,710113.0,0.83,6.17,10.18,1496427287
Radium,RADS,94,4.19387,0.0017344,355348.0,13617067.0,3246898.0,3246898.0,1.86,2.56,21.72,1496427269
SuperNET,UNITY,95,16.5496,0.00684419,21129.6,13505483.0,816061.0,816061.0,1.48,35.21,147.98,1496427257
MonaCoin,MONA,96,0.266166,0.00011007,24419.8,13455330.0,50552400.0,50552400.0,0.09,-1.95,-4.12,1496427248
E-coin,ECN,97,4.61926,0.00191032,129707.0,12888240.0,2790109.0,211079001.0,-0.1,5.42,10.54,1496427291
Golos,GOLOS,98,0.103198,0.00004268,36918.9,12701937.0,123083170.0,123083170.0,2.7,13.81,69.92,1496427283
Vertcoin,VTC,99,0.371775,0.00015375,577560.0,12432688.0,33441431.0,33441431.0,-0.77,6.29,13.0,1496427246
LuckChain,BASH,100,0.0166632,0.00000689,678729.0,12065336.0,724070794.0,724070794.0,4.91,25.62,103.25,1496427282
MergeCoin,MGC,101,0.120735,0.00004993,3277430.0,11940904.0,98901760.0,103901760.0,-1.96,15.92,-2.12,1496427293
Waves Community Token,WCT,102,2.30461,0.00095308,108110.0,11523050.0,5000000.0,10000000.0,-1.78,-8.86,10.35,1496427286
Clams,CLAM,103,4.88583,0.00202056,580575.0,11249463.0,2302467.0,16207865.0,0.12,5.41,-3.06,1496427253
Bitland,CADASTRAL,104,0.373976,0.00015466,21213.0,11219280.0,30000000.0,30000000.0,-8.9,-0.66,70.36,1496427275
DigitalNote,XDN,105,0.00159053,0.00000066,3066650.0,10945291.0,6881537219.0,6881537219.0,4.55,6.68,-5.04,1496427252
Pluton,PLU,106,12.7464,0.00527136,103526.0,10834434.0,850000.0,20000000.0,1.17,-4.95,48.89,1496427279
Mooncoin,MOON,107,0.0000487405,0.00000002,41547.8,10817791.0,221946665017,221946665017,0.85,36.46,5.92,1496427245
Viacoin,VIA,108,0.444776,0.00018394,283927.0,10072780.0,22646861.0,22646861.0,1.82,16.94,8.41,1496427254
Bitcrystals,BCY,109,0.420093,0.00017373,249588.0,9784563.0,23291422.0,23291422.0,2.36,11.63,7.13,1496427266
FlorinCoin,FLO,110,0.0725919,0.00003002,312987.0,9727790.0,134006545.0,134006545.0,2.09,4.12,7.42,1496427244
Primecoin,XPM,111,0.502421,0.00020778,4691420.0,9711273.0,19328954.0,19328954.0,2.13,29.8,23.37,1496427246
Etheroll,DICE,112,1.34295,0.00055538,22379.9,9402829.0,7001623.0,7001623.0,0.6,-23.56,-26.15,1496427294
DNotes,NOTE,113,0.0740314,0.00003062,287687.0,9170428.0,123872135.0,123872135.0,-0.72,13.44,25.48,1496427249
vSlice,VSL,114,0.273185,0.00011298,141039.0,9121783.0,33390496.0,33390496.0,0.62,4.8,-4.94,1496427284
Energycoin,ENRG,115,0.0739925,0.00003060,4005.76,8948827.0,120942358.0,120942358.0,0.21,4.16,7.72,1496427251
FedoraCoin,TIPS,116,0.0000199463,0.000000008,57362.7,8839566.0,443168182458,443168182458,0.45,-2.99,-12.76,1496427246
Crown,CRW,117,0.635076,0.00026264,21793.4,8803093.0,13861479.0,13861479.0,1.44,3.28,-2.94,1496427258
Rubycoin,RBY,118,0.359674,0.00014875,42502.6,8774001.0,24394314.0,24394314.0,0.21,2.59,9.46,1496427250
VeriCoin,VRC,119,0.281149,0.00011627,512933.0,8494049.0,30211912.0,30211912.0,2.55,0.45,5.67,1496427251
NeosCoin,NEOS,120,2.52767,0.00104533,748893.0,8460888.0,3347307.0,3347307.0,3.0,0.73,24.45,1496427256
HEAT,HEAT,121,0.320785,0.00013266,32320.8,8456601.0,26362208.0,26362208.0,0.89,-13.58,-8.07,1496427276
Pascal Coin,PASC,122,0.800652,0.00033111,139525.0,8016848.0,10012900.0,10012900.0,0.35,7.19,3.4,1496427282
Skycoin,SKY,123,1.45702,0.00060256,47319.5,7963781.0,5465801.0,100000000.0,1.05,-9.17,-23.28,1496427292
VPNCoin,VASH,124,0.0197999,0.00000819,1995790.0,7926687.0,400339746.0,400339746.0,1.03,11.55,1.11,1496427258
SolarCoin,SLR,125,0.223765,0.00009254,97318.5,7868435.0,35163833.0,98034180564.0,0.38,1.29,12.91,1496427249
SaluS,SLS,126,7.795,0.00322367,47092.6,7821900.0,1003451.0,1003451.0,2.54,-11.83,43.15,1496427269
BelaCoin,BELA,127,0.217975,0.00009014,466658.0,7625016.0,34981150.0,34981150.0,-1.68,11.59,5.59,1496427249
Einsteinium,EMC2,128,0.0361385,0.00001495,375433.0,7618360.0,210810073.0,210810073.0,1.85,16.91,8.81,1496427249
Bitcoin Plus,XBC,129,74.4429,0.0307863,147181.0,7215464.0,96926.0,96926.0,0.13,7.6,3.29,1496427250
Creditbit,CRB,130,0.600563,0.00024837,268915.0,7131290.0,11874342.0,11874342.0,0.31,-7.44,-9.57,1496427270
Incent,INCNT,131,0.304692,0.00012601,176032.0,7010449.0,23008312.0,46016625.0,-1.44,12.22,40.17,1496427284
Blitzcash,BLITZ,132,1.71766,0.00071035,291937.0,6980599.0,4064017.0,4064017.0,-5.05,59.23,378.87,1496427258
Global Currency Reserve,GCR,133,0.0661585,0.00002736,21546.5,6793964.0,102692233.0,102692233.0,0.95,4.17,1.77,1496427265
Lunyr,LUN,134,2.94788,0.00121911,137606.0,6773795.0,2297853.0,2703356.0,0.33,13.57,-3.06,1496427293
Asch,XAS,135,0.0892011,0.00003689,55433.8,6690083.0,75000000.0,100000000.0,4.0,1.19,8.46,1496427290
Aeon,AEON,136,0.464133,0.00019195,6000.08,6605455.0,14231814.0,14231814.0,1.82,2.96,4.73,1496427265
Novacoin,NVC,137,3.68797,0.00152518,39370.1,6402830.0,1736140.0,1736140.0,0.96,0.76,-8.32,1496427240
Feathercoin,FTC,138,0.0390364,0.00001614,106923.0,6396163.0,163851240.0,163851240.0,0.01,1.79,17.67,1496427241
ION,ION,139,0.456745,0.00018889,40133.1,6284413.0,13759128.0,19659128.0,-0.38,24.85,-0.09,1496427274
ZClassic,ZCL,140,4.21964,0.00174506,417807.0,6239529.0,1478688.0,1478688.0,1.41,-4.52,40.52,1496427282
FirstCoin,FRST,141,1.96138,0.00081114,133221.0,6208292.0,3165267.0,110000000.0,2.13,15.43,18.51,1496427286
PinkCoin,PINK,142,0.0188666,0.00000780,1845920.0,6056052.0,320993300.0,370993300.0,2.82,25.87,17.94,1496427251
Safe Exchange Coin,SAFEX,143,0.00278063,0.00000115,24581.4,5971357.0,2147483647.0,2147483647.0,3.11,6.75,0.48,1496427270
WorldCoin,WDC,144,0.0513045,0.00002122,331480.0,5879756.0,114605083.0,114605083.0,1.5,9.67,14.59,1496427241
SIBCoin,SIB,145,0.394056,0.00016296,27373.9,5774087.0,14652960.0,14652960.0,0.56,1.6,30.23,1496427266
MonetaryUnit,MUE,146,0.0460274,0.00001903,61848.6,5594513.0,121547440.0,121547440.0,-0.64,9.83,4.71,1496427258
FoldingCoin,FLDC,147,0.010959,0.00000453,394354.0,5367082.0,489741985.0,1000000000.0,1.08,9.9,7.84,1496427256
Gambit,GAM,148,4.43563,0.00183438,39230.1,5252045.0,1184058.0,1184058.0,-4.58,4.69,10.62,1496427263
MUSE,MUSE,149,0.00376454,0.00000156,9157.07,5175642.0,1374840478.0,1524840478.0,21.96,22.6,13.27,1496427262
RouletteToken,RLT,150,0.511196,0.00021141,62386.8,5159097.0,10092210.0,10092933.0,1.51,9.43,14.3,1496427294
Auroracoin,AUR,151,0.585525,0.00024215,13631.2,5069557.0,8658139.0,8658139.0,-0.01,-2.34,4.04,1496427247
Vcash,XVC,152,0.33151,0.0001371,130936.0,5056102.0,15251734.0,15251734.0,0.42,11.15,3.74,1496427260
OKCash,OK,153,0.0647766,0.00002679,177483.0,4636766.0,71580878.0,71580878.0,-3.5,-12.51,139.11,1496427258
Ethereum Movie Venture,EMV,154,0.687926,0.0002845,4980.49,4586173.0,6666666.0,6666666.0,8.71,215.53,17.36,1496427292
Darcrus,DAR,155,0.326437,0.000135,23950.1,4447300.0,13623762.0,13623762.0,0.21,7.38,9.75,1496427285
Sphere,SPHR,156,1.42803,0.00059057,24572.9,4402531.0,3082940.0,3082940.0,-1.38,2.99,123.54,1496427263
Quark,QRK,157,0.0174021,0.00000720,198007.0,4352283.0,250101047.0,250101047.0,-7.18,50.5,28.53,1496427247
CloakCoin,CLOAK,158,0.835092,0.00034536,21544.3,4178521.0,5003665.0,5003665.0,-2.27,-1.69,24.18,1496427253
APX,APX,159,4.63149,0.00191538,217559.0,4168341.0,900000.0,1000000.0,6.53,9.61,35.59,1496427295
Janus,JNS,160,0.199094,0.00008234,9817.76,4167648.0,20933069.0,25201489.0,-3.71,-13.88,-10.77,1496427285
FairCoin,FAIR,161,0.0782241,0.00003235,4962.47,4154146.0,53105711.0,53105711.0,2.1,0.98,20.39,1496427249
ArtByte,ABY,162,0.00537263,0.00000222,126000.0,4152493.0,772897650.0,772897650.0,8.7,30.78,10.78,1496427252
LoMoCoin,LMC,163,0.019658,0.00000813,368652.0,4099852.0,208558947.0,293558947.0,-0.98,11.4,10.86,1496427278
ICO OpenLedger,ICOO,164,8.66393,0.00358302,10931.3,4087598.0,471795.0,471795.0,4.21,23.96,27.36,1496427275
bitCNY,BITCNY,165,0.13784,0.00005700,536281.0,4075915.0,29569900.0,29569900.0,4.48,1.24,-3.09,1496427256
Bitmark,BTM,166,1.03418,0.00042769,151155.0,4034522.0,3901180.0,3901180.0,2.12,4.12,28.82,1496427255
NautilusCoin,NAUT,167,0.246761,0.00010205,338013.0,3992593.0,16180000.0,16180000.0,-0.64,2.33,12.36,1496427251
Unobtanium,UNO,168,19.8458,0.00820736,78289.6,3924013.0,197725.0,197725.0,-2.52,1.48,-5.01,1496427243
SpreadCoin,SPR,169,0.459255,0.00018993,31931.0,3736424.0,8135836.0,8135836.0,3.96,22.82,35.85,1496427261
Riecoin,RIC,170,0.106499,0.00004404,642733.0,3642616.0,34203284.0,34203284.0,1.32,11.23,22.25,1496427249
DubaiCoin,DBIX,171,4.18082,0.001729,35797.6,3637451.0,870033.0,870033.0,-2.62,-0.25,65.02,1496427290
Circuits of Value,COVAL,172,0.00892262,0.00000369,96239.8,3569048.0,400000000.0,1200000000.0,0.42,23.65,8.44,1496427260
HunterCoin,HUC,173,0.199265,0.00008241,4649390.0,3516298.0,17646340.0,17646340.0,2.23,75.4,76.09,1496427246
Minereum,MNE,174,8.45019,0.00349462,372615.0,3385371.0,400627.0,400627.0,2.59,69.18,236.22,1496427294
Rise,RISE,175,0.0313089,0.00001295,125121.0,3362176.0,107387215.0,107387215.0,10.17,42.75,51.38,1496427276
Musicoin,MUSIC,176,0.0186066,0.00000769,70665.9,3202247.0,172102772.0,172102772.0,5.15,11.72,8.35,1496427289
Diamond,DMD,177,1.49569,0.00061855,16044.7,3177572.0,2124486.0,2124486.0,0.21,0.77,5.81,1496427244
BitSend,BSD,178,0.207772,0.00008593,24154.3,3169951.0,15256875.0,15256875.0,0.3,12.06,37.15,1496427252
Zennies,ZENI,179,0.00316763,0.00000131,6848.23,3169785.0,1000680436.0,1000680436.0,1.76,2.84,7.55,1496427292
Megacoin,MEC,180,0.0937367,0.00003877,572991.0,3082667.0,32886450.0,32886450.0,1.21,22.04,-3.57,1496427242
Jinn,JINN,181,51.7673,0.0214086,517.673,3038896.0,58703.0,1000000.0,1.48,16.35,-35.51,1496427256
PoSW Coin,POSW,182,0.0719149,0.00002974,46412.4,2948511.0,41000000.0,70000000.0,1.4,10.28,24.76,1496427284
BitBean,BITB,183,0.00149214,0.00000062,152322.0,2923119.0,1959011000.0,1959011000.0,1.1,22.25,-13.03,1496427260
Zetacoin,ZET,184,0.0172305,0.00000713,288057.0,2862984.0,166157899.0,166157899.0,0.06,1.31,22.88,1496427243
Curecoin,CURE,185,0.118716,0.00004910,14978.0,2814560.0,23708344.0,23708344.0,-2.12,6.8,-5.03,1496427252
Cryptonite,XCN,186,0.00842045,0.00000348,747807.0,2760268.0,327805307.0,327805307.0,3.08,44.44,10.83,1496427254
RaiBlocks,XRB,187,0.0363052,0.00001501,44948.1,2724383.0,75041127.0,340282367.0,0.83,13.4,27.8,1496427288
Wild Beast Block,WBB,188,1.15494,0.00047763,1506.6,2685500.0,2325229.0,2325229.0,-9.27,-7.17,-33.11,1496427260
Myriad,XMY,189,0.00180037,0.00000074,119842.0,2675617.0,1486148250.0,1486148250.0,0.49,18.86,-22.13,1496427248
InstantDEX,DEX,190,2.64728,0.0010948,3295.86,2647280.0,1000000.0,1000000.0,1.48,20.78,,1496427256
Ethbits,ETB,191,1.96529,0.00081276,1683.6,2647217.0,1346986.0,1634691.0,0.6,61.53,,1496427295
Atmos,ATMS,192,0.026283,0.00001087,179399.0,2630233.0,100073545.0,110073545.0,3.18,12.35,19.93,1496427291
ZcCoin,ZCC,193,0.0425345,0.00001759,1926760.0,2622552.0,61657044.0,61657044.0,-0.2,26.08,9.61,1496427254
Steem Dollars,SBD,194,1.76186,0.00072863,744294.0,2503847.0,1421138.0,1421138.0,-0.57,9.05,7.9,1496427276
Zeitcoin,ZEIT,195,0.0000677849,0.00000003,5761.19,2462506.0,36328237567.0,36328237567.0,-1.51,9.97,25.29,1496427248
Bata,BTA,196,0.479908,0.00019847,43762.0,2376186.0,4951335.0,4951335.0,1.5,21.85,56.66,1496427263
Mintcoin,MINT,197,0.0000967571,0.00000004,9097.34,2355906.0,24348665548.0,24348665548.0,-19.45,3.41,-2.24,1496427248
Spectrecoin,XSPEC,198,0.11444,0.00004733,202739.0,2334181.0,20396550.0,20396550.0,1.28,-1.53,1.58,1496427285
Digitalcoin,DGC,199,0.0676826,0.00002799,220904.0,2327591.0,34389793.0,34389793.0,-0.79,10.11,10.35,1496427242
Veros,VRS,200,0.0260566,0.00001078,63412.6,2227499.0,85486938.0,10000000000.0,0.38,-14.64,-12.0,1496427283
Espers,ESP,201,0.000110132,0.00000005,4811.55,2216743.0,20128053893.0,20128053893.0,2.5,5.19,-10.21,1496427273
BoostCoin,BOST,202,0.186066,0.00007695,185694.0,2205903.0,11855487.0,11855487.0,-1.68,9.32,1.8,1496427252
MaxCoin,MAX,203,0.0401992,0.00001662,164798.0,2188552.0,54442678.0,54442678.0,-0.13,16.11,42.64,1496427246
Breakout Stake,BRX,204,0.348272,0.00014403,12868.6,2182998.0,6268082.0,6268082.0,-3.78,19.06,45.81,1496427275
bitUSD,BITUSD,205,0.989237,0.0004091,293560.0,2154588.0,2178030.0,2178030.0,2.4,0.16,-0.48,1496427257
iCash,ICASH,206,0.00948976,0.00000392,14877.7,2096549.0,220927467.0,220927467.0,-1.51,28.86,10.85,1496427261
Groestlcoin,GRS,207,0.03073,0.00001271,7335.73,2077989.0,67620864.0,67620864.0,-0.96,8.8,11.28,1496427249
BlockPay,BLOCKPAY,208,0.382109,0.00015802,15166.1,2074202.0,5428300.0,98928316.0,-3.04,-14.06,31.16,1496427280
FUNCoin,FUNC,209,0.356365,0.00014738,46536.3,2058688.0,5776909.0,100000000.0,5.97,10.44,26.99,1496427293
Adzcoin,ADZ,210,0.0368375,0.00001523,10660.5,2020409.0,54846520.0,54846520.0,0.63,8.03,0.1,1496427268
Anoncoin,ANC,211,0.948918,0.00039243,232742.0,2002518.0,2110317.0,2110317.0,-0.55,107.97,78.62,1496427242
Project Decorum,PDC,212,0.0377942,0.00001563,1843.89,1889710.0,50000000.0,50000000.0,-0.04,2.35,-3.79,1496427275
Tickets,TIX,213,0.0000281101,0.00000001,34843.2,1879899.0,66876281414.0,66876281414.0,0.34,2.07,-5.01,1496427243
GoldCoin,GLD,214,0.0453018,0.00001873,19577.6,1823622.0,40254948.0,40254948.0,1.05,-1.99,-2.6,1496427246
CryptoCarbon,CCRB,215,0.491663,0.00020333,8734.77,1751358.0,3562111.0,10000150.0,14.61,14.96,34.37,1496427285
TransferCoin,TX,216,0.292042,0.00012078,6247.23,1744741.0,5974282.0,5974282.0,-0.07,-5.41,-25.84,1496427265
DeepWebCash,DWC,217,1.20903,0.0005,18436.2,1615717.0,1336375.0,1336375.0,-8.26,-3.12,-15.03,1496427283
vTorrent,VTR,218,0.136886,0.00005661,15351.0,1480554.0,10815966.0,10815966.0,-0.79,-5.95,22.75,1496427259
Boolberry,XBB,219,0.154212,0.00006378,6356.95,1470023.0,9532480.0,9532480.0,1.86,17.22,3.61,1496427253
Sequence,SEQ,220,0.0327646,0.00001355,1192.71,1464618.0,44701228.0,44701228.0,0.88,4.74,34.41,1496427281
Startcoin,START,221,0.0322196,0.00001332,34103.0,1452453.0,45079785.0,70782220.0,4.82,2.82,-27.38,1496427252
2GIVE,2GIVE,222,0.00279176,0.00000115,17247.3,1432164.0,512996977.0,512996977.0,-4.52,17.86,-28.67,1496427273
Pangea Poker,PANGEA,223,1.39017,0.00057491,811.722,1389270.0,999352.0,1000000.0,1.48,62.8,68.23,1496427259
Ixcoin,IXC,224,0.0650241,0.00002689,7044.94,1365447.0,20999088.0,20999088.0,2.72,-76.05,25.53,1496427241
EB3 Coin,EB3,225,0.290191,0.00012001,38997.1,1359857.0,4686076.0,786000000.0,0.21,5.19,13.67,1496427290
Bitswift,SWIFT,226,0.326703,0.00013511,10435.7,1326708.0,4060900.0,4060900.0,3.99,9.63,77.64,1496427257
Voxels,VOX,227,0.0416399,0.00001722,500184.0,1311657.0,31500000.0,210000000.0,0.76,52.38,25.05,1496427271
Breakout,BRK,228,0.0725175,0.00002999,5341.15,1299192.0,17915567.0,17915567.0,4.35,3.51,-0.28,1496427275
EuropeCoin,ERC,229,0.131083,0.00005421,2470.18,1291357.0,9851447.0,9851447.0,1.09,0.96,12.19,1496427263
VeriumReserve,VRM,230,1.15683,0.00047841,73582.6,1288362.0,1113700.0,1113700.0,10.61,62.91,37.06,1496427280
ChainCoin,CHC,231,0.0868119,0.00003590,18037.4,1274756.0,14684115.0,14684115.0,-0.67,1.62,-4.49,1496427264
Renos,RNS,232,0.0380391,0.00001573,656377.0,1268689.0,33352232.0,33352232.0,-5.45,62.55,137.69,1496427288
MediterraneanCoin,MED,233,0.0244224,0.00001010,192586.0,1213954.0,49706598.0,49706598.0,2.76,78.5,57.44,1496427257
Yocoin,YOC,234,0.0113194,0.00000468,68494.2,1195542.0,105618830.0,200000000.0,-2.38,12.5,31.92,1496427269
Visio,VISIO,235,0.0234207,0.00000969,2890.3,1185094.0,50600264.0,62600264.0,0.23,-1.31,-21.58,1496427288
Qwark,QWARK,236,0.0669076,0.00002767,34016.0,1181541.0,17659296.0,250377576.0,2.7,20.67,62.51,1496427272
Stealthcoin,XST,237,0.0446857,0.00001848,2454.97,1169758.0,26177463.0,26177463.0,-2.48,-2.03,5.07,1496427254
TagCoin,TAG,238,0.208331,0.00008616,162657.0,1144359.0,5492984.0,5492984.0,1.49,13.44,-0.12,1496427243
Dynamic,DYN,239,0.702929,0.0002907,3937.39,1136249.0,1616449.0,4370353.0,5.68,7.01,13.03,1496427289
SecureCoin,SRC,240,0.140697,0.00005819,151821.0,1095448.0,7785866.0,7785866.0,0.06,14.52,-12.25,1496427242
WhiteCoin,XWC,241,0.00411069,0.00000170,18282.8,1019681.0,248055995.0,248055995.0,0.8,-2.24,56.46,1496427250
LiteDoge,LDOGE,242,0.0000685114,0.00000003,6555.55,1012225.0,14774544659.0,14774544659.0,-6.88,-9.83,-49.52,1496427261
Inpay,INPAY,243,0.10047,0.00004155,28392.2,1004700.0,10000000.0,10000000.0,8.24,-7.22,-23.64,1496427292
DopeCoin,DOPE,244,0.00875336,0.00000362,17419.4,972373.0,111085648.0,111085648.0,1.33,27.13,-7.29,1496427249
CannabisCoin,CANN,245,0.0125374,0.00000518,55295.3,968278.0,77231176.0,91859176.0,0.17,2.67,44.68,1496427254
Hacker Gold,HKG,246,0.0593498,0.00002454,1603.8,956178.0,16110893.0,16110893.0,1.32,-0.4,-4.59,1496427283
Triggers,TRIG,247,0.0292826,0.00001211,30289.7,940135.0,32105593.0,100000000.0,-3.3,-3.86,-10.37,1496427280
AudioCoin,ADC,248,0.00118504,0.00000049,6284.27,939972.0,793198644.0,793198644.0,0.21,2.52,-17.39,1496427263
DIBCOIN,DIBC,249,0.187507,0.00007754,4624.04,937535.0,5000000.0,5000000000.0,-0.13,3.88,2.88,1496427291
PepeCoin,PEPE,250,0.0678764,0.00002807,27553.9,934982.0,13774772.0,13774772.0,0.27,4.17,31.61,1496427271
Mercury,MER,251,0.00933072,0.00000386,1508.86,933072.0,100000000.0,100000000.0,-3.91,-8.74,-12.76,1496427289
Creativecoin,CREA,252,0.0880434,0.00003641,4057.21,929522.0,10557543.0,12269271.0,-0.08,-1.9,-12.95,1496427295
PutinCoin,PUT,253,0.00459838,0.00000190,4047.22,921596.0,200417616.0,200417616.0,-6.25,-6.53,30.0,1496427275
HiCoin,XHI,254,0.00480334,0.00000199,124295.0,911338.0,189729990.0,10189729990.0,-0.27,-3.51,-0.8,1496427273
ArcticCoin,ARC,255,0.0379333,0.00001569,31336.7,886089.0,23359130.0,23359130.0,-2.77,0.93,-22.67,1496427280
Hush,HUSH,256,0.776214,0.00032101,86872.1,854524.0,1100888.0,1222363.0,5.74,4.02,53.67,1496427283
Pesetacoin,PTC,257,0.00639265,0.00000264,3734.01,834553.0,130548832.0,130548832.0,0.83,14.74,-4.33,1496427247
Woodcoin,LOG,258,0.102574,0.00004242,572.378,824202.0,8035193.0,8035193.0,0.21,2.65,0.49,1496427261
Centurion,CNT,259,0.0317824,0.00001314,30978.6,821584.0,25850279.0,63389078.0,0.21,-4.33,1.28,1496427288
Syndicate,SYNX,260,0.0727299,0.00003008,14211.0,819583.0,11268860.0,11268860.0,0.67,-68.64,47.57,1496427275
EverGreenCoin,EGC,261,0.0607764,0.00002513,10134.4,809621.0,13321301.0,13321301.0,-0.51,-12.31,0.91,1496427269
Unitus,UIS,262,0.0164709,0.00000681,21463.9,770480.0,46778248.0,46778248.0,-1.37,1.14,-8.16,1496427260
ExclusiveCoin,EXCL,263,0.18691,0.00007730,6742.82,764191.0,4088553.0,4088553.0,-3.66,20.51,0.13,1496427256
e-Gulden,EFL,264,0.0496956,0.00002055,1897.27,762614.0,15345712.0,20385052.0,0.94,3.98,-14.12,1496427250
HTMLCOIN,HTML5,265,0.0000187068,0.000000008,5717.6,760600.0,40659020000.0,40659020000.0,-6.75,-12.91,-18.31,1496427257
HempCoin,THC,266,0.00355361,0.00000147,15680.3,752737.0,211823061.0,211823061.0,7.51,16.3,-3.33,1496427254
GeoCoin,GEO,267,0.295571,0.00012223,7402.79,725650.0,2455079.0,2455079.0,-0.66,12.04,26.53,1496427260
Fantomcoin,FCN,268,0.120903,0.00005000,2026.15,708749.0,5862125.0,5862125.0,0.21,2.99,1.82,1496427252
Joincoin,J,269,0.288497,0.00011931,752.119,706356.0,2448402.0,2448402.0,29.06,-48.11,188.59,1496427255
ProCurrency,PROC,270,0.250825,0.00010373,947.957,706124.0,2815205.0,15000053805.0,13.22,0.45,11.88,1496427292
BlueCoin,BLU,271,0.00120756,0.00000050,1611.84,693965.0,574683675.0,574683675.0,1.85,-9.6,157.62,1496427250
Ripto Bux,RBX,272,0.00198586,0.00000082,6783.39,679363.0,342100100.0,1000000000.0,1.83,12.02,71.96,1496427291
Tokes,TKS,273,1.0453,0.00043229,5884.28,676961.0,647624.0,50000000.0,-0.18,5.71,-14.07,1496427289
Altcoin,ALT,274,5.38058,0.00222517,2136.66,657374.0,122175.0,134063.0,0.12,0.65,18.04,1496427292
Version,V,275,0.00145083,0.00000060,1526.23,634614.0,437414287.0,437414287.0,0.21,77.24,,1496427295
Synergy,SNRG,276,0.226886,0.00009383,1366.98,629818.0,2775925.0,2775925.0,-0.1,-3.52,9.82,1496427263
Moin,MOIN,277,0.0855695,0.00003539,3483.03,594690.0,6949786.0,6949786.0,0.78,16.5,42.35,1496427268
TrustPlus,TRUST,278,0.0183289,0.00000758,1194.97,588112.0,32086595.0,32086595.0,0.21,4.3,15.66,1496427253
BTSR,BTSR,279,0.175279,0.00007249,19163.9,580317.0,3310819.0,3310819.0,10.02,26.14,14.54,1496427271
DT Token,DRACO,280,0.0065216,0.00000270,73850.2,579698.0,88888888.0,88888888.0,2.77,34.07,46.14,1496427276
Deutsche eMark,DEM,281,0.020576,0.00000851,728.426,571877.0,27793416.0,27793416.0,-2.48,-0.91,3.16,1496427244
Magi,XMG,282,0.0784312,0.00003244,5752.86,553398.0,7055837.0,7055837.0,-4.3,-0.4,-9.82,1496427256
UniBURST,UNIBURST,283,0.533125,0.00022048,4455.86,533124.0,999999.0,1000000.0,-5.36,6.18,200.75,1496427289
TileCoin,XTC,284,0.00523394,0.00000216,8133.43,523394.0,100000000.0,100000000.0,-4.91,-4.35,-8.24,1496427257
1337,1337,285,0.0000227795,0.000000009,2985.01,519460.0,22803820096.0,22803820096.0,7.72,31.14,56.8,1496427267
Canada eCoin,CDN,286,0.00530037,0.00000219,1014.37,516338.0,97415544.0,97415544.0,4.14,6.25,22.51,1496427251
FujiCoin,FJC,287,0.000523563,0.00000022,3726.8,504270.0,963150466.0,963150466.0,-1.24,-26.95,9.65,1496427263
NuShares,NSR,288,0.000173768,0.00000007,1988.48,469568.0,2702268334.0,3317166341.0,-0.06,-25.39,-71.31,1496427257
Elcoin,EL,289,0.0403809,0.00001670,4597.58,452628.0,11208967.0,20935289.0,5.9,-24.89,-24.42,1496427274
Capricoin,CPC,290,0.454315,0.00018788,43454.6,447366.0,984704.0,200984704.0,1.16,3.53,19.26,1496427264
TrumpCoin,TRUMP,291,0.0680012,0.00002812,5684.11,444697.0,6539548.0,6539548.0,1.44,14.63,11.6,1496427271
IncaKoin,NKA,292,0.0000573227,0.00000002,10783.4,432041.0,7536994665.0,7536994665.0,-20.32,6.95,83.61,1496427259
BitBar,BTB,293,13.0567,0.00539966,695.516,425481.0,32587.0,32587.0,7.27,15.27,20.39,1496427241
KoreCoin,KORE,294,0.223694,0.00009251,2386.53,409572.0,1830949.0,1830949.0,-7.29,-10.38,-6.9,1496427253
I0Coin,I0C,295,0.0193928,0.00000802,1194.57,406753.0,20974440.0,20974440.0,0.07,3.26,7.38,1496427243
NobleCoin,NOBL,296,0.000168048,0.00000007,11106.7,385111.0,2291669810.0,2291669810.0,-0.16,-5.26,-20.71,1496427247
Newbium,NEWB,297,0.0159592,0.00000660,44372.5,383021.0,24000000.0,51000000.0,0.21,57.03,274.78,1496427274
PostCoin,POST,298,0.0234809,0.00000971,3123.8,370419.0,15775332.0,15775332.0,0.72,-2.13,1.94,1496427272
TeslaCoin,TES,299,0.00494864,0.00000205,1190.85,355183.0,71773944.0,71773944.0,0.12,-6.61,10.35,1496427245
Jewels,JWL,300,0.0175551,0.00000726,2453.07,354196.0,20176248.0,20176248.0,-0.75,-1.24,7.45,1496427278
Terracoin,TRC,301,0.017577,0.00000727,6240.07,353306.0,20100480.0,20100480.0,1.99,13.87,-4.36,1496427240
iTicoin,ITI,302,10.9062,0.00451033,48823.5,348998.0,32000.0,9999992.0,-0.97,-11.44,4.24,1496427295
MazaCoin,MZC,303,0.000313107,0.00000013,1598.37,342106.0,1092618137.0,1092618137.0,0.18,21.18,37.85,1496427247
Virtacoinplus,XVP,304,0.0386884,0.00001600,1201.71,341220.0,8819697.0,10354290.0,-0.04,-11.13,-41.43,1496427289
Master Swiscoin,MSCN,305,0.0332505,0.00001375,9455.49,340819.0,10250050.0,1002576050.0,1.2,-1.4,-16.26,1496427287
GCoin,GCN,306,0.0000024366,0.000000001,2192.73,338714.0,139010210000,139010210000,-4.12,11.2,24.76,1496427258
Wyvern,WYV,307,0.309535,0.00012801,723.978,337589.0,1090631.0,1090631.0,0.21,4.28,-10.96,1496427291
Atomic Coin,ATOM,308,0.0334913,0.00001385,1385.44,336590.0,10050081.0,10050081.0,20.33,55.13,26.55,1496427281
Trollcoin,TROLL,309,0.000579263,0.00000024,891.539,320766.0,553748823.0,553748823.0,4.46,-5.59,-8.36,1496427256
Dotcoin,DOT,310,0.00138633,0.00000057,44277.3,311797.0,224908500.0,489908500.0,-1.1,-1.92,15.32,1496427259
ParkByte,PKB,311,0.0650603,0.00002691,1945.94,309949.0,4764026.0,4764026.0,5.24,22.35,25.25,1496427262
Bytecent,BYC,312,0.168829,0.00006982,4099.71,273775.0,1621608.0,1621608.0,0.4,15.59,-6.14,1496427258
Torcoin,TOR,313,1.04071,0.00043039,22913.7,273454.0,262758.0,1262758.0,-0.04,34.98,-14.07,1496427291
Quatloo,QTL,314,0.0367548,0.00001520,11035.0,273369.0,7437640.0,7437640.0,0.23,3.98,-12.25,1496427253
Cryptojacks,CJ,315,0.00067147,0.00000028,2081.48,272999.0,406568581.0,406568581.0,18.87,206.14,97.49,1496427276
Influxcoin,INFX,316,0.162494,0.00006720,8536.28,271915.0,1673383.0,1673383.0,0.48,5.75,-48.17,1496427266
Karbowanec,KRB,317,0.0755983,0.00003126,5388.58,267644.0,3540348.0,3540348.0,-2.88,-2.18,-3.18,1496427277
Asiadigicoin,ADCN,318,0.0106394,0.00000440,903.001,265251.0,24931054.0,210000000.0,0.21,-14.97,-27.23,1496427270
UltraCoin,UTC,319,0.00592423,0.00000245,4144.41,255343.0,43101516.0,43101516.0,1.58,17.78,47.45,1496427246
8Bit,8BIT,320,0.212591,0.00008792,2211.68,247544.0,1164415.0,1164415.0,5.78,10.97,-36.46,1496427262
Neutron,NTRN,321,0.0193833,0.00000802,898.85,244572.0,12617684.0,12617684.0,25.37,-5.74,224.53,1496427262
Sexcoin,SXC,322,0.00193627,0.00000080,2857.06,237270.0,122539976.0,122539976.0,-12.23,-9.1,-2.09,1496427243
Zoin,ZOI,323,0.0217616,0.00000900,1416.34,234080.0,10756550.0,10756550.0,0.21,-7.79,-17.46,1496427282
Rubies,RBIES,324,0.0221939,0.00000918,2651.67,230229.0,10373547.0,10373547.0,0.21,0.06,-12.77,1496427271
PRCoin,PRC,325,0.023579,0.00000975,43438.4,223062.0,9460200.0,789460200.0,0.21,2.92,2.64,1496427287
KibiCoin,KIC,326,0.0148072,0.00000612,880.028,217003.0,14655250.0,14655250.0,-0.85,-8.6,,1496427296
Flycoin,FLY,327,0.967536,0.00040013,1734.14,203962.0,210806.0,210806.0,0.18,8.44,171.37,1496427266
NuBits,USNBT,328,1.001,0.00041397,73150.0,196968.0,196772.0,838087.0,0.55,-0.63,0.43,1496427257
LiteBar,LTB,329,0.295136,0.00012205,824.308,190650.0,645973.0,645973.0,0.14,-35.83,-12.24,1496427247
GoldBlocks,GB,330,0.0120245,0.00000497,1348.98,178773.0,14867397.0,14867397.0,0.2,-2.63,12.04,1496427276
Netko,NETKO,331,0.0704491,0.00002913,1077.14,172464.0,2448068.0,2448068.0,0.08,5.58,-10.74,1496427290
UnbreakableCoin,UNB,332,0.0738908,0.00003056,4491.6,168334.0,2278150.0,2278150.0,1.29,-1.94,8.61,1496427251
Tattoocoin (Standard Edition),TSE,333,0.00143381,0.00000059,1076.53,163987.0,114371565.0,604371565.0,0.18,9.48,21.69,1496427286
Sumokoin,SUMO,334,0.335844,0.00013889,13724.9,154877.0,461159.0,9350048.0,26.53,48.8,,1496427295
Fastcoin,FST,335,0.00122137,0.00000051,1313.89,154826.0,126764507.0,126764507.0,-1.22,-2.61,32.24,1496427242
bitBTC,BITBTC,336,2375.62,0.982451,66819.3,152230.0,64.0,64.0,-5.74,-0.05,1.75,1496427256
TheGCCcoin,GCC,337,0.021158,0.00000875,1267.06,148958.0,7040254.0,867040254.0,-0.92,-0.31,-14.97,1496427286
Greencoin,GREV2,338,0.0000483611,0.00000002,613.095,147957.0,3059416641.0,3059416641.0,100.42,105.3,110.37,1496427253
DigitalPrice,DP,339,0.00604563,0.00000250,1025.01,136981.0,22657877.0,22657877.0,-2.62,-19.7,48.54,1496427257
PipCoin,PIP,340,0.0200215,0.00000828,608.626,131605.0,6573177.0,6999979.0,-1.05,-3.18,-4.53,1496427280
Pascal Lite,PASL,341,0.0655535,0.00002711,2921.7,129783.0,1979800.0,1979800.0,-19.12,20.16,-34.06,1496427289
BERNcash,BERN,342,0.00167628,0.00000069,933.089,119409.0,71234301.0,71234301.0,-1.86,2.95,-9.86,1496427273
Piggycoin,PIGGY,343,0.000245532,0.00000010,1172.02,118791.0,483812680.0,483812680.0,-0.31,-11.19,-43.21,1496427252
Machinecoin,MAC,344,0.00604514,0.00000250,2279.95,118232.0,19558125.0,19558125.0,0.31,5.84,-7.15,1496427259
MojoCoin,MOJO,345,0.00964656,0.00000399,1449.61,116301.0,12056192.0,12056192.0,-1.76,5.91,-22.49,1496427272
Emerald Crypto,EMD,346,0.00594821,0.00000246,3309.79,113713.0,19117129.0,19117129.0,-2.95,60.1,75.02,1496427243
bitEUR,BITEUR,347,1.11342,0.00046046,22303.7,113680.0,102100.0,102100.0,3.17,0.07,-1.2,1496427263
CHNCoin,CNC,348,0.00429816,0.00000178,13347.7,108573.0,25260247.0,170109984.0,2.7,3.55,-17.96,1496427245
bitSilver,BITSILVER,349,19.959,0.00825415,22748.7,106163.0,5319.0,5319.0,3.57,5.61,10.44,1496427261
QuazarCoin,QCN,350,0.0169264,0.00000700,676.379,96687.0,5712192.0,5712192.0,-12.32,1.44,6.28,1496427252
Eryllium,ERY,351,0.0216926,0.00000897,4548.02,94466.0,4354777.0,14354777.0,-2.43,1.17,-41.87,1496427287
bitGold,BITGOLD,352,1532.89,0.633934,4013.36,85865.0,56.0,56.0,9.02,4.15,13.79,1496427259
Freicoin,FRC,353,0.00265986,0.00000110,17775.8,74226.0,27906004.0,100000000.0,0.21,2.65,10.24,1496427267
PetroDollar,XPD,354,0.00106863,0.00000044,1370.03,68385.0,63993275.0,63993275.0,0.2,25.63,34.01,1496427250
Kurrent,KURT,355,0.00683823,0.00000283,1663.11,67832.0,9919485.0,21319485.0,2.78,-18.92,12.04,1496427283
Gapcoin,GAP,356,0.0062252,0.00000257,11306.1,67756.0,10884192.0,10884192.0,1.17,-0.82,19.34,1496427258
PonziCoin,PONZI,357,0.0749597,0.00003100,733.87,64548.0,861099.0,861099.0,39.81,38.34,36.38,1496427274
MCAP,MCAP,358,6.38106,0.00263892,132766.0,63843.0,10005.0,100000000.0,0.21,-5.29,,1496427296
CrevaCoin,CREVA,359,0.00172367,0.00000071,11305.9,62726.0,36390750.0,6240390800.0,-1.58,1.87,-8.28,1496427264
Wexcoin,WEX,360,0.348168,0.00014399,5970.84,58390.0,167707.0,10000167707.0,0.09,-11.18,20.43,1496427279
Argentum,ARG,361,0.00727834,0.00000301,917.044,54634.0,7506427.0,7506427.0,0.44,-4.64,-0.55,1496427241
Acoin,ACOIN,362,0.0422635,0.00001748,11455.1,51565.0,1220085.0,1220085.0,0.74,1.68,-28.14,1496427256
Prime-XI,PXI,363,0.0032173,0.00000133,1120.86,47608.0,14797490.0,14797490.0,9.05,12.71,72.86,1496427257
Philosopher Stones,PHS,364,0.0195379,0.00000808,3323.81,47462.0,2429219.0,2429219.0,0.09,2.75,7.89,1496427244
LevoPlus,LVPS,365,0.0965135,0.00003991,3932.69,39792.0,412297.0,91412297.0,0.2,104.16,-31.71,1496427289
Bolivarcoin,BOLI,366,0.00611138,0.00000253,516.484,39632.0,6484925.0,6484925.0,5.45,11.5,31.68,1496427269
Allion,ALL,367,0.00622599,0.00000257,2375.01,38597.0,6199359.0,7323359.0,1.58,27.59,-14.69,1496427288
Independent Money System,IMS,368,0.00630454,0.00000261,879.487,33849.0,5368934.0,5368934.0,-3.87,-6.09,-14.17,1496427271
Rawcoin,XRC,369,0.0459189,0.00001899,1558.26,32367.0,704882.0,704882.0,-1.14,-0.04,161.68,1496427283
BeaverCoin,BVC,370,0.00848737,0.00000351,635.79,26440.0,3115258.0,3115258.0,-3.96,0.42,-10.86,1496427257
PIECoin,PIE,371,0.000361376,0.00000015,526.507,26044.0,72067996.0,72067996.0,0.21,8.51,-4.99,1496427288
Marijuanacoin,MAR,372,0.0392934,0.00001625,7065.92,20538.0,522690.0,522690.0,-0.2,-36.32,-24.28,1496427287
Eurocoin,EUC,373,0.00159592,0.00000066,1277.82,18721.0,11730350.0,11730350.0,4.57,10.97,-21.47,1496427265
FuzzBalls,FUZZ,374,0.00298336,0.00000123,540.672,14409.0,4829945.0,4829945.0,-0.1,2.95,2.94,1496427273
Bitvolt,VOLT,375,0.000822139,0.00000034,736.464,12425.0,15112554.0,60132654.0,1.71,9.04,-5.54,1496427293
AllSafe,ASAFE,376,0.0000141511,0.000000006,1163.88,10047.0,710000000.0,710000000.0,3.3,-18.97,32.06,1496427282
Beatcoin,XBTS,377,0.00655401,0.00000271,1600.72,9993.0,1524686.0,2524686.0,3.41,-12.89,21.77,1496427279
BenjiRolls,BENJI,378,0.00045943,0.00000019,6263.5,8705.0,18946386.0,18946386.0,1.54,1.99,-16.08,1496427285
Ebittree Coin,EBT,379,0.00848737,0.00000351,1288.82,7403.0,872190.0,810872190.0,-25.95,-27.48,-17.0,1496427292
Argus,ARGUS,380,0.00575879,0.00000238,729.233,6613.0,1148324.0,5194373.0,0.22,6.13,10.19,1496427288
Digital Money Bits,DMB,381,0.0162456,0.00000672,14308.8,5065.0,311800.0,10311800.0,5.55,15.86,192.35,1496427296
Environ,ENV,382,0.0000241806,0.00000001,2797.69,3171.0,131129509.0,931129509.0,0.21,-35.21,,1496427293
Powercoin,PWR,383,0.0000241806,0.00000001,1341.84,1209.0,49983870.0,49983870.0,0.21,2.65,5.23,1496427274
Gold Pressed Latinum,GPL,384,0.174753,0.00007227,7589.44,,,204064.0,0.38,-7.89,15.13,1496427293
SnakeEyes,SNAKE,385,0.131949,0.00005457,846.582,,,10000000.0,1.74,-2.25,29.43,1496427293
Arcade Token,ARC,386,3.74133,0.00167261,,10777041.0,2880537.0,2880537.0,,,36.59,1496180681
Scotcoin,SCOT,387,0.00774289,0.00000321,,7742890.0,1000000000.0,1000000000.0,-0.39,-8.01,50.15,1496426352
AsiaCoin,AC,388,0.00293985,0.00000122,63.8669,2468775.0,839762355.0,839762355.0,1.23,-0.43,-19.05,1496427250
XCurrency,XC,389,0.386889,0.00016,53.1972,2246604.0,5806845.0,5806845.0,0.21,-8.72,-25.6,1496427251
Bitpark Coin,BPC,390,0.0198281,0.00000820,145.434,1487108.0,75000000.0,100000000.0,0.21,9.2,13.87,1496427284
NewYorkCoin,NYC,391,0.0000241677,0.000000010,344.672,1443293.0,59719935819.0,59719935819.0,0.17,2.65,17.36,1496427250
InsaneCoin,INSANE,392,0.0576915,0.00002386,244.8,1058119.0,18340990.0,18340990.0,0.85,-17.82,41.01,1496427282
Devcoin,DVC,393,0.0000613061,0.00000003,44.8093,858560.0,14004477500.0,14004477500.0,-1.45,-3.94,35.97,1496427241
GlobalCoin,GLC,394,0.0129608,0.00000536,363.585,844668.0,65171010.0,65171010.0,0.17,-8.44,-51.11,1496427243
ShadowCash,SDC,395,0.123753,0.00005118,396.982,825085.0,6667191.0,6667191.0,0.21,3.54,-14.38,1496427254
Casino,CASINO,396,0.791691,0.00032741,22.959,791691.0,1000000.0,1000000.0,1.74,77.38,34.21,1496427288
Pandacoin,PND,397,0.0000241806,0.00000001,178.268,786230.0,32514916898.0,32514916898.0,0.14,2.68,5.19,1496427247
Ultimate Secure Cash,USC,398,0.0737003,0.00003048,135.175,762291.0,10343113.0,38602656.0,0.21,,-4.34,1496427291
DubaiCoin,DBIC,399,0.146479,0.00006058,264.85,751293.0,5129014.0,6146942.0,-1.97,-8.16,-4.18,1496427272
Carboncoin,CARBON,400,0.0000483611,0.00000002,21.7262,744371.0,15391933816.0,15391933816.0,0.21,9.5,5.19,1496427254
Tao,XTO,401,0.0225915,0.00000934,210.277,684899.0,30316674.0,32316674.0,-0.39,62.53,16.97,1496427279
Cryptofund,FUND,402,0.5588,0.0002553,,558800.0,1000000.0,1000000.0,,,-17.15,1495948164
E-Currency Coin ,ECC,403,0.0000241806,0.00000001,3.87133,533439.0,22060603799.0,22060603799.0,0.21,2.68,5.19,1496427248
CageCoin,CAGE,404,0.0000052585,0.000000002,253.495,531997.0,101168328395,101168328395,-4.6,6.79,27.87,1496427248
ReeCoin,REE,405,0.0385449,0.00001594,365.164,476712.0,12367704.0,6662367704.0,0.21,-4.14,70.06,1496427276
Colossuscoin V2,CV2,406,0.0000210172,0.000000009,284.396,466374.0,22190115273.0,22190115273.0,-6.47,-2.19,-34.46,1496427262
YashCoin,YASH,407,0.045943,0.00001900,214.301,459435.0,10000117.0,10000117.0,0.21,-20.48,25.08,1496427285
SmileyCoin,SMLY,408,0.0000174013,0.000000007,115.839,451742.0,25960250000.0,25960250000.0,-1.45,-16.1,-32.49,1496427259
PayCoin,XPY,409,0.0380675,0.00001574,114.728,445498.0,11702834.0,11752834.0,0.21,428.04,120.3,1496427259
CasinoCoin,CSC,410,0.0112709,0.00000466,306.26,435070.0,38601187.0,38601187.0,-0.98,-4.03,-11.05,1496427242
Happycoin,HPC,411,0.0363675,0.00001504,229.312,413351.0,11365954.0,11365954.0,0.21,1.01,164.32,1496427291
Dashcoin,DSH,412,0.02372,0.00000981,302.505,410156.0,17291579.0,17291579.0,-7.0,-6.16,-0.75,1496427257
LTBcoin,LTBC,413,0.000742106,0.00000032,,366499.0,493863915.0,493863915.0,,,,1496287754
Mineum,MNM,414,0.0384027,0.00001588,64.5312,362382.0,9436367.0,9586367.0,0.21,23.63,-10.36,1496427274
Orbitcoin,ORB,415,0.12142,0.00005021,242.396,358881.0,2955701.0,2955701.0,-2.64,-0.88,5.53,1496427245
MTMGaming,MTM,416,0.11862,0.00004906,446.843,355860.0,3000000.0,5000000.0,1.74,78.44,208.99,1496427288
RussiaCoin,RC,417,0.0427512,0.00001768,0.290093,351263.0,8216446.0,8216446.0,0.21,2.76,10.25,1496427268
SuperCoin,SUPER,418,0.00846319,0.00000350,84.6237,348308.0,41155630.0,41155630.0,0.21,3.12,,1496427252
HOdlcoin,HODL,419,0.00365126,0.00000151,241.929,338558.0,92723630.0,250000000.0,0.21,19.23,-3.7,1496427271
Crypto Bullion,CBX,420,0.325503,0.00013461,82.4299,324155.0,995858.0,995858.0,-0.24,28.08,-10.67,1496427242
SmartCoin,SMC,421,0.0130484,0.00000540,108.637,298729.0,22893894.0,22893894.0,22.75,34.09,1.37,1496427246
FuelCoin,FC2,422,0.00290167,0.00000120,117.879,294266.0,101412533.0,101412533.0,-19.29,-12.64,,1496427253
Rare Pepe Party,RAREPEPEPRTY,423,16.1275,0.0067095,,290295.0,18000.0,100000.0,,,3.22,1496315982
Shorty,SHORTY,424,0.00282912,0.00000117,0.282912,282912.0,100000000.0,100000000.0,0.21,-42.81,-23.53,1496427283
The Cypherfunks,FUNK,425,0.0000060438,0.000000002,148.908,266918.0,44163645000.0,44163645000.0,4.45,23.68,-0.78,1496427263
HitCoin,HTC,426,0.0000241806,0.00000001,16.5857,265898.0,10996318099.0,20996318099.0,0.21,-43.99,-29.3,1496427272
BTCtalkcoin,TALK,427,0.00357833,0.00000161,,233631.0,65290635.0,65290635.0,,,-27.28,1496191750
Bitstar,BITS,428,0.00982653,0.00000406,204.976,226794.0,23079737.0,23079737.0,0.25,13.41,93.93,1496427251
CacheCoin,CACH,429,0.0628694,0.00002600,399.391,226568.0,3603795.0,3603795.0,160.55,-24.05,,1496427248
AgrolifeCoin,AGLC,430,0.0472658,0.00001990,,216457.0,4579559.0,204579559.0,,,,1496301878
VirtualCoin,VC,431,0.0214723,0.00000888,223.824,216103.0,10064287.0,10064287.0,0.21,93.31,-1.37,1496427254
BritCoin,BRIT,432,0.00964804,0.00000399,163.26,205195.0,21268092.0,21268092.0,0.21,2.59,3.63,1496427253
Vault Coin,VLTC,433,0.00683364,0.00000283,32.6604,203135.0,29725790.0,529725790.0,-1.32,45.57,-15.48,1496427285
Pesobit,PSB,434,0.00587587,0.00000243,402.228,191972.0,32671307.0,32671307.0,0.21,1.35,7.44,1496427279
42-coin,42,435,4512.04,1.86598,64.3523,189506.0,42.0,42.0,0.73,2.82,22.25,1496427245
SwagBucks,BUCKS,436,0.921302,0.00038101,2.25927,189477.0,205662.0,205662.0,0.04,6.57,-24.84,1496427268
Kobocoin,KOBO,437,0.00741688,0.00000307,113.02,183199.0,24700248.0,24700248.0,0.21,-34.69,-51.74,1496427261
Bitz,BITZ,438,0.0892373,0.00003720,,177662.0,1990891.0,1990891.0,,1.83,,1496351362
BillaryCoin,BLRY,439,0.0196104,0.00000811,24.1899,176163.0,8983158.0,8983158.0,-3.02,7.42,-7.01,1496427275
Tristar Coin,TSTR,440,0.0343849,0.00001500,,172882.0,5027857.0,255027857.0,,,-16.82,1496271895
NetCoin,NET,441,0.000218797,0.00000009,91.2893,172221.0,787126712.0,787126712.0,-7.89,-6.55,-5.57,1496427244
Veltor,VLT,442,0.309753,0.0001281,338.743,171868.0,554855.0,554855.0,0.03,-33.67,0.08,1496427279
Zero,ZER,443,0.229715,0.00009500,213.768,171356.0,745950.0,745950.0,0.21,2.64,-6.07,1496427289
Bottlecaps,CAP,444,0.00122801,0.00000051,477.761,170606.0,138928632.0,138928632.0,-38.13,-79.8,93.19,1496427242
Titcoin,TIT,445,0.00314428,0.00000130,140.343,156894.0,49898202.0,49898202.0,4.2,11.77,-9.11,1496427254
Coin(O),CNO,446,0.00143065,0.00000059,327.095,147522.0,103115702.0,103115702.0,11.88,23.07,53.11,1496427248
C-Bit,XCT,447,0.00108812,0.00000045,58.8608,143406.0,131792000.0,131792000.0,45.47,44.35,52.47,1496427271
Crave,CRAVE,448,0.112923,0.00004670,263.057,141119.0,1249695.0,1249695.0,0.21,-28.11,37.37,1496427261
GAIA,GAIA,449,0.00580333,0.00000240,58.0333,139868.0,24101381.0,24101381.0,,24.87,16.34,1496427257
Stress,STS,450,0.000241805,0.00000010,2.84121,136652.0,565134332.0,565134332.0,0.21,2.65,-2.74,1496427271
TEKcoin,TEK,451,0.0000954085,0.00000004,382.134,134913.0,1414054562.0,1414054562.0,0.49,0.38,108.14,1496427251
Truckcoin,TRK,452,0.00108808,0.00000045,70.0001,133919.0,123078507.0,123078507.0,-1.96,-7.78,48.75,1496427254
PureVidz,VIDZ,453,0.00102972,0.00000043,242.837,128905.0,125184681.0,125184681.0,0.21,-30.9,1.41,1496427285
Bitcurrency,BTCR,454,0.000739856,0.00000031,93.1626,124492.0,168265283.0,168265283.0,0.21,7.11,31.43,1496427282
Digital Rupees,DRS,455,0.000241805,0.00000010,122.627,123515.0,510802961.0,510802961.0,11.35,-6.68,8.61,1496427286
ChessCoin,CHESS,456,0.00225543,0.00000093,77.6066,121717.0,53966269.0,53966269.0,90.52,92.51,254.11,1496427275
MetalCoin,METAL,457,0.00154756,0.00000064,5.85646,119047.0,76925527.0,76925527.0,0.21,-14.21,-10.24,1496427259
BitcoinTX,BTX,458,0.00142665,0.00000059,58.7756,115648.0,81062326.0,81062326.0,0.21,-44.44,-39.68,1496427263
Pakcoin,PAK,459,0.0031319,0.00000130,379.757,114773.0,36646400.0,36646400.0,14.68,17.02,7.9,1496427266
LanaCoin,LANA,460,0.000153197,0.00000006,370.651,114665.0,748481543.0,748481543.0,5.13,-2.43,25.58,1496427273
Rimbit,RBT,461,0.000992117,0.00000041,485.448,114589.0,115499623.0,393459356.0,1.18,5.87,7.01,1496427258
Xiaomicoin,MI,462,0.000282125,0.00000012,295.626,114583.0,406141855.0,406141855.0,0.2,15.4,10.45,1496427265
LottoCoin,LOT,463,0.0000074634,0.000000003,7.40816,108152.0,14491014421.0,14491014421.0,7.58,-21.89,-19.57,1496427244
TittieCoin,TTC,464,0.0000854809,0.00000004,156.734,107690.0,1259816434.0,1259816434.0,18.12,21.37,32.83,1496427259
HyperStake,HYP,465,0.000278865,0.00000012,276.752,107585.0,385796097.0,385796097.0,0.2,15.27,23.88,1496427254
Phoenixcoin,PXC,466,0.00181305,0.00000075,390.934,104952.0,57886825.0,57886825.0,0.17,32.51,50.92,1496427242
Cannacoin,CCN,467,0.0215449,0.00000891,55.5142,101211.0,4697672.0,4697672.0,0.17,-12.99,1.64,1496427250
BigUp,BIGUP,468,0.0000483611,0.00000002,179.927,99358.0,2054498799.0,2054498799.0,0.21,2.65,78.83,1496427272
Dollarcoin,DLC,469,0.010712,0.00000443,10.547,97551.0,9106714.0,9106714.0,0.21,7.93,,1496427280
GlobalBoost-Y,BSTY,470,0.00839296,0.00000347,281.788,95667.0,11398430.0,11398430.0,0.22,0.52,6.8,1496427257
Swing,SWING,471,0.0417356,0.00001726,43.1029,95072.0,2277965.0,2277965.0,-1.81,-32.91,-9.02,1496427266
Coin2.1,C2,472,0.000929442,0.00000038,309.214,92922.0,99976323.0,99976323.0,-4.53,5.61,-12.82,1496427253
HoboNickels,HBN,473,0.00191026,0.00000079,290.339,92786.0,48572390.0,48572390.0,-30.02,-26.35,43.91,1496427244
FlutterCoin,FLT,474,0.000285826,0.00000012,11.0742,92097.0,322214524.0,322214524.0,-0.88,1.22,-14.54,1496427249
Sterlingcoin,SLG,475,0.0227076,0.00000939,290.198,88132.0,3881156.0,3881156.0,-8.14,-12.27,-18.38,1496427256
NoLimitCoin,NLC2,476,0.00043525,0.00000018,41.3516,87250.0,200458775.0,200458775.0,50.32,8.95,-5.82,1496427279
WayGuide,WAY,477,0.0008705,0.00000036,2.69768,87085.0,100040708.0,100040708.0,0.21,,14.99,1496427278
BunnyCoin,BUN,478,0.0000008181,0.0000000003,21.0576,82959.0,101411195494,101411195494,-1.95,-0.74,0.16,1496427256
KiloCoin,KLC,479,0.000411069,0.00000017,4.11069,80692.0,196297971.0,10025186872.0,0.21,2.65,19.26,1496427270
AmberCoin,AMBER,480,0.00178936,0.00000074,2.75506,78094.0,43643263.0,43643263.0,0.21,20.57,2.74,1496427259
KushCoin,KUSH,481,0.0144116,0.00000596,102.322,77732.0,5393726.0,5393726.0,46.39,22.85,26.74,1496427286
AquariusCoin,ARCO,482,0.0618303,0.00002557,175.894,75575.0,1222302.0,1222302.0,84.26,44.11,36.18,1496427273
UFO Coin,UFO,483,0.0000229521,0.00000001,,75446.0,3287088762.0,3287088762.0,,,-0.16,1496273048
Elementrem,ELE,484,0.00296506,0.00000123,122.946,74183.0,25019066.0,25019066.0,0.31,7.58,6.25,1496427277
GameUnits,UNITS,485,0.0213168,0.00000882,26.0059,73889.0,3466231.0,3466231.0,-1.8,-0.94,-22.56,1496427285
Darsek,KED,486,0.00744761,0.00000308,25.81,73441.0,9860983.0,9860983.0,0.21,-1.19,-22.83,1496427290
Triangles,TRI,487,1.00376,0.00041511,10.5151,73166.0,72891.0,72891.0,0.21,-12.83,-10.88,1496427254
CCMiner,CCM100,488,0.0293219,0.00001213,63.8338,70852.0,2416354.0,6000000.0,1.74,14.26,10.87,1496427287
Lex4All,LEX,489,0.0706391,0.00002921,128.351,70642.0,1000043.0,5000000.0,75.39,48.92,36.03,1496427289
Blakecoin,BLC,490,0.00585019,0.00000242,208.176,69680.0,11910789.0,11910789.0,6.3,2.66,0.12,1496427246
Valorbit,VAL,491,0.0000241806,0.00000001,2.41806,69455.0,2872358448.0,922340072358448,0.21,2.65,5.23,1496427271
Spots,SPT,492,0.00309141,0.00000128,453.523,69266.0,22406021.0,22406021.0,0.02,-24.83,94.36,1496427242
SproutsExtreme,SPEX,493,0.0000240044,0.00000001,,68811.0,2866607586.0,2866607586.0,-0.52,1.9,4.42,1496425768
CorgiCoin,CORG,494,0.0000535424,0.00000002,0.0573362,67027.0,1251855418.0,1251855418.0,-1.53,-17.91,-68.72,1496427247
Guncoin,GUN,495,0.000362664,0.00000015,24.909,66045.0,182111128.0,182111128.0,0.21,-3.77,41.43,1496427251
HempCoin,HMP,496,0.0000483611,0.00000002,120.902,65608.0,1356621038.0,2856621038.0,0.21,2.65,33.81,1496427270
Yacoin,YAC,497,0.000556153,0.00000023,5.86415,64578.0,116115807.0,116115807.0,0.17,2.68,-0.26,1496427241
Debitcoin,DBTC,498,0.00355454,0.00000147,29.8513,63953.0,17992045.0,25992045.0,0.21,3.11,20.05,1496427275
Ratecoin,XRA,499,0.000580223,0.00000024,146.504,61559.0,106095515.0,106095515.0,2.92,0.7,-17.88,1496427264
Bitcloud,BTD,500,0.00536808,0.00000222,45.5898,59794.0,11138768.0,11138768.0,0.21,-20.53,2.88,1496427279
DigiCube,CUBE,501,0.0000241791,0.000000010,10.5224,58734.0,2429126009.0,2429126009.0,0.28,,5.22,1496427267
Chronos,CRX,502,0.00079336,0.00000033,248.98,58494.0,73729962.0,73729962.0,-0.11,12.14,21.73,1496427276
RevolverCoin,XRE,503,0.0026115,0.00000108,39.9746,56915.0,21793976.0,21793976.0,0.21,23.18,10.27,1496427274
Nyancoin,NYAN,504,0.000178677,0.00000007,61.037,53226.0,297891209.0,297891209.0,-1.29,-9.76,-2.84,1496427247
Zayedcoin,ZYD,505,0.00797958,0.00000330,20.6111,49823.0,6243840.0,6243840.0,0.17,1.12,-12.97,1496427278
Artex Coin,ATX,506,0.00262761,0.00000109,195.107,49131.0,18697795.0,268697795.0,0.21,-0.86,24.78,1496427277
RedCoin,RED,507,0.000661696,0.00000027,13.7065,49037.0,74107896.0,74107896.0,-0.17,7.63,-31.45,1496427245
Evotion,EVO,508,0.0197153,0.00000815,71.1139,48681.0,2469220.0,2469220.0,0.17,17.04,-43.15,1496427269
SatoshiMadness,MAD,509,0.0000241806,0.00000001,9.91405,48378.0,2000683485.0,2000683485.0,0.21,2.65,5.23,1496427265
NevaCoin,NEVA,510,0.0265097,0.00001096,398.521,48094.0,1814210.0,1814210.0,-8.17,-6.71,11.69,1496427271
AurumCoin,AU,511,0.16172,0.00006688,120.04,47904.0,296216.0,296216.0,0.35,-25.97,-18.76,1496427258
Aricoin,ARI,512,0.000338528,0.00000014,26.7805,47483.0,140262505.0,140262505.0,0.17,-4.02,20.54,1496427246
MarteXcoin,MXT,513,0.017253,0.00000714,0.1427,47069.0,2728161.0,2728161.0,1.31,12.56,-33.17,1496427274
PayCon,CON,514,0.00203968,0.00000084,127.496,47000.0,23042604.0,23042604.0,-14.82,63.56,53.04,1496427260
Eternity,ENT,515,0.0151309,0.00000626,298.579,46394.0,3066199.0,3066199.0,-12.91,-19.81,-27.42,1496427283
ICOBID,ICOB,516,0.00043525,0.00000018,84.2972,45206.0,103862796.0,103862796.0,0.21,-2.64,20.79,1496427286
BurstOcean,OCEAN,517,0.201255,0.00008323,8.05019,42631.0,211827.0,1000000.0,1.74,0.77,29.95,1496427288
Jin Coin,JIN,518,0.00432832,0.00000179,65.8961,42627.0,9848485.0,9848485.0,0.21,-56.67,,1496427280
Sativacoin,STV,519,0.00586316,0.00000242,0.494118,41493.0,7076867.0,7076867.0,0.15,-9.16,6.72,1496427257
Joulecoin,XJO,520,0.00127163,0.00000053,37.8605,41023.0,32260104.0,32260104.0,0.17,-1.61,10.39,1496427243
UniCoin,UNIC,521,0.0140729,0.00000582,106.389,40976.0,2911700.0,2911700.0,-1.15,2.61,11.91,1496427263
AmsterdamCoin,AMS,522,0.00425578,0.00000176,79.2941,40871.0,9603707.0,16803707.0,-16.81,-3.23,13.73,1496427265
UCoin,U,523,0.0150161,0.00000621,172.527,40390.0,2689812.0,2689812.0,0.21,119.05,4.18,1496427258
MiloCoin,MILO,524,0.00389307,0.00000161,18.1109,40063.0,10290732.0,10290732.0,0.21,-16.72,68.87,1496427288
808Coin,808,525,0.000193863,0.00000008,199.128,39968.0,206166868.0,206166868.0,-10.83,0.31,34.73,1496427277
Francs,FRN,526,0.0229183,0.00000948,180.299,39284.0,1714100.0,1714100.0,0.85,-17.64,11.15,1496427270
Tigercoin,TGC,527,0.0008705,0.00000036,9.29885,37899.0,43536800.0,43536800.0,0.17,-7.58,26.22,1496427245
Franko,FRK,528,0.0593874,0.00002456,5.38295,37827.0,636950.0,636950.0,3.72,7.92,-45.41,1496427242
Honey,HONEY,529,0.536527,0.00022188,448.22,36648.0,68306.0,68306.0,43.34,157.01,-16.88,1496427290
Universe,UNI,530,0.0120419,0.00000498,153.595,35861.0,2978000.0,14178000.0,0.62,7.86,9.02,1496427290
WMCoin,WMC,531,0.00309511,0.00000128,0.479113,35679.0,11527489.0,911527489.0,0.21,,,1496427274
OctoCoin,888,532,0.000732022,0.00000030,30.7398,35413.0,48376548.0,48376548.0,-14.8,-22.57,44.22,1496427250
PopularCoin,POP,533,0.0000105520,0.000000004,5.86504,35272.0,3342715488.0,3342715488.0,-1.52,6.51,5.02,1496427249
FlavorCoin,FLVR,534,0.00167877,0.00000069,1.31577,35083.0,20898106.0,20898106.0,0.22,27.32,64.36,1496427269
Cypher,CYP,535,0.0054648,0.00000226,247.27,34785.0,6365285.0,6365285.0,0.21,2.27,-8.09,1496427261
Solarflarecoin,SFC,536,0.00251478,0.00000104,173.162,34500.0,13718750.0,13718750.0,17.1,19.95,-18.58,1496427286
HealthyWormCoin,WORM,537,0.00215207,0.00000089,193.823,34252.0,15915676.0,15915676.0,0.21,5.14,-18.56,1496427290
Dobbscoin,BOB,538,0.00662547,0.00000274,3.41775,33527.0,5060382.0,5060382.0,0.17,1.82,6.74,1496427255
Photon,PHO,539,0.0000018655,0.0000000008,79.0843,33283.0,17841375889.0,17841375889.0,-13.59,56.18,29.95,1496427248
SpaceCoin,SPACE,540,0.00185559,0.00000077,44.9245,33027.0,17798499.0,17798499.0,0.17,-11.17,-1.33,1496427266
Evil Coin,EVIL,541,0.00152115,0.00000063,0.929779,31975.0,21020383.0,21020383.0,0.21,0.7,5.96,1496427270
CryptoWorldX Token,CWXT,542,0.000580333,0.00000024,5.02438,31741.0,54693950.0,54693950.0,0.21,4.64,-2.87,1496427287
Uro,URO,543,0.0260425,0.00001077,61.735,31441.0,1207310.0,1207310.0,0.21,0.59,-4.0,1496427253
Creatio,XCRE,544,0.00151735,0.00000063,173.293,31137.0,20520514.0,20520514.0,2.38,21.53,46.5,1496427283
RonPaulCoin,RPC,545,0.038813,0.00001605,18.44,30634.0,789261.0,789261.0,0.17,-11.55,40.99,1496427246
CoExistCoin,COXST,546,0.00112832,0.00000047,12.4385,30621.0,27138905.0,27138905.0,2.37,-24.42,-43.79,1496427272
LeaCoin,LEA,547,0.000109654,0.00000005,70.6077,30291.0,276240889.0,276240889.0,-1.71,44.88,13.18,1496427262
MACRON,MCRN,548,0.0000731321,0.00000003,260.163,29357.0,401421401.0,401421401.0,0.22,-10.07,-20.49,1496427292
Dreamcoin,DRM,549,0.0120275,0.00000503,,29311.0,2436996.0,2436996.0,,,-0.25,1496330352
SixEleven,611,550,0.0698818,0.00002890,9.06647,28798.0,412093.0,412093.0,0.21,-18.73,-60.9,1496427273
Zurcoin,ZUR,551,0.000362708,0.00000015,12.7653,28650.0,78989862.0,78989862.0,0.21,7.73,13.25,1496427273
Hommalicoin,HMC,552,11.7946,0.00496011,,28528.0,2419.0,1000000000.0,,,109.85,1496299177
GoldPieces,GP,553,0.0225593,0.00000933,336.94,27526.0,1220161.0,1220161.0,3.42,3.71,-30.25,1496427259
PlatinumBAR,XPTX,554,0.157174,0.00006500,9.7666,27459.0,174706.0,174706.0,0.21,19.96,2.13,1496427273
Bitzeny,ZNY,555,0.000362708,0.00000015,59.6153,27426.0,75614500.0,75614500.0,0.21,-3.27,17.75,1496427264
Unrealcoin,URC,556,0.00382053,0.00000158,20.3675,26837.0,7024402.0,7024402.0,0.21,,1.67,1496427262
BumbaCoin,BUMBA,557,0.00120903,0.00000050,0.0205535,26533.0,21945836.0,21945836.0,0.21,2.65,-22.78,1496427271
PX,PX,558,0.000338528,0.00000014,67.4671,26007.0,76823041.0,76823041.0,0.21,-31.57,-19.2,1496427278
Hexx,HXX,559,0.0188533,0.00000780,320.869,25517.0,1353455.0,1353455.0,0.21,-34.23,-44.51,1496427263
Grantcoin,GRT,560,0.000604514,0.00000025,121.958,24985.0,41330208.0,10041330208.0,0.21,2.65,5.62,1496427265
Universal Currency,UNIT,561,0.00190377,0.00000079,55.1146,24837.0,13046431.0,13046431.0,0.21,-44.09,-73.24,1496427263
Firecoin,FIRE,562,0.251599,0.00010405,0.754675,24760.0,98412.0,98412.0,0.21,77.77,-12.84,1496427254
CryptoEscudo,CESC,563,0.000169264,0.00000007,31.1716,24392.0,144105100.0,594105100.0,0.21,2.69,5.19,1496427249
X-Coin,XCO,564,0.00193444,0.00000080,11.4873,23958.0,12384976.0,12384976.0,0.21,,,1496427260
NeuCoin,NEU,565,0.0000118410,0.000000005,0.0171102,23573.0,1990764588.0,2014638413.0,1.31,-9.87,,1496427270
Cannation,CNNC,566,0.00950296,0.00000393,77.532,23328.0,2454817.0,2454817.0,15.55,-13.49,-14.73,1496427294
Theresa May Coin,MAY,567,0.00152337,0.00000063,13.9413,23283.0,15284200.0,15284200.0,0.21,-0.51,,1496427295
ARbit,ARB,568,0.00357811,0.00000149,,23156.0,6471455.0,6471455.0,,1.94,19.38,1496362165
B3Coin,B3,569,0.0742343,0.00003070,68.1075,22815.0,307339.0,307339.0,0.21,10.85,30.96,1496427278
AntiBitcoin,ANTI,570,0.00128157,0.00000053,207.415,22383.0,17465159.0,17465159.0,0.21,-6.2,9.36,1496427268
ParallelCoin,DUO,571,0.0771976,0.00003193,297.019,22193.0,287489.0,287489.0,2.13,5.88,-3.49,1496427270
Ride My Car,RIDE,572,0.000214331,0.00000009,26.4423,21668.0,101097881.0,101097881.0,0.21,-14.51,-13.18,1496427287
BiosCrypto,BIOS,573,0.00103976,0.00000043,0.265962,21562.0,20737003.0,20737003.0,0.21,-10.1,-8.47,1496427264
SoonCoin,SOON,574,0.00169264,0.00000070,40.4957,21095.0,12462620.0,12462620.0,0.21,-18.35,-29.73,1496427259
Flaxscript,FLAX,575,0.00365126,0.00000151,1.79937,20069.0,5496427.0,5496427.0,0.21,2.65,6.78,1496427264
MindCoin,MND,576,0.00157174,0.00000065,20.2488,19720.0,12546625.0,12546625.0,0.21,-0.42,-2.29,1496427269
Litecred,LTCR,577,0.000643283,0.00000027,161.403,19445.0,30227750.0,30227750.0,1.99,-23.88,96.49,1496427270
Prototanium,PR,578,0.0998473,0.00004129,59.108,19417.0,194462.0,194462.0,28.18,32.49,1.24,1496427267
Kittehcoin,MEOW,579,0.0000008029,0.0000000003,386.549,19193.0,23905669976.0,23905669976.0,-1.46,13.11,51.43,1496427246
PLNcoin,PLNC,580,0.00111231,0.00000046,1.18018,19009.0,17089600.0,19089600.0,0.21,4.93,-9.11,1496427249
Speedcash,SCS,581,0.0725175,0.00002999,0.490865,18929.0,261031.0,476118.0,0.21,11.3,75.42,1496427292
BTCDragon,DRAGON,582,0.0466485,0.00001929,186.594,18853.0,404146.0,1000000.0,1.74,-47.74,-56.91,1496427287
Destiny,DES,583,0.0117276,0.00000485,203.009,18764.0,1600000.0,1600000.0,0.21,-22.21,5.01,1496427270
Magnum,MGM,584,0.00516496,0.00000225,,18735.0,3627285.0,253627285.0,,,66.5,1496272491
IslaCoin,ISL,585,0.0123247,0.00000510,318.593,18656.0,1513704.0,1513704.0,-5.13,2.8,-10.71,1496427266
Halcyon,HAL,586,0.00398979,0.00000165,9.37684,18554.0,4650292.0,4650292.0,1.13,12.72,-10.03,1496427255
Impact,IMX,587,0.000167782,0.00000007,,18341.0,109314611.0,109314611.0,-0.67,-9.64,,1496425488
VIP Tokens,VIP,588,0.000217625,0.00000009,2.41815,18161.0,83450403.0,83450403.0,0.21,-7.62,-13.9,1496427271
Alexium,AUM,589,0.00089468,0.00000037,1.23872,18160.0,20297336.0,20297336.0,0.21,,14.93,1496427265
Luna Coin,LUNA,590,0.0147942,0.00000612,247.925,18158.0,1227386.0,1227386.0,0.22,2.21,2.65,1496427285
SecretCoin,SCRT,591,0.00424808,0.00000177,,17964.0,4228672.0,4228672.0,,1.88,,1496414965
BipCoin,BIP,592,0.0132993,0.00000550,56.2032,17873.0,1343889.0,1343889.0,0.21,5.45,-34.23,1496427281
VapersCoin,VPRC,593,0.0000228973,0.000000009,85.2375,17863.0,780124964.0,1635124964.0,4.14,291.41,21.23,1496427276
Vector,VEC2,594,0.00108812,0.00000045,26.4894,17239.0,15843011.0,15843011.0,0.21,2.66,-39.29,1496427266
SongCoin,SONG,595,0.000525252,0.00000022,34.8001,17105.0,32565300.0,32565300.0,0.14,-8.55,-0.72,1496427260
GameBet Coin,GBT,596,0.000797958,0.00000033,0.398979,16967.0,21262780.0,22262780.0,0.21,-3.22,2.13,1496427272
Steps,STEPS,597,0.00089468,0.00000037,0.44734,16663.0,18625017.0,18625017.0,0.21,,11.4,1496427267
GPU Coin,GPU,598,0.000410118,0.00000017,226.893,16600.0,40477042.0,51530001.0,1.42,32.04,57.71,1496427274
Sling,SLING,599,0.015137,0.00000626,10.6142,16259.0,1074095.0,1074095.0,-2.59,2.48,42.33,1496427262
Shilling,SH,600,0.0050395,0.00000208,225.865,16246.0,3223800.0,3223800.0,0.21,161.06,121.99,1496427279
Orlycoin,ORLY,601,0.000431634,0.00000018,,15818.0,36646779.0,36646779.0,,1.8,17.4,1496410470
AnarchistsPrime,ACP,602,0.00357713,0.00000148,6.18732,15721.0,4394874.0,4394874.0,0.21,8.47,60.48,1496427264
Sprouts,SPRTS,603,0.0000000887,0.00000000004,23.935,15544.0,175179343643,175179343643,-22.57,25.21,-59.95,1496427264
Metal Music Coin,MTLMC3,604,0.000192491,0.00000008,21.1619,15345.0,79719140.0,79719140.0,0.94,11.15,33.19,1496427264
Blackstar,BSTAR,605,0.0000241806,0.00000001,84.6319,15253.0,630795971.0,630795971.0,0.21,2.65,5.23,1496427284
BowsCoin,BSC,606,0.00270822,0.00000112,16.791,15031.0,5550102.0,5550102.0,0.21,2.65,68.37,1496427264
BitQuark,BTQ,607,0.00203117,0.00000084,17.0365,14534.0,7155671.0,7155671.0,0.21,11.02,-39.94,1496427252
DAPPSTER,DLISK,608,0.000145083,0.00000006,0.262528,14508.0,100000000.0,100000000.0,0.21,-23.01,-33.96,1496427275
BlazeCoin,BLZ,609,0.0000238264,0.000000010,0.486196,14500.0,608557394.0,608557394.0,-1.45,3.49,15.04,1496427254
GuccioneCoin,GCC,610,0.000701236,0.00000029,0.559465,14225.0,20285537.0,23775537.0,0.21,2.07,-12.81,1496427265
OsmiumCoin,OS76,611,0.0159108,0.00000658,3.44955,14225.0,894026.0,894026.0,0.21,9.47,19.75,1496427267
BitTokens,BXT,612,0.0252825,0.00001050,,13134.0,519507.0,519507.0,-0.21,-0.38,131.58,1496424275
TajCoin,TAJ,613,0.00222239,0.00000092,74.0264,12829.0,5772445.0,5772445.0,-0.37,25.89,42.89,1496427277
Crypto,CTO,614,0.00128157,0.00000053,157.947,12721.0,9925792.0,9925792.0,0.21,-13.65,-38.03,1496427263
MustangCoin,MST,615,0.0195162,0.00000807,0.262493,12270.0,628716.0,628716.0,-1.0,-12.61,-53.5,1496427279
TAGRcoin,TAGR,616,0.000314347,0.00000013,0.34392,12156.0,38669634.0,38669634.0,0.21,-4.68,-8.8,1496427264
WARP,WARP,617,0.0105936,0.00000443,,11602.0,1095224.0,1095224.0,,1.51,10.03,1496415568
Bitcoin 21,XBTC21,618,0.0145198,0.00000655,,11516.0,793108.0,7093108.0,,,-42.58,1496220571
Solaris,XLR,619,0.0660734,0.00002733,173.167,11200.0,169513.0,269513.0,0.32,-6.82,-45.26,1496427290
Comet,CMT,620,0.0126701,0.00000524,4.48396,11059.0,872830.0,872830.0,-0.14,-48.73,13.15,1496427274
Money,$$$,621,0.000238149,0.00000010,67.3247,10928.0,45887218.0,45887218.0,0.08,1.06,-35.17,1496427268
Abncoin,ABN,622,0.157731,0.00006523,12.6948,10678.0,67700.0,4734367.0,0.21,-2.49,27.33,1496427285
Cabbage,CAB,623,0.000991403,0.00000041,151.888,10410.0,10499996.0,10499996.0,-4.45,-0.04,-40.08,1496427272
Iconic,ICON,624,0.01741,0.00000720,0.486029,10322.0,592894.0,592894.0,0.21,,-10.86,1496427286
Future Digital Currency,FDC,625,0.00377217,0.00000156,60.4514,9733.0,2580101.0,1002580101.0,0.21,29.0,56.34,1496427284
DPAY,DPAY,626,0.000120903,0.00000005,0.35543,9617.0,79541001.0,79541001.0,0.21,28.31,35.8,1496427280
Cashcoin,CASH,627,0.000265986,0.00000011,1.86947,9531.0,35831128.0,35831128.0,0.21,,0.9,1496427249
G3N,G3N,628,0.00125739,0.00000052,2.51408,9508.0,7561891.0,7561891.0,0.21,0.88,1.33,1496427263
LetItRide,LIR,629,0.000265986,0.00000011,120.887,9381.0,35268206.0,35268206.0,0.21,-13.14,2.35,1496427277
Xonecoin,XOC,630,0.0222945,0.00000922,2.85587,9364.0,420000.0,420000.0,0.21,2.76,3.8,1496427278
High Voltage,HVCO,631,0.00611441,0.00000256,,9136.0,1494171.0,1694171.0,,,33.31,1496333672
1CRedit,1CR,632,0.102374,0.00004246,,9031.0,88213.0,88213.0,,2.35,-25.77,1496373868
EGO,EGO,633,0.000145083,0.00000006,9.94222,8705.0,60000001.0,60000001.0,0.21,-12.02,-6.2,1496427280
Scorecoin,SCORE,634,0.000518524,0.00000021,19.9521,8634.0,16652010.0,16652010.0,0.22,-37.24,-54.02,1496427290
JIO Token,JIO,635,0.0044734,0.00000185,127.827,8536.0,1908128.0,8888888.0,0.21,29.66,81.28,1496427284
iBank,IBANK,636,0.00188531,0.00000079,,8534.0,4526324.0,4526324.0,,1.31,9.39,1496357683
Qibuck Asset,QBK,637,0.00559782,0.00000232,2.23913,8151.0,1456187.0,2000000.0,1.74,52.61,13.87,1496427295
JobsCoin,JOBS,638,0.0000725416,0.00000003,69.1694,7691.0,106019270.0,200019300.0,0.21,-38.41,-5.76,1496427280
Coinonat,CXT,639,0.00359208,0.00000149,319.197,7678.0,2137502.0,8137502.0,8.2,25.4,28.2,1496427292
Hirocoin,HIRO,640,0.0000241806,0.00000001,2.41806,7533.0,311524573.0,311524573.0,0.21,2.65,-0.44,1496427249
ImpulseCoin,IMPS,641,0.000359314,0.00000015,,7274.0,20245510.0,20245510.0,,1.69,4.24,1496410181
PosEx,PEX,642,0.00282912,0.00000117,12.5416,6941.0,2453240.0,2453240.0,0.21,1.78,-2.29,1496427271
Dix Asset,DIX,643,0.0000000684,0.00000000003,,6844.0,100000000000,100000000000,,9.3,-21.94,1496417087
SydPak,SDP,644,0.0398979,0.00001650,0.241805,6325.0,158535.0,158535.0,0.21,1.0,23.67,1496427268
BioBar,BIOB,645,0.00672219,0.00000278,106.638,5954.0,885756.0,985756.0,1.03,32.94,45.93,1496427288
Printerium,PRX,646,0.000647901,0.00000027,266.776,5879.0,9074428.0,9074428.0,0.18,-10.64,4.43,1496427286
Zonecoin,ZNE,647,0.00222461,0.00000092,2.20258,5744.0,2581970.0,2581970.0,0.21,-38.28,-25.53,1496427277
Concoin,CONX,648,0.00768942,0.00000318,97.719,5289.0,687849.0,1538849.0,0.21,3.34,67.31,1496427292
Elysium,ELS,649,0.0012906,0.00000053,28.6905,5169.0,4005012.0,4005012.0,5.1,44.18,4.15,1496427286
Save and Gain,SANDG,650,0.00141989,0.00000064,,4352.0,3064800.0,3064800.0,,,-6.38,1496226272
Antilitecoin,ALTC,651,0.000120903,0.00000005,8.11932,3810.0,31512613.0,31512613.0,0.21,-26.68,-34.23,1496427272
GeertCoin,GEERT,652,0.000736503,0.00000030,13.1533,3749.0,5090239.0,5090239.0,-0.0,-10.97,-25.96,1496427289
NodeCoin,NODC,653,0.00221639,0.00000097,,3720.0,1678439.0,5878439.0,,,0.47,1496270080
Revenu,REV,654,0.00275658,0.00000114,29.9911,3296.0,1195525.0,1195525.0,0.21,,-4.49,1496427271
Pulse,PULSE,655,0.000187942,0.00000008,100.98,2687.0,14298972.0,14298972.0,2.93,-13.9,-67.14,1496427270
Selfiecoin,SLFI,656,0.0000241806,0.00000001,1.93444,2607.0,107829281.0,107829281.0,0.21,2.65,5.23,1496427262
Californium,CF,657,0.0196104,0.00000811,53.8017,2179.0,111110.0,111110.0,0.21,-2.61,3.98,1496427262
Enigma,XNG,658,0.124893,0.00005165,34.658,2077.0,16627.0,66627.0,0.21,-3.29,40.32,1496427273
Doubloon,BOAT,659,0.000504013,0.00000021,107.527,1788.0,3547845.0,18547845.0,0.23,-13.82,-30.8,1496427286
P7Coin,P7C,660,0.0000483611,0.00000002,0.700825,1703.0,35220238.0,35220238.0,0.21,-31.57,5.23,1496427262
Dollar Online,DOLLAR,661,0.0152821,0.00000632,278.366,1351.0,88379.0,10088379.0,0.21,-4.46,31.95,1496427284
GanjaCoin,420G,662,0.00188608,0.00000078,28.2138,1269.0,672975.0,1741116.0,0.21,-73.31,-94.08,1496427257
23 Skidoo,CHAO,663,3893.14,1.61003,133.15,983.0,0.0,0.0,0.21,6.52,-41.85,1496427265
Impeachcoin,IMPCH,664,0.00307093,0.00000127,6.00356,946.0,308179.0,2501512.0,0.21,-19.83,-52.29,1496427287
Digital Credits,DGCS,665,0.000145083,0.00000006,194.018,845.0,5826388.0,201284316.0,0.21,23.18,2.3,1496427267
Zcashshare,ZHS,666,0.000216504,0.00000009,,612.0,2826000.0,2826000.0,,2.12,-32.41,1496411380
CRTCoin,CRT,667,0.00483611,0.00000200,0.0000000242,383.0,79270.0,10079270.0,0.21,2.65,5.19,1496427251
SwapToken,TOKEN,668,0.0000103641,0.000000004,50.3477,364.0,35110531.0,35110531.0,-0.23,-45.47,1250.58,1496427276
PizzaCoin,PIZZA,669,0.000241805,0.00000010,67.6087,333.0,1377917.0,10127917.0,0.21,46.64,50.33,1496427278
Xenixcoin,XEN,670,0.0265986,0.00001100,36.2708,269.0,10100.0,10010100.0,0.21,73.71,-60.42,1496427282
CaliphCoin,CALC,671,0.000920296,0.00000038,12.8035,80.0,87140.0,148587140.0,-3.82,-20.71,-37.53,1496427282
MikeTheMug,MUG,672,0.0000051456,0.000000002,,5.0,999279.0,1000000.0,,,-99.45,1496047185
BTCGold,XBG,673,0.136765,0.00005656,27.746,,,99000001.0,0.21,-11.1,-42.22,1496427292
Soarcoin,SOAR,674,0.0183423,0.00000759,139.84,,,5000000000.0,0.09,9.66,-36.41,1496427289
Project-X,NANOX,675,453385.0,187.5,2338.29,,,1.0,0.21,-24.9,,1496427295
Internet of Things,XOT,676,1214.02,0.502063,1538.89,,,21000000.0,0.05,25.64,24.51,1496427291
AMIS,AMIS,677,277.548,0.115061,,,,,,3.06,,1496391890
Bitcoin Unlimited (Futures),BTU,678,120.263,0.0497356,632.127,,,,-0.32,-10.16,-26.71,1496427289
Malcoin,MALC,679,31.5166,0.0130339,42557.2,,,1000000000.0,0.21,32.29,5.37,1496427292
GoldUnionCoin,GUC,680,22.5051,0.0093071,19565.1,,,210000000.0,0.21,2.64,13.85,1496427294
Qtum (Pre-Launch),QTUM,681,10.759,0.00444943,38410800.0,,,100000000.0,3.6,51.81,144.45,1496427294
ZenCash,ZEN,682,7.73753,0.0031999,12695.5,,,1391538.0,6.0,-27.21,,1496427295
Fargocoin,FRGC,683,6.98783,0.00288986,456804.0,,,443878198.0,1.81,-1.91,1.97,1496427284
EcoCoin,ECO,684,4.05686,0.00167774,83712.7,,,1093895.0,2.2,10.42,29.03,1496427294
Internet of People,IOP,685,3.54903,0.00146772,1496.52,,,2139405.0,-0.05,1.86,43.43,1496427283
DECENT (Pre-Launch),DCT,686,2.97577,0.00123065,4742.0,,,73290000.0,0.2,6.66,-23.82,1496427283
PRIZM,PZM,687,1.11694,0.00046192,39660.5,,,,0.21,9.64,12.88,1496427295
Bitcore,BTX,688,1.04985,0.00043417,22465.3,,,16360903.0,-2.12,-5.16,-38.16,1496427294
DynamicCoin,DMC,689,0.997281,0.00041243,293538.0,,,10541442931.0,-0.02,-0.11,0.05,1496427282
OBITS.WARRANT,WARRANT,690,0.976297,0.00040375,1928.37,,,,1.74,,,1496427295
Aeternity (Pre-Launch),AE,691,0.822139,0.00034,1964.17,,,,3.88,20.76,,1496427295
Databits,DTB,692,0.819872,0.00033906,146007.0,,,,-10.23,4.22,2.92,1496427290
Bitgem,BTG,693,0.790413,0.00033025,,,,,-0.85,0.79,-11.84,1496425141
GAY Money,GAY,694,0.620845,0.00025675,207.484,,,5603053386.0,0.2,12.58,58.18,1496427279
TechShares,THS,695,0.615578,0.00025679,,,,646359158.0,,4.46,-5.77,1496416481
XDE II,XDE2,696,0.580333,0.00024,1.2371,,,42249.0,-0.1,3.32,7.42,1496427289
LEOcoin,LEO,697,0.500296,0.0002069,278345.0,,,92918846.0,1.88,10.51,21.76,1496427265
InvisibleCoin,IVZ,698,0.435202,0.00017998,184.368,,,,0.21,202.32,248.21,1496427267
WA Space,WA,699,0.370543,0.00015324,43487.8,,,,0.21,-4.7,19.7,1496427281
ZenGold,ZENGOLD,700,0.34375,0.00014216,1906.7,,,,9.39,27.02,,1496427296
ClubCoin,CLUB,701,0.276085,0.00011418,21808.3,,,90899180.0,-0.47,-2.48,-9.69,1496427268
TeslaCoilCoin,TESLA,702,0.269299,0.00011137,167.015,,,100000000.0,0.21,-50.27,-14.32,1496427274
Yogold,YOG,703,0.266155,0.00011007,32.1568,,,100000000.0,0.21,2.77,15.71,1496427290
TROPTIONS,TROPTIONS,704,0.248173,0.00010598,,,,1000000001.0,,,,1496287780
Zilbercoin,ZBC,705,0.233154,0.00009642,114769.0,,,9009154.0,-0.86,-2.89,-27.41,1496427286
Pabyosi Coin (Special),PCS,706,0.166576,0.00006889,3091.58,,,30993751760.0,0.21,6.32,22.14,1496427284
Golos Gold,GBG,707,0.160704,0.00006646,8911.07,,,,-0.76,7.85,-6.43,1496427286
AlpaCoin,APC,708,0.154417,0.00006386,675.559,,,,0.21,10.11,27.37,1496427270
EquiTrader,EQT,709,0.128157,0.00005300,77186.7,,,7667120.0,0.21,2.65,11.54,1496427295
LandCoin,LDCN,710,0.105776,0.00004374,24900.9,,,19003881978.0,-0.44,26.92,212.09,1496427285
Wowecoin,WEC,711,0.104,0.00004301,11333.4,,,8901692.0,,-0.0,4.0,1496427277
Topaz Coin,TOPAZ,712,0.100467,0.00004155,47.1807,,,38157.0,105.47,7.61,-16.03,1496427294
DeusCoin,DEUS,713,0.087727,0.00003628,6806.31,,,,0.21,3.2,-19.86,1496427292
InsaneCoin,INSN,714,0.086728,0.00003587,3355.58,,,18528310.0,1.11,31.55,85.58,1496427294
Omicron,OMC,715,0.074597,0.00003085,0.638342,,,10134113.0,0.21,,5.2,1496427279
WavesGo,WGO,716,0.0655492,0.00002711,708.536,,,10000000.0,0.55,-19.11,110.92,1496427293
Quartz,QRZ,717,0.0649973,0.00002688,2506.64,,,21000000.0,0.21,-53.35,,1496427295
Fazzcoin,FAZZ,718,0.0452941,0.00001873,649.045,,,1022577370.0,-2.06,16.29,-41.85,1496427292
Tattoocoin (Limited Edition),TLE,719,0.0386889,0.00001600,6.18468,,,975532.0,0.21,-52.36,-79.81,1496427293
International Diamond,XID,720,0.038234,0.00001588,,,,,,2.21,,1496373575
CryptoBuck,BUK,721,0.0325011,0.00001351,,,,,,12.45,10.77,1496420359
Elacoin,ELC,722,0.03187,0.00001318,12.0757,,,,0.21,,6.03,1496427267
DeltaCredits,DCRE,723,0.0293185,0.00001217,,,,,,2.27,-1.09,1496419764
President Johnson,GARY,724,0.0285725,0.00001182,116.63,,,57968072167.0,0.21,2.44,74.45,1496427277
IvugeoCoin,IEC,725,0.0240596,0.00000995,0.798969,,,,0.21,3.17,,1496427263
RHFCoin,RHFC,726,0.0239636,0.00000991,8865.03,,,200157080.0,0.21,-7.26,-9.27,1496427292
EDRCoin,EDRC,727,0.0230407,0.00000953,12973.1,,,3407292.0,0.38,-8.53,-25.21,1496427272
ShellPay,SHELL,728,0.0196594,0.00000813,9930.19,,,,-1.23,-3.39,-31.42,1496427264
Lepaoquan,HLB,729,0.0195127,0.00000807,979164.0,,,935398695.0,-1.77,6.29,-22.54,1496427283
Gycoin,GYC,730,0.0170806,0.00000706,12833.5,,,22213403.0,0.06,11.03,-12.69,1496427277
Avoncoin,ACN,731,0.0153788,0.00000636,3648.6,,,,-0.14,-24.58,-18.08,1496427286
Digitalfund,DTF,732,0.0149647,0.00000619,20432.9,,,54000053.0,-1.15,7.31,-21.02,1496427278
KolschCoin,TP1,733,0.0147961,0.00000620,,,,,,1.31,37.24,1496357661
PiCoin,PI,734,0.0132751,0.00000549,16.9264,,,1378369.0,0.21,171.86,188.85,1496427293
Mind Gene,MG,735,0.0125739,0.00000520,5974.29,,,,0.21,-2.51,2.23,1496427280
Sharkcoin,SAK,736,0.0104702,0.00000433,3683.8,,,,7.54,6.98,35.03,1496427262
Opal,OPAL,737,0.00831728,0.00000344,3118.97,,,,20.52,28.3,42.33,1496427256
Tyrocoin,TYC,738,0.00797958,0.00000330,12.0903,,,50133200.0,0.21,7.97,-75.17,1496427292
Slimcoin,SLM,739,0.00785868,0.00000325,53.1972,,,13925626.0,0.21,23.56,,1496427259
First Bitcoin,BIT,740,0.00772477,0.00000319,1024.92,,,20706894521.0,1.06,4.73,52.52,1496427277
Goldpay Coin,GP,741,0.00664607,0.00000275,36956.2,,,,-3.23,7.21,-15.35,1496427294
9COIN,9COIN,742,0.00660129,0.00000273,252.418,,,350050250.0,0.21,-13.65,61.74,1496427295
Helleniccoin,HNC,743,0.00638366,0.00000264,483.331,,,,16.55,2.09,,1496427264
GBCGoldCoin,GBC,744,0.00589067,0.00000244,58.4231,,,,-0.0,-9.85,-26.56,1496427268
Psilocybin,PSY,745,0.00580333,0.00000240,16.5476,,,,0.21,-7.04,-4.7,1496427271
Xaucoin,XAU,746,0.00580333,0.00000240,45.8647,,,,0.21,2.65,-14.76,1496427260
EggCoin,EGG,747,0.00562322,0.00000237,,,,,,,-2.78,1496295864
Axiom,AXIOM,748,0.00478775,0.00000198,8.46341,,,,0.21,2.5,1.64,1496427265
BagCoin,BGC,749,0.00460823,0.00000191,85689.6,,,497214120.0,0.71,8.41,4.98,1496427276
GoldReserve,XGR,750,0.00430414,0.00000178,1644.57,,,17162025.0,-2.26,1.81,-1.74,1496427253
netBit,NBIT,751,0.0040997,0.00000170,4.43181,,,,0.21,2.98,27.44,1496427282
Dashs,DASHS,752,0.00403815,0.00000167,59.6785,,,,0.21,-56.59,-57.51,1496427292
AvatarCoin,AV,753,0.00384471,0.00000159,0.0961177,,,,0.21,,5.23,1496427269
Bitcoin Scrypt,BTCS,754,0.00382053,0.00000158,40.8021,,,,0.21,2.02,7.06,1496427250
President Trump,PRES,755,0.00297228,0.00000123,328.958,,,57968072167.0,1.02,4.8,10.25,1496427277
Quotient,XQN,756,0.00265986,0.00000110,80.6349,,,,0.21,-5.91,-19.29,1496427259
ZSEcoin,ZSE,757,0.00260302,0.00000108,36.3689,,,6381860.0,2.07,-10.74,-61.07,1496427289
RoyalCoin 2,RYCN,758,0.00253667,0.00000105,1731.13,,,2500124.0,0.21,,-8.01,1496427281
BitcoinFast,BCF,759,0.00246489,0.00000102,69.3545,,,,0.21,37.69,-24.26,1496427260
OCOW,OCOW,760,0.00227517,0.00000099,,,,,,,0.01,1496142268
TrickyCoin,TRICK,761,0.00222461,0.00000092,11.3634,,,,0.21,0.9,-12.82,1496427261
GameLeagueCoin,GML,762,0.00215207,0.00000089,0.538017,,,,0.17,,-9.11,1496427253
RichCoin,RICHX,763,0.00210122,0.00000093,,,,5925522.0,,,-1.68,1496167172
Condensate,RAIN,764,0.00198499,0.00000082,1219.83,,,42978104.0,-0.6,27.59,5.1,1496427293
Neptune Classic,NTCC,765,0.00195862,0.00000081,1458.98,,,,0.21,-18.12,77.57,1496427287
Mavro,MAVRO,766,0.00168043,0.00000070,,,,15005722.0,,1.91,-26.13,1496349588
Clinton,CLINT,767,0.00164428,0.00000068,35.9953,,,,0.21,-35.37,-33.74,1496427273
Advanced Internet Blocks,AIB,768,0.00149271,0.00000062,104.003,,,31411917412.0,-1.64,-11.26,-28.05,1496427262
MMXVI,MMXVI,769,0.00140247,0.00000058,207.757,,,,-14.53,6.29,-53.21,1496427270
UR,UR,770,0.00130575,0.00000054,228.081,,,,0.21,0.56,0.68,1496427287
TodayCoin,TODAY,771,0.00128157,0.00000053,13.5445,,,,-8.81,18.27,25.49,1496427278
SportsCoin,SPORT,772,0.00120903,0.00000050,199.688,,,19800001.0,34.51,42.57,59.44,1496427278
RoyalCoin,ROYAL,773,0.00110707,0.00000046,58.6833,,,2500124.0,0.21,2.75,15.59,1496427281
Skeincoin,SKC,774,0.000967222,0.00000040,0.628694,,,,0.21,-4.48,,1496427249
Digital Bullion Gold,DBG,775,0.000943041,0.00000039,152.358,,,24523275.0,0.21,-11.04,-31.6,1496427276
BestChain,BEST,776,0.00094203,0.00000039,15.6204,,,20042911.0,-0.25,-10.8,-24.08,1496427290
RubleBit,RUBIT,777,0.000918861,0.00000038,18.7454,,,,0.21,5.3,18.11,1496427268
The Aladin,ADT,778,0.000892522,0.00000032,,,,,,,,1495722585
Bitcedi,BXC,779,0.000889879,0.00000037,29.9748,,,,-0.22,-5.56,,1496427274
Donationcoin,DON,780,0.0008705,0.00000036,13616.6,,,,0.21,,,1496427252
Braincoin,BRAIN,781,0.000842028,0.00000035,,,,,,2.13,26.36,1496420372
IrishCoin,IRL,782,0.000822139,0.00000034,323.418,,,,0.21,,,1496427264
Dubstep,DUB,783,0.000817313,0.00000034,,,,,,2.05,4.61,1496411064
Motocoin,MOTO,784,0.000789607,0.00000033,16.2786,,,,0.21,4.79,41.57,1496427251
FrankyWillCoin,FRWC,785,0.000745197,0.00000031,,,,,,2.05,1.34,1496411075
Lazaruscoin,LAZ,786,0.000745197,0.00000031,,,,,,2.05,41.0,1496411078
True Investment Coin,TIC,787,0.000701236,0.00000029,21.5812,,,,0.21,-29.12,-36.85,1496427288
KashhCoin,KASHH,788,0.000687348,0.00000028,2612.44,,,,0.17,-2.25,132.17,1496427288
WeAreSatoshi,WSX,789,0.000677055,0.00000028,21.9449,,,,0.21,98.46,-13.38,1496427255
Opescoin,OPES,790,0.000677055,0.00000028,0.270822,,,,0.21,2.65,-7.65,1496427268
Quebecoin,QBC,791,0.000604514,0.00000025,2.51451,,,,0.17,2.65,-26.95,1496427250
Vsync,XVS,792,0.000554994,0.00000023,452.813,,,103334172.0,-1.9,22.82,-28.45,1496427291
CBD Crystals,CBD,793,0.0005503,0.00000023,13.6116,,,,0.21,-7.13,-4.22,1496427282
BitAlphaCoin,BAC,794,0.000497813,0.00000021,47.1265,,,,0.78,21.17,-28.06,1496427269
T-coin,TCOIN,795,0.00045943,0.00000019,1618.71,,,,0.21,4.47,15.52,1496427284
Alphabet Coin Fund,FUN,796,0.00043525,0.00000018,63.8549,,,20742012.0,0.21,-61.51,-75.08,1496427274
GoldMaxCoin,GMX,797,0.000386889,0.00000016,2.27297,,,84078950.0,0.21,17.31,-17.49,1496427271
UGAIN,GAIN,798,0.000359695,0.00000015,,,,,,1.8,4.36,1496410477
MarxCoin,MARX,799,0.000351732,0.00000015,91.8789,,,29291520.0,4.41,-21.04,-37.84,1496427288
Gambleo,GMB,800,0.000338528,0.00000014,1.20854,,,,0.21,,-62.23,1496427289
BlazerCoin,BLAZR,801,0.000338528,0.00000014,17.216,,,,16.91,-4.2,27.19,1496427291
DarkLisk,DISK,802,0.000338528,0.00000014,0.481749,,,17888425.0,0.21,-10.18,3.53,1496427273
PrismChain,PRM,803,0.000338528,0.00000014,50.8755,,,,0.21,48.67,-80.36,1496427274
Sakuracoin,SKR,804,0.00031404,0.00000013,113.628,,,,-5.23,1.91,14.02,1496427280
Operand,OP,805,0.000290011,0.00000012,,,,36309296.0,,2.59,-15.86,1496423371
Cubits,QBT,806,0.000283054,0.00000012,0.00339664,,,,-1.57,-42.78,-49.44,1496427281
VGINA,VGINA,807,0.000283053,0.00000012,0.00283052,,,11603228.0,-1.57,,-64.81,1496427293
TeraCoin,TERA,808,0.000265986,0.00000011,3822.18,,,,0.21,41.14,16.55,1496427288
Cycling Coin,CYC,809,0.000265986,0.00000011,5.18267,,,,0.21,-5.91,-0.3,1496427264
The Vegan Initiative,XVE,810,0.00026533,0.00000011,495.212,,,,0.12,-9.87,44.33,1496427291
Happy Creator Coin,HCC,811,0.000245756,0.00000010,22.5493,,,,0.21,28.53,8.99,1496427276
Grumfork,GMF,812,0.000241805,0.00000010,4.83611,,,,0.21,2.65,,1496427292
MobileCash,MBL,813,0.000217625,0.00000009,10.2938,,,1068669648.0,0.21,31.98,35.29,1496427280
President Sanders,BURN,814,0.000217625,0.00000009,139.783,,,57968072167.0,0.21,-7.62,-44.29,1496427285
AsicCoin,ASC,815,0.000207745,0.00000009,23.847,,,,-1.5,,13.57,1496427244
Moneta,MONETA,816,0.000193444,0.00000008,118.582,,,,0.21,2.68,-12.52,1496427267
LAthaan,LTH,817,0.00016855,0.00000007,,,,,-0.21,-0.13,22.25,1496424278
Halloween Coin,HALLO,818,0.000117421,0.00000005,221.872,,,264606162.0,0.2,40.12,-13.97,1496427294
TheCreed,TCR,819,0.0000967222,0.00000004,1.52337,,,,0.21,-17.88,-15.82,1496427272
PayPeer,PAYP,820,0.0000967222,0.00000004,34.2184,,,,0.21,97.18,110.46,1496427272
LinkedCoin,LKC,821,0.0000967222,0.00000004,11.5073,,,,0.21,2.65,-19.8,1496427276
Wowcoin,WOW,822,0.0000964807,0.00000004,,,,,-0.04,2.39,109.93,1496426381
TeamUp,TEAM,823,0.0000956810,0.00000004,,,,301004896.0,,1.55,38.8,1496415879
FireFlyCoin,FFC,824,0.0000725416,0.00000003,4.91218,,,,0.21,2.65,215.69,1496427258
InflationCoin,IFLT,825,0.0000510159,0.00000002,2529.1,,,3280437713.0,5.15,17.85,32.14,1496427285
PinkDog,PDG,826,0.0000483611,0.00000002,0.0000241806,,,,0.21,2.65,110.46,1496427287
PokeCoin,POKE,827,0.0000483611,0.00000002,133.377,,,,0.21,-31.57,-29.85,1496427276
CyberCoin,CC,828,0.0000483611,0.00000002,0.483611,,,549267534.0,0.21,2.65,79.76,1496427261
VegasCoin,VGC,829,0.0000483611,0.00000002,2.41806,,,,-59.93,78.2,-53.67,1496427250
MoneyCoin,MONEY,830,0.0000483611,0.00000002,1296.73,,,,0.21,-31.57,-7.37,1496427284
Tellurion,TELL,831,0.0000483611,0.00000002,4.83609,,,,0.21,2.65,5.23,1496427279
Cashme,CME,832,0.0000483611,0.00000002,0.483611,,,,0.21,2.65,5.19,1496427267
UNCoin,UNC,833,0.0000429584,0.00000002,1953.46,,,,-0.1,2.1,39.63,1496427260
LePen,LEPEN,834,0.0000387593,0.00000002,139.887,,,,-27.09,-36.13,-18.24,1496427287
President Clinton,HILL,835,0.0000241806,0.00000001,3.86889,,,57968072167.0,0.21,2.87,-47.39,1496427277
Aces,ACES,836,0.0000241806,0.00000001,8.46406,,,,0.21,2.65,-47.39,1496427277
Safe Trade Coin,XSTC,837,0.0000241806,0.00000001,362.708,,,604880000.0,0.21,2.65,5.23,1496427285
Global Business Revolution,GBRC,838,0.0000241806,0.00000001,667.19,,,900096049.0,0.21,-48.68,5.23,1496427282
X2,X2,839,0.0000241806,0.00000001,7.60176,,,,0.21,2.65,5.23,1496427268
Rcoin,RCN,840,0.0000241806,0.00000001,161.043,,,,0.21,-25.43,-7.45,1496427281
ChoofCoin,CHOOF,841,0.0000241806,0.00000001,3.14347,,,,0.21,-48.68,-29.87,1496427282
SoulCoin,SOUL,842,0.0000241806,0.00000001,1.94919,,,,0.21,2.65,5.23,1496427274
Yescoin,YES,843,0.0000241800,0.000000010,1217.01,,,,0.21,3.11,11.32,1496427285
SuperTurboStake,STRB,844,0.0000241202,0.00000001,,,,,-0.04,2.39,4.97,1496426368
FedoraShare,FEDS,845,0.0000240593,0.000000010,3242.34,,,499001349894,0.06,-1.35,10.06,1496427278
Dimecoin,DIME,846,0.0000161492,0.000000007,831.393,,,527129169168,-2.17,3902.71,552.26,1496427245
Victoriouscoin,VTY,847,0.0000152369,0.000000006,0.407931,,,10263290326.0,-36.32,-32.77,-5.56,1496427280
Virtacoin,VTA,848,0.0000090793,0.000000004,78.6332,,,12423206610.0,-0.29,-53.99,-23.94,1496427255
XP,XP,849,0.0000026008,0.000000001,388.366,,,133635560466,1.11,63.72,1032.69,1496427278
BitCentavo,NBE,850,0.0000005705,0.0000000002,,,,,,17.07,-13.86,1496398156
RabbitCoin,RBBT,851,0.0000003606,0.0000000001,14.2573,,,,-29.14,-26.46,13.7,1496427255
BatCoin,BAT,852,0.0000002945,0.0000000001,92.1548,,,,-63.85,-65.4,,1496427249
StrongHands,SHND,853,0.0000001236,0.00000000005,93.7365,,,,-1.57,33.97,,1496427267
Paccoin,PAC,854,0.0000000588,0.00000000002,816.791,,,,-23.95,-17.22,21.71,1496427267
Bond,BOND,855,,,,,1349.0,1349.0,,,,
bitRUBLE,BITRUBLE,856,,,,,,,,,,
