Name,Symbol,Rank,Price(BTC),Price(USD),24HVolume,MarketCap,%Change_1h,%Change_24h,%Change_7d,LastUpdated
Bitcoin,BTC,1,2424.28,1.0,1298250000.0,39679795633.0,16367662.0,16367662.0,0.03,2.25,7.58,1496430862
Ethereum,ETH,2,221.326,0.0916023,480784000.0,20395244682.0,92150243.0,92150243.0,-0.17,1.12,31.41,1496430865
Ripple,XRP,3,0.306716,0.00012694,375671000.0,11845891476.0,38621693933.0,99994661895.0,-1.55,1.11,8.61,1496430841
NEM,XEM,4,0.228594,0.00009461,13289100.0,2057346000.0,8999999999.0,8999999999.0,-0.44,4.88,14.49,1496430861
Ethereum Classic,ETC,5,17.179,0.00711002,78636200.0,1584266861.0,92221134.0,92221134.0,0.32,2.44,12.06,1496430876
Litecoin,LTC,6,28.1078,0.0116332,301898000.0,1444266105.0,51383107.0,51383107.0,-0.45,1.09,7.42,1496430841
Dash,DASH,7,139.206,0.0576146,34152000.0,1020868413.0,7333509.0,7333509.0,0.15,1.47,14.5,1496430847
Stratis,STRAT,8,8.68455,0.00359435,47453400.0,854637102.0,98408910.0,98408910.0,4.09,53.06,195.58,1496430877
Bytecoin,BCN,9,0.0037901,0.00000157,21600300.0,693476322.0,182970455240,182970455240,0.73,50.18,48.46,1496430851
Monero,XMR,10,43.5412,0.0180208,9899330.0,634107391.0,14563388.0,14563388.0,-0.01,-1.34,11.11,1496430850
Waves,WAVES,11,4.42932,0.0018332,3964870.0,442932000.0,100000000.0,100000000.0,2.7,34.95,67.52,1496430874
Stellar Lumens,XLM,12,0.040657,0.00001683,16836000.0,392943171.0,9664834366.0,102940435314,-0.77,3.0,-5.17,1496430853
Golem,GNT,13,0.467593,0.00019353,9239670.0,385704373.0,824872000.0,1000000000.0,0.68,0.22,21.04,1496430882
Zcash,ZEC,14,244.483,0.101186,15635600.0,351406112.0,1437344.0,1437344.0,-0.05,-0.47,19.77,1496430882
Dogecoin,DOGE,15,0.00299774,0.00000124,33043300.0,328652462.0,109633411214,109633411214,0.12,7.48,9.26,1496430844
Siacoin,SC,16,0.0104371,0.00000432,32113300.0,276749989.0,26515985144.0,26515985144.0,4.44,28.01,36.03,1496430865
Gnosis,GNO,17,248.266,0.102752,1436800.0,274232141.0,1104590.0,10000000.0,-0.24,1.24,13.72,1496430894
Augur,REP,18,24.3788,0.0100899,4265190.0,268166800.0,11000000.0,11000000.0,0.66,5.41,2.89,1496430867
Steem,STEEM,19,1.14098,0.00047223,3037440.0,267392054.0,234352972.0,251327066.0,3.96,15.05,8.28,1496430872
DigiByte,DGB,20,0.0319978,0.00001324,93144400.0,259407186.0,8107031908.0,8107031908.0,2.09,48.33,111.15,1496430846
BitShares,BTS,21,0.0900656,0.00003728,23525900.0,234369605.0,2602210000.0,2602210000.0,-0.43,25.83,35.47,1496430853
MaidSafeCoin,MAID,22,0.392495,0.00016245,2929690.0,177624559.0,452552412.0,452552412.0,-0.79,-2.54,1.63,1496430849
GameCredits,GAME,23,2.72759,0.00112889,1849360.0,171926348.0,63032328.0,63032328.0,-1.5,3.85,4.67,1496430854
DigixDAO,DGD,24,80.5421,0.0333347,1278850.0,161084200.0,2000000.0,2000000.0,-2.01,0.6,8.28,1496430872
Basic Attention Token,BAT,25,0.160783,0.00006654,3386360.0,160783000.0,1000000000.0,1500000000.0,-0.65,3.01,,1496430595
BitConnect,BCC,26,23.644,0.00978575,1458520.0,152250432.0,6439284.0,6439284.0,0.27,6.65,51.27,1496430885
Lisk,LSK,27,1.38703,0.00057406,2885430.0,149508165.0,107790145.0,107790145.0,2.93,9.2,21.49,1496430871
Decred,DCR,28,26.4168,0.0109334,1965090.0,132761454.0,5025645.0,5445645.0,0.88,6.98,22.53,1496430869
SingularDTV,SNGLS,29,0.216203,0.00008948,208838.0,129721800.0,600000000.0,1000000000.0,4.97,16.61,26.12,1496430879
Ardor,ARDR,30,0.128061,0.00005300,3378880.0,127932874.0,998999495.0,998999495.0,0.01,12.59,12.27,1496430876
Byteball,GBYTE,31,622.795,0.257762,574217.0,117885048.0,189284.0,1000000.0,3.17,25.02,112.05,1496430884
Factom,FCT,32,13.3403,0.00552128,1331330.0,116770567.0,8753219.0,8753219.0,-0.89,4.29,5.78,1496430866
Iconomi,ICN,33,1.24596,0.00051568,791874.0,108398520.0,87000000.0,100000000.0,0.21,5.86,9.72,1496430881
Tether,USDT,34,1.03129,0.00042683,53390300.0,108278942.0,104993690.0,124951468.0,-0.11,-0.3,-1.43,1496430859
Round,ROUND,35,0.105669,0.00004373,359324.0,89818650.0,850000000.0,1000000000.0,0.08,1.11,-20.63,1496430883
PIVX,PIVX,36,1.63308,0.0006759,985342.0,87434914.0,53539884.0,53539884.0,0.33,0.14,20.69,1496430870
Komodo,KMD,37,0.828437,0.00034287,1036430.0,83626995.0,100945510.0,100945510.0,5.43,50.57,64.78,1496430885
Aragon,ANT,38,2.15547,0.00089205,649118.0,72434929.0,33605167.0,39609523.0,0.13,3.51,7.89,1496430594
FirstBlood,1ST,39,0.804407,0.00033293,2866310.0,68823752.0,85558371.0,93468691.0,-0.14,1.85,16.92,1496430881
Nxt,NXT,40,0.0665381,0.00002754,3487810.0,66471561.0,998999983.0,998999983.0,0.69,15.22,12.17,1496430843
SysCoin,SYS,41,0.126182,0.00005222,3549540.0,66267808.0,525176393.0,525176393.0,1.72,19.77,0.11,1496430854
AntShares,ANS,42,1.30008,0.00053807,6599760.0,65004000.0,50000000.0,100000000.0,2.77,7.19,43.97,1496430878
iExec RLC,RLC,43,0.76646,0.00031722,773198.0,59838140.0,78070793.0,86999785.0,2.06,25.77,35.73,1496430892
Ubiq,UBQ,44,1.3888,0.00057479,1352830.0,51524201.0,37099799.0,37099799.0,3.64,15.07,198.73,1496430855
Wings,WINGS,45,0.483114,0.00019995,1491060.0,43339352.0,89708333.0,100000000.0,1.86,17.7,72.83,1496430884
ReddCoin,RDD,46,0.00142568,0.00000059,2240290.0,40668508.0,28525691946.0,28525691946.0,-0.71,31.55,5.24,1496430845
Peercoin,PPC,47,1.63136,0.00067519,1125790.0,39357223.0,24125406.0,24125406.0,-0.13,4.32,1.97,1496430840
BitcoinDark,BTCD,48,29.4063,0.0121707,363974.0,37900668.0,1288862.0,1288862.0,0.8,22.48,33.73,1496430853
Lykke,LKK,49,0.270106,0.00011179,477082.0,37177427.0,137640138.0,1285690000.0,-0.97,5.15,10.47,1496430882
Ark,ARK,50,0.36643,0.00015166,509280.0,34927245.0,95317646.0,126567646.0,3.73,29.52,40.7,1496430890
Emercoin,EMC,51,0.868339,0.00035939,883496.0,34873053.0,40160644.0,40160644.0,0.57,5.52,-4.63,1496430855
Melon,MLN,52,55.6713,0.0230412,328761.0,33369377.0,599400.0,749400.0,0.16,3.5,-7.41,1496430887
Storjcoin X,SJCX,53,0.651736,0.00026974,412748.0,33351380.0,51173144.0,500000000.0,-0.54,0.7,14.88,1496430854
Omni,OMNI,54,55.5767,0.023002,6306670.0,31066585.0,558986.0,615302.0,1.75,0.01,211.73,1496430844
Counterparty,XCP,55,11.164,0.00462056,574862.0,29235666.0,2618745.0,2618745.0,2.53,-0.36,2.8,1496430845
Xaurum,XAUR,56,0.24232,0.00010029,131025.0,27552829.0,113704312.0,113704312.0,-0.89,-5.6,19.97,1496430861
Blocknet,BLOCK,57,6.8015,0.002815,246693.0,26597377.0,3910516.0,3910516.0,1.74,42.53,115.27,1496430858
Namecoin,NMC,58,1.76848,0.00073194,888014.0,26061029.0,14736400.0,14736400.0,1.6,5.79,6.13,1496430840
Nexus,NXS,59,0.501323,0.00020749,93724.6,24998471.0,49864999.0,49864999.0,0.56,1.97,3.3,1496430858
Gulden,NLG,60,0.0718697,0.00002975,110238.0,24907842.0,346569445.0,448589600.0,-0.0,4.39,7.04,1496430848
Burst,BURST,61,0.0135207,0.00000560,4267110.0,24072001.0,1780381282.0,1780381282.0,1.94,18.98,39.6,1496430855
XtraBYtes,XBY,62,0.0370261,0.00001532,763458.0,24066965.0,650000000.0,650000000.0,2.37,65.94,547.56,1496430892
Synereo,AMP,63,0.29069,0.00012031,461127.0,23911091.0,82256324.0,949291063.0,-0.49,5.33,17.86,1496430867
WeTrust,TRST,64,0.254885,0.00010549,432533.0,23487016.0,92147500.0,100000000.0,-2.65,10.66,-5.66,1496430892
EarthCoin,EAC,65,0.00236542,0.00000098,6565270.0,22108323.0,9346468332.0,9346468332.0,-0.68,7.14,3.46,1496430845
YbCoin,YBC,66,7.17818,0.0029709,2654990.0,21679986.0,3020262.0,3020262.0,0.15,2.55,9.34,1496430844
Verge,XVG,67,0.00157019,0.00000065,2772760.0,21055419.0,13409472280.0,13409472280.0,6.17,52.65,36.42,1496430856
Matchpool,GUP,68,0.279563,0.00011571,289535.0,20967225.0,75000000.0,98855150.0,-1.05,9.54,18.11,1496430890
TokenCard,TKN,69,0.845556,0.00034996,242471.0,19992373.0,23644056.0,39406760.0,-1.74,-1.76,-12.33,1496430893
BlackCoin,BLK,70,0.259711,0.00010749,1278480.0,19782027.0,76169383.0,76169383.0,-0.39,11.89,31.38,1496430847
NAV Coin,NAV,71,0.313408,0.00012971,799863.0,19221925.0,61331954.0,61331954.0,-2.24,10.07,0.22,1496430851
BitBay,BAY,72,0.0190479,0.00000788,66438.3,19191215.0,1007523940.0,1007523940.0,-1.99,5.55,5.61,1496430857
Humaniq,HMQ,73,0.152411,0.00006308,820708.0,18849182.0,123673373.0,184190414.0,-6.17,23.72,-16.77,1496430593
OBITS,OBITS,74,1.28543,0.00053201,635883.0,18817322.0,14638932.0,16443700.0,0.85,24.42,48.08,1496430867
Edgeless,EDG,75,0.231443,0.00009579,374283.0,18384082.0,79432438.0,132046997.0,-1.89,1.46,-9.4,1496430889
PotCoin,POT,76,0.0847198,0.00003506,384256.0,18379851.0,216948704.0,216948704.0,-0.37,-3.14,-5.33,1496430847
BCAP,BCAP,77,1.80271,0.0007461,169698.0,18027100.0,10000000.0,10000000.0,3.54,12.66,-6.73,1496430894
E-Dinar Coin,EDR,78,0.0272602,0.00001128,444949.0,18009036.0,660634755.0,785634755.0,2.25,-17.52,8.35,1496430878
Nexium,NXC,79,0.265405,0.00010985,1599300.0,17655162.0,66521586.0,66521586.0,0.03,-4.72,41.16,1496430883
Bankcoin,B@,80,4.13448,0.00171117,6864.82,17633888.0,4265080.0,25000000.0,4.57,28.45,52.7,1496430890
Expanse,EXP,81,2.34218,0.00096938,415557.0,16966697.0,7243977.0,16243977.0,0.19,-1.19,11.01,1496430865
Shift,SHIFT,82,1.56452,0.00064752,444272.0,16946159.0,10831539.0,10831539.0,-0.98,41.25,185.2,1496430864
Unity Ingot,UNY,83,0.0819283,0.00003391,71189.7,16549517.0,202000000.0,10000000000.0,-0.25,2.11,89.44,1496430894
Infinitecoin,IFC,84,0.000181983,0.00000008,2696520.0,16486982.0,90596274910.0,90596274910.0,-0.46,0.09,6.76,1496430841
ZCoin,XZC,85,7.23937,0.00299622,1069700.0,16182029.0,2235281.0,2235281.0,0.48,-1.85,25.54,1496430880
Swarm City,SWT,86,2.41567,0.0009998,30597.3,16044227.0,6641730.0,6641730.0,0.27,6.22,-6.71,1496430888
LBRY Credits,LBC,87,0.233446,0.00009662,883432.0,15996776.0,68524524.0,466424524.0,1.59,15.11,18.02,1496430875
Agoras Tokens,AGRS,88,0.374506,0.000155,25774.4,15729252.0,42000000.0,42000000.0,3.4,2.71,8.59,1496430864
Pepe Cash,PEPECASH,89,0.0213856,0.00000885,24359.5,15010211.0,701884009.0,701884009.0,0.23,2.04,-8.28,1496430880
I/O Coin,IOC,90,0.906023,0.00037498,45683.0,14801119.0,16336362.0,16336362.0,1.35,15.64,16.61,1496430854
GridCoin,GRC,91,0.0374513,0.00001550,201139.0,14617720.0,390312753.0,390312753.0,-1.04,5.37,18.24,1496430859
TaaS,TAAS,92,1.77894,0.00073627,169147.0,14491247.0,8146001.0,8146001.0,0.79,7.73,22.55,1496430889
Chronobank,TIME,93,20.1889,0.00835575,469421.0,14336397.0,710113.0,710113.0,1.08,5.15,11.64,1496430888
MonaCoin,MONA,94,0.270782,0.00011207,24202.2,13689249.0,50554500.0,50554500.0,2.59,-1.3,-0.2,1496430847
Radium,RADS,95,4.18281,0.00173118,361888.0,13581341.0,3246942.0,3246942.0,-0.53,0.76,24.27,1496430868
SuperNET,UNITY,96,16.559,0.00685344,21141.6,13513154.0,816061.0,816061.0,0.19,33.56,146.54,1496430857
E-coin,ECN,97,4.62101,0.00191254,129715.0,12894875.0,2790489.0,211079381.0,0.02,6.29,11.63,1496430891
Vertcoin,VTC,98,0.384994,0.00015934,530483.0,12874750.0,33441431.0,33441431.0,3.6,8.15,20.24,1496430846
Golos,GOLOS,99,0.100034,0.00004140,41414.0,12312605.0,123084198.0,123084198.0,-2.92,9.35,66.14,1496430883
LuckChain,BASH,100,0.016671,0.00000690,699736.0,12070993.0,724071344.0,724071344.0,-1.11,22.88,113.04,1496430882
MergeCoin,MGC,101,0.121028,0.00005009,3288500.0,11970223.0,98904580.0,103904580.0,-0.51,15.91,0.07,1496430892
Waves Community Token,WCT,102,2.354,0.00097427,110409.0,11770000.0,5000000.0,10000000.0,2.42,-6.48,12.85,1496430886
Bitland,CADASTRAL,103,0.377346,0.00015617,21371.6,11320380.0,30000000.0,30000000.0,0.54,-1.43,75.74,1496430875
Clams,CLAM,104,4.90012,0.00202806,583927.0,11282684.0,2302532.0,16207930.0,0.32,3.88,-0.29,1496430853
DigitalNote,XDN,105,0.0016155,0.00000067,3051510.0,11117131.0,6881542019.0,6881542019.0,2.17,6.58,-0.89,1496430852
Mooncoin,MOON,106,0.0000495420,0.00000002,56109.9,10995692.0,221946879889,221946879889,4.38,14.96,14.14,1496430845
Etheroll,DICE,107,1.52388,0.00063066,23083.5,10669633.0,7001623.0,7001623.0,13.53,-13.61,-16.09,1496430594
Pluton,PLU,108,12.3666,0.00511828,104260.0,10511604.0,850000.0,20000000.0,-2.86,-8.34,46.11,1496430879
Bitcrystals,BCY,109,0.443138,0.00018341,279031.0,10321314.0,23291422.0,23291422.0,5.06,17.18,14.55,1496430865
Viacoin,VIA,110,0.448655,0.00018569,274695.0,10160671.0,22646958.0,22646958.0,1.49,19.46,11.13,1496430853
FlorinCoin,FLO,111,0.0733457,0.00003036,308503.0,9828841.0,134007046.0,134007046.0,1.01,4.57,10.65,1496430844
Primecoin,XPM,112,0.504323,0.00020873,4824940.0,9748398.0,19329672.0,19329672.0,-1.44,30.37,26.79,1496430841
DNotes,NOTE,113,0.0732016,0.00003030,283973.0,9067714.0,123873164.0,123873164.0,-0.76,10.1,26.13,1496430848
vSlice,VSL,114,0.268747,0.00011123,143526.0,8973596.0,33390496.0,33390496.0,-1.64,0.86,-4.49,1496430884
Energycoin,ENRG,115,0.0739346,0.00003060,4098.93,8941833.0,120942473.0,120942473.0,0.02,3.48,8.77,1496430869
Crown,CRW,116,0.643773,0.00026644,21004.5,8923907.0,13861884.0,13861884.0,1.66,4.68,-3.82,1496430857
FedoraCoin,TIPS,117,0.0000198069,0.000000008,52535.2,8777788.0,443168182458,443168182458,-0.44,0.32,-12.72,1496430845
Rubycoin,RBY,118,0.359369,0.00014873,42636.1,8766605.0,24394438.0,24394438.0,0.03,2.05,10.76,1496430848
HEAT,HEAT,119,0.330641,0.00013684,32474.0,8716765.0,26363232.0,26363232.0,3.17,-9.86,-4.68,1496430876
VeriCoin,VRC,120,0.281115,0.00011635,513030.0,8493037.0,30211966.0,30211966.0,0.95,-0.27,8.08,1496430850
NeosCoin,NEOS,121,2.507,0.00103759,674220.0,8391857.0,3347370.0,3347370.0,-1.52,0.85,25.68,1496430855
SolarCoin,SLR,122,0.227936,0.00009434,98678.1,8015109.0,35163858.0,98034180589.0,1.92,2.9,15.67,1496430848
Skycoin,SKY,123,1.45675,0.00060292,45505.6,7962306.0,5465801.0,100000000.0,0.11,-9.72,-22.58,1496430891
Pascal Coin,PASC,124,0.789184,0.00032663,170418.0,7903046.0,10014200.0,10014200.0,-1.35,4.44,3.85,1496430882
SaluS,SLS,125,7.77395,0.00321748,42033.5,7800779.0,1003451.0,1003451.0,-0.18,-12.63,47.25,1496430869
Blitzcash,BLITZ,126,1.90485,0.00078838,312358.0,7741393.0,4064043.0,4064043.0,12.21,72.01,437.74,1496430858
VPNCoin,VASH,127,0.0192201,0.00000795,1937930.0,7694570.0,400339746.0,400339746.0,-2.93,7.43,0.78,1496430857
BelaCoin,BELA,128,0.218213,0.00009031,492318.0,7633342.0,34981150.0,34981150.0,-0.14,10.38,7.1,1496430848
Einsteinium,EMC2,129,0.0359339,0.00001487,379904.0,7575228.0,210810073.0,210810073.0,0.01,15.78,9.82,1496430847
Creditbit,CRB,130,0.624385,0.00025842,286020.0,7414161.0,11874342.0,11874342.0,3.02,-4.24,-6.15,1496430868
Bitcoin Plus,XBC,131,73.4578,0.0304026,144641.0,7120081.0,96928.0,96928.0,-1.6,6.29,2.65,1496430849
Incent,INCNT,132,0.307255,0.00012717,176762.0,7069419.0,23008312.0,46016625.0,0.22,10.39,43.11,1496430882
Asch,XAS,133,0.0890544,0.00003686,55560.2,6679080.0,75000000.0,100000000.0,-0.16,1.01,9.51,1496430891
Global Currency Reserve,GCR,134,0.0649471,0.00002688,21655.7,6669573.0,102692385.0,102692385.0,-0.82,1.75,1.34,1496430865
RouletteToken,RLT,135,0.651481,0.00026962,110834.0,6574883.0,10092210.0,10092933.0,27.58,38.14,44.7,1496430594
Lunyr,LUN,136,2.83962,0.00117526,134517.0,6525030.0,2297853.0,2703356.0,-3.68,6.06,-5.29,1496430893
Aeon,AEON,137,0.456711,0.00018902,5986.98,6499929.0,14232040.0,14232040.0,-1.47,0.74,2.47,1496430863
Novacoin,NVC,138,3.71096,0.00153589,48766.4,6442802.0,1736155.0,1736155.0,0.93,0.49,-7.16,1496430840
Feathercoin,FTC,139,0.0390905,0.00001618,112255.0,6405202.0,163855720.0,163855720.0,0.12,1.35,19.51,1496430840
ZClassic,ZCL,140,4.29575,0.00177792,411080.0,6352394.0,1478763.0,1478763.0,2.29,0.55,44.45,1496430882
FirstCoin,FRST,141,1.96127,0.00081173,133405.0,6208046.0,3165319.0,110000000.0,-0.2,13.72,18.91,1496430886
Safe Exchange Coin,SAFEX,142,0.00277844,0.00000115,21497.2,5966654.0,2147483647.0,2147483647.0,0.02,7.26,3.56,1496430870
WorldCoin,WDC,143,0.0520625,0.00002155,335290.0,5966634.0,114605213.0,114605213.0,1.51,11.57,19.21,1496430841
PinkCoin,PINK,144,0.0184633,0.00000764,1871680.0,5926637.0,320995550.0,370995550.0,-1.46,22.8,17.74,1496430851
ION,ION,145,0.430318,0.0001781,40508.3,5921166.0,13759978.0,19659978.0,-3.44,16.06,-3.76,1496430874
MonetaryUnit,MUE,146,0.048293,0.00001999,58937.9,5870043.0,121550600.0,121550600.0,4.76,14.22,11.2,1496430857
SIBCoin,SIB,147,0.393148,0.00016272,27324.3,5760910.0,14653286.0,14653286.0,0.19,1.01,30.57,1496430865
FoldingCoin,FLDC,148,0.0111332,0.00000461,396646.0,5452395.0,489741985.0,1000000000.0,1.8,11.42,10.97,1496430856
Gambit,GAM,149,4.55239,0.00188414,39963.3,5390337.0,1184067.0,1184067.0,2.39,6.05,14.31,1496430862
MUSE,MUSE,150,0.00382976,0.00000159,9318.03,5265309.0,1374840478.0,1524840478.0,14.85,16.62,17.87,1496430861
Vcash,XVC,151,0.337166,0.00013955,126599.0,5142377.0,15251767.0,15251767.0,1.71,12.08,7.68,1496430860
Auroracoin,AUR,152,0.591798,0.00024493,13713.3,5123869.0,8658139.0,8658139.0,1.16,-0.45,5.85,1496430847
Ethereum Movie Venture,EMV,153,0.685711,0.0002838,4964.45,4571406.0,6666666.0,6666666.0,-0.26,213.24,18.53,1496430892
OKCash,OK,154,0.0629989,0.00002607,155446.0,4509538.0,71581212.0,71581212.0,-3.08,-9.58,134.89,1496430858
Darcrus,DAR,155,0.325941,0.0001349,23281.3,4440543.0,13623762.0,13623762.0,-0.06,3.12,11.86,1496430885
Sphere,SPHR,156,1.42691,0.00059057,24546.7,4399078.0,3082940.0,3082940.0,0.04,6.25,125.26,1496430861
Quark,QRK,157,0.0173895,0.00000720,197846.0,4349132.0,250101047.0,250101047.0,0.0,44.27,31.12,1496430842
APX,APX,158,4.82053,0.00199499,227032.0,4338477.0,900000.0,1000000.0,5.3,15.62,39.48,1496430594
CloakCoin,CLOAK,159,0.847586,0.0003508,23223.5,4241040.0,5003670.0,5003670.0,1.62,0.23,28.38,1496430851
ArtByte,ABY,160,0.00541912,0.00000224,131010.0,4188486.0,772908850.0,772908850.0,-0.97,29.95,15.63,1496430852
Janus,JNS,161,0.199048,0.00008238,9815.12,4166685.0,20933069.0,25201489.0,-0.9,-13.38,-10.24,1496430886
FairCoin,FAIR,162,0.0781629,0.00003235,4935.45,4150899.0,53105747.0,53105747.0,0.04,2.96,22.12,1496430848
LoMoCoin,LMC,163,0.0198074,0.00000820,368764.0,4131012.0,208559019.0,293559019.0,0.62,12.02,12.33,1496430879
bitCNY,BITCNY,164,0.139499,0.00005774,540845.0,4122879.0,29554900.0,29554900.0,1.41,-0.09,-1.19,1496430855
ICO OpenLedger,ICOO,165,8.61924,0.00356732,10821.4,4066514.0,471795.0,471795.0,0.03,19.72,30.1,1496430874
Bitmark,BTM,166,1.02445,0.000424,145276.0,3996564.0,3901180.0,3901180.0,-0.83,3.56,28.72,1496430854
NautilusCoin,NAUT,167,0.246957,0.00010221,339162.0,3995764.0,16180000.0,16180000.0,-0.14,2.15,13.95,1496430850
Unobtanium,UNO,168,20.0102,0.0082818,76661.5,3956521.0,197725.0,197725.0,0.89,3.75,-3.3,1496430843
SpreadCoin,SPR,169,0.467854,0.00019363,31927.7,3806472.0,8136026.0,8136026.0,1.94,24.8,38.23,1496430857
DubaiCoin,DBIX,170,4.22686,0.00174941,35941.7,3677588.0,870052.0,870052.0,1.74,-0.53,67.62,1496430891
Minereum,MNE,171,9.07321,0.00375521,377706.0,3637584.0,400915.0,400915.0,6.61,63.53,270.4,1496430894
Riecoin,RIC,172,0.10555,0.00004368,638271.0,3610233.0,34204010.0,34204010.0,-0.9,9.55,23.05,1496430846
HunterCoin,HUC,173,0.201032,0.00008320,4999790.0,3547586.0,17646870.0,17646870.0,1.38,76.29,81.96,1496430846
Circuits of Value,COVAL,174,0.008819,0.00000365,98373.1,3527600.0,400000000.0,1200000000.0,-0.58,22.63,8.0,1496430858
Rise,RISE,175,0.0325849,0.00001349,122663.0,3499202.0,107387215.0,107387215.0,4.17,47.05,59.81,1496430875
Wild Beast Block,WBB,176,1.42673,0.00059049,10106.7,3317498.0,2325246.0,2325246.0,23.52,14.13,-17.98,1496430859
Zennies,ZENI,177,0.00321288,0.00000133,6680.94,3215066.0,1000680484.0,1000680484.0,1.53,4.97,10.27,1496430891
Diamond,DMD,178,1.49452,0.00061855,15593.4,3175132.0,2124516.0,2124516.0,0.04,1.83,5.7,1496430844
Musicoin,MUSIC,179,0.0181456,0.00000751,69471.6,3124076.0,172167142.0,172167142.0,-0.31,7.69,7.78,1496430889
Megacoin,MEC,180,0.09315,0.00003855,568751.0,3063373.0,32886450.0,32886450.0,0.47,21.66,-1.07,1496430841
Jinn,JINN,181,51.7967,0.0214376,517.967,3040622.0,58703.0,1000000.0,0.19,14.86,-38.87,1496430857
BitBean,BITB,182,0.00153918,0.00000064,161671.0,3015383.0,1959084000.0,1959084000.0,2.58,25.82,-9.03,1496430859
BitSend,BSD,183,0.196905,0.00008149,26149.5,3004234.0,15257275.0,15257275.0,-5.7,3.84,28.7,1496430851
PoSW Coin,POSW,184,0.0710462,0.00002940,49421.1,2912894.0,41000000.0,70000000.0,-1.19,3.79,24.43,1496430884
Zetacoin,ZET,185,0.0172306,0.00000713,286836.0,2863003.0,166158059.0,166158059.0,-0.0,2.25,25.85,1496430843
Curecoin,CURE,186,0.120065,0.00004969,14974.3,2846544.0,23708361.0,23708361.0,0.3,7.46,-1.99,1496430851
RaiBlocks,XRB,187,0.0360482,0.00001492,45063.0,2705714.0,75058227.0,340282367.0,-0.45,10.4,26.05,1496430888
Cryptonite,XCN,188,0.00817258,0.00000338,741243.0,2679141.0,327820700.0,327820700.0,-3.52,41.32,12.22,1496430853
InstantDEX,DEX,189,2.64878,0.00109628,3297.74,2648780.0,1000000.0,1000000.0,0.19,19.35,,1496430855
Myriad,XMY,190,0.00177786,0.00000074,122784.0,2642181.0,1486158250.0,1486158250.0,0.14,13.32,-21.69,1496430847
Ethbits,ETB,191,1.95927,0.00081085,1678.44,2639108.0,1346986.0,1634691.0,-0.26,60.39,,1496430594
Atmos,ATMS,192,0.0261658,0.00001083,176806.0,2618506.0,100073600.0,110073600.0,0.41,10.81,20.56,1496430892
ZcCoin,ZCC,193,0.0424668,0.00001758,1927360.0,2618377.0,61657044.0,61657044.0,0.74,25.72,13.8,1496430854
Steem Dollars,SBD,194,1.76695,0.00073131,257311.0,2512148.0,1421743.0,1421743.0,0.41,4.3,10.3,1496430876
BlockPay,BLOCKPAY,195,0.45258,0.00018731,18214.7,2456740.0,5428300.0,98928316.0,19.06,-0.7,59.28,1496430879
Bata,BTA,196,0.489835,0.00020273,46208.4,2425344.0,4951349.0,4951349.0,3.99,25.97,61.05,1496430861
Zeitcoin,ZEIT,197,0.0000652893,0.00000003,6357.85,2371846.0,36328255687.0,36328255687.0,-3.36,4.76,21.67,1496430850
Digitalcoin,DGC,198,0.0687116,0.00002844,231357.0,2362978.0,34389793.0,34389793.0,1.19,11.17,16.06,1496430841
Mintcoin,MINT,199,0.0000966823,0.00000004,10036.1,2354085.0,24348665548.0,24348665548.0,0.02,2.86,1.1,1496430846
Spectrecoin,XSPEC,200,0.112334,0.00004649,198221.0,2291238.0,20396658.0,20396658.0,-1.34,0.18,2.97,1496430885
Espers,ESP,201,0.000113123,0.00000005,4819.13,2276963.0,20128207959.0,20128207959.0,2.99,10.3,-7.53,1496430872
Veros,VRS,202,0.02605,0.00001078,63213.0,2226935.0,85486938.0,10000000000.0,0.11,-12.94,-9.63,1496430884
bitUSD,BITUSD,203,1.00465,0.0004158,299538.0,2210310.0,2200080.0,2200080.0,1.29,0.57,1.21,1496430856
BoostCoin,BOST,204,0.184602,0.00007640,185306.0,2188547.0,11855487.0,11855487.0,-0.79,8.2,3.48,1496430851
Breakout Stake,BRX,205,0.34858,0.00014427,13348.5,2184928.0,6268082.0,6268082.0,-1.03,18.17,45.42,1496430876
Groestlcoin,GRS,206,0.0311622,0.00001290,7761.87,2107226.0,67621219.0,67621219.0,1.44,9.72,13.34,1496430848
MaxCoin,MAX,207,0.038615,0.00001598,164380.0,2102304.0,54442678.0,54442678.0,-3.94,11.26,39.43,1496430847
iCash,ICASH,208,0.0094572,0.00000391,13731.2,2089355.0,220927467.0,220927467.0,-0.23,24.99,11.24,1496430861
FUNCoin,FUNC,209,0.356129,0.00014739,44166.8,2057325.0,5776909.0,100000000.0,0.01,5.44,28.49,1496430894
Adzcoin,ADZ,210,0.037081,0.00001535,10331.7,2033777.0,54846880.0,54846880.0,0.53,7.94,2.13,1496430868
Tickets,TIX,211,0.0000281688,0.00000001,34160.1,1883825.0,66876281414.0,66876281414.0,0.04,2.21,-4.45,1496430843
Project Decorum,PDC,212,0.0367257,0.00001520,2583.16,1836285.0,50000000.0,50000000.0,-2.73,-0.48,-5.02,1496430875
TransferCoin,TX,213,0.307115,0.00012711,6351.64,1834809.0,5974339.0,5974339.0,0.72,-2.63,-20.65,1496430864
Anoncoin,ANC,214,0.833284,0.00034488,214023.0,1758493.0,2110317.0,2110317.0,-11.76,81.66,56.88,1496430847
GoldCoin,GLD,215,0.0433905,0.00001796,19409.3,1746685.0,40255012.0,40255012.0,-4.35,-7.32,-5.98,1496430841
CryptoCarbon,CCRB,216,0.481558,0.00019931,16318.6,1715363.0,3562111.0,10000150.0,-1.79,11.46,26.91,1496430885
DeepWebCash,DWC,217,1.157,0.00047886,18051.9,1546417.0,1336575.0,1336575.0,-2.69,-7.55,-17.86,1496430883
vTorrent,VTR,218,0.13806,0.00005714,15383.0,1493252.0,10815966.0,10815966.0,0.93,-6.68,24.1,1496430859
2GIVE,2GIVE,219,0.00291017,0.00000120,15759.5,1492908.0,512997003.0,512997003.0,4.34,19.5,-24.75,1496430873
Sequence,SEQ,220,0.0332706,0.00001377,1201.57,1487240.0,44701342.0,44701342.0,1.64,6.39,37.21,1496430879
Startcoin,START,221,0.032707,0.00001354,36905.7,1474425.0,45079785.0,70782220.0,1.05,2.45,-25.27,1496430851
VeriumReserve,VRM,222,1.27307,0.00052689,82073.3,1417914.0,1113776.0,1113776.0,9.91,79.11,53.65,1496430878
Breakout,BRK,223,0.0786703,0.00003256,5779.97,1409428.0,17915627.0,17915627.0,9.71,11.66,10.22,1496430875
Pangea Poker,PANGEA,224,1.39096,0.00057569,812.183,1390059.0,999352.0,1000000.0,0.41,60.87,70.05,1496430858
Boolberry,XBB,225,0.144102,0.00005964,7062.43,1373649.0,9532480.0,9532480.0,-6.4,8.9,-2.95,1496430852
EB3 Coin,EB3,226,0.289964,0.00012001,38966.6,1358791.0,4686069.0,786000000.0,-0.0,1.76,15.56,1496430891
Bitswift,SWIFT,227,0.326448,0.00013511,9375.74,1325673.0,4060902.0,4060902.0,0.04,9.0,79.25,1496430856
EuropeCoin,ERC,228,0.13098,0.00005421,1785.27,1290344.0,9851460.0,9851460.0,0.04,-1.47,12.08,1496430862
ChainCoin,CHC,229,0.0873239,0.00003614,17878.0,1282309.0,14684515.0,14684515.0,0.64,1.73,-3.22,1496430863
Voxels,VOX,230,0.0398614,0.00001650,507391.0,1255634.0,31500000.0,210000000.0,-4.24,41.73,23.82,1496430872
MediterraneanCoin,MED,231,0.0244033,0.00001010,192436.0,1213005.0,49706598.0,49706598.0,-0.0,78.87,60.34,1496430857
Renos,RNS,232,0.0362464,0.00001500,634790.0,1208899.0,33352238.0,33352238.0,-5.52,53.52,128.51,1496430888
Visio,VISIO,233,0.0234023,0.00000969,2887.36,1184168.0,50600514.0,62600514.0,0.02,-2.06,-21.12,1496430888
Qwark,QWARK,234,0.0648499,0.00002684,33917.9,1145204.0,17659296.0,250377576.0,-0.91,18.43,58.83,1496430872
Dynamic,DYN,235,0.701171,0.0002902,3806.53,1133436.0,1616490.0,4370394.0,-0.15,3.41,13.71,1496430889
Yocoin,YOC,236,0.0107296,0.00000444,66307.0,1133248.0,105618830.0,200000000.0,-3.97,6.22,25.09,1496430869
Stealthcoin,XST,237,0.0430319,0.00001781,2224.44,1126476.0,26177696.0,26177696.0,-3.63,-4.96,3.94,1496430853
TagCoin,TAG,238,0.198062,0.00008197,153749.0,1087951.0,5492984.0,5492984.0,-5.1,7.37,-1.69,1496430847
SecureCoin,SRC,239,0.139083,0.00005756,150223.0,1082882.0,7785866.0,7785866.0,-1.15,13.49,-10.4,1496430842
Ixcoin,IXC,240,0.0493365,0.00002042,3709.36,1036022.0,20999088.0,20999088.0,-24.37,-65.95,-3.03,1496430845
LiteDoge,LDOGE,241,0.0000699608,0.00000003,6951.5,1033641.0,14774570159.0,14774570159.0,5.21,-7.65,-54.3,1496430860
WhiteCoin,XWC,242,0.00413164,0.00000171,17702.2,1024879.0,248056105.0,248056105.0,0.61,-0.27,57.61,1496430852
Inpay,INPAY,243,0.0987489,0.00004087,26446.4,987489.0,10000000.0,10000000.0,0.15,-8.83,-24.37,1496430892
CannabisCoin,CANN,244,0.0125327,0.00000519,55260.3,967915.0,77231176.0,91859176.0,0.08,2.15,45.73,1496430853
Hacker Gold,HKG,245,0.0593894,0.00002458,1506.6,956816.0,16110893.0,16110893.0,0.16,0.66,-2.43,1496430883
DIBCOIN,DIBC,246,0.19094,0.00007903,4736.14,954700.0,5000000.0,5000000000.0,3.4,6.06,8.72,1496430890
Creativecoin,CREA,247,0.0893073,0.00003696,5069.73,942869.0,10557576.0,12269304.0,1.43,-0.25,-5.33,1496430593
AudioCoin,ADC,248,0.00118411,0.00000049,6227.25,939234.0,793198644.0,793198644.0,0.04,-1.85,-16.25,1496430862
Triggers,TRIG,249,0.0292114,0.00001209,30630.9,937849.0,32105593.0,100000000.0,-0.19,-5.45,-6.49,1496430881
Mercury,MER,250,0.0093593,0.00000387,1618.14,935930.0,100000000.0,100000000.0,0.64,-8.91,-11.64,1496430889
PepeCoin,PEPE,251,0.0677781,0.00002805,26865.3,933680.0,13775543.0,13775543.0,-0.3,5.69,33.8,1496430870
ArcticCoin,ARC,252,0.0394425,0.00001632,32605.2,921366.0,23359732.0,23359732.0,4.72,3.56,-18.93,1496430882
HiCoin,XHI,253,0.00484228,0.00000200,126564.0,918726.0,189729990.0,10189729990.0,0.9,-3.63,1.81,1496430873
DopeCoin,DOPE,254,0.00802167,0.00000332,19076.1,891092.0,111085648.0,111085648.0,-8.06,14.98,-14.5,1496430846
Syndicate,SYNX,255,0.0768434,0.00003180,15261.7,865938.0,11268860.0,11268860.0,5.75,-66.69,54.31,1496430876
PutinCoin,PUT,256,0.00425755,0.00000176,3967.53,853288.0,200417616.0,200417616.0,-6.84,-14.47,22.2,1496430875
HTMLCOIN,HTML5,257,0.0000209669,0.000000009,5613.6,852494.0,40659020000.0,40659020000.0,12.12,-0.09,-8.83,1496430855
Pesetacoin,PTC,258,0.00638784,0.00000264,3721.4,833929.0,130549412.0,130549412.0,0.02,14.11,-2.58,1496430849
EverGreenCoin,EGC,259,0.0624641,0.00002585,10005.0,832103.0,13321301.0,13321301.0,2.94,-5.5,4.05,1496430868
Hush,HUSH,260,0.750331,0.00031055,77887.4,826030.0,1100888.0,1222363.0,-3.24,6.29,54.65,1496430883
Woodcoin,LOG,261,0.102494,0.00004242,571.93,823559.0,8035193.0,8035193.0,0.04,2.05,1.02,1496430860
Centurion,CNT,262,0.0307726,0.00001274,31559.4,795480.0,25850279.0,63389078.0,-3.1,-10.3,-1.33,1496430887
Unitus,UIS,263,0.0165687,0.00000686,20983.0,775087.0,46780190.0,46780190.0,0.6,2.66,-5.67,1496430858
ExclusiveCoin,EXCL,264,0.186764,0.00007730,6413.0,763622.0,4088698.0,4088698.0,-2.31,16.72,0.27,1496430855
e-Gulden,EFL,265,0.0495574,0.00002051,1905.11,760497.0,15345779.0,20385119.0,-0.18,2.65,-13.3,1496430868
GeoCoin,GEO,266,0.300507,0.00012437,6464.88,737768.0,2455079.0,2455079.0,1.75,12.66,31.3,1496430860
HempCoin,THC,267,0.00335815,0.00000139,15276.2,711334.0,211823061.0,211823061.0,-5.41,11.35,-9.25,1496430853
ProCurrency,PROC,268,0.250447,0.00010365,881.946,705060.0,2815205.0,15000053805.0,-0.05,1.7,12.01,1496430893
Tokes,TKS,269,1.07481,0.00044484,4754.8,696073.0,647624.0,50000000.0,2.9,8.02,-8.72,1496430889
Fantomcoin,FCN,270,0.118392,0.00004900,2141.61,694056.0,5862353.0,5862353.0,-1.96,1.03,1.3,1496430851
Ripto Bux,RBX,271,0.00201139,0.00000083,5226.01,688097.0,342100100.0,1000000000.0,1.36,7.23,75.72,1496430891
BlueCoin,BLU,272,0.00114569,0.00000047,1528.06,658409.0,574683675.0,574683675.0,-4.21,-12.38,149.39,1496430849
Altcoin,ALT,273,5.37891,0.00222622,2135.93,657170.0,122175.0,134063.0,0.01,-0.48,18.4,1496430893
DT Token,DRACO,274,0.0071663,0.00000297,75212.6,637004.0,88888888.0,88888888.0,10.61,43.91,60.41,1496430875
Version,V,275,0.00144979,0.00000060,1476.12,634170.0,437421900.0,437421900.0,0.04,56.9,,1496430595
Synergy,SNRG,276,0.22721,0.00009404,1367.12,630734.0,2775995.0,2775995.0,0.11,-4.01,12.26,1496430862
TrustPlus,TRUST,277,0.0183145,0.00000758,1196.78,587650.0,32086595.0,32086595.0,0.04,4.99,19.12,1496430852
Moin,MOIN,278,0.0817029,0.00003382,2737.2,567823.0,6949853.0,6949853.0,-3.96,1.84,38.65,1496430867
BTSR,BTSR,279,0.169046,0.00006996,18491.2,559681.0,3310819.0,3310819.0,-2.57,18.13,15.18,1496430871
Magi,XMG,280,0.0784729,0.00003248,4153.8,553694.0,7055869.0,7055869.0,0.14,-3.38,-9.94,1496430855
Joincoin,J,281,0.222611,0.00009213,766.028,545041.0,2448402.0,2448402.0,-22.75,-62.4,97.03,1496430854
UniBURST,UNIBURST,282,0.541313,0.00022404,4533.49,541312.0,999999.0,1000000.0,1.76,2.09,206.59,1496430888
1337,1337,283,0.0000235087,0.000000010,3035.21,536118.0,22805106284.0,22805106284.0,4.2,30.12,65.05,1496430866
NuShares,NSR,284,0.000193527,0.00000008,569.52,522962.0,2702268334.0,3317169581.0,11.42,-16.11,-68.82,1496430857
TileCoin,XTC,285,0.00519066,0.00000215,8201.27,519066.0,100000000.0,100000000.0,-0.83,-5.28,-9.65,1496430856
FujiCoin,FJC,286,0.000531116,0.00000022,3728.27,511572.0,963202499.0,963202499.0,1.52,-24.35,12.12,1496430863
Canada eCoin,CDN,287,0.00513977,0.00000213,940.196,500693.0,97415544.0,97415544.0,-2.43,3.33,19.42,1496430850
Elcoin,EL,288,0.0408171,0.00001689,4588.5,457518.0,11208967.0,20935289.0,1.14,-22.85,-21.23,1496430873
TrumpCoin,TRUMP,289,0.0679253,0.00002811,5618.7,444201.0,6539549.0,6539549.0,-0.02,12.21,12.63,1496430870
IncaKoin,NKA,290,0.0000580608,0.00000002,11008.2,437604.0,7536995098.0,7536995098.0,0.97,7.78,69.28,1496430858
KoreCoin,KORE,291,0.238838,0.00009885,2406.78,437300.0,1830949.0,1830949.0,6.89,-4.3,1.26,1496430852
Capricoin,CPC,292,0.434789,0.00017995,43853.2,428150.0,984730.0,200984730.0,-4.23,-3.36,14.77,1496430864
BitBar,BTB,293,13.0594,0.00540502,717.176,425588.0,32589.0,32589.0,0.13,14.52,21.37,1496430841
I0Coin,I0C,294,0.0194018,0.00000803,1168.82,406942.0,20974444.0,20974444.0,0.21,2.19,8.49,1496430844
Terracoin,TRC,295,0.0193429,0.00000801,7484.5,388815.0,20101180.0,20101180.0,13.21,24.86,4.43,1496430840
NobleCoin,NOBL,296,0.000167891,0.00000007,10849.6,384752.0,2291675526.0,2291675526.0,0.02,-12.11,-19.9,1496430845
Newbium,NEWB,297,0.0159467,0.00000660,44337.8,382721.0,24000000.0,51000000.0,0.05,58.43,275.39,1496430874
PostCoin,POST,298,0.0235314,0.00000974,2942.51,371216.0,15775332.0,15775332.0,-0.32,-1.25,3.31,1496430871
Cryptojacks,CJ,299,0.000903767,0.00000037,2533.35,367443.0,406568581.0,406568581.0,23.97,302.96,158.99,1496430876
iTicoin,ITI,300,11.264,0.00466191,53378.6,360448.0,32000.0,9999992.0,3.16,-8.24,7.67,1496430894
TeslaCoin,TES,301,0.00494533,0.00000205,1190.01,354946.0,71773973.0,71773973.0,0.03,-7.25,5.37,1496430845
Wyvern,WYV,302,0.309293,0.00012801,639.91,337325.0,1090631.0,1090631.0,0.02,3.61,-10.97,1496430891
Master Swiscoin,MSCN,303,0.0329006,0.00001362,9466.8,337252.0,10250620.0,1002576636.0,-0.62,-3.38,-16.16,1496430887
Virtacoinplus,XVP,304,0.0378959,0.00001568,1210.24,334238.0,8819905.0,10354498.0,-1.96,-14.09,-41.4,1496430888
GCoin,GCN,305,0.0000023738,0.0000000010,2169.43,330000.0,139018010000,139018010000,-3.18,7.01,21.06,1496430857
Trollcoin,TROLL,306,0.000578905,0.00000024,895.364,320570.0,553751781.0,553751781.0,0.04,-4.5,-10.29,1496430855
Jewels,JWL,307,0.0156809,0.00000649,3807.77,316382.0,20176276.0,20176276.0,-10.56,-8.85,-3.19,1496430878
Dotcoin,DOT,308,0.001381,0.00000057,42649.9,310616.0,224921250.0,489921250.0,-0.24,-1.77,15.07,1496430859
ParkByte,PKB,309,0.0650093,0.00002691,1949.71,309706.0,4764026.0,4764026.0,-0.0,19.49,28.25,1496430862
Atomic Coin,ATOM,310,0.0300498,0.00001244,1251.62,302009.0,10050282.0,10050282.0,0.88,35.52,17.44,1496430880
CacheCoin,CACH,311,0.0821254,0.00003399,15553.8,295963.0,3603797.0,3603797.0,30.78,-0.89,,1496430845
MazaCoin,MZC,312,0.000267864,0.00000011,1303.87,292673.0,1092618137.0,1092618137.0,-14.41,3.46,14.96,1496430847
Bytecent,BYC,313,0.168697,0.00006982,4019.14,273570.0,1621663.0,1621663.0,-0.0,11.58,-5.48,1496430858
Influxcoin,INFX,314,0.161941,0.00006702,8230.72,270989.0,1673383.0,1673383.0,-0.24,5.34,-44.91,1496430870
Quatloo,QTL,315,0.0362459,0.00001500,10354.9,269587.0,7437725.0,7437725.0,-1.27,-3.34,-11.57,1496430852
Karbowanec,KRB,316,0.0755814,0.00003128,5169.07,267612.0,3540718.0,3540718.0,0.07,-2.29,-2.18,1496430877
Asiadigicoin,ADCN,317,0.0106311,0.00000440,902.295,265045.0,24931054.0,210000000.0,0.04,-16.13,-27.22,1496430869
UltraCoin,UTC,318,0.00594376,0.00000246,4078.62,256187.0,43101805.0,43101805.0,1.38,17.15,49.12,1496430845
8Bit,8BIT,319,0.214648,0.00008884,2439.27,249939.0,1164415.0,1164415.0,2.29,10.89,-35.37,1496430860
Neutron,NTRN,320,0.0193394,0.00000800,818.973,244018.0,12617684.0,12617684.0,0.06,-3.19,234.36,1496430861
Torcoin,TOR,321,0.927793,0.00038399,7423.66,243837.0,262814.0,1262814.0,-10.76,19.69,-15.2,1496430891
Sexcoin,SXC,322,0.0019533,0.00000081,2768.85,239363.0,122542726.0,122542726.0,1.0,-5.21,-1.49,1496430843
Zoin,ZOI,323,0.0217446,0.00000900,1366.73,233922.0,10757700.0,10757700.0,-0.0,-11.02,-14.69,1496430881
Rubies,RBIES,324,0.022176,0.00000918,2330.78,230044.0,10373547.0,10373547.0,0.02,1.17,-11.74,1496430870
PRCoin,PRC,325,0.0235606,0.00000975,43404.5,222935.0,9462200.0,789462200.0,-0.0,2.28,2.91,1496430888
Flycoin,FLY,326,0.96707,0.00040025,1613.96,203864.0,210806.0,210806.0,0.05,10.16,178.56,1496430866
NuBits,USNBT,327,1.00162,0.00041455,68199.0,197090.0,196772.0,838087.0,0.18,0.05,0.1,1496430855
LiteBar,LTB,328,0.294985,0.00012209,840.03,190556.0,645985.0,645985.0,0.05,-37.54,-10.99,1496430846
KibiCoin,KIC,329,0.012813,0.00000530,748.108,187787.0,14656000.0,14656000.0,-13.46,-22.82,,1496430594
GoldBlocks,GB,330,0.011736,0.00000486,524.318,174485.0,14867460.0,14867460.0,-2.26,-4.93,9.58,1496430875
Netko,NETKO,331,0.0704507,0.00002916,1064.32,172578.0,2449622.0,2449622.0,0.08,5.87,-9.89,1496430889
UnbreakableCoin,UNB,332,0.0732005,0.00003030,4506.46,166762.0,2278150.0,2278150.0,-0.86,-3.15,8.79,1496430851
Tattoocoin (Standard Edition),TSE,333,0.00143354,0.00000059,1092.6,163975.0,114384647.0,604384647.0,0.08,6.36,23.51,1496430886
bitBTC,BITBTC,334,2419.14,1.00123,68589.0,162276.0,67.0,67.0,0.68,1.01,5.64,1496430856
Fastcoin,FST,335,0.001211,0.00000050,1176.56,153512.0,126764507.0,126764507.0,-0.66,-3.83,31.3,1496430842
LanaCoin,LANA,336,0.000203236,0.00000008,634.778,152121.0,748492120.0,748492120.0,32.78,22.63,65.73,1496430873
TheGCCcoin,GCC,337,0.0211173,0.00000874,2256.7,148677.0,7040531.0,867040531.0,2.03,-1.07,-12.1,1496430886
Greencoin,GREV2,338,0.0000483233,0.00000002,612.616,147846.0,3059508641.0,3059508641.0,33.38,104.11,111.95,1496430852
DigitalPrice,DP,339,0.00604143,0.00000250,1022.21,136886.0,22657959.0,22657959.0,0.0,-19.61,50.08,1496430856
Pascal Lite,PASL,340,0.0658405,0.00002725,2972.77,130374.0,1980150.0,1980150.0,0.26,18.82,-33.03,1496430889
Piggycoin,PIGGY,341,0.000265265,0.00000011,1294.46,128339.0,483812859.0,483812859.0,9.42,2.05,-38.07,1496430852
Sumokoin,SUMO,342,0.265795,0.00011,10877.8,123390.0,464231.0,9353120.0,-20.77,13.94,,1496430594
Bottlecaps,CAP,343,0.000869248,0.00000036,501.846,120778.0,138945507.0,138945507.0,-28.85,-68.24,37.03,1496430846
PipCoin,PIP,344,0.0181212,0.00000750,612.548,119114.0,6573177.0,6999979.0,-4.93,-12.57,-13.55,1496430880
BERNcash,BERN,345,0.00166721,0.00000069,929.462,118763.0,71234301.0,71234301.0,-0.38,3.7,-9.59,1496430872
Machinecoin,MAC,346,0.00604041,0.00000250,2379.49,118142.0,19558550.0,19558550.0,0.13,5.43,-6.35,1496430859
Rimbit,RBT,347,0.00100463,0.00000042,501.049,116034.0,115499623.0,393459356.0,1.35,6.06,9.41,1496430857
bitEUR,BITEUR,348,1.12392,0.00046517,22058.3,114752.0,102100.0,102100.0,0.38,-1.21,-0.38,1496430862
MojoCoin,MOJO,349,0.00947032,0.00000392,2000.61,114176.0,12056208.0,12056208.0,-2.46,3.25,-24.25,1496430871
Emerald Crypto,EMD,350,0.00594355,0.00000246,3093.44,113624.0,19117129.0,19117129.0,0.04,53.61,85.51,1496430842
CHNCoin,CNC,351,0.00444773,0.00000184,13457.5,112351.0,25260247.0,170109984.0,3.38,9.95,-11.9,1496430868
bitSilver,BITSILVER,352,19.9844,0.00827114,22777.9,112294.0,5619.0,5619.0,0.13,2.78,9.52,1496430858
QuazarCoin,QCN,353,0.0169132,0.00000700,676.017,96611.0,5712192.0,5712192.0,0.04,-2.03,7.1,1496430851
Eryllium,ERY,354,0.0217069,0.00000898,4445.99,94529.0,4354777.0,14354777.0,-0.14,-0.96,-40.98,1496430886
bitGold,BITGOLD,355,1538.56,0.636778,4020.35,86182.0,56.0,56.0,1.15,1.62,14.47,1496430858
Freicoin,FRC,356,0.00265778,0.00000110,17762.0,74169.0,27906210.0,100000000.0,0.04,2.05,11.09,1496430841
Spots,SPT,357,0.00324586,0.00000134,849.383,72727.0,22406021.0,22406021.0,5.13,-22.26,112.97,1496430843
Gapcoin,GAP,358,0.00650823,0.00000269,11681.2,70838.0,10884418.0,10884418.0,1.26,3.68,25.89,1496430858
PetroDollar,XPD,359,0.00106785,0.00000044,1369.1,68335.0,63993275.0,63993275.0,0.0,24.88,31.01,1496430849
Kurrent,KURT,360,0.0068345,0.00000283,1661.8,67795.0,9919485.0,21319485.0,0.04,-13.77,10.5,1496430882
MCAP,MCAP,361,6.37143,0.00263683,130876.0,63746.0,10005.0,100000000.0,-0.04,-5.89,,1496430594
CrevaCoin,CREVA,362,0.00172937,0.00000072,11353.3,62933.0,36390750.0,6240390800.0,0.45,0.76,-6.25,1496430863
Wexcoin,WEX,363,0.348056,0.00014405,5968.11,58379.0,167729.0,10000167729.0,0.01,-10.14,20.05,1496430880
Argentum,ARG,364,0.00744179,0.00000308,847.832,55863.0,7506685.0,7506685.0,-0.15,-9.65,3.1,1496430842
Acoin,ACOIN,365,0.0420614,0.00001741,11549.2,51318.0,1220085.0,1220085.0,0.45,1.12,-27.31,1496430855
Prime-XI,PXI,366,0.00321537,0.00000133,856.213,47582.0,14798165.0,14798165.0,4.29,10.21,72.75,1496430856
Philosopher Stones,PHS,367,0.0195468,0.00000809,3298.93,47483.0,2429219.0,2429219.0,0.16,2.28,7.58,1496430843
PonziCoin,PONZI,368,0.0537597,0.00002225,733.994,46292.0,861099.0,861099.0,-28.21,-1.36,-3.22,1496430874
LevoPlus,LVPS,369,0.0963951,0.00003990,3097.45,39755.0,412417.0,91412417.0,-0.03,103.28,-31.15,1496430889
Bolivarcoin,BOLI,370,0.00567516,0.00000235,547.208,36805.0,6485300.0,6485300.0,-6.3,7.99,24.76,1496430865
Independent Money System,IMS,371,0.00625219,0.00000259,870.543,33568.0,5368934.0,5368934.0,-2.04,-7.99,-14.19,1496430870
Rawcoin,XRC,372,0.0441192,0.00001826,1523.73,31099.0,704882.0,704882.0,-3.85,-6.13,154.17,1496430883
BeaverCoin,BVC,373,0.00893981,0.00000370,670.556,27850.0,3115258.0,3115258.0,4.52,5.29,-4.9,1496430857
PIECoin,PIE,374,0.000361093,0.00000015,526.095,26023.0,72068213.0,72068213.0,0.02,4.36,-5.38,1496430888
Marijuanacoin,MAR,375,0.0416305,0.00001723,7682.39,21760.0,522690.0,522690.0,5.27,-38.09,-18.69,1496430887
Eurocoin,EUC,376,0.00173964,0.00000072,1381.09,20407.0,11730350.0,11730350.0,4.85,20.59,-17.01,1496430865
FuzzBalls,FUZZ,377,0.00293936,0.00000122,541.411,14197.0,4829945.0,4829945.0,-2.59,0.06,2.16,1496430872
Bitvolt,VOLT,378,0.000821496,0.00000034,794.451,12415.0,15112554.0,60132654.0,0.02,1.99,-4.77,1496430894
Beatcoin,XBTS,379,0.00637408,0.00000264,1516.96,9718.0,1524686.0,2524686.0,-2.4,-12.67,20.89,1496430879
BenjiRolls,BENJI,380,0.000459071,0.00000019,6195.83,8698.0,18946436.0,18946436.0,2.72,3.12,-14.58,1496430885
Ebittree Coin,EBT,381,0.0085049,0.00000352,1118.68,7419.0,872280.0,810872280.0,0.3,-28.17,-16.04,1496430892
AllSafe,ASAFE,382,0.0000101226,0.000000004,844.911,7187.0,710000000.0,710000000.0,-28.58,-42.94,0.13,1496430881
Argus,ARGUS,383,0.00575479,0.00000238,728.728,6608.0,1148324.0,5194373.0,0.02,5.67,11.05,1496430887
Digital Money Bits,DMB,384,0.0161017,0.00000666,18917.6,5032.0,312500.0,10312500.0,-0.79,14.5,220.94,1496430594
Environ,ENV,385,0.0000241624,0.00000001,2307.46,3168.0,131129509.0,931129509.0,0.02,-18.39,,1496430894
Powercoin,PWR,386,0.0000241616,0.00000001,1340.72,1208.0,49983870.0,49983870.0,0.02,2.01,6.14,1496430874
Gold Pressed Latinum,GPL,387,0.177081,0.00007329,7652.94,,,204083.0,1.53,-7.09,9.49,1496430893
SnakeEyes,SNAKE,388,0.135328,0.00005601,661.619,,,10000000.0,2.79,-4.58,32.79,1496430894
Arcade Token,ARC,389,3.74133,0.00167261,,10777041.0,2880537.0,2880537.0,,,40.66,1496180681
Scotcoin,SCOT,390,0.00774289,0.00000321,,7742890.0,1000000000.0,1000000000.0,,-7.86,55.97,1496426352
AsiaCoin,AC,391,0.00293733,0.00000122,64.7446,2466829.0,839820090.0,839820090.0,-0.02,-3.95,-17.24,1496430850
XCurrency,XC,392,0.386586,0.00016,53.1556,2244846.0,5806848.0,5806848.0,0.02,-9.34,-25.96,1496430869
Bitpark Coin,BPC,393,0.0198126,0.00000820,143.339,1485945.0,75000000.0,100000000.0,0.02,20.92,14.07,1496430884
NewYorkCoin,NYC,394,0.0000194908,0.000000008,434.331,1163989.0,59719935819.0,59719935819.0,-19.26,-17.66,-7.7,1496430849
InsaneCoin,INSANE,395,0.0550598,0.00002279,275.263,1009851.0,18340991.0,18340991.0,-4.41,-22.54,33.75,1496430882
Devcoin,DVC,396,0.0000615295,0.00000003,44.9726,861716.0,14004927500.0,14004927500.0,-0.31,-4.11,34.87,1496430840
GlobalCoin,GLC,397,0.0129506,0.00000536,363.301,844004.0,65171010.0,65171010.0,0.04,-9.6,-50.57,1496430842
ShadowCash,SDC,398,0.122936,0.00005088,406.981,819640.0,6667207.0,6667207.0,-0.55,2.2,-13.45,1496430853
Casino,CASINO,399,0.803849,0.0003327,23.3116,803849.0,1000000.0,1000000.0,1.76,76.85,38.35,1496430888
Pandacoin,PND,400,0.0000241616,0.00000001,177.645,785612.0,32514916898.0,32514916898.0,-0.0,2.05,6.04,1496430847
Ultimate Secure Cash,USC,401,0.0736427,0.00003048,135.069,761695.0,10343113.0,38602656.0,0.02,,-0.99,1496430890
DubaiCoin,DBIC,402,0.146386,0.00006059,265.816,750816.0,5129014.0,6146942.0,-0.13,-9.16,-3.63,1496430870
Carboncoin,CARBON,403,0.0000483233,0.00000002,15.1856,743789.0,15391933857.0,15391933857.0,-0.0,13.88,6.14,1496430854
Tao,XTO,404,0.0225739,0.00000934,210.112,684366.0,30316714.0,32316714.0,0.02,56.62,17.8,1496430879
CageCoin,CAGE,405,0.0000063299,0.000000003,242.02,640389.0,101168328395,101168328395,21.44,27.64,56.12,1496430846
Deutsche eMark,DEM,406,0.0205505,0.00000851,481.279,571169.0,27793416.0,27793416.0,-0.01,-2.27,3.65,1496430843
Cryptofund,FUND,407,0.5588,0.0002553,,558800.0,1000000.0,1000000.0,,,-16.13,1495948164
E-Currency Coin ,ECC,408,0.0000241616,0.00000001,3.8683,533019.0,22060603799.0,22060603799.0,0.04,2.05,5.98,1496430847
Colossuscoin V2,CV2,409,0.0000221496,0.000000009,95.2404,491506.0,22190280273.0,22190280273.0,4.95,15.71,-31.35,1496430860
ReeCoin,REE,410,0.0385148,0.00001594,364.878,476340.0,12367704.0,6662367704.0,0.02,-5.34,73.3,1496430876
SmileyCoin,SMLY,411,0.0000177334,0.000000007,123.838,460363.0,25960250000.0,25960250000.0,1.37,-14.93,-26.94,1496430859
Dashcoin,DSH,412,0.0261458,0.00001082,336.948,452102.0,17291579.0,17291579.0,10.35,1.95,10.06,1496430856
PayCoin,XPY,413,0.0377846,0.00001564,115.751,442188.0,11702851.0,11752851.0,-0.46,421.49,120.23,1496430858
CasinoCoin,CSC,414,0.0113728,0.00000471,302.853,439004.0,38601187.0,38601187.0,0.38,-2.57,-9.71,1496430842
YashCoin,YASH,415,0.043491,0.00001800,356.345,434915.0,10000117.0,10000117.0,-1.44,-7.83,20.67,1496430885
Happycoin,HPC,416,0.0363391,0.00001504,227.86,413029.0,11365954.0,11365954.0,0.02,-0.19,166.63,1496430892
Mineum,MNM,417,0.0435274,0.00001802,80.1494,410741.0,9436367.0,9586367.0,13.42,24.62,3.21,1496430875
LTBcoin,LTBC,418,0.000742106,0.00000032,,366499.0,493863915.0,493863915.0,,,,1496287754
MTMGaming,MTM,419,0.120442,0.00004985,453.826,361326.0,3000000.0,5000000.0,1.76,77.93,217.86,1496430889
Orbitcoin,ORB,420,0.121348,0.00005022,240.431,358674.0,2955745.0,2955745.0,-0.65,-1.29,6.41,1496430843
RussiaCoin,RC,421,0.0427178,0.00001768,0.289866,350988.0,8216446.0,8216446.0,0.02,2.11,11.03,1496430869
SuperCoin,SUPER,422,0.00845658,0.00000350,50.7395,348036.0,41155630.0,41155630.0,0.04,2.11,,1496430850
HOdlcoin,HODL,423,0.00364841,0.00000151,241.74,338345.0,92737545.0,250000000.0,0.02,18.47,-2.87,1496430871
Crypto Bullion,CBX,424,0.326368,0.00013508,79.9457,325017.0,995860.0,995860.0,0.38,29.57,-13.63,1496430843
SmartCoin,SMC,425,0.0130363,0.00000540,107.806,298452.0,22893894.0,22893894.0,-0.0,31.41,2.46,1496430846
FuelCoin,FC2,426,0.0028994,0.00000120,115.415,294036.0,101412544.0,101412544.0,-0.0,-14.9,,1496430852
Rare Pepe Party,RAREPEPEPRTY,427,16.1275,0.0067095,,290295.0,18000.0,100000.0,,,5.36,1496315982
Shorty,SHORTY,428,0.00282691,0.00000117,0.282691,282691.0,100000000.0,100000000.0,0.02,-43.16,-22.87,1496430883
The Cypherfunks,FUNK,429,0.0000060704,0.000000003,130.62,268089.0,44163645000.0,44163645000.0,3.08,29.49,0.59,1496430863
HitCoin,HTC,430,0.0000241616,0.00000001,15.5526,265689.0,10996318099.0,20996318099.0,0.02,-44.34,-36.0,1496430871
BTCtalkcoin,TALK,431,0.00357833,0.00000161,,233631.0,65290635.0,65290635.0,,,-26.93,1496191750
Bitstar,BITS,432,0.00962686,0.00000398,232.065,222185.0,23079737.0,23079737.0,-1.27,12.55,88.81,1496430848
AgrolifeCoin,AGLC,433,0.0472658,0.00001990,,216583.0,4582236.0,204582236.0,,,,1496301878
VirtualCoin,VC,434,0.0214555,0.00000888,219.29,215934.0,10064287.0,10064287.0,0.04,248.62,-0.63,1496430853
BritCoin,BRIT,435,0.0096405,0.00000399,163.133,205035.0,21268092.0,21268092.0,-0.0,1.88,4.56,1496430853
Vault Coin,VLTC,436,0.00682886,0.00000283,32.5694,202994.0,29725900.0,529725900.0,0.01,43.17,-19.81,1496430883
Pesobit,PSB,437,0.00587128,0.00000243,401.914,191824.0,32671518.0,32671518.0,0.02,-2.01,8.37,1496430880
SwagBucks,BUCKS,438,0.922238,0.00038169,2.2457,189684.0,205678.0,205678.0,0.17,0.06,-25.04,1496430868
42-coin,42,439,4510.58,1.86684,64.3245,189444.0,42.0,42.0,0.05,0.18,22.96,1496430844
Kobocoin,KOBO,440,0.00742148,0.00000307,113.311,183312.0,24700248.0,24700248.0,0.18,-35.38,-51.33,1496430859
Zero,ZER,441,0.244033,0.000101,463.675,182105.0,746230.0,746230.0,6.31,8.48,0.69,1496430888
Bitz,BITZ,442,0.0892373,0.00003720,,177662.0,1990891.0,1990891.0,,1.32,,1496351362
BillaryCoin,BLRY,443,0.0195951,0.00000811,24.1709,176026.0,8983158.0,8983158.0,0.02,6.73,-8.59,1496430874
Tristar Coin,TSTR,444,0.0343849,0.00001500,,172882.0,5027857.0,255027857.0,,,-16.04,1496271895
NetCoin,NET,445,0.000217656,0.00000009,82.4616,171323.0,787126712.0,787126712.0,-0.46,-2.55,-3.39,1496430844
Veltor,VLT,446,0.308738,0.00012778,344.831,171305.0,554855.0,554855.0,-13.41,-34.69,-1.95,1496430878
Titcoin,TIT,447,0.0031507,0.00000130,137.263,157214.0,49898202.0,49898202.0,0.14,9.83,-10.71,1496430854
LottoCoin,LOT,448,0.0000098875,0.000000004,10.8141,143280.0,14491014421.0,14491014421.0,31.97,3.36,7.91,1496430846
Crave,CRAVE,449,0.112835,0.00004670,262.851,141009.0,1249695.0,1249695.0,-0.0,-28.41,51.14,1496430861
GAIA,GAIA,450,0.0057988,0.00000240,57.988,139759.0,24101381.0,24101381.0,-0.0,24.28,17.21,1496430857
Stress,STS,451,0.000241616,0.00000010,2.83899,136545.0,565134332.0,565134332.0,0.02,1.99,-2.78,1496430871
TEKcoin,TEK,452,0.0000953415,0.00000004,382.44,134818.0,1414054562.0,1414054562.0,0.04,0.48,109.36,1496430850
Truckcoin,TRK,453,0.00108723,0.00000045,71.0151,133823.0,123086262.0,123086262.0,-0.0,-9.95,43.25,1496430853
Coin(O),CNO,454,0.00126189,0.00000052,277.514,130121.0,103116254.0,103116254.0,-12.22,1.94,37.95,1496430849
PureVidz,VIDZ,455,0.00102891,0.00000043,242.647,128804.0,125184739.0,125184739.0,0.02,-31.35,2.49,1496430885
Bitcurrency,BTCR,456,0.000739277,0.00000031,93.0898,124400.0,168272340.0,168272340.0,0.02,5.41,27.77,1496430883
Digital Rupees,DRS,457,0.000241616,0.00000010,122.531,123418.0,510802961.0,510802961.0,2.59,11.32,-3.75,1496430886
C-Bit,XCT,458,0.000918143,0.00000038,57.4533,121006.0,131794000.0,131794000.0,-15.54,21.11,30.1,1496430871
MetalCoin,METAL,459,0.00154592,0.00000064,,118921.0,76925527.0,76925527.0,0.01,-6.32,-9.45,1496430259
BitcoinTX,BTX,460,0.00142554,0.00000059,58.7297,115558.0,81062451.0,81062451.0,0.04,-44.76,-50.43,1496430861
Pakcoin,PAK,461,0.00313253,0.00000130,373.775,114796.0,36646400.0,36646400.0,0.13,17.17,13.75,1496430865
Xiaomicoin,MI,462,0.000281926,0.00000012,295.428,114502.0,406141855.0,406141855.0,0.03,15.08,10.83,1496430864
Phoenixcoin,PXC,463,0.00193236,0.00000080,381.658,111860.0,57887875.0,57887875.0,6.7,22.05,64.16,1496430842
TittieCoin,TTC,464,0.0000854140,0.00000004,156.612,107606.0,1259816434.0,1259816434.0,0.04,21.15,34.04,1496430857
HyperStake,HYP,465,0.000278683,0.00000012,276.438,107515.0,385796097.0,385796097.0,0.01,14.59,26.08,1496430854
Cannacoin,CCN,466,0.021528,0.00000891,26.9486,101131.0,4697672.0,4697672.0,0.04,-11.42,-2.24,1496430849
BigUp,BIGUP,467,0.0000483233,0.00000002,179.786,99282.0,2054528476.0,2054528476.0,-0.0,2.05,67.05,1496430870
Sterlingcoin,SLG,468,0.0254092,0.00001052,352.166,98617.0,3881156.0,3881156.0,8.77,-1.4,-7.86,1496430855
GlobalBoost-Y,BSTY,469,0.00855538,0.00000354,285.89,97518.0,11398430.0,11398430.0,2.01,2.99,9.01,1496430856
Dollarcoin,DLC,470,0.0107036,0.00000443,0.26759,97475.0,9106714.0,9106714.0,0.02,2.51,,1496430880
Swing,SWING,471,0.041703,0.00001726,43.0692,95003.0,2278096.0,2278096.0,-4.97,-16.04,-8.16,1496430866
HoboNickels,HBN,472,0.00193293,0.00000080,295.718,93891.0,48574186.0,48574186.0,-16.64,-10.27,46.64,1496430843
Coin2.1,C2,473,0.000928715,0.00000038,308.972,92850.0,99976323.0,99976323.0,-0.02,4.96,-12.62,1496430852
FlutterCoin,FLT,474,0.000286579,0.00000012,11.421,92340.0,322214524.0,322214524.0,0.07,1.0,-13.29,1496430851
NoLimitCoin,NLC2,475,0.00043491,0.00000018,49.8242,87182.0,200458790.0,200458790.0,1.17,8.03,-3.45,1496430878
WayGuide,WAY,476,0.000869819,0.00000036,2.69557,87017.0,100040708.0,100040708.0,0.02,,16.57,1496430879
BunnyCoin,BUN,477,0.0000008238,0.0000000003,21.3305,83546.0,101411309138,101411309138,0.52,-0.97,-1.43,1496430855
KiloCoin,KLC,478,0.000410748,0.00000017,4.10748,80629.0,196297971.0,10025186872.0,0.02,2.01,20.29,1496430870
AmberCoin,AMBER,479,0.00178796,0.00000074,2.75291,78032.0,43643263.0,43643263.0,0.04,19.92,2.53,1496430858
KushCoin,KUSH,480,0.0144003,0.00000596,102.242,77672.0,5393750.0,5393750.0,0.02,22.06,28.77,1496430886
AquariusCoin,ARCO,481,0.0617517,0.00002556,175.456,75483.0,1222359.0,1222359.0,-0.02,41.88,41.44,1496430873
UFO Coin,UFO,482,0.0000229521,0.00000001,,75447.0,3287146262.0,3287146262.0,,,0.82,1496273048
Elementrem,ELE,483,0.00296307,0.00000123,122.49,74134.0,25019210.0,25019210.0,0.05,7.08,7.79,1496430878
GameUnits,UNITS,484,0.0213002,0.00000882,25.9855,73832.0,3466240.0,3466240.0,0.02,-1.61,-21.35,1496430885
Darsek,KED,485,0.00744179,0.00000308,25.7898,73385.0,9861155.0,9861155.0,0.02,-1.82,-22.95,1496430891
Triangles,TRI,486,1.00297,0.00041511,10.5069,73108.0,72891.0,72891.0,-0.0,-13.29,-13.14,1496430853
CCMiner,CCM100,487,0.0297722,0.00001232,66.2729,71940.0,2416354.0,6000000.0,1.76,13.91,14.29,1496430886
Lex4All,LEX,488,0.0717239,0.00002969,122.935,71727.0,1000043.0,5000000.0,4.05,57.8,38.92,1496430889
Valorbit,VAL,489,0.0000241616,0.00000001,2.65778,69401.0,2872369637.0,922340072369637,0.02,1.99,6.14,1496430872
ChessCoin,CHESS,490,0.00127682,0.00000053,40.3173,68905.0,53966353.0,53966353.0,-43.34,8.85,82.28,1496430875
SproutsExtreme,SPEX,491,0.0000240044,0.00000001,,68811.0,2866607586.0,2866607586.0,,1.37,5.45,1496425768
CorgiCoin,CORG,492,0.0000537375,0.00000002,0.0575451,67272.0,1251855418.0,1251855418.0,-0.31,-18.06,-69.24,1496430846
Guncoin,GUN,493,0.000362381,0.00000015,25.2368,65995.0,182114428.0,182114428.0,-0.0,-4.36,44.52,1496430850
HempCoin,HMP,494,0.0000483233,0.00000002,120.808,65556.0,1356621110.0,2856621110.0,0.02,2.03,21.75,1496430869
Yacoin,YAC,495,0.000531556,0.00000022,4.5882,61722.0,116116605.0,116116605.0,-4.33,-2.42,-4.41,1496430842
Ratecoin,XRA,496,0.00057981,0.00000024,141.629,61516.0,106096515.0,106096515.0,0.81,-0.13,-13.82,1496430863
Blakecoin,BLC,497,0.00509811,0.00000211,181.803,60723.0,11910789.0,11910789.0,-12.76,-11.02,-12.04,1496430845
Bitcloud,BTD,498,0.00536389,0.00000222,38.119,59748.0,11138866.0,11138866.0,0.05,-36.73,-7.92,1496430878
DigiCube,CUBE,499,0.0000241602,0.000000010,10.5142,58688.0,2429126009.0,2429126009.0,0.07,25.6,6.06,1496430866
RevolverCoin,XRE,500,0.00260946,0.00000108,39.9433,56871.0,21794080.0,21794080.0,0.04,22.44,12.7,1496430874
Chronos,CRX,501,0.000731998,0.00000030,235.943,53970.0,73729962.0,73729962.0,-7.65,1.71,13.54,1496430876
Nyancoin,NYAN,502,0.000179479,0.00000007,61.3467,53465.0,297891209.0,297891209.0,0.23,-5.14,-1.6,1496430845
Evotion,EVO,503,0.0214716,0.00000889,35.7567,53018.0,2469220.0,2469220.0,7.33,26.94,-37.53,1496430867
CoExistCoin,COXST,504,0.00184514,0.00000076,34.6363,50075.0,27138905.0,27138905.0,23.68,21.7,-5.51,1496430872
Zayedcoin,ZYD,505,0.00797334,0.00000330,20.595,49784.0,6243840.0,6243840.0,-0.0,0.47,-12.22,1496430878
Debitcoin,DBTC,506,0.00274762,0.00000114,39.4927,49435.0,17992050.0,25992050.0,-22.61,-21.1,-8.38,1496430874
Artex Coin,ATX,507,0.00262555,0.00000109,194.954,49092.0,18697885.0,268697885.0,0.02,-1.49,26.74,1496430879
RedCoin,RED,508,0.000661841,0.00000027,13.7082,49048.0,74107896.0,74107896.0,-0.04,7.21,-30.83,1496430845
SatoshiMadness,MAD,509,0.0000241616,0.00000001,9.9063,48340.0,2000683485.0,2000683485.0,0.02,1.99,6.14,1496430869
NevaCoin,NEVA,510,0.0266172,0.00001102,366.433,48295.0,1814425.0,1814425.0,0.35,-4.94,12.98,1496430870
AurumCoin,AU,511,0.161859,0.00006699,119.87,47945.0,296216.0,296216.0,0.39,-25.17,-17.85,1496430856
Aricoin,ARI,512,0.000338263,0.00000014,26.7596,47446.0,140262505.0,140262505.0,0.04,-4.96,21.84,1496430846
PayCon,CON,513,0.00203792,0.00000084,127.462,46959.0,23042604.0,23042604.0,0.03,62.29,53.77,1496430860
MarteXcoin,MXT,514,0.0170325,0.00000705,0.140877,46467.0,2728161.0,2728161.0,-0.91,5.84,-33.4,1496430874
Eternity,ENT,515,0.0151388,0.00000627,299.324,46428.0,3066807.0,3066807.0,-0.02,-22.1,-26.44,1496430884
ICOBID,ICOB,516,0.00043491,0.00000018,89.4192,45171.0,103862796.0,103862796.0,0.02,-3.26,24.24,1496430885
BurstOcean,OCEAN,517,0.204346,0.00008457,8.17382,43286.0,211827.0,1000000.0,1.76,0.46,19.94,1496430888
Jin Coin,JIN,518,0.00432493,0.00000179,65.8446,42594.0,9848485.0,9848485.0,-0.0,-58.04,,1496430878
Sativacoin,STV,519,0.00585874,0.00000242,0.493737,41462.0,7076870.0,7076870.0,0.04,-9.69,7.52,1496430856
UniCoin,UNIC,520,0.0141102,0.00000584,106.869,41085.0,2911737.0,2911737.0,0.38,2.37,13.27,1496430862
Joulecoin,XJO,521,0.00127064,0.00000053,37.8309,40992.0,32260808.0,32260808.0,0.04,-2.22,11.64,1496430843
AmsterdamCoin,AMS,522,0.00425245,0.00000176,75.9403,40839.0,9603707.0,16803707.0,0.04,-9.83,14.38,1496430864
UCoin,U,523,0.0150044,0.00000621,172.393,40359.0,2689812.0,2689812.0,0.04,117.78,4.96,1496430857
MiloCoin,MILO,524,0.00389003,0.00000161,0.711971,40033.0,10291176.0,10291176.0,0.02,-19.59,79.89,1496430889
808Coin,808,525,0.000193803,0.00000008,168.751,39979.0,206285232.0,206285232.0,0.06,2.21,35.89,1496430877
Francs,FRN,526,0.0229344,0.00000949,187.289,39312.0,1714100.0,1714100.0,0.19,-17.17,13.81,1496430869
MACRON,MCRN,527,0.0000969415,0.00000004,260.007,38914.0,401421401.0,401421401.0,32.69,12.39,6.42,1496430893
Honey,HONEY,528,0.560686,0.00023206,446.515,38298.0,68306.0,68306.0,4.9,172.84,-7.04,1496430889
Franko,FRK,529,0.0601142,0.00002488,7.36048,38290.0,636950.0,636950.0,1.01,8.69,,1496430840
Tigercoin,TGC,530,0.000869819,0.00000036,9.29158,37869.0,43536800.0,43536800.0,0.05,-8.15,26.71,1496430844
Universe,UNI,531,0.0120325,0.00000498,102.439,35844.0,2978922.0,14178922.0,0.02,5.98,11.81,1496430890
WMCoin,WMC,532,0.00309269,0.00000128,0.478739,35651.0,11527489.0,911527489.0,0.05,,,1496430873
PopularCoin,POP,533,0.0000106106,0.000000004,6.00608,35468.0,3342728160.0,3342728160.0,-0.03,7.14,5.68,1496430849
OctoCoin,888,534,0.000731587,0.00000030,30.0918,35393.0,48378228.0,48378228.0,0.05,-15.82,45.16,1496430848
FlavorCoin,FLVR,535,0.00167647,0.00000069,1.31372,35035.0,20898106.0,20898106.0,0.01,21.97,65.95,1496430868
Cypher,CYP,536,0.00546053,0.00000226,241.616,34758.0,6365285.0,6365285.0,0.04,2.01,-7.44,1496430860
Solarflarecoin,SFC,537,0.00251281,0.00000104,173.027,34473.0,13718750.0,13718750.0,0.02,18.73,-18.04,1496430886
Dobbscoin,BOB,538,0.00678942,0.00000281,3.77846,34357.0,5060382.0,5060382.0,2.59,3.73,10.31,1496430854
HealthyWormCoin,WORM,539,0.00215039,0.00000089,163.855,34259.0,15931434.0,15931434.0,0.02,-8.31,-18.15,1496430891
Photon,PHO,540,0.0000018723,0.0000000008,79.3343,33405.0,17841834641.0,17841834641.0,-0.3,31.04,28.13,1496430847
SpaceCoin,SPACE,541,0.00185283,0.00000077,44.1998,32979.0,17799395.0,17799395.0,-0.02,-13.63,-0.6,1496430865
Allion,ALL,542,0.00527258,0.00000218,175.352,32687.0,6199359.0,7323359.0,-15.25,18.46,-24.9,1496430887
Evil Coin,EVIL,543,0.00152,0.00000063,0.929104,31951.0,21020383.0,21020383.0,0.05,-0.08,7.2,1496430869
CryptoWorldX Token,CWXT,544,0.000578478,0.00000024,2.12912,31640.0,54695390.0,54695390.0,-0.22,1.92,-2.26,1496430887
Uro,URO,545,0.0260221,0.00001077,61.6867,31417.0,1207310.0,1207310.0,-0.0,-0.03,-3.19,1496430852
RonPaulCoin,RPC,546,0.0387975,0.00001606,19.0542,30623.0,789293.0,789293.0,0.04,-11.5,44.3,1496430846
LeaCoin,LEA,547,0.000110564,0.00000005,70.2478,30543.0,276247289.0,276247289.0,0.28,60.51,14.99,1496430861
Creatio,XCRE,548,0.00148832,0.00000062,244.984,30541.0,20520514.0,20520514.0,-1.85,19.51,37.88,1496430884
Dreamcoin,DRM,549,0.0120275,0.00000503,,29311.0,2436996.0,2436996.0,,,-0.15,1496330352
Hexx,HXX,550,0.0214621,0.00000888,381.292,29049.0,1353523.0,1353523.0,13.92,-17.24,-36.52,1496430863
SixEleven,611,551,0.0698272,0.00002890,9.05939,28776.0,412096.0,412096.0,0.04,-19.25,-60.56,1496430872
Zurcoin,ZUR,552,0.000362425,0.00000015,12.7564,28628.0,78991248.0,78991248.0,0.02,4.8,15.6,1496430873
Hommalicoin,HMC,553,11.7946,0.00496011,,28528.0,2419.0,1000000000.0,,,114.2,1496299177
PlatinumBAR,XPTX,554,0.157051,0.00006500,9.75896,27444.0,174745.0,174745.0,0.02,19.19,3.02,1496430873
Bitzeny,ZNY,555,0.000362425,0.00000015,59.5687,27405.0,75614500.0,75614500.0,0.04,-4.36,21.91,1496430863
Unrealcoin,URC,556,0.00381754,0.00000158,20.3515,26816.0,7024402.0,7024402.0,0.04,,1.23,1496430860
GoldPieces,GP,557,0.0218412,0.00000904,322.388,26650.0,1220161.0,1220161.0,-2.36,-0.06,-31.55,1496430858
Ride My Car,RIDE,558,0.000262665,0.00000011,13.0991,26555.0,101098033.0,101098033.0,22.67,-0.62,10.9,1496430887
BumbaCoin,BUMBA,559,0.00120808,0.00000050,0.0205374,26512.0,21945950.0,21945950.0,-0.0,1.99,-24.7,1496430871
PX,PX,560,0.000338263,0.00000014,67.4144,25988.0,76826735.0,76826735.0,0.02,-34.86,-19.25,1496430878
Grantcoin,GRT,561,0.000604041,0.00000025,121.862,24965.0,41330658.0,10041330658.0,0.04,2.01,6.17,1496430864
Universal Currency,UNIT,562,0.00190228,0.00000079,55.0715,24818.0,13046431.0,13046431.0,0.04,-44.36,-73.06,1496430861
Firecoin,FIRE,563,0.251402,0.00010405,0.754085,24741.0,98412.0,98412.0,-0.0,76.74,-12.19,1496430853
CryptoEscudo,CESC,564,0.000169132,0.00000007,31.1473,24373.0,144105100.0,594105100.0,0.04,2.01,6.07,1496430848
X-Coin,XCO,565,0.00193293,0.00000080,11.4784,23939.0,12384976.0,12384976.0,0.04,,,1496430860
Cannation,CNNC,566,0.00949553,0.00000393,77.4714,23310.0,2454880.0,2454880.0,0.02,-14.41,-13.87,1496430894
NeuCoin,NEU,567,0.0000116896,0.000000005,0.0168915,23271.0,1990764588.0,2014638413.0,-0.91,-15.09,,1496430866
Theresa May Coin,MAY,568,0.00152228,0.00000063,13.9313,23269.0,15285400.0,15285400.0,0.01,-1.07,,1496430594
ARbit,ARB,569,0.00357811,0.00000149,,23158.0,6472185.0,6472185.0,,1.39,20.53,1496362165
SoonCoin,SOON,570,0.00181212,0.00000075,3.72841,22584.0,12462620.0,12462620.0,7.18,-6.15,-24.02,1496430859
AntiBitcoin,ANTI,571,0.00128057,0.00000053,207.253,22365.0,17465159.0,17465159.0,0.04,-6.74,10.3,1496430867
ParallelCoin,DUO,572,0.0768037,0.00003179,291.667,22080.0,287489.0,287489.0,0.24,4.83,-2.93,1496430866
BiosCrypto,BIOS,573,0.00103895,0.00000043,0.265754,21545.0,20737003.0,20737003.0,0.04,-10.83,-7.96,1496430863
B3Coin,B3,574,0.0689349,0.00002853,76.5825,21187.0,307348.0,307348.0,-7.07,2.38,21.79,1496430878
Flaxscript,FLAX,575,0.00364841,0.00000151,1.79796,20053.0,5496479.0,5496479.0,0.04,2.06,4.92,1496430863
MindCoin,MND,576,0.00157051,0.00000065,20.233,19705.0,12546625.0,12546625.0,0.05,-1.03,-1.44,1496430868
Litecred,LTCR,577,0.00064278,0.00000027,161.277,19430.0,30227750.0,30227750.0,0.02,-21.13,96.12,1496430869
Prototanium,PR,578,0.0998049,0.00004131,59.0952,19408.0,194462.0,194462.0,0.05,38.93,2.15,1496430870
Kittehcoin,MEOW,579,0.0000008058,0.0000000003,387.942,19263.0,23905669976.0,23905669976.0,-0.16,-2.75,55.24,1496430845
BTCDragon,DRAGON,580,0.0473649,0.00001960,189.459,19142.0,404146.0,1000000.0,1.76,-47.9,-55.18,1496430887
PLNcoin,PLNC,581,0.00111144,0.00000046,1.17926,18994.0,17089600.0,19089600.0,0.04,4.32,-10.98,1496430848
Destiny,DES,582,0.0117184,0.00000485,202.851,18749.0,1600000.0,1600000.0,0.04,-22.68,5.92,1496430869
Magnum,MGM,583,0.00516496,0.00000225,,18735.0,3627290.0,253627290.0,,,68.06,1496272491
IslaCoin,ISL,584,0.012315,0.00000510,318.344,18641.0,1513704.0,1513704.0,0.04,2.35,-9.88,1496430865
Halcyon,HAL,585,0.00398667,0.00000165,9.27887,18540.0,4650431.0,4650431.0,0.04,11.39,-9.32,1496430854
Impact,IMX,586,0.000167782,0.00000007,,18341.0,109314611.0,109314611.0,,-8.34,,1496425488
VIP Tokens,VIP,587,0.000217455,0.00000009,2.41626,18147.0,83450403.0,83450403.0,0.02,-8.21,-13.16,1496430870
Alexium,AUM,588,0.000893981,0.00000037,1.23775,18145.0,20297336.0,20297336.0,0.04,,13.67,1496430864
Luna Coin,LUNA,589,0.0147776,0.00000612,234.956,18138.0,1227386.0,1227386.0,0.01,2.84,4.68,1496430885
SecretCoin,SCRT,590,0.00424808,0.00000177,,17964.0,4228672.0,4228672.0,,1.33,,1496414965
BipCoin,BIP,591,0.0132889,0.00000550,56.1592,17859.0,1343889.0,1343889.0,0.02,4.46,-33.66,1496430881
VapersCoin,VPRC,592,0.0000228818,0.000000009,85.1678,17851.0,780124964.0,1635124964.0,0.05,289.01,21.33,1496430878
SongCoin,SONG,593,0.000540963,0.00000022,31.6185,17617.0,32565300.0,32565300.0,3.09,-13.42,11.58,1496430860
Vector,VEC2,594,0.00108727,0.00000045,26.4687,17226.0,15843470.0,15843470.0,0.04,-7.72,-39.61,1496430864
GameBet Coin,GBT,595,0.000797334,0.00000033,0.398667,16954.0,21262780.0,22262780.0,0.02,-3.84,3.59,1496430873
Steps,STEPS,596,0.000893981,0.00000037,0.44699,16650.0,18625017.0,18625017.0,0.04,,12.1,1496430865
Shilling,SH,597,0.00505737,0.00000209,223.273,16304.0,3223850.0,3223850.0,0.34,161.12,119.78,1496430879
Sling,SLING,598,0.0151252,0.00000626,10.6059,16246.0,1074095.0,1074095.0,0.04,1.85,46.67,1496430861
Orlycoin,ORLY,599,0.000431634,0.00000018,,15818.0,36646779.0,36646779.0,,1.22,18.5,1496410470
AnarchistsPrime,ACP,600,0.00357434,0.00000148,6.18248,15709.0,4394874.0,4394874.0,0.04,7.19,61.87,1496430863
Sprouts,SPRTS,601,0.0000000876,0.00000000004,23.6291,15346.0,175195920105,175195920105,-0.55,18.03,-58.48,1496430863
Metal Music Coin,MTLMC3,602,0.000192341,0.00000008,21.1454,15333.0,79719140.0,79719140.0,0.04,7.7,42.51,1496430863
Blackstar,BSTAR,603,0.0000241844,0.00000001,,15255.0,630795971.0,630795971.0,0.11,2.09,6.24,1496428185
BowsCoin,BSC,604,0.0027061,0.00000112,16.7778,15019.0,5550102.0,5550102.0,0.04,2.01,69.71,1496430863
BlazeCoin,BLZ,605,0.0000239132,0.000000010,0.487967,14553.0,608557394.0,608557394.0,-0.31,4.35,14.53,1496430852
BitQuark,BTQ,606,0.00202958,0.00000084,17.0232,14523.0,7155671.0,7155671.0,0.04,-1.5,-38.18,1496430851
DAPPSTER,DLISK,607,0.00014497,0.00000006,0.262323,14497.0,100000000.0,100000000.0,-0.0,-23.46,-31.44,1496430875
GuccioneCoin,GCC,608,0.000700688,0.00000029,0.559028,14214.0,20285537.0,23775537.0,0.04,2.01,-12.06,1496430864
OsmiumCoin,OS76,609,0.0158984,0.00000658,3.44685,14214.0,894026.0,894026.0,0.04,8.79,20.83,1496430866
GPU Coin,GPU,610,0.000342607,0.00000014,199.834,13868.0,40477042.0,51530001.0,-8.99,8.69,32.37,1496430874
BitTokens,BXT,611,0.0253697,0.00001050,32.5658,13181.0,519561.0,519561.0,0.08,1.04,145.97,1496430878
TajCoin,TAJ,612,0.00225763,0.00000093,65.7885,13032.0,5772445.0,5772445.0,1.51,29.93,44.72,1496430879
Crypto,CTO,613,0.00128057,0.00000053,157.823,12711.0,9926350.0,9926350.0,0.04,-14.18,-37.5,1496430862
MustangCoin,MST,614,0.0195346,0.00000808,0.262725,12282.0,628716.0,628716.0,0.17,-13.02,-53.03,1496430879
TAGRcoin,TAGR,615,0.000314101,0.00000013,0.343651,12146.0,38669634.0,38669634.0,-0.0,-5.29,-8.01,1496430864
Money,$$$,616,0.00026054,0.00000011,73.0854,11955.0,45887218.0,45887218.0,9.47,10.36,-30.95,1496430866
WARP,WARP,617,0.0105936,0.00000443,,11602.0,1095224.0,1095224.0,,0.94,11.06,1496415568
Bitcoin 21,XBTC21,618,0.0145198,0.00000655,,11516.0,793108.0,7093108.0,,,-44.44,1496220571
Solaris,XLR,619,0.0657197,0.00002720,156.258,11145.0,169590.0,269590.0,-0.44,-7.74,-46.58,1496430891
Comet,CMT,620,0.0126648,0.00000524,4.77987,11054.0,872830.0,872830.0,0.08,-27.73,14.4,1496430874
Abncoin,ABN,621,0.157608,0.00006523,12.6849,10670.0,67700.0,4734367.0,0.02,-3.11,48.55,1496430885
Cabbage,CAB,622,0.000990628,0.00000041,151.769,10402.0,10499996.0,10499996.0,0.02,-0.5,-33.01,1496430872
Iconic,ICON,623,0.0173964,0.00000720,0.485649,10314.0,592894.0,592894.0,0.02,,-10.1,1496430886
Future Digital Currency,FDC,624,0.00376922,0.00000156,60.4041,9737.0,2583201.0,1002583201.0,0.02,38.38,57.69,1496430884
DPAY,DPAY,625,0.000120808,0.00000005,0.355152,9609.0,79541001.0,79541001.0,0.02,27.49,35.08,1496430881
Cashcoin,CASH,626,0.000265778,0.00000011,1.86801,9523.0,35831128.0,35831128.0,0.04,,3.13,1496430846
G3N,G3N,627,0.00125641,0.00000052,2.51211,9501.0,7561891.0,7561891.0,-0.0,0.57,2.21,1496430863
LetItRide,LIR,628,0.000265778,0.00000011,120.792,9374.0,35268465.0,35268465.0,-0.0,-13.66,8.23,1496430875
Xonecoin,XOC,629,0.022277,0.00000922,2.85364,9356.0,420000.0,420000.0,0.05,2.1,,1496430877
High Voltage,HVCO,630,0.00611441,0.00000256,,9136.0,1494171.0,1694171.0,,,24.29,1496333672
1CRedit,1CR,631,0.102374,0.00004246,,9031.0,88213.0,88213.0,,1.8,-25.04,1496373868
EGO,EGO,632,0.00014497,0.00000006,9.93445,8698.0,60000001.0,60000001.0,0.02,-12.58,-5.36,1496430880
Scorecoin,SCORE,633,0.000518114,0.00000021,19.9374,8628.0,16652010.0,16652010.0,0.02,-38.71,-54.67,1496430891
iBank,IBANK,634,0.00188531,0.00000079,,8534.0,4526324.0,4526324.0,,0.74,10.42,1496357683
JIO Token,JIO,635,0.0044699,0.00000185,127.727,8529.0,1908128.0,8888888.0,-0.0,25.82,83.51,1496430884
Qibuck Asset,QBK,636,0.00568378,0.00000235,2.27351,8277.0,1456187.0,2000000.0,1.76,59.4,17.39,1496430894
Speedcash,SCS,637,0.0303712,0.00001257,296.773,7928.0,261031.0,476118.0,-42.26,-55.5,-25.84,1496430893
Zonecoin,ZNE,638,0.00306853,0.00000127,2.82904,7923.0,2581970.0,2581970.0,38.07,-15.34,3.69,1496430877
JobsCoin,JOBS,639,0.0000724849,0.00000003,69.1154,7685.0,106019270.0,200019300.0,0.02,-38.81,-9.5,1496430881
Coinonat,CXT,640,0.00356807,0.00000148,304.462,7631.0,2138602.0,8138602.0,-0.57,31.77,28.64,1496430892
Hirocoin,HIRO,641,0.0000241616,0.00000001,2.41616,7527.0,311540251.0,311540251.0,0.04,2.05,5.98,1496430848
ImpulseCoin,IMPS,642,0.000359314,0.00000015,,7274.0,20245510.0,20245510.0,,1.11,5.23,1496410181
PosEx,PEX,643,0.00282691,0.00000117,12.5318,6935.0,2453240.0,2453240.0,0.05,1.54,-1.44,1496430871
Dix Asset,DIX,644,0.0000000684,0.00000000003,,6844.0,100000000000,100000000000,,7.9,-20.98,1496417087
SydPak,SDP,645,0.0398667,0.00001650,0.241616,6320.0,158536.0,158536.0,0.04,0.39,27.0,1496430865
Printerium,PRX,646,0.00067071,0.00000028,273.333,6086.0,9074428.0,9074428.0,3.62,-2.44,9.12,1496430886
BioBar,BIOB,647,0.00669278,0.00000277,105.967,5928.0,885756.0,985756.0,5.75,35.92,54.53,1496430890
Concoin,CONX,648,0.0076834,0.00000318,97.6426,5285.0,687849.0,1538849.0,0.02,2.68,68.76,1496430892
Elysium,ELS,649,0.00126073,0.00000052,56.7206,5049.0,4005012.0,4005012.0,-2.22,40.05,3.18,1496430887
Save and Gain,SANDG,650,0.00141989,0.00000064,,4352.0,3064800.0,3064800.0,,,-5.5,1496226272
Antilitecoin,ALTC,651,0.000120808,0.00000005,8.11297,3807.0,31512613.0,31512613.0,0.02,-27.15,-33.66,1496430871
GeertCoin,GEERT,652,0.000736782,0.00000030,13.1546,3750.0,5090239.0,5090239.0,0.08,-10.61,-24.62,1496430889
NodeCoin,NODC,653,0.00221639,0.00000097,,3720.0,1678439.0,5878439.0,,,1.42,1496270080
Revenu,REV,654,0.00275443,0.00000114,29.9676,3293.0,1195525.0,1195525.0,0.05,,-4.53,1496430870
Pulse,PULSE,655,0.000188466,0.00000008,96.6356,2695.0,14298972.0,14298972.0,0.59,-13.57,-65.13,1496430870
Selfiecoin,SLFI,656,0.0000241616,0.00000001,1.93293,2605.0,107829281.0,107829281.0,0.04,2.05,6.14,1496430860
Californium,CF,657,0.0195951,0.00000811,53.7883,2177.0,111110.0,111110.0,0.04,3.48,4.85,1496430861
Enigma,XNG,658,0.124795,0.00005165,34.6309,2075.0,16627.0,66627.0,0.02,-3.91,41.37,1496430872
Doubloon,BOAT,659,0.000505881,0.00000021,97.2604,1795.0,3547845.0,18547845.0,0.47,-8.45,-29.58,1496430887
P7Coin,P7C,660,0.0000483233,0.00000002,0.700277,1702.0,35220238.0,35220238.0,0.04,-31.96,6.14,1496430861
Dollar Online,DOLLAR,661,0.0152702,0.00000632,278.148,1350.0,88379.0,10088379.0,0.02,-5.07,32.29,1496430884
GanjaCoin,420G,662,0.00188461,0.00000078,28.1918,1268.0,672975.0,1741116.0,-0.0,-73.47,-94.02,1496430857
23 Skidoo,CHAO,663,3890.1,1.61003,130.659,983.0,0.0,0.0,-0.0,5.91,-31.68,1496430864
Impeachcoin,IMPCH,664,0.00306853,0.00000127,5.69202,946.0,308179.0,2501512.0,0.02,-5.44,-51.68,1496430886
Digital Credits,DGCS,665,0.00014497,0.00000006,193.867,845.0,5826388.0,201284316.0,0.02,22.39,6.14,1496430868
Zcashshare,ZHS,666,0.000216504,0.00000009,,612.0,2826000.0,2826000.0,,1.54,-32.07,1496411380
CRTCoin,CRT,667,0.00483233,0.00000200,0.0000000242,383.0,79270.0,10079270.0,0.04,2.05,5.98,1496430849
PizzaCoin,PIZZA,668,0.000241616,0.00000010,67.5559,333.0,1377917.0,10127917.0,0.02,45.76,51.62,1496430877
Xenixcoin,XEN,669,0.0265778,0.00001100,36.2425,268.0,10100.0,10010100.0,0.02,72.6,-60.18,1496430884
SwapToken,TOKEN,670,0.0000073714,0.000000003,25.914,259.0,35110531.0,35110531.0,-30.54,-56.81,1101.21,1496430876
CaliphCoin,CALC,671,0.000919577,0.00000038,12.7935,80.0,87140.0,148587140.0,0.02,-8.84,-40.34,1496430880
MikeTheMug,MUG,672,0.0000051456,0.000000002,,5.0,999279.0,1000000.0,,,-99.45,1496047185
BTCGold,XBG,673,0.136658,0.00005656,27.7243,,,99000001.0,0.02,3.61,-41.72,1496430893
Soarcoin,SOAR,674,0.0183363,0.00000759,139.75,,,5000000000.0,0.01,9.01,-38.5,1496430890
Project-X,NANOX,675,453059.0,187.5,2133.28,,,1.0,0.04,-1.03,,1496430594
Internet of Things,XOT,676,1213.81,0.50237,1538.37,,,21000000.0,0.0,8.44,21.11,1496430892
AMIS,AMIS,677,277.548,0.115061,,,,,,2.64,,1496391890
Bitcoin Unlimited (Futures),BTU,678,120.088,0.049702,633.925,,,,-0.06,-10.05,-25.98,1496430890
Malcoin,MALC,679,31.4919,0.0130339,42523.9,,,1000000000.0,0.02,31.44,6.28,1496430893
GoldUnionCoin,GUC,680,22.4875,0.0093071,19549.8,,,210000000.0,0.02,3.1,15.65,1496430893
Qtum (Pre-Launch),QTUM,681,10.903,0.00451223,39428400.0,,,100000000.0,1.16,50.91,151.47,1496430594
ZenCash,ZEN,682,9.66527,0.004,15451.4,,,1391800.0,25.06,-15.78,,1496430594
Fargocoin,FRGC,683,6.99482,0.00289501,479660.0,,,443887823.0,0.11,-1.92,3.02,1496430885
EcoCoin,ECO,684,3.93782,0.00162978,84207.6,,,1093895.0,-1.41,5.07,26.79,1496430895
Internet of People,IOP,685,3.61048,0.0014943,1784.19,,,2139405.0,1.83,3.92,45.74,1496430883
DECENT (Pre-Launch),DCT,686,2.97344,0.00123065,4738.3,,,73290000.0,0.02,5.97,-23.17,1496430884
PRIZM,PZM,687,1.11608,0.00046192,39629.9,,,,0.02,8.9,13.3,1496430894
Bitcore,BTX,688,1.0506,0.00043482,21604.7,,,16360978.0,0.12,-4.9,-37.53,1496430893
DynamicCoin,DMC,689,0.997146,0.0004127,293582.0,,,10541442931.0,-0.02,-0.13,0.05,1496430881
OBITS.WARRANT,WARRANT,690,0.99277,0.00041086,1960.91,,,,0.47,,,1496430595
Databits,DTB,691,0.837924,0.0003468,145950.0,,,,1.44,5.02,7.88,1496430891
Aeternity (Pre-Launch),AE,692,0.821548,0.00034,1962.75,,,,0.04,20.09,,1496430594
TechShares,THS,693,0.620447,0.00025679,5.79486,,,646359158.0,,6.19,0.4,1496430877
GAY Money,GAY,694,0.618548,0.000256,207.037,,,5603055422.0,-0.28,2.2,58.47,1496430879
XDE II,XDE2,695,0.575193,0.00023806,1.26241,,,42249.0,-0.79,1.94,7.31,1496430889
Bitgem,BTG,696,0.545087,0.0002256,25.5101,,,,,-30.33,-38.61,1496430842
LEOcoin,LEO,697,0.496956,0.00020568,275676.0,,,92919675.0,-0.24,10.02,21.44,1496430864
InvisibleCoin,IVZ,698,0.427661,0.000177,220.532,,,,-1.62,195.47,245.4,1496430866
WA Space,WA,699,0.370253,0.00015324,43453.8,,,,0.02,-5.31,24.37,1496430882
ZenGold,ZENGOLD,700,0.343736,0.00014226,1906.62,,,,1.45,23.72,,1496430595
ClubCoin,CLUB,701,0.275708,0.00011411,17631.6,,,90899180.0,-0.01,-1.49,-9.0,1496430868
TeslaCoilCoin,TESLA,702,0.269088,0.00011137,166.885,,,100000000.0,0.02,-50.59,-6.88,1496430874
Yogold,YOG,703,0.265947,0.00011007,32.1317,,,100000000.0,0.02,2.11,16.71,1496430890
TROPTIONS,TROPTIONS,704,0.248173,0.00010598,,,,1000000001.0,,,,1496287780
Zilbercoin,ZBC,705,0.230607,0.00009544,94295.8,,,9009173.0,-0.97,-2.36,-27.38,1496430886
Pabyosi Coin (Special),PCS,706,0.166446,0.00006889,3089.17,,,30993751760.0,0.02,5.64,27.07,1496430884
Golos Gold,GBG,707,0.154635,0.00006400,8944.22,,,,-3.23,1.42,-8.23,1496430887
AlpaCoin,APC,708,0.154296,0.00006386,675.031,,,,0.02,9.41,28.56,1496430869
EquiTrader,EQT,709,0.128065,0.00005300,69672.7,,,7667360.0,0.04,2.08,12.34,1496430594
LandCoin,LDCN,710,0.105731,0.00004376,24837.2,,,19003881978.0,0.03,21.87,215.03,1496430885
Wowecoin,WEC,711,0.104,0.00004304,11333.4,,,8901692.0,,-0.0,4.0,1496430877
Topaz Coin,TOPAZ,712,0.100389,0.00004155,47.1438,,,38159.0,0.02,6.96,-15.3,1496430893
DeusCoin,DEUS,713,0.0876585,0.00003628,6800.99,,,,0.02,1.74,-18.54,1496430892
InsaneCoin,INSN,714,0.0869921,0.00003600,3233.24,,,18528314.0,0.93,31.56,90.49,1496430593
Omicron,OMC,715,0.0745387,0.00003085,0.637843,,,10134113.0,0.02,4.58,6.1,1496430879
Quartz,QRZ,716,0.0649506,0.00002688,2504.84,,,21000000.0,0.07,-49.04,,1496430594
Fazzcoin,FAZZ,717,0.0609593,0.00002523,939.382,,,1022577370.0,37.62,56.11,-21.09,1496430892
WavesGo,WGO,718,0.0516305,0.00002137,495.287,,,10000000.0,-4.42,-31.78,66.99,1496430892
Tattoocoin (Limited Edition),TLE,719,0.0434058,0.00001796,8.59601,,,975532.0,12.28,-37.39,-76.9,1496430892
International Diamond,XID,720,0.038234,0.00001588,,,,,,1.63,,1496373575
CryptoBuck,BUK,721,0.0325011,0.00001351,,,,,,7.49,9.08,1496420359
Elacoin,ELC,722,0.0318451,0.00001318,12.0663,,,,0.04,,6.79,1496430840
DeltaCredits,DCRE,723,0.0293185,0.00001217,,,,,,1.75,-0.16,1496419764
President Johnson,GARY,724,0.0285503,0.00001182,116.54,,,57968072167.0,0.02,1.79,73.52,1496430878
IvugeoCoin,IEC,725,0.0240408,0.00000995,0.798344,,,,0.04,2.57,,1496430861
RHFCoin,RHFC,726,0.0239449,0.00000991,8858.1,,,200157080.0,0.02,-13.76,-7.75,1496430892
EDRCoin,EDRC,727,0.0233332,0.00000966,14090.3,,,3407292.0,1.27,-7.41,-23.73,1496430871
ShellPay,SHELL,728,0.0209799,0.00000868,10277.2,,,,5.54,3.47,-25.49,1496430862
Lepaoquan,HLB,729,0.0193807,0.00000802,975824.0,,,935398704.0,-1.34,5.32,-19.25,1496430884
Gycoin,GYC,730,0.0170806,0.00000707,12833.5,,,22213403.0,0.0,11.02,-12.68,1496430876
Avoncoin,ACN,731,0.0165507,0.00000685,3926.74,,,,7.72,-11.59,-12.97,1496430887
KolschCoin,TP1,732,0.0147961,0.00000620,,,,,,0.8,38.46,1496357661
Digitalfund,DTF,733,0.0140844,0.00000583,19597.9,,,54000053.0,-5.88,0.11,-24.01,1496430878
PiCoin,PI,734,0.0132647,0.00000549,16.9132,,,1378369.0,0.02,71.16,191.35,1496430894
Mind Gene,MG,735,0.0125641,0.00000520,5969.62,,,,0.02,-3.57,1.88,1496430880
Sharkcoin,SAK,736,0.010317,0.00000427,3669.66,,,,2.81,6.01,34.63,1496430859
Opal,OPAL,737,0.00930095,0.00000385,3494.47,,,,10.94,43.55,57.86,1496430855
Tyrocoin,TYC,738,0.00797334,0.00000330,12.0808,,,50133800.0,0.02,7.53,-74.98,1496430893
Slimcoin,SLM,739,0.00785254,0.00000325,53.1556,,,13925626.0,-0.0,22.79,,1496430860
First Bitcoin,BIT,740,0.00771874,0.00000319,1024.12,,,20706894521.0,0.02,3.18,45.85,1496430877
Goldpay Coin,GP,741,0.00715809,0.00000296,37353.6,,,,7.7,15.46,-8.99,1496430593
9COIN,9COIN,742,0.00659613,0.00000273,252.221,,,350050250.0,0.02,1.87,54.26,1496430894
Helleniccoin,HNC,743,0.00637867,0.00000264,482.953,,,,-0.0,0.15,,1496430863
GBCGoldCoin,GBC,744,0.00589067,0.00000244,58.4231,,,,-0.0,-9.85,-26.5,1496430867
Psilocybin,PSY,745,0.0057988,0.00000240,16.5346,,,,0.02,-7.63,-3.88,1496430871
Xaucoin,XAU,746,0.0057988,0.00000240,45.8289,,,,0.04,1.98,-14.17,1496430859
EggCoin,EGG,747,0.00562322,0.00000237,,,,,,,0.27,1496295864
SportsCoin,SPORT,748,0.00483233,0.00000200,2591.34,,,19800001.0,281.04,466.61,543.26,1496430880
Axiom,AXIOM,749,0.00478401,0.00000198,8.45679,,,,0.04,1.75,2.42,1496430863
BagCoin,BGC,750,0.00451727,0.00000187,84302.1,,,497214120.0,-2.22,7.09,3.17,1496430877
GoldReserve,XGR,751,0.00425245,0.00000176,1608.48,,,17162064.0,-2.32,-2.01,-1.91,1496430852
netBit,NBIT,752,0.0040965,0.00000170,4.42835,,,,0.02,1.98,28.54,1496430882
Dashs,DASHS,753,0.004035,0.00000167,59.6319,,,,0.02,-56.76,-52.94,1496430892
AvatarCoin,AV,754,0.0038417,0.00000159,0.0960425,,,,0.05,,6.14,1496430868
Bitcoin Scrypt,BTCS,755,0.00381754,0.00000158,40.7702,,,,0.04,2.01,-6.21,1496430848
President Trump,PRES,756,0.00296996,0.00000123,328.701,,,57968072167.0,0.02,4.12,11.75,1496430877
Quotient,XQN,757,0.00265778,0.00000110,80.5718,,,,0.04,-6.45,-18.69,1496430858
ZSEcoin,ZSE,758,0.00260408,0.00000108,36.0259,,,6382040.0,0.09,-15.92,-61.91,1496430890
RoyalCoin 2,RYCN,759,0.00253469,0.00000105,1729.78,,,2500124.0,0.02,,-7.21,1496430881
BitcoinFast,BCF,760,0.00246443,0.00000102,69.1798,,,,0.06,27.24,-23.46,1496430858
OCOW,OCOW,761,0.00227517,0.00000099,,,,,,,0.95,1496142268
TrickyCoin,TRICK,762,0.00222287,0.00000092,0.485408,,,,0.04,2.43,-12.03,1496430861
GameLeagueCoin,GML,763,0.00215039,0.00000089,0.537597,,,,0.04,,-8.43,1496430852
RichCoin,RICHX,764,0.00210122,0.00000093,,,,5925522.0,,,-0.75,1496167172
Condensate,RAIN,765,0.00209932,0.00000087,1293.85,,,42978104.0,5.89,40.26,11.86,1496430893
Neptune Classic,NTCC,766,0.00195709,0.00000081,1457.84,,,,0.02,-18.78,79.11,1496430887
Mavro,MAVRO,767,0.00168043,0.00000070,,,,15005722.0,,1.33,-25.44,1496349588
MMXVI,MMXVI,768,0.00164299,0.00000068,213.01,,,,17.26,19.52,-42.4,1496430870
Clinton,CLINT,769,0.00164299,0.00000068,35.9671,,,,0.02,-35.76,-33.17,1496430872
Advanced Internet Blocks,AIB,770,0.00149154,0.00000062,103.922,,,31411917473.0,-0.43,-13.68,-26.02,1496430862
UR,UR,771,0.00130473,0.00000054,227.691,,,,0.02,0.14,0.62,1496430889
TodayCoin,TODAY,772,0.00128057,0.00000053,13.5339,,,,0.02,17.58,27.48,1496430877
BestChain,BEST,773,0.00103073,0.00000043,10.8037,,,20042911.0,9.39,4.62,-16.15,1496430890
Skeincoin,SKC,774,0.000966466,0.00000040,0.628203,,,,0.04,-5.07,,1496430847
RoyalCoin,ROYAL,775,0.000949928,0.00000039,23.1415,,,2500124.0,-14.13,-16.71,0.1,1496430880
Digital Bullion Gold,DBG,776,0.000942304,0.00000039,150.608,,,24523275.0,0.02,-11.61,-31.01,1496430875
RubleBit,RUBIT,777,0.000918143,0.00000038,0.893981,,,,0.05,-1.99,18.62,1496430867
The Aladin,ADT,778,0.000892522,0.00000032,,,,,,,,1495722585
Bitcedi,BXC,779,0.000891257,0.00000037,29.9963,,,,0.14,-5.93,,1496430873
Donationcoin,DON,780,0.000869819,0.00000036,13052.9,,,,0.04,52.56,,1496430851
Braincoin,BRAIN,781,0.000842028,0.00000035,,,,,,1.57,27.55,1496420372
IrishCoin,IRL,782,0.000821496,0.00000034,317.751,,,,2.29,-0.05,,1496430862
Dubstep,DUB,783,0.000817313,0.00000034,,,,,,1.53,5.6,1496411064
Motocoin,MOTO,784,0.000788693,0.00000033,16.3416,,,,-0.0,4.1,37.02,1496430850
FrankyWillCoin,FRWC,785,0.000745197,0.00000031,,,,,,1.53,2.3,1496411075
Lazaruscoin,LAZ,786,0.000745197,0.00000031,,,,,,1.53,42.33,1496411078
True Investment Coin,TIC,787,0.000700688,0.00000029,21.5644,,,,0.02,-30.13,-38.85,1496430888
KashhCoin,KASHH,788,0.000681759,0.00000028,2016.71,,,,-0.79,-3.62,135.04,1496430888
WeAreSatoshi,WSX,789,0.000676526,0.00000028,21.9278,,,,0.04,107.13,-12.73,1496430854
Opescoin,OPES,790,0.000676526,0.00000028,0.27061,,,,0.02,1.99,-4.83,1496430869
Quebecoin,QBC,791,0.000604041,0.00000025,2.51255,,,,0.04,2.05,-26.41,1496430849
Vsync,XVS,792,0.000554512,0.00000023,453.875,,,103334172.0,0.01,17.88,-29.84,1496430891
CBD Crystals,CBD,793,0.00054987,0.00000023,13.601,,,,-0.0,-7.73,-3.4,1496430881
BitAlphaCoin,BAC,794,0.000497424,0.00000021,47.0896,,,,0.16,18.89,-27.01,1496430869
BlazerCoin,BLAZR,795,0.000483233,0.00000020,24.9683,,,,42.88,35.99,85.98,1496430891
T-coin,TCOIN,796,0.000459071,0.00000019,1617.45,,,,0.02,2.03,15.52,1496430883
Alphabet Coin Fund,FUN,797,0.00043491,0.00000018,63.805,,,20742012.0,-0.0,-61.75,-74.86,1496430873
GoldMaxCoin,GMX,798,0.000386586,0.00000016,2.27119,,,84078950.0,-0.0,16.7,-15.34,1496430871
UGAIN,GAIN,799,0.000359695,0.00000015,,,,,,1.22,5.34,1496410477
MarxCoin,MARX,800,0.000351457,0.00000015,91.8071,,,29291520.0,0.02,-21.21,-39.68,1496430888
Gambleo,GMB,801,0.000338263,0.00000014,1.2076,,,,0.02,,-61.9,1496430890
DarkLisk,DISK,802,0.000338263,0.00000014,0.481373,,,17888425.0,0.02,-10.76,6.14,1496430873
PrismChain,PRM,803,0.000338263,0.00000014,44.4519,,,,-0.0,42.73,-80.19,1496430873
Sakuracoin,SKR,804,0.000313804,0.00000013,107.259,,,,-1.85,-0.95,14.87,1496430882
The Vegan Initiative,XVE,805,0.000311994,0.00000013,461.755,,,,17.66,13.31,71.32,1496430891
Operand,OP,806,0.000290011,0.00000012,,,,36309296.0,,2.08,-15.07,1496423371
Cubits,QBT,807,0.000285618,0.00000012,0.00314179,,,,0.52,-42.59,-48.13,1496430881
VGINA,VGINA,808,0.000285616,0.00000012,0.00285616,,,11603228.0,0.52,,-64.15,1496430893
TeraCoin,TERA,809,0.000265778,0.00000011,3819.19,,,,0.02,40.27,18.89,1496430887
Cycling Coin,CYC,810,0.000265778,0.00000011,5.17861,,,,0.04,-6.45,1.76,1496430862
Happy Creator Coin,HCC,811,0.000245564,0.00000010,22.5317,,,,0.02,27.72,10.17,1496430876
Grumfork,GMF,812,0.000241616,0.00000010,4.83233,,,,0.02,1.99,,1496430893
MobileCash,MBL,813,0.000217455,0.00000009,10.2858,,,1068669648.0,-0.0,31.13,36.46,1496430880
President Sanders,BURN,814,0.000217455,0.00000009,139.674,,,57968072167.0,0.02,-8.21,-43.81,1496430885
AsicCoin,ASC,815,0.000208502,0.00000009,23.9339,,,,-0.31,,13.94,1496430844
Moneta,MONETA,816,0.000193293,0.00000008,152.87,,,,0.02,1.99,-8.87,1496430867
LAthaan,LTH,817,0.00016855,0.00000007,,,,,,1.64,23.4,1496424278
Halloween Coin,HALLO,818,0.000117896,0.00000005,264.373,,,264606162.0,0.49,40.75,-14.9,1496430894
TheCreed,TCR,819,0.0000966466,0.00000004,1.52218,,,,0.02,-18.41,-15.09,1496430873
PayPeer,PAYP,820,0.0000966466,0.00000004,34.1916,,,,0.05,104.02,112.27,1496430871
LinkedCoin,LKC,821,0.0000966466,0.00000004,11.4983,,,,0.02,2.01,-19.14,1496430876
Wowcoin,WOW,822,0.0000964807,0.00000004,,,,,,1.82,111.91,1496426381
TeamUp,TEAM,823,0.0000956810,0.00000004,,,,301004896.0,,1.01,40.1,1496415879
FireFlyCoin,FFC,824,0.0000724849,0.00000003,4.90834,,,,0.04,18.56,217.93,1496430856
LePen,LEPEN,825,0.0000533745,0.00000002,140.09,,,,37.56,-16.41,14.06,1496430887
PinkDog,PDG,826,0.0000483233,0.00000002,0.0000241616,,,,0.02,1.99,112.27,1496430887
PokeCoin,POKE,827,0.0000483233,0.00000002,132.548,,,,-0.0,-31.04,-29.24,1496430876
VegasCoin,VGC,828,0.0000483233,0.00000002,2.41616,,,,0.04,78.08,-49.85,1496430849
MoneyCoin,MONEY,829,0.0000483233,0.00000002,1294.98,,,,0.02,-19.71,-13.0,1496430884
Cashme,CME,830,0.0000483233,0.00000002,0.483233,,,,0.02,1.99,6.14,1496430871
Tellurion,TELL,831,0.0000483233,0.00000002,4.83231,,,,0.02,1.99,6.14,1496430880
InflationCoin,IFLT,832,0.0000482988,0.00000002,2277.08,,,3282878627.0,-5.23,11.37,38.69,1496430884
CyberCoin,CC,833,0.0000482826,0.00000002,,,,549267534.0,-0.05,1.97,111.77,1496427862
UNCoin,UNC,834,0.0000425829,0.00000002,1835.67,,,,-0.77,-10.07,48.36,1496430860
President Clinton,HILL,835,0.0000241616,0.00000001,3.86586,,,57968072167.0,0.02,2.21,-46.93,1496430877
SuperTurboStake,STRB,836,0.0000241616,0.00000001,0.241616,,,,,2.01,6.14,1496430869
Aces,ACES,837,0.0000241616,0.00000001,8.21583,,,,0.02,1.99,-46.93,1496430877
Safe Trade Coin,XSTC,838,0.0000241616,0.00000001,362.425,,,604880000.0,0.02,1.99,6.14,1496430885
Global Business Revolution,GBRC,839,0.0000241616,0.00000001,666.668,,,900096049.0,0.02,-48.98,6.14,1496430881
Rcoin,RCN,840,0.0000241616,0.00000001,158.26,,,,0.02,-25.79,-18.58,1496430880
X2,X2,841,0.0000241616,0.00000001,7.59582,,,,0.02,1.99,6.14,1496430868
ChoofCoin,CHOOF,842,0.0000241616,0.00000001,3.14101,,,,0.02,-49.01,-28.37,1496430882
SoulCoin,SOUL,843,0.0000241616,0.00000001,1.46444,,,,0.02,1.99,6.14,1496430873
Yescoin,YES,844,0.0000241611,0.000000010,1215.58,,,,0.02,2.45,12.72,1496430886
FedoraShare,FEDS,845,0.0000240593,0.000000010,3242.34,,,499001349954,0.0,-1.36,10.05,1496430880
Victoriouscoin,VTY,846,0.0000152782,0.000000006,0.405619,,,10263290326.0,0.25,-34.67,1.31,1496430880
Virtacoin,VTA,847,0.0000090983,0.000000004,78.8592,,,12423206610.0,0.2,-54.2,-21.35,1496430854
Dimecoin,DIME,848,0.0000050035,0.000000002,348.937,,,527129528016,-69.0,1151.08,104.79,1496430844
XP,XP,849,0.0000026515,0.000000001,384.553,,,133635560466,3.55,69.63,1154.45,1496430877
BitCentavo,NBE,850,0.0000005705,0.0000000002,,,,,,22.8,8.14,1496398156
RabbitCoin,RBBT,851,0.0000003570,0.0000000001,14.5365,,,,-2.52,-33.75,13.2,1496430854
BatCoin,BAT,852,0.0000002960,0.0000000001,92.5571,,,,-0.1,-63.16,,1496430848
StrongHands,SHND,853,0.0000001247,0.00000000005,94.557,,,,0.37,35.09,,1496430866
Paccoin,PAC,854,0.0000000617,0.00000000003,810.053,,,,4.44,-14.84,32.95,1496430866
Bond,BOND,855,,,,,1349.0,1349.0,,,,
bitRUBLE,BITRUBLE,856,,,,,,,,,,
