Name,Symbol,Rank,Price(BTC),Price(USD),24HVolume,MarketCap,%Change_1h,%Change_24h,%Change_7d,LastUpdated
Bitcoin,BTC,1,2423.86,1.0,1301110000.0,39673224198.0,16367787.0,16367787.0,-0.1,1.56,9.26,1496434459
Ethereum,ETH,2,219.895,0.0911822,478107000.0,20263619844.0,92151344.0,92151344.0,-0.53,0.71,33.3,1496434464
Ripple,XRP,3,0.302017,0.00012523,366618000.0,11664408137.0,38621693933.0,99994661895.0,-1.54,-2.58,9.7,1496434442
NEM,XEM,4,0.226266,0.00009382,13343300.0,2036394000.0,8999999999.0,8999999999.0,-0.71,2.94,16.9,1496434459
Ethereum Classic,ETC,5,17.0149,0.00705543,77882300.0,1569133373.0,92221134.0,92221134.0,-0.75,1.46,14.68,1496434474
Litecoin,LTC,6,28.0896,0.0116477,308123000.0,1443352000.0,51383857.0,51383857.0,-0.15,-0.07,11.0,1496434440
Dash,DASH,7,141.505,0.0586765,36691100.0,1037737327.0,7333574.0,7333574.0,1.63,2.27,18.78,1496434445
Stratis,STRAT,8,8.9499,0.00371118,50532500.0,880750417.0,98408967.0,98408967.0,2.99,57.96,210.61,1496434474
Bytecoin,BCN,9,0.00373366,0.00000155,21771300.0,683150280.0,182970672225,182970672225,-0.54,46.89,55.81,1496434450
Monero,XMR,10,43.4347,0.0180107,9764600.0,632568935.0,14563677.0,14563677.0,-0.25,-2.0,13.14,1496434449
Waves,WAVES,11,4.51145,0.00187073,4208140.0,451145000.0,100000000.0,100000000.0,2.17,36.13,72.83,1496434471
Golem,GNT,12,0.465506,0.00019303,9023210.0,383982865.0,824872000.0,1000000000.0,-0.06,-0.04,24.36,1496434479
Stellar Lumens,XLM,13,0.0395864,0.00001641,17019400.0,382596118.0,9664837366.0,102940435314,-3.04,-1.74,-4.5,1496434452
Zcash,ZEC,14,244.564,0.101411,15664200.0,351623420.0,1437756.0,1437756.0,-0.05,-0.67,23.15,1496434478
Dogecoin,DOGE,15,0.00302303,0.00000125,33375500.0,331425091.0,109633411214,109633411214,1.06,7.61,14.29,1496434443
Siacoin,SC,16,0.0103361,0.00000429,36254200.0,274083798.0,26517138755.0,26517138755.0,0.05,25.68,38.49,1496434462
Gnosis,GNO,17,247.441,0.102738,1405950.0,273320854.0,1104590.0,10000000.0,-0.56,1.03,16.37,1496434192
Steem,STEEM,18,1.16458,0.00048291,3276980.0,272925806.0,234355567.0,251329661.0,3.04,17.02,14.32,1496434469
Augur,REP,19,24.4507,0.0101388,4362370.0,268957700.0,11000000.0,11000000.0,0.75,4.96,5.96,1496434465
DigiByte,DGB,20,0.0314574,0.00001304,93632900.0,255026146.0,8107031908.0,8107031908.0,-2.06,44.22,113.0,1496434444
BitShares,BTS,21,0.0900066,0.00003732,24197700.0,234216075.0,2602210000.0,2602210000.0,-0.02,24.61,41.88,1496434451
MaidSafeCoin,MAID,22,0.39213,0.0001626,2992890.0,177459377.0,452552412.0,452552412.0,0.21,-2.26,3.72,1496434448
GameCredits,GAME,23,2.75222,0.00114124,1928620.0,173480089.0,63032784.0,63032784.0,0.54,4.07,9.23,1496434453
Basic Attention Token,BAT,24,0.159484,0.00006622,3309650.0,159484000.0,1000000000.0,1500000000.0,-0.37,2.08,,1496434194
DigixDAO,DGD,25,79.0026,0.0327593,1088420.0,158005200.0,2000000.0,2000000.0,-1.9,-1.39,11.38,1496434471
BitConnect,BCC,26,23.569,0.00978587,1446830.0,151767792.0,6439297.0,6439297.0,-0.25,4.97,52.53,1496434184
Decred,DCR,27,29.5828,0.0122669,2589290.0,148682877.0,5025991.0,5445991.0,12.05,18.51,39.33,1496434467
Lisk,LSK,28,1.3654,0.00056618,2985670.0,147179129.0,107791950.0,107791950.0,-0.98,6.8,23.39,1496434469
Ardor,ARDR,29,0.128462,0.00005327,3121930.0,128333473.0,998999495.0,998999495.0,0.51,9.79,16.48,1496434473
Factom,FCT,30,14.4895,0.00600823,1854620.0,126829767.0,8753219.0,8753219.0,8.75,13.02,17.42,1496434464
SingularDTV,SNGLS,31,0.203561,0.00008441,212161.0,122136600.0,600000000.0,1000000000.0,-5.6,10.53,23.3,1496434477
Byteball,GBYTE,32,604.077,0.250488,565038.0,114342032.0,189284.0,1000000.0,-2.08,18.91,108.59,1496434481
Iconomi,ICN,33,1.24229,0.00051513,731805.0,108079230.0,87000000.0,100000000.0,0.12,5.72,11.87,1496434477
Tether,USDT,34,1.02818,0.00042635,52096700.0,107952412.0,104993690.0,124951468.0,-0.19,-0.35,-2.03,1496434458
Round,ROUND,35,0.105302,0.00004366,360245.0,89506700.0,850000000.0,1000000000.0,-0.18,0.13,-19.98,1496434479
PIVX,PIVX,36,1.65635,0.00068683,987019.0,88681137.0,53540095.0,53540095.0,1.49,-0.96,25.73,1496434468
Komodo,KMD,37,0.802436,0.00033317,1076870.0,81002311.0,100945510.0,100945510.0,-2.66,44.36,64.39,1496434185
Aragon,ANT,38,2.12607,0.00088275,700404.0,71446937.0,33605167.0,39609523.0,-1.59,1.56,9.39,1496434193
FirstBlood,1ST,39,0.801607,0.0003324,2926720.0,68584189.0,85558371.0,93468691.0,-0.72,0.77,22.18,1496434477
Nxt,NXT,40,0.0680203,0.00002821,3754060.0,67952279.0,998999983.0,998999983.0,2.34,15.42,19.27,1496434444
SysCoin,SYS,41,0.126786,0.00005257,3571140.0,66585135.0,525177344.0,525177344.0,0.57,19.47,4.33,1496434453
AntShares,ANS,42,1.25629,0.00052094,6436830.0,62814500.0,50000000.0,100000000.0,-3.11,3.35,45.44,1496434476
iExec RLC,RLC,43,0.787486,0.00032697,781796.0,61479657.0,78070793.0,86999785.0,3.01,26.64,43.06,1496434191
Ubiq,UBQ,44,1.4079,0.0005838,1358840.0,52233224.0,37100095.0,37100095.0,2.15,18.76,199.56,1496434454
Wings,WINGS,45,0.482716,0.00020016,1443630.0,43303648.0,89708333.0,100000000.0,-0.04,14.57,76.9,1496434481
ReddCoin,RDD,46,0.0014941,0.00000062,2377540.0,42620262.0,28525709411.0,28525709411.0,3.61,30.05,13.34,1496434445
Peercoin,PPC,47,1.63944,0.00067981,1142850.0,39552273.0,24125477.0,24125477.0,0.42,4.35,4.95,1496434440
BitcoinDark,BTCD,48,30.1286,0.0124932,379196.0,38831613.0,1288862.0,1288862.0,2.78,24.69,39.12,1496434452
Lykke,LKK,49,0.272359,0.00011294,485899.0,37487530.0,137640138.0,1285690000.0,0.66,5.77,11.9,1496434480
Ark,ARK,50,0.37619,0.00015619,560825.0,35857883.0,95318544.0,126568544.0,3.15,30.97,45.54,1496434188
Omni,OMNI,51,61.2982,0.025418,6535940.0,34264839.0,558986.0,615302.0,10.56,9.62,254.06,1496434443
Emercoin,EMC,52,0.851597,0.00035312,891124.0,34201094.0,40161126.0,40161126.0,-1.02,2.32,-3.79,1496434453
Melon,MLN,53,56.1042,0.0232945,320461.0,33628857.0,599400.0,749400.0,0.82,4.39,-4.7,1496434187
Storjcoin X,SJCX,54,0.644741,0.00026735,390399.0,32993424.0,51173144.0,500000000.0,-1.06,0.04,16.09,1496434453
Counterparty,XCP,55,11.3001,0.0046857,531719.0,29592077.0,2618745.0,2618745.0,1.26,1.83,7.33,1496434446
Xaurum,XAUR,56,0.238588,0.00009893,129821.0,27128484.0,113704312.0,113704312.0,-1.64,-6.54,19.5,1496434459
Namecoin,NMC,57,1.76909,0.00073357,760818.0,26070018.0,14736400.0,14736400.0,0.24,3.02,8.37,1496434440
Blocknet,BLOCK,58,6.5837,0.00273001,249610.0,25745666.0,3910516.0,3910516.0,-3.01,34.94,111.09,1496434456
Gulden,NLG,59,0.0737144,0.00003057,115321.0,25547358.0,346572145.0,448592300.0,1.88,5.24,11.29,1496434448
Nexus,NXS,60,0.500376,0.00020749,89972.5,24951880.0,49866260.0,49866260.0,-0.12,-0.43,4.96,1496434457
Burst,BURST,61,0.0139318,0.00000578,4166160.0,24804172.0,1780399682.0,1780399682.0,3.26,20.32,46.78,1496434453
Synereo,AMP,62,0.289868,0.0001202,464680.0,23843476.0,82256324.0,949291063.0,-0.61,4.72,20.62,1496434466
XtraBYtes,XBY,63,0.0366659,0.00001522,773897.0,23832835.0,650000000.0,650000000.0,-1.3,69.04,541.94,1496434192
WeTrust,TRST,64,0.248973,0.00010337,420076.0,22942240.0,92147500.0,100000000.0,-4.24,7.26,-6.04,1496434192
EarthCoin,EAC,65,0.00241003,0.00000100,6708390.0,22525269.0,9346468332.0,9346468332.0,1.71,8.58,13.42,1496434445
YbCoin,YBC,66,7.27305,0.00301586,2673410.0,21966518.0,3020262.0,3020262.0,1.56,3.06,14.81,1496434445
Matchpool,GUP,67,0.28177,0.00011699,291062.0,21132750.0,75000000.0,98855150.0,0.85,10.5,20.32,1496434190
Verge,XVG,68,0.00156667,0.00000065,2933330.0,21008218.0,13409472280.0,13409472280.0,-0.53,39.69,41.02,1496434455
TokenCard,TKN,69,0.837211,0.00034761,248839.0,19795064.0,23644056.0,39406760.0,-1.89,-3.41,-11.26,1496434192
BlackCoin,BLK,70,0.2596,0.00010765,1287060.0,19773592.0,76169459.0,76169459.0,-0.01,11.6,35.73,1496434447
Edgeless,EDG,71,0.247914,0.00010293,399838.0,19692413.0,79432438.0,132046997.0,6.49,5.99,-0.87,1496434189
BitBay,BAY,72,0.0189624,0.00000786,80323.4,19105073.0,1007524020.0,1007524020.0,-0.38,3.98,7.63,1496434456
Humaniq,HMQ,73,0.153357,0.00006367,840359.0,18966177.0,123673373.0,184190414.0,0.05,25.35,-14.58,1496434193
NAV Coin,NAV,74,0.30879,0.00012804,799371.0,18938743.0,61332113.0,61332113.0,-1.29,6.2,1.81,1496434450
OBITS,OBITS,75,1.27274,0.00052776,626073.0,18631554.0,14638932.0,16443700.0,-1.02,17.87,51.52,1496434465
BCAP,BCAP,76,1.86027,0.00077238,172324.0,18602700.0,10000000.0,10000000.0,3.22,15.27,-4.19,1496434193
E-Dinar Coin,EDR,77,0.0277008,0.00001149,443062.0,18300111.0,660634755.0,785634755.0,1.07,-10.69,11.75,1496434475
PotCoin,POT,78,0.0842543,0.00003494,379702.0,18278864.0,216948742.0,216948742.0,-0.49,-2.21,-3.31,1496434445
Bankcoin,B@,79,4.09509,0.00170028,7767.08,17465886.0,4265080.0,25000000.0,-0.61,26.2,50.65,1496434189
Nexium,NXC,80,0.26118,0.0001083,1514090.0,17374108.0,66521586.0,66521586.0,-1.53,-2.75,43.34,1496434480
Expanse,EXP,81,2.3406,0.00097056,421855.0,16956721.0,7244604.0,16244604.0,0.01,-1.7,13.5,1496434464
Infinitecoin,IFC,82,0.000182575,0.00000008,2712510.0,16540615.0,90596274910.0,90596274910.0,0.08,0.49,12.18,1496434441
Unity Ingot,UNY,83,0.0816813,0.00003391,67715.0,16499623.0,202000000.0,10000000000.0,-0.21,1.15,90.28,1496434193
Swarm City,SWT,84,2.41008,0.00100067,31677.6,16007100.0,6641730.0,6641730.0,-0.16,2.6,-5.39,1496434187
Shift,SHIFT,85,1.4725,0.00061059,424212.0,15949637.0,10831672.0,10831672.0,-2.46,32.0,172.05,1496434467
Agoras Tokens,AGRS,86,0.379514,0.00015737,24997.0,15939588.0,42000000.0,42000000.0,1.06,1.07,9.45,1496434462
LBRY Credits,LBC,87,0.231756,0.00009610,886613.0,15880970.0,68524524.0,466424524.0,-0.38,12.96,20.82,1496434472
ZCoin,XZC,88,7.07324,0.002933,1044820.0,15813865.0,2235731.0,2235731.0,-2.28,-3.86,26.58,1496434477
TaaS,TAAS,89,1.91165,0.00079372,192889.0,15572302.0,8146001.0,8146001.0,7.92,16.45,35.19,1496434189
Pepe Cash,PEPECASH,90,0.0212841,0.00000883,26059.7,14938969.0,701884009.0,701884009.0,-0.36,-1.71,-6.95,1496434477
Chronobank,TIME,91,20.6554,0.00857612,480815.0,14667664.0,710113.0,710113.0,2.12,7.11,16.18,1496434187
GridCoin,GRC,92,0.0375752,0.00001558,197604.0,14666080.0,390312753.0,390312753.0,0.44,5.57,20.81,1496434458
I/O Coin,IOC,93,0.881242,0.00036542,46242.6,14396299.0,16336374.0,16336374.0,-1.36,7.46,15.28,1496434452
SuperNET,UNITY,94,17.022,0.00705838,21732.7,13890990.0,816061.0,816061.0,2.61,34.8,155.41,1496434455
Radium,RADS,95,4.21254,0.00174678,382259.0,13678055.0,3246985.0,3246985.0,0.83,-0.73,28.6,1496434466
Golos,GOLOS,96,0.107755,0.00004468,43003.1,13263063.0,123085364.0,123085364.0,6.98,17.1,80.8,1496434480
MonaCoin,MONA,97,0.260391,0.00010797,28072.1,13164458.0,50556500.0,50556500.0,-3.5,-5.8,-0.47,1496434447
E-coin,ECN,98,4.61718,0.00191705,129523.0,12886531.0,2790996.0,211079888.0,-0.09,5.38,12.77,1496434190
Vertcoin,VTC,99,0.381576,0.00015823,537362.0,12760447.0,33441431.0,33441431.0,-0.44,6.17,22.76,1496434444
MergeCoin,MGC,100,0.124547,0.00005171,3377890.0,12318885.0,98909530.0,103909530.0,3.0,20.13,8.03,1496434192
DigitalNote,XDN,101,0.00178814,0.00000074,3285830.0,12305165.0,6881544269.0,6881544269.0,10.3,19.11,12.89,1496434451
LuckChain,BASH,102,0.0166961,0.00000692,699791.0,12089176.0,724071844.0,724071844.0,-1.33,20.37,123.63,1496434480
Waves Community Token,WCT,103,2.39274,0.00099347,112201.0,11963700.0,5000000.0,10000000.0,1.95,-4.43,13.03,1496434186
Bitland,CADASTRAL,104,0.379254,0.00015726,21550.6,11377620.0,30000000.0,30000000.0,0.7,-6.81,77.54,1496434473
Clams,CLAM,105,4.93317,0.0020456,537186.0,11359119.0,2302600.0,16207989.0,0.88,4.16,3.65,1496434451
Mooncoin,MOON,106,0.0000485589,0.00000002,61366.9,10777505.0,221947058949,221947058949,6.96,7.9,12.7,1496434444
Etheroll,DICE,107,1.51318,0.00062827,22619.2,10594715.0,7001623.0,7001623.0,-5.6,-13.47,-15.97,1496434194
Pluton,PLU,108,12.3433,0.00511828,100817.0,10491799.0,850000.0,20000000.0,-0.05,-8.39,47.75,1496434475
Viacoin,VIA,109,0.448308,0.0001859,259504.0,10152857.0,22647058.0,22647058.0,0.85,14.45,14.26,1496434452
Bitcrystals,BCY,110,0.432895,0.0001795,292108.0,10082740.0,23291422.0,23291422.0,-0.14,12.23,13.98,1496434463
FlorinCoin,FLO,111,0.0736744,0.00003055,306589.0,9873043.0,134009146.0,134009146.0,0.36,4.16,13.94,1496434443
Primecoin,XPM,112,0.495516,0.00020547,4887960.0,9578500.0,19330355.0,19330355.0,-1.41,27.54,32.16,1496434441
DNotes,NOTE,113,0.0737372,0.00003058,294318.0,9134155.0,123874450.0,123874450.0,0.32,10.44,29.94,1496434447
Skycoin,SKY,114,1.66182,0.00068999,49874.2,9083177.0,5465801.0,100000000.0,14.18,2.37,-10.57,1496434190
vSlice,VSL,115,0.27191,0.00011275,143643.0,9079210.0,33390496.0,33390496.0,1.96,-0.33,-1.42,1496434480
Crown,CRW,116,0.643093,0.00026667,19373.1,8914955.0,13862622.0,13862622.0,0.2,7.18,-2.55,1496434456
Rubycoin,RBY,117,0.358714,0.00014875,42422.2,8750675.0,24394574.0,24394574.0,-0.12,1.2,11.99,1496434447
FedoraCoin,TIPS,118,0.0000197444,0.000000008,50154.7,8750090.0,443168182458,443168182458,-0.29,3.63,-9.17,1496434445
NeosCoin,NEOS,119,2.57453,0.00106756,654421.0,8618051.0,3347427.0,3347427.0,2.53,4.2,29.41,1496434453
VeriCoin,VRC,120,0.281621,0.00011678,512335.0,8508333.0,30211999.0,30211999.0,0.35,-0.13,11.26,1496434450
Energycoin,ENRG,121,0.0694542,0.00002880,5183.75,8399964.0,120942493.0,120942493.0,-6.0,-3.12,5.53,1496434449
HEAT,HEAT,122,0.317889,0.00013182,38008.7,8380892.0,26364208.0,26364208.0,-3.72,-11.68,-7.81,1496434473
Blitzcash,BLITZ,123,1.95339,0.00081,332957.0,7938713.0,4064070.0,4064070.0,3.43,67.13,455.97,1496434456
Pascal Coin,PASC,124,0.788145,0.00032681,167074.0,7893824.0,10015700.0,10015700.0,-0.07,2.39,6.09,1496434481
VPNCoin,VASH,125,0.019656,0.00000815,1981870.0,7869078.0,400339746.0,400339746.0,2.27,10.01,8.96,1496434456
SolarCoin,SLR,126,0.222265,0.00009216,95231.0,7815802.0,35164338.0,98034181069.0,-2.52,-0.83,14.93,1496434447
SaluS,SLS,127,7.75736,0.00321668,39912.9,7784139.0,1003452.0,1003452.0,-0.15,-5.74,52.36,1496434466
Einsteinium,EMC2,128,0.0361927,0.00001501,384136.0,7629786.0,210810073.0,210810073.0,0.36,15.51,13.41,1496434447
BelaCoin,BELA,129,0.217227,0.00009008,501111.0,7598850.0,34981150.0,34981150.0,-0.53,8.61,8.69,1496434448
Creditbit,CRB,130,0.608326,0.00025225,282264.0,7223471.0,11874342.0,11874342.0,-1.81,-6.8,-8.04,1496434466
Bitcoin Plus,XBC,131,73.0859,0.0303059,144106.0,7084147.0,96929.0,96929.0,-0.44,4.49,3.76,1496434449
Incent,INCNT,132,0.305644,0.00012674,174216.0,7032353.0,23008312.0,46016625.0,-0.67,8.43,44.73,1496434479
Global Currency Reserve,GCR,133,0.0647763,0.00002686,21545.1,6652041.0,102692516.0,102692516.0,-0.2,2.26,2.89,1496434463
Aeon,AEON,134,0.461467,0.00019135,5986.5,6567706.0,14232233.0,14232233.0,1.12,0.04,4.44,1496434462
RouletteToken,RLT,135,0.650355,0.00027003,147984.0,6563519.0,10092210.0,10092933.0,-2.3,36.96,43.05,1496434194
Asch,XAS,136,0.0871471,0.00003618,54471.2,6536033.0,75000000.0,100000000.0,-1.53,-1.15,8.74,1496434190
Lunyr,LUN,137,2.80034,0.0011627,133564.0,6434770.0,2297853.0,2703356.0,-1.5,2.74,-4.99,1496434192
Feathercoin,FTC,138,0.0390937,0.00001621,108092.0,6405892.0,163859960.0,163859960.0,-0.04,-0.17,22.13,1496434440
Novacoin,NVC,139,3.62707,0.00150401,53869.8,6297347.0,1736208.0,1736208.0,-1.64,-2.1,-8.62,1496434440
FirstCoin,FRST,140,1.97659,0.00082068,135528.0,6256638.0,3165370.0,110000000.0,0.27,13.16,20.42,1496434185
ZClassic,ZCL,141,4.09969,0.00169998,309683.0,6064415.0,1479238.0,1479238.0,-3.57,0.3,39.57,1496434478
MonetaryUnit,MUE,142,0.0495428,0.00002054,69968.1,6022122.0,121553920.0,121553920.0,4.68,16.24,16.05,1496434456
WorldCoin,WDC,143,0.0520197,0.00002157,331510.0,5961735.0,114605341.0,114605341.0,1.04,11.83,22.75,1496434441
Safe Exchange Coin,SAFEX,144,0.00277356,0.00000115,22375.8,5956175.0,2147483647.0,2147483647.0,-0.11,6.95,5.71,1496434467
PinkCoin,PINK,145,0.0183361,0.00000760,1883120.0,5885860.0,320998450.0,370998450.0,-0.63,20.43,19.77,1496434449
SIBCoin,SIB,146,0.393402,0.00016313,27952.3,5764843.0,14653823.0,14653823.0,0.3,1.09,31.82,1496434464
ION,ION,147,0.409345,0.00016974,40498.4,5632912.0,13760794.0,19660794.0,-4.81,7.87,-6.57,1496434471
FoldingCoin,FLDC,148,0.0113815,0.00000472,402983.0,5573998.0,489741985.0,1000000000.0,2.09,13.07,15.95,1496434454
MUSE,MUSE,149,0.0039191,0.00000163,9542.79,5388137.0,1374840478.0,1524840478.0,2.8,18.19,22.53,1496434460
Gambit,GAM,150,4.45715,0.00184821,39751.8,5277610.0,1184077.0,1184077.0,-2.03,1.42,13.43,1496434461
Auroracoin,AUR,151,0.59079,0.00024498,14682.9,5115142.0,8658139.0,8658139.0,0.44,-1.16,6.73,1496434446
Vcash,XVC,152,0.332484,0.00013787,132228.0,5070980.0,15251803.0,15251803.0,-1.08,9.87,8.08,1496434458
Darcrus,DAR,153,0.336636,0.00013959,22160.1,4586249.0,13623762.0,13623762.0,3.75,2.33,17.99,1496434482
Sphere,SPHR,154,1.4745,0.00061142,23878.5,4545795.0,3082940.0,3082940.0,3.4,10.7,135.83,1496434460
Ethereum Movie Venture,EMV,155,0.681002,0.00028275,4930.36,4540013.0,6666666.0,6666666.0,-0.68,188.17,19.83,1496434190
OKCash,OK,156,0.0628426,0.00002606,151174.0,4498371.0,71581560.0,71581560.0,-0.96,-8.42,137.52,1496434457
FairCoin,FAIR,157,0.0837309,0.00003472,5136.56,4446594.0,53105766.0,53105766.0,7.2,12.14,33.52,1496434448
Quark,QRK,158,0.0173525,0.00000720,197656.0,4339878.0,250101047.0,250101047.0,-0.14,40.51,38.26,1496434442
Janus,JNS,159,0.2039,0.00008466,10416.0,4306794.0,21122091.0,25201489.0,2.21,-11.03,-7.12,1496434186
APX,APX,160,4.69653,0.00195,223533.0,4226877.0,900000.0,1000000.0,-2.28,13.32,33.7,1496434194
bitCNY,BITCNY,161,0.141959,0.00005886,551547.0,4196294.0,29559900.0,29559900.0,2.0,0.46,-0.28,1496434454
CloakCoin,CLOAK,162,0.833209,0.0003455,20388.7,4169110.0,5003678.0,5003678.0,-2.24,0.25,28.88,1496434450
ICO OpenLedger,ICOO,163,8.77328,0.00363794,11004.7,4139189.0,471795.0,471795.0,1.69,20.26,36.02,1496434471
LoMoCoin,LMC,164,0.0197545,0.00000819,369394.0,4120054.0,208562807.0,293562807.0,-0.24,11.45,13.69,1496434475
Bitmark,BTM,165,1.03082,0.00042744,150032.0,4021414.0,3901180.0,3901180.0,0.5,4.24,32.27,1496434453
Unobtanium,UNO,166,20.01,0.0082974,77347.9,3956482.0,197725.0,197725.0,0.35,3.59,-1.28,1496434442
ArtByte,ABY,167,0.00509621,0.00000211,143561.0,3938951.0,772917650.0,772917650.0,-6.48,22.42,13.05,1496434450
NautilusCoin,NAUT,168,0.241931,0.00010032,341633.0,3914444.0,16180000.0,16180000.0,-1.99,-0.94,13.02,1496434449
SpreadCoin,SPR,169,0.476469,0.00019757,35049.4,3876679.0,8136266.0,8136266.0,1.91,24.01,42.44,1496434456
DubaiCoin,DBIX,170,4.33526,0.0018,36509.4,3771902.0,870052.0,870052.0,2.57,-1.56,75.04,1496434190
Ethbits,ETB,171,2.74317,0.00113896,1722.64,3695011.0,1346986.0,1634691.0,40.04,125.12,,1496434195
Rise,RISE,172,0.0343478,0.00001424,126388.0,3688515.0,107387215.0,107387215.0,5.56,55.13,70.81,1496434472
HunterCoin,HUC,173,0.207602,0.00008608,5182960.0,3663623.0,17647340.0,17647340.0,0.42,79.41,93.31,1496434445
Riecoin,RIC,174,0.105878,0.00004390,634095.0,3621567.0,34205098.0,34205098.0,0.32,10.22,29.11,1496434446
PoSW Coin,POSW,175,0.0850828,0.00003528,66746.4,3488395.0,41000000.0,70000000.0,18.84,23.77,50.02,1496434481
Circuits of Value,COVAL,176,0.00870589,0.00000361,97356.7,3482356.0,400000000.0,1200000000.0,-1.42,20.84,7.86,1496434456
Wild Beast Block,WBB,177,1.48479,0.00061569,11772.1,3452567.0,2325290.0,2325290.0,1.86,18.04,-14.14,1496434458
Minereum,MNE,178,8.26262,0.00343064,353522.0,3314965.0,401200.0,401200.0,-8.7,50.1,247.22,1496434193
Musicoin,MUSIC,179,0.0189144,0.00000785,75062.4,3258155.0,172257888.0,172257888.0,3.97,12.17,14.87,1496434189
Diamond,DMD,180,1.51943,0.00063005,16377.1,3228130.0,2124567.0,2124567.0,1.73,4.73,8.42,1496434443
Zennies,ZENI,181,0.00317887,0.00000132,6688.91,3181033.0,1000680538.0,1000680538.0,-0.44,4.51,10.69,1496434192
Jinn,JINN,182,53.2449,0.0220786,532.449,3125635.0,58703.0,1000000.0,2.61,15.93,-35.57,1496434455
BitBean,BITB,183,0.00158454,0.00000066,172110.0,3104350.0,1959149000.0,1959149000.0,3.75,27.88,-4.79,1496434457
BitSend,BSD,184,0.200447,0.00008312,27049.6,3058360.0,15257700.0,15257700.0,-1.73,4.66,31.91,1496434451
Megacoin,MEC,185,0.0902044,0.00003740,553642.0,2966502.0,32886450.0,32886450.0,-2.7,16.93,3.18,1496434442
Curecoin,CURE,186,0.124962,0.00005182,16041.6,2962645.0,23708364.0,23708364.0,7.18,10.58,4.05,1496434449
Zetacoin,ZET,187,0.0173842,0.00000721,288925.0,2888527.0,166158176.0,166158176.0,0.89,3.82,31.85,1496434442
InstantDEX,DEX,188,2.72284,0.00112906,3389.94,2722840.0,1000000.0,1000000.0,2.61,20.42,,1496434454
RaiBlocks,XRB,189,0.0360654,0.00001497,44850.6,2707622.0,75075327.0,340282367.0,0.1,9.73,26.72,1496434188
Cryptonite,XCN,190,0.00814867,0.00000338,741252.0,2671438.0,327837291.0,327837291.0,-0.23,36.79,20.61,1496434453
Myriad,XMY,191,0.00177182,0.00000073,124002.0,2633221.0,1486167250.0,1486167250.0,-0.86,11.43,-20.63,1496434448
ZcCoin,ZCC,192,0.042211,0.00001750,1909870.0,2602605.0,61657044.0,61657044.0,-0.36,25.27,19.45,1496434452
Atmos,ATMS,193,0.0259622,0.00001078,173127.0,2598132.0,100073654.0,110073654.0,-0.65,8.97,20.54,1496434190
Steem Dollars,SBD,194,1.76752,0.00073292,226279.0,2514339.0,1422524.0,1422524.0,0.02,8.89,12.89,1496434474
Bata,BTA,195,0.481569,0.00019969,48184.7,2384424.0,4951365.0,4951365.0,-0.48,22.4,59.87,1496434460
Spectrecoin,XSPEC,196,0.116582,0.00004841,200970.0,2377899.0,20396797.0,20396797.0,5.05,2.13,9.57,1496434184
Digitalcoin,DGC,197,0.0687288,0.00002850,231272.0,2363569.0,34389793.0,34389793.0,1.24,10.31,24.71,1496434441
Mintcoin,MINT,198,0.0000965061,0.00000004,11181.7,2349795.0,24348665548.0,24348665548.0,-0.12,11.76,2.7,1496434446
Adzcoin,ADZ,199,0.0425999,0.00001766,14127.4,2336475.0,54846960.0,54846960.0,15.6,23.79,18.69,1496434465
Zeitcoin,ZEIT,200,0.0000631942,0.00000003,6943.11,2295736.0,36328277009.0,36328277009.0,-3.26,-1.17,21.63,1496434447
Breakout Stake,BRX,201,0.363308,0.00015065,12692.3,2277245.0,6268082.0,6268082.0,4.29,23.3,51.67,1496434473
Veros,VRS,202,0.0262138,0.00001087,63556.0,2240938.0,85486938.0,10000000000.0,0.67,-8.65,-5.91,1496434479
BlockPay,BLOCKPAY,203,0.40899,0.00016959,16488.2,2220120.0,5428300.0,98928316.0,-5.95,-9.49,49.36,1496434477
bitUSD,BITUSD,204,0.99782,0.00041376,303921.0,2191991.0,2196780.0,2196780.0,-0.48,-0.62,0.05,1496434454
Espers,ESP,205,0.000108776,0.00000005,5771.75,2189475.0,20128290012.0,20128290012.0,-5.76,5.61,-11.2,1496434469
BoostCoin,BOST,206,0.184602,0.00007655,185288.0,2188547.0,11855487.0,11855487.0,-0.39,8.6,9.59,1496434450
MaxCoin,MAX,207,0.0392895,0.00001629,166685.0,2139026.0,54442678.0,54442678.0,0.52,14.31,46.12,1496434445
iCash,ICASH,208,0.00949886,0.00000394,14222.3,2098681.0,220940353.0,220940353.0,0.06,19.0,13.29,1496434459
Groestlcoin,GRS,209,0.0304091,0.00001261,8480.21,2056310.0,67621528.0,67621528.0,-0.16,6.31,11.62,1496434448
FUNCoin,FUNC,210,0.354383,0.00014714,42672.3,2047238.0,5776909.0,100000000.0,-0.45,2.2,30.23,1496434193
Tickets,TIX,211,0.0000280220,0.00000001,34469.9,1874007.0,66876281414.0,66876281414.0,-0.42,1.04,0.68,1496434445
Project Decorum,PDC,212,0.0366564,0.00001520,2600.61,1832820.0,50000000.0,50000000.0,-0.11,-0.52,-3.7,1496434473
GoldCoin,GLD,213,0.0446673,0.00001852,19450.7,1798088.0,40255120.0,40255120.0,0.67,-5.06,-1.98,1496434442
TransferCoin,TX,214,0.289142,0.0001199,6386.05,1727446.0,5974387.0,5974387.0,-5.79,-7.95,-24.18,1496434462
CryptoCarbon,CCRB,215,0.471943,0.00019595,18069.4,1681113.0,3562111.0,10000150.0,-2.08,8.59,23.36,1496434184
Anoncoin,ANC,216,0.745448,0.00030911,199296.0,1573131.0,2110317.0,2110317.0,-10.54,61.51,47.64,1496434443
DeepWebCash,DWC,217,1.15841,0.00048035,18335.5,1548635.0,1336863.0,1336863.0,-0.3,-7.95,-16.63,1496434481
2GIVE,2GIVE,218,0.00299289,0.00000124,15137.6,1535344.0,512997016.0,512997016.0,3.14,22.31,-20.89,1496434470
Startcoin,START,219,0.0329571,0.00001367,39717.5,1485699.0,45079785.0,70782220.0,0.29,2.41,-22.43,1496434451
Sequence,SEQ,220,0.0332078,0.00001377,1223.36,1484437.0,44701458.0,44701458.0,-0.12,5.23,37.94,1496434477
Breakout,BRK,221,0.0820428,0.00003402,6139.17,1469860.0,17915767.0,17915767.0,4.36,17.34,17.43,1496434471
vTorrent,VTR,222,0.132662,0.00005501,16344.7,1434868.0,10815966.0,10815966.0,-3.85,-11.66,19.88,1496434457
Pangea Poker,PANGEA,223,1.42985,0.0005929,834.891,1428924.0,999352.0,1000000.0,2.61,62.3,79.07,1496434456
Boolberry,XBB,224,0.149722,0.00006208,7046.15,1427222.0,9532480.0,9532480.0,4.19,12.33,2.6,1496434451
VeriumReserve,VRM,225,1.25105,0.00051876,92154.6,1393508.0,1113871.0,1113871.0,-1.11,74.05,53.31,1496434475
Bitswift,SWIFT,226,0.338107,0.0001402,9427.76,1373020.0,4060904.0,4060904.0,2.51,12.15,88.85,1496434455
EB3 Coin,EB3,227,0.289041,0.00012001,38842.6,1354466.0,4686069.0,786000000.0,-0.25,0.23,16.66,1496434190
EuropeCoin,ERC,228,0.131143,0.00005438,1820.53,1291952.0,9851473.0,9851473.0,0.19,-1.44,13.34,1496434462
ChainCoin,CHC,229,0.0872074,0.00003616,17394.7,1280626.0,14684835.0,14684835.0,0.0,1.33,-1.97,1496434462
Voxels,VOX,230,0.040297,0.00001671,520837.0,1269356.0,31500000.0,210000000.0,-0.31,44.17,28.86,1496434470
MediterraneanCoin,MED,231,0.0248395,0.00001030,196147.0,1234687.0,49706598.0,49706598.0,1.86,85.72,70.6,1496434455
Yocoin,YOC,232,0.0115266,0.00000478,73795.6,1217426.0,105618830.0,200000000.0,8.75,11.57,36.53,1496434466
Renos,RNS,233,0.0359143,0.00001491,643704.0,1197823.0,33352245.0,33352245.0,-2.11,50.28,129.25,1496434187
Qwark,QWARK,234,0.0665603,0.00002760,31564.5,1175408.0,17659296.0,250377576.0,0.38,24.13,65.24,1496434469
Visio,VISIO,235,0.023176,0.00000962,2541.33,1172724.0,50600779.0,62600779.0,-0.91,-5.03,-21.04,1496434187
Stealthcoin,XST,236,0.043843,0.00001818,2233.87,1147717.0,26177881.0,26177881.0,2.02,-3.18,9.21,1496434451
Dynamic,DYN,237,0.69682,0.00028932,3879.16,1126420.0,1616516.0,4370420.0,-0.55,1.45,14.4,1496434189
Creativecoin,CREA,238,0.103181,0.00004284,6776.5,1089376.0,10557915.0,12269643.0,16.24,15.08,15.34,1496434193
TagCoin,TAG,239,0.198062,0.00008213,153646.0,1087951.0,5492984.0,5492984.0,-1.1,7.09,3.87,1496434442
SecureCoin,SRC,240,0.139083,0.00005767,152720.0,1082882.0,7785866.0,7785866.0,0.0,12.98,-3.27,1496434444
Inpay,INPAY,241,0.107126,0.00004448,27226.0,1071260.0,10000000.0,10000000.0,8.83,-1.37,-16.93,1496434190
HTMLCOIN,HTML5,242,0.0000257587,0.00000001,3803.2,1047323.0,40659020000.0,40659020000.0,23.08,29.2,13.95,1496434454
Ixcoin,IXC,243,0.0493826,0.00002048,3259.62,1036990.0,20999088.0,20999088.0,-0.86,-17.45,-2.07,1496434443
LiteDoge,LDOGE,244,0.0000693884,0.00000003,7233.28,1025186.0,14774599659.0,14774599659.0,-10.6,-7.05,-56.58,1496434458
WhiteCoin,XWC,245,0.00412384,0.00000171,17027.6,1022944.0,248056203.0,248056203.0,-0.12,-0.96,57.21,1496434449
CannabisCoin,CANN,246,0.012506,0.00000519,55027.5,965853.0,77231176.0,91859176.0,-0.13,1.34,48.07,1496434452
Mercury,MER,247,0.00958149,0.00000398,1652.77,958149.0,100000000.0,100000000.0,2.54,-7.08,-8.36,1496434190
AudioCoin,ADC,248,0.00119421,0.00000050,6208.8,947246.0,793198644.0,793198644.0,0.92,-1.11,-13.15,1496434461
PepeCoin,PEPE,249,0.0681981,0.00002828,22833.2,939522.0,13776368.0,13776368.0,0.69,8.56,37.35,1496434467
Triggers,TRIG,250,0.0291081,0.00001207,31085.9,934533.0,32105593.0,100000000.0,-0.31,-7.98,-2.01,1496434477
HiCoin,XHI,251,0.00484661,0.00000201,125477.0,919547.0,189729990.0,10189729990.0,0.72,-3.99,1.75,1496434472
PutinCoin,PUT,252,0.00452731,0.00000188,4136.94,907353.0,200417616.0,200417616.0,4.77,-11.58,31.96,1496434473
DIBCOIN,DIBC,253,0.181264,0.00007526,4461.73,906320.0,5000000.0,5000000000.0,-3.57,0.04,10.13,1496434190
Hacker Gold,HKG,254,0.0558967,0.00002318,2052.14,900546.0,16110893.0,16110893.0,-5.8,-4.32,-5.76,1496434480
ArcticCoin,ARC,255,0.0377569,0.00001566,29365.2,881999.0,23359938.0,23359938.0,-2.2,-2.6,-22.02,1496434478
CacheCoin,CACH,256,0.24116,0.0001,18514.6,869097.0,3603818.0,3603818.0,193.84,189.11,,1496434446
Syndicate,SYNX,257,0.0768334,0.00003186,14876.6,865825.0,11268860.0,11268860.0,-0.17,-66.32,53.21,1496434472
DopeCoin,DOPE,258,0.00776536,0.00000322,19405.9,862620.0,111085648.0,111085648.0,-2.91,12.75,-15.4,1496434445
EverGreenCoin,EGC,259,0.0628143,0.00002605,9928.61,836768.0,13321301.0,13321301.0,2.12,-1.76,5.58,1496434466
Hush,HUSH,260,0.752989,0.00031224,71303.5,828956.0,1100888.0,1222363.0,0.21,9.46,60.45,1496434480
Pesetacoin,PTC,261,0.00633626,0.00000263,3690.79,827199.0,130550012.0,130550012.0,-0.74,10.88,-2.03,1496434447
Woodcoin,LOG,262,0.1023,0.00004242,570.85,822000.0,8035193.0,8035193.0,-0.12,1.19,3.32,1496434459
Centurion,CNT,263,0.0304151,0.00001263,31125.7,786239.0,25850279.0,63389078.0,-1.5,-12.3,-1.25,1496434186
ShadowCash,SDC,264,0.115971,0.00004809,513.702,773204.0,6667221.0,6667221.0,-5.6,-4.93,-16.99,1496434453
Unitus,UIS,265,0.0164659,0.00000683,21557.7,770315.0,46782430.0,46782430.0,-0.61,2.74,-3.49,1496434456
ExclusiveCoin,EXCL,266,0.188244,0.00007806,6433.15,769685.0,4088760.0,4088760.0,0.86,15.18,2.21,1496434454
e-Gulden,EFL,267,0.0494407,0.00002050,1929.39,758708.0,15345812.0,20385152.0,-0.17,1.23,-11.76,1496434447
GeoCoin,GEO,268,0.308416,0.00012789,6543.74,757186.0,2455079.0,2455079.0,2.7,16.36,36.03,1496434458
ProCurrency,PROC,269,0.249453,0.00010357,890.448,702261.0,2815205.0,15000053805.0,-0.35,7.97,12.79,1496434193
Tokes,TKS,270,1.07271,0.00044539,4774.14,694713.0,647624.0,50000000.0,-0.13,8.96,-5.96,1496434188
BlueCoin,BLU,271,0.0011988,0.00000050,1521.06,688931.0,574683675.0,574683675.0,4.7,-19.07,167.38,1496434449
HempCoin,THC,272,0.00323158,0.00000134,17606.4,684523.0,211823061.0,211823061.0,-5.07,8.21,-12.24,1496434451
Ripto Bux,RBX,273,0.00199931,0.00000083,5223.32,683964.0,342100100.0,1000000000.0,-0.46,7.61,77.58,1496434190
Altcoin,ALT,274,5.37211,0.0022305,2132.97,656339.0,122175.0,134063.0,-0.1,-0.64,18.86,1496434191
Fantomcoin,FCN,275,0.110934,0.00004600,2185.98,650356.0,5862551.0,5862551.0,-5.27,-6.04,-3.12,1496434450
DT Token,DRACO,276,0.00729687,0.00000303,75031.7,648611.0,88888888.0,88888888.0,4.34,42.62,64.43,1496434472
Version,V,277,0.00144509,0.00000060,914.632,632125.0,437429614.0,437429614.0,-0.25,41.65,,1496434194
UniBURST,UNIBURST,278,0.631755,0.00026231,5294.74,631754.0,999999.0,1000000.0,17.17,11.87,264.18,1496434187
Synergy,SNRG,279,0.225854,0.00009365,1373.54,626992.0,2776095.0,2776095.0,-0.53,-4.58,15.27,1496434460
Magi,XMG,280,0.0825813,0.00003424,4119.16,582686.0,7055907.0,7055907.0,5.74,0.3,-4.88,1496434454
Joincoin,J,281,0.235592,0.00009769,672.355,576824.0,2448402.0,2448402.0,5.9,-61.44,85.93,1496434453
BTSR,BTSR,282,0.173217,0.00007183,18947.4,573490.0,3310819.0,3310819.0,1.56,19.68,24.75,1496434468
Moin,MOIN,283,0.0819144,0.00003397,2352.88,569299.0,6949926.0,6949926.0,-0.02,3.43,37.4,1496434466
TrustPlus,TRUST,284,0.0176047,0.00000730,1223.39,564875.0,32086595.0,32086595.0,-3.81,2.08,20.32,1496434452
1337,1337,285,0.0000237065,0.000000010,4451.64,540652.0,22806071917.0,22806071917.0,2.11,28.1,70.64,1496434465
TileCoin,XTC,286,0.0051905,0.00000215,8201.0,519050.0,100000000.0,100000000.0,-0.0,-5.29,-7.92,1496434455
Canada eCoin,CDN,287,0.00525509,0.00000218,815.747,511927.0,97415544.0,97415544.0,2.13,5.34,23.62,1496434449
FujiCoin,FJC,288,0.0005295,0.00000022,3784.56,510041.0,963251120.0,963251120.0,0.14,-25.33,14.21,1496434460
NuShares,NSR,289,0.000188506,0.00000008,709.812,509394.0,2702268334.0,3317172901.0,-2.56,-19.44,-69.91,1496434456
Elcoin,EL,290,0.0429274,0.00001780,4884.8,481172.0,11208967.0,20935289.0,4.46,-18.32,-13.82,1496434470
Capricoin,CPC,291,0.452852,0.00018778,43908.1,445946.0,984751.0,200984751.0,3.37,-0.16,22.1,1496434461
KoreCoin,KORE,292,0.240268,0.00009963,2947.73,439918.0,1830949.0,1830949.0,0.67,-3.72,3.7,1496434450
TrumpCoin,TRUMP,293,0.0670746,0.00002781,5946.78,438638.0,6539549.0,6539549.0,-1.19,9.79,13.02,1496434467
IncaKoin,NKA,294,0.0000581175,0.00000002,11032.9,438031.0,7536995465.0,7536995465.0,0.08,7.53,71.03,1496434457
BitBar,BTB,295,13.0389,0.00540672,734.718,424934.0,32590.0,32590.0,-0.07,13.62,22.98,1496434441
I0Coin,I0C,296,0.019341,0.00000802,1157.79,405667.0,20974447.0,20974447.0,-0.09,1.16,9.57,1496434442
Terracoin,TRC,297,0.0197942,0.00000821,7540.24,397898.0,20101740.0,20101740.0,7.9,26.79,7.26,1496434440
NobleCoin,NOBL,298,0.000167578,0.00000007,10810.3,384035.0,2291679165.0,2291679165.0,-0.12,-13.29,-18.58,1496434445
Newbium,NEWB,299,0.0159166,0.00000660,44254.1,381998.0,24000000.0,51000000.0,-0.12,57.35,278.51,1496434471
PostCoin,POST,300,0.023658,0.00000981,3968.65,373213.0,15775332.0,15775332.0,1.38,1.64,5.48,1496434469
Cryptojacks,CJ,301,0.000873817,0.00000036,2724.1,355267.0,406568581.0,406568581.0,-4.03,286.24,143.78,1496434472
iTicoin,ITI,302,11.065,0.00459419,52292.2,354080.0,32000.0,9999992.0,2.91,-7.92,6.46,1496434193
TeslaCoin,TES,303,0.00491612,0.00000204,1166.65,352850.0,71774056.0,71774056.0,-0.53,-8.44,1.68,1496434445
Master Swiscoin,MSCN,304,0.0339266,0.00001409,10466.5,347782.0,10251010.0,1002577026.0,2.53,-1.81,-13.44,1496434186
Virtacoinplus,XVP,305,0.0381687,0.00001585,1211.51,336652.0,8820094.0,10354688.0,-1.0,-13.53,-39.72,1496434188
Wyvern,WYV,306,0.308309,0.00012801,896.749,336251.0,1090631.0,1090631.0,-0.25,2.66,-10.46,1496434191
GCoin,GCN,307,0.0000023885,0.0000000010,2036.11,332050.0,139022435000,139022435000,0.38,2.97,26.55,1496434456
Jewels,JWL,308,0.0160372,0.00000665,3333.46,323571.0,20176302.0,20176302.0,0.44,-2.39,0.01,1496434475
Trollcoin,TROLL,309,0.000578045,0.00000024,893.659,320096.0,553755413.0,553755413.0,-0.09,-3.17,-10.45,1496434455
Dotcoin,DOT,310,0.00134608,0.00000056,38975.1,302774.0,224930250.0,489930250.0,-2.51,-4.08,12.74,1496434457
Atomic Coin,ATOM,311,0.0298881,0.00001239,1245.4,300389.0,10050466.0,10050466.0,4.46,33.08,21.31,1496434478
ParkByte,PKB,312,0.0618066,0.00002563,1903.1,294448.0,4764026.0,4764026.0,-4.45,11.26,23.8,1496434460
MazaCoin,MZC,313,0.000267502,0.00000011,1306.54,292278.0,1092618137.0,1092618137.0,-2.15,2.8,12.39,1496434448
Bytecent,BYC,314,0.168812,0.00007000,3634.4,273767.0,1621729.0,1621729.0,0.27,9.05,-4.46,1496434457
Influxcoin,INFX,315,0.162154,0.00006724,8426.8,271346.0,1673383.0,1673383.0,0.07,4.6,-41.23,1496434464
Quatloo,QTL,316,0.0361774,0.00001500,10381.8,269082.0,7437839.0,7437839.0,-0.71,-3.94,-9.3,1496434451
Karbowanec,KRB,317,0.0747713,0.00003100,4982.07,264774.0,3541112.0,3541112.0,-1.01,-3.74,-1.21,1496434474
Asiadigicoin,ADCN,318,0.0106111,0.00000440,900.592,264546.0,24931054.0,210000000.0,-0.12,-20.5,-25.65,1496434467
UltraCoin,UTC,319,0.00590843,0.00000245,4033.39,254666.0,43102128.0,43102128.0,-0.22,15.24,49.37,1496434445
8Bit,8BIT,320,0.214475,0.00008893,2421.85,249738.0,1164415.0,1164415.0,-0.01,8.66,-33.46,1496434459
Torcoin,TOR,321,0.928709,0.0003856,7548.51,244123.0,262863.0,1262863.0,-2.65,18.12,-5.03,1496434191
Sexcoin,SXC,322,0.00191791,0.00000080,2773.19,235026.0,122542989.0,122542989.0,-1.11,-3.62,-3.19,1496434466
Zoin,ZOI,323,0.0217036,0.00000900,1427.92,233509.0,10759000.0,10759000.0,-0.12,-12.19,-12.54,1496434479
Rubies,RBIES,324,0.0223654,0.00000927,2269.27,232009.0,10373563.0,10373563.0,0.92,3.06,-9.59,1496434467
PRCoin,PRC,325,0.0234858,0.00000975,43266.7,222274.0,9464200.0,789464200.0,-0.25,1.31,2.54,1496434187
Flycoin,FLY,326,1.01128,0.00041934,1920.64,213183.0,210806.0,210806.0,4.64,16.7,199.38,1496434463
NuBits,USNBT,327,0.998726,0.00041413,68297.9,196521.0,196772.0,838087.0,-0.22,-2.92,-0.91,1496434454
LiteBar,LTB,328,0.294446,0.0001221,838.477,190208.0,645985.0,645985.0,-0.12,-36.33,-9.8,1496434446
KibiCoin,KIC,329,0.0127518,0.00000529,738.422,186896.0,14656450.0,14656450.0,-0.33,-30.45,,1496434195
bitBTC,BITBTC,330,2765.77,1.14686,64463.2,185528.0,67.0,67.0,14.58,16.08,22.27,1496434454
Netko,NETKO,331,0.0731398,0.00003037,1182.86,179260.0,2450917.0,2450917.0,2.82,11.82,-5.27,1496434188
GoldBlocks,GB,332,0.0117192,0.00000486,520.832,174236.0,14867538.0,14867538.0,-0.1,-5.62,10.55,1496434473
Tattoocoin (Standard Edition),TSE,333,0.00145409,0.00000060,1094.34,166335.0,114390850.0,604390850.0,1.53,0.64,26.62,1496434186
UnbreakableCoin,UNB,334,0.0725112,0.00003007,4447.31,165191.0,2278150.0,2278150.0,-0.69,-1.28,8.63,1496434450
Truckcoin,TRK,335,0.00132638,0.00000055,754.005,163268.0,123093065.0,123093065.0,22.08,9.13,76.29,1496434452
LanaCoin,LANA,336,0.000211925,0.00000009,623.334,158627.0,748504908.0,748504908.0,19.0,22.75,72.66,1496434471
Fastcoin,FST,337,0.00120919,0.00000050,1177.63,153282.0,126764507.0,126764507.0,-0.09,-4.42,34.18,1496434441
TheGCCcoin,GCC,338,0.0210501,0.00000874,2225.43,148209.0,7040778.0,867040778.0,-0.25,-1.97,-10.25,1496434185
Greencoin,GREV2,339,0.0000482321,0.00000002,611.459,147573.0,3059648641.0,3059648641.0,-0.12,102.38,114.59,1496434452
DigitalPrice,DP,340,0.00603166,0.00000250,935.831,136670.0,22658696.0,22658696.0,-0.1,-14.71,52.38,1496434455
Pascal Lite,PASL,341,0.0664017,0.00002757,3014.35,131502.0,1980400.0,1980400.0,0.39,17.77,-31.83,1496434188
Piggycoin,PIGGY,342,0.000260806,0.00000011,1136.66,126181.0,483813030.0,483813030.0,-0.11,5.79,-37.61,1496434451
BERNcash,BERN,343,0.00173335,0.00000072,944.428,123474.0,71234301.0,71234301.0,4.11,10.93,-4.2,1496434469
Bottlecaps,CAP,344,0.000868628,0.00000036,500.082,120701.0,138955772.0,138955772.0,-8.72,-71.33,38.82,1496434465
Machinecoin,MAC,345,0.00602901,0.00000250,2468.47,117921.0,19558900.0,19558900.0,0.08,4.53,-5.67,1496434457
PipCoin,PIP,346,0.0178459,0.00000740,644.861,117304.0,6573177.0,6999979.0,1.21,-15.02,-14.48,1496434478
bitEUR,BITEUR,347,1.13316,0.00046988,22271.9,115696.0,102100.0,102100.0,0.81,-1.21,-1.14,1496434461
bitSilver,BITSILVER,348,20.4744,0.00848997,23287.0,114996.0,5617.0,5617.0,2.51,4.0,10.61,1496434457
MojoCoin,MOJO,349,0.00942402,0.00000391,1914.89,113618.0,12056232.0,12056232.0,0.09,2.01,-24.72,1496434469
Rimbit,RBT,350,0.000979742,0.00000041,520.789,113160.0,115499623.0,393459356.0,-2.25,2.21,8.01,1496434455
Phoenixcoin,PXC,351,0.0019531,0.00000081,819.324,113062.0,57888450.0,57888450.0,1.16,0.35,68.21,1496434442
CHNCoin,CNC,352,0.00445122,0.00000185,13426.9,112439.0,25260247.0,170109984.0,0.26,12.64,-6.89,1496434465
Sumokoin,SUMO,353,0.240968,0.00010005,9880.73,112266.0,465895.0,9354784.0,-15.06,1.57,,1496434194
QuazarCoin,QCN,354,0.0192928,0.00000800,771.392,110217.0,5712847.0,5712847.0,14.15,8.53,27.26,1496434449
Emerald Crypto,EMD,355,0.00552239,0.00000229,2876.05,105572.0,19117129.0,19117129.0,-7.02,41.59,85.36,1496434442
Eryllium,ERY,356,0.0214139,0.00000889,4196.83,93253.0,4354778.0,14354778.0,-1.09,-3.89,-41.06,1496434186
bitGold,BITGOLD,357,1571.08,0.651467,4103.71,88004.0,56.0,56.0,2.19,2.49,15.19,1496434457
Freicoin,FRC,358,0.00265276,0.00000110,17728.4,74029.0,27906279.0,100000000.0,-0.1,1.12,12.4,1496434442
Spots,SPT,359,0.00322211,0.00000134,525.653,72195.0,22406021.0,22406021.0,7.27,-21.69,111.01,1496434444
Gapcoin,GAP,360,0.00654693,0.00000271,11708.6,71261.0,10884653.0,10884653.0,1.48,3.32,28.31,1496434456
PetroDollar,XPD,361,0.00106595,0.00000044,1366.82,68214.0,63993275.0,63993275.0,-0.12,23.82,30.05,1496434448
Kurrent,KURT,362,0.00666912,0.00000277,1617.71,66154.0,9919485.0,21319485.0,-2.35,-13.5,7.04,1496434480
MCAP,MCAP,363,6.51412,0.00270466,140847.0,65174.0,10005.0,100000000.0,2.31,-0.34,,1496434194
CrevaCoin,CREVA,364,0.00173348,0.00000072,11425.6,63083.0,36390750.0,6240390800.0,0.51,0.21,-3.95,1496434461
Wexcoin,WEX,365,0.347787,0.00014421,5961.55,58342.0,167751.0,10000167751.0,-0.05,-8.84,20.09,1496434476
Argentum,ARG,366,0.00723481,0.00000300,819.835,54311.0,7506919.0,7506919.0,-2.68,-14.51,2.15,1496434444
Acoin,ACOIN,367,0.0413795,0.00001716,11359.2,50487.0,1220085.0,1220085.0,-1.63,-0.97,-27.01,1496434454
Philosopher Stones,PHS,368,0.0194616,0.00000807,3171.64,47276.0,2429219.0,2429219.0,-0.33,1.05,7.22,1496434445
Prime-XI,PXI,369,0.0031497,0.00000131,787.577,46612.0,14798885.0,14798885.0,-1.98,1.77,70.52,1496434454
PonziCoin,PONZI,370,0.0536582,0.00002225,732.608,46205.0,861099.0,861099.0,-16.53,-2.15,,1496434472
LevoPlus,LVPS,371,0.0960883,0.00003990,3087.6,39643.0,412567.0,91412567.0,-0.25,105.0,-30.5,1496434188
Bolivarcoin,BOLI,372,0.0053202,0.00000221,570.307,34507.0,6486050.0,6486050.0,-4.04,7.35,21.08,1496434463
Independent Money System,IMS,373,0.00638238,0.00000265,892.214,34267.0,5368934.0,5368934.0,1.47,-7.13,-10.9,1496434468
Honey,HONEY,374,0.488828,0.00020296,545.113,33390.0,68306.0,68306.0,-12.14,98.05,-13.1,1496434188
Rawcoin,XRC,375,0.0440359,0.00001826,1506.85,31040.0,704882.0,704882.0,-0.12,-10.63,150.94,1496434479
BeaverCoin,BVC,376,0.00894705,0.00000371,672.389,27872.0,3115258.0,3115258.0,0.15,3.79,-3.75,1496434455
PIECoin,PIE,377,0.000359944,0.00000015,524.421,25941.0,72068490.0,72068490.0,-0.25,-5.14,-3.86,1496434187
Marijuanacoin,MAR,378,0.0419075,0.00001740,7890.05,21905.0,522690.0,522690.0,0.84,-40.8,-15.85,1496434186
Eurocoin,EUC,379,0.00159166,0.00000066,1288.08,18671.0,11730350.0,11730350.0,-3.06,10.3,-26.02,1496434463
FuzzBalls,FUZZ,380,0.00299971,0.00000124,560.453,14488.0,4829945.0,4829945.0,1.01,9.63,5.54,1496434470
Bitvolt,VOLT,381,0.000818882,0.00000034,842.295,12375.0,15112554.0,60132654.0,-0.25,2.19,-3.93,1496434192
Beatcoin,XBTS,382,0.00666661,0.00000276,1540.12,10164.0,1524686.0,2524686.0,4.39,-6.22,29.23,1496434476
BenjiRolls,BENJI,383,0.000458205,0.00000019,6121.33,8681.0,18946636.0,18946636.0,1.21,3.23,-11.7,1496434482
AllSafe,ASAFE,384,0.0000109973,0.000000005,774.37,7808.0,710000000.0,710000000.0,8.32,-38.41,21.7,1496434479
Ebittree Coin,EBT,385,0.00847784,0.00000352,749.036,7396.0,872340.0,810872340.0,-0.25,-28.37,-15.54,1496434191
Argus,ARGUS,386,0.00557435,0.00000231,707.256,6401.0,1148324.0,5194373.0,-3.08,1.92,8.94,1496434187
Digital Money Bits,DMB,387,0.015835,0.00000657,10109.7,4952.0,312700.0,10312700.0,-1.65,11.48,218.0,1496434194
Environ,ENV,388,0.0000241073,0.00000001,3481.28,3161.0,131129509.0,931129509.0,-0.16,1.16,,1496434193
Powercoin,PWR,389,0.0000241160,0.00000001,1278.14,1205.0,49983870.0,49983870.0,-0.12,1.19,7.36,1496434472
Gold Pressed Latinum,GPL,390,0.178035,0.00007392,7621.94,,,204097.0,0.2,-7.16,4.62,1496434193
SnakeEyes,SNAKE,391,0.168468,0.00006995,800.56,,,10000000.0,25.61,16.84,66.21,1496434192
Arcade Token,ARC,392,3.74133,0.00167261,,10777041.0,2880537.0,2880537.0,,,41.95,1496180681
Scotcoin,SCOT,393,0.00774289,0.00000321,,7742890.0,1000000000.0,1000000000.0,,-7.02,59.92,1496426352
AsiaCoin,AC,394,0.00293192,0.00000122,63.6911,2462654.0,839945925.0,839945925.0,-0.12,-4.57,-15.06,1496434448
XCurrency,XC,395,0.385857,0.00016,53.0553,2240614.0,5806852.0,5806852.0,-0.12,-10.05,-25.7,1496434450
InsaneCoin,INSANE,396,0.0627136,0.00002600,277.759,1150230.0,18340994.0,18340994.0,14.02,-12.37,46.88,1496434479
NewYorkCoin,NYC,397,0.0000189810,0.000000008,447.196,1133544.0,59719935819.0,59719935819.0,-2.54,-20.35,-11.01,1496434449
Bitpark Coin,BPC,398,0.0148555,0.00000616,116.268,1114163.0,75000000.0,100000000.0,-24.97,-5.45,-13.32,1496434481
Devcoin,DVC,399,0.0000617311,0.00000003,45.12,864549.0,14005077500.0,14005077500.0,0.26,-4.56,38.34,1496434440
GlobalCoin,GLC,400,0.0129262,0.00000536,359.389,842414.0,65171010.0,65171010.0,-0.12,-17.11,-49.8,1496434442
Casino,CASINO,401,0.833916,0.00034624,24.1836,833916.0,1000000.0,1000000.0,4.15,80.52,46.14,1496434188
Pandacoin,PND,402,0.0000241160,0.00000001,177.31,784130.0,32514916898.0,32514916898.0,-0.12,1.19,7.29,1496434446
Ultimate Secure Cash,USC,403,0.0734084,0.00003048,134.639,759271.0,10343113.0,38602656.0,-0.25,-6.96,4.19,1496434190
DubaiCoin,DBIC,404,0.146894,0.00006091,265.174,753421.0,5129014.0,6146942.0,-0.71,-9.78,-2.41,1496434467
Carboncoin,CARBON,405,0.0000482321,0.00000002,14.7108,742385.0,15391933909.0,15391933909.0,-0.12,7.87,7.28,1496434452
Tao,XTO,406,0.0225312,0.00000934,209.716,683073.0,30316740.0,32316740.0,-0.12,56.44,17.89,1496434477
Deutsche eMark,DEM,407,0.0205133,0.00000851,489.831,570135.0,27793416.0,27793416.0,-0.11,-5.03,5.32,1496434443
CageCoin,CAGE,408,0.0000055431,0.000000002,285.123,560789.0,101168328395,101168328395,-8.56,11.64,41.37,1496434446
Cryptofund,FUND,409,0.5588,0.0002553,,558800.0,1000000.0,1000000.0,,,-14.0,1495948164
E-Currency Coin ,ECC,410,0.0000241160,0.00000001,3.861,532014.0,22060603799.0,22060603799.0,-0.12,1.15,7.29,1496434448
Colossuscoin V2,CV2,411,0.0000221608,0.000000009,95.3304,491758.0,22190445273.0,22190445273.0,0.05,24.91,-29.59,1496434458
ReeCoin,REE,412,0.0383408,0.00001590,347.633,474188.0,12367704.0,6662367704.0,-0.39,-7.77,67.92,1496434472
SmileyCoin,SMLY,413,0.0000177915,0.000000007,130.848,461872.0,25960250000.0,25960250000.0,0.62,-15.36,-21.75,1496434457
PayCoin,XPY,414,0.0377133,0.00001564,115.533,441354.0,11702868.0,11752868.0,-0.12,417.07,122.71,1496434456
CasinoCoin,CSC,415,0.0111395,0.00000462,296.629,429998.0,38601187.0,38601187.0,-2.05,-5.13,-10.61,1496434466
Happycoin,HPC,416,0.0373314,0.00001550,242.06,424307.0,11365954.0,11365954.0,2.02,2.14,178.24,1496434191
Dashcoin,DSH,417,0.0236347,0.00000980,301.54,408681.0,17291579.0,17291579.0,-9.54,-8.16,1.05,1496434455
YashCoin,YASH,418,0.0397915,0.00001650,210.259,397920.0,10000117.0,10000117.0,-8.45,-13.57,12.99,1496434481
MTMGaming,MTM,419,0.124947,0.00005188,470.926,374841.0,3000000.0,5000000.0,4.15,77.93,235.34,1496434188
LTBcoin,LTBC,420,0.000742106,0.00000032,,366499.0,493863915.0,493863915.0,,,,1496287754
Mineum,MNM,421,0.0386538,0.00001603,76.3078,364751.0,9436367.0,9586367.0,-11.14,2.86,-6.74,1496434471
Orbitcoin,ORB,422,0.12126,0.00005028,240.613,358418.0,2955777.0,2955777.0,-0.02,-2.52,7.77,1496434443
RussiaCoin,RC,423,0.0426372,0.00001768,0.289319,350326.0,8216446.0,8216446.0,-0.12,1.3,12.13,1496434466
SuperCoin,SUPER,424,0.00844061,0.00000350,50.6437,347379.0,41155630.0,41155630.0,-0.12,1.19,,1496434450
HOdlcoin,HODL,425,0.00364152,0.00000151,241.283,337756.0,92751460.0,250000000.0,-0.12,17.54,1.7,1496434468
Crypto Bullion,CBX,426,0.316283,0.00013115,11.8188,314974.0,995862.0,995862.0,-3.01,33.59,-18.83,1496434442
SmartCoin,SMC,427,0.0130957,0.00000543,103.628,299812.0,22893894.0,22893894.0,0.52,23.41,4.27,1496434444
FuelCoin,FC2,428,0.00289392,0.00000120,115.198,293480.0,101412559.0,101412559.0,-0.12,-16.83,,1496434450
Rare Pepe Party,RAREPEPEPRTY,429,16.1275,0.0067095,,290295.0,18000.0,100000.0,,,8.03,1496315982
Shorty,SHORTY,430,0.00282158,0.00000117,0.282158,282158.0,100000000.0,100000000.0,-0.12,-43.62,-21.98,1496434481
The Cypherfunks,FUNK,431,0.0000060816,0.000000003,129.268,268587.0,44163645000.0,44163645000.0,0.1,28.86,3.1,1496434462
HitCoin,HTC,432,0.0000241160,0.00000001,15.5233,265187.0,10996318099.0,20996318099.0,-0.12,-49.41,-40.96,1496434468
BTCtalkcoin,TALK,433,0.00357833,0.00000161,,233631.0,65290635.0,65290635.0,,,-25.9,1496191750
Neutron,NTRN,434,0.018515,0.00000768,345.671,233616.0,12617684.0,12617684.0,-4.2,-4.67,231.69,1496434460
AgrolifeCoin,AGLC,435,0.0472658,0.00001990,,216716.0,4585047.0,204585047.0,,,,1496301878
VirtualCoin,VC,436,0.0213734,0.00000888,,215108.0,10064287.0,10064287.0,-0.32,54.67,0.4,1496433855
BritCoin,BRIT,437,0.0096223,0.00000399,162.825,204648.0,21268092.0,21268092.0,-0.12,1.0,5.7,1496434452
Vault Coin,VLTC,438,0.00683391,0.00000283,30.5542,203146.0,29726120.0,529726120.0,0.13,41.79,-24.7,1496434480
Bitstar,BITS,439,0.0082985,0.00000344,280.807,191527.0,23079737.0,23079737.0,-13.74,-1.19,61.16,1496434449
Pesobit,PSB,440,0.0058602,0.00000243,401.155,191463.0,32671754.0,32671754.0,-0.12,-3.19,9.7,1496434477
42-coin,42,441,4513.61,1.87162,64.6436,189572.0,42.0,42.0,0.12,-0.41,24.52,1496434444
Kobocoin,KOBO,442,0.0076172,0.00000316,33.392,188147.0,24700248.0,24700248.0,2.71,-20.81,-50.57,1496434458
Zero,ZER,443,0.243256,0.000101,462.199,181605.0,746560.0,746560.0,2.8,6.78,3.1,1496434188
Bitz,BITZ,444,0.0892373,0.00003720,,177662.0,1990891.0,1990891.0,,0.65,7.98,1496351362
SwagBucks,BUCKS,445,0.85868,0.00035606,2.11503,176621.0,205689.0,205689.0,-6.86,-11.64,-30.17,1496434466
BillaryCoin,BLRY,446,0.0195581,0.00000811,24.1253,175693.0,8983158.0,8983158.0,-0.12,5.89,-9.74,1496434470
Tristar Coin,TSTR,447,0.0343849,0.00001500,,172882.0,5027857.0,255027857.0,,,-14.98,1496271895
NetCoin,NET,448,0.000217332,0.00000009,60.3401,171068.0,787126712.0,787126712.0,-0.09,3.67,-0.19,1496434443
Veltor,VLT,449,0.308155,0.00012778,346.234,170981.0,554855.0,554855.0,-0.12,-35.2,-4.88,1496434475
Titcoin,TIT,450,0.00312956,0.00000130,133.211,156159.0,49898202.0,49898202.0,-0.65,7.24,-12.61,1496434452
LottoCoin,LOT,451,0.0000100748,0.000000004,10.9709,145994.0,14491014421.0,14491014421.0,7.2,4.58,12.26,1496434444
Coin(O),CNO,452,0.00137949,0.00000057,304.006,142249.0,103116822.0,103116822.0,0.76,9.24,54.92,1496434447
Crave,CRAVE,453,0.112622,0.00004670,262.355,140743.0,1249695.0,1249695.0,-0.12,-28.42,67.5,1496434459
GAIA,GAIA,454,0.00578785,0.00000240,57.8785,139495.0,24101381.0,24101381.0,-0.12,,18.2,1496434455
Stress,STS,455,0.00024116,0.00000010,2.4116,136288.0,565134332.0,565134332.0,-0.12,1.19,-2.44,1496434467
TEKcoin,TEK,456,0.0000951756,0.00000004,381.8,134583.0,1414054562.0,1414054562.0,-0.11,-0.16,121.71,1496434450
PureVidz,VIDZ,457,0.00102564,0.00000043,241.875,128395.0,125184791.0,125184791.0,-0.25,-31.98,3.77,1496434185
Bitcurrency,BTCR,458,0.000739319,0.00000031,109.059,124412.0,168279581.0,168279581.0,0.07,4.79,26.96,1496434480
Digital Rupees,DRS,459,0.000240848,0.00000010,175.553,123026.0,510802961.0,510802961.0,-0.25,37.87,-12.58,1496434185
MetalCoin,METAL,460,0.00154592,0.00000064,,118921.0,76925527.0,76925527.0,,1.35,-8.3,1496430259
Pakcoin,PAK,461,0.00317197,0.00000132,345.109,116241.0,36646400.0,36646400.0,1.33,19.69,20.3,1496434464
BitcoinTX,BTX,462,0.00142285,0.00000059,58.6188,115340.0,81062541.0,81062541.0,-0.12,-45.23,-57.45,1496434460
Xiaomicoin,MI,463,0.000281446,0.00000012,294.952,114307.0,406141855.0,406141855.0,-0.11,14.58,11.42,1496434463
C-Bit,XCT,464,0.000819945,0.00000034,51.3516,108065.0,131795000.0,131795000.0,-10.64,7.51,17.75,1496434468
TittieCoin,TTC,465,0.0000852356,0.00000004,155.558,107381.0,1259816434.0,1259816434.0,-0.14,20.0,35.97,1496434456
HyperStake,HYP,466,0.000278175,0.00000012,276.183,107319.0,385796097.0,385796097.0,-0.12,9.49,29.35,1496434453
BigUp,BIGUP,467,0.0000482321,0.00000002,205.492,99096.0,2054563215.0,2054563215.0,-0.12,13.03,57.69,1496434468
Sterlingcoin,SLG,468,0.0253648,0.00001052,349.625,98445.0,3881156.0,3881156.0,-0.11,1.32,-5.97,1496434455
Dollarcoin,DLC,469,0.0106834,0.00000443,0.267085,97291.0,9106714.0,9106714.0,-0.12,0.96,,1496434476
GlobalBoost-Y,BSTY,470,0.00851786,0.00000353,296.304,97090.0,11398430.0,11398430.0,-0.38,2.63,9.0,1496434455
ChessCoin,CHESS,471,0.00177391,0.00000074,69.596,95732.0,53966438.0,53966438.0,39.03,54.16,130.55,1496434472
Swing,SWING,472,0.0416243,0.00001726,42.9879,94828.0,2278200.0,2278200.0,-0.12,-7.48,-6.85,1496434464
FlutterCoin,FLT,473,0.000287626,0.00000012,11.6351,92677.0,322214524.0,322214524.0,0.23,0.78,-11.44,1496434447
Coin2.1,C2,474,0.000926962,0.00000038,308.389,92674.0,99976323.0,99976323.0,-0.12,4.06,-12.02,1496434450
HoboNickels,HBN,475,0.00190517,0.00000079,320.891,92546.0,48576463.0,48576463.0,-1.37,-17.89,46.73,1496434444
BunnyCoin,BUN,476,0.0000009002,0.0000000004,23.0234,91289.0,101411484240,101411484240,8.79,7.78,6.36,1496434453
Cannacoin,CCN,477,0.0193169,0.00000801,57.0196,90744.0,4697672.0,4697672.0,-7.89,-18.95,-16.53,1496434448
CorgiCoin,CORG,478,0.0000711661,0.00000003,0.900372,89090.0,1251855418.0,1251855418.0,32.32,9.29,-59.94,1496434446
NoLimitCoin,NLC2,479,0.000434089,0.00000018,49.7302,87017.0,200458804.0,200458804.0,-0.12,7.14,-1.28,1496434476
WayGuide,WAY,480,0.000868177,0.00000036,2.69048,86853.0,100040708.0,100040708.0,-0.12,,18.52,1496434475
KiloCoin,KLC,481,0.000409973,0.00000017,4.09973,80477.0,196297971.0,10025186872.0,-0.12,1.19,21.66,1496434467
AmberCoin,AMBER,482,0.00178459,0.00000074,2.74771,77885.0,43643263.0,43643263.0,-0.12,19.53,5.07,1496434457
KushCoin,KUSH,483,0.0143545,0.00000596,101.917,77425.0,5393782.0,5393782.0,-0.25,29.16,30.31,1496434186
AquariusCoin,ARCO,484,0.0621742,0.00002578,176.749,76003.0,1222415.0,1222415.0,0.77,41.03,50.58,1496434470
UFO Coin,UFO,485,0.0000229521,0.00000001,,75448.0,3287197512.0,3287197512.0,,,2.18,1496273048
CCMiner,CCM100,486,0.0308858,0.00001282,71.13,74631.0,2416354.0,6000000.0,4.15,16.28,24.86,1496434186
GameUnits,UNITS,487,0.0213508,0.00000885,26.7598,74007.0,3466257.0,3466257.0,0.3,-1.99,-19.32,1496434481
Elementrem,ELE,488,0.00295748,0.00000123,122.258,73994.0,25019391.0,25019391.0,-0.12,6.28,10.71,1496434475
Darsek,KED,489,0.00741811,0.00000308,25.7078,73153.0,9861398.0,9861398.0,-0.25,-2.72,-22.94,1496434190
Triangles,TRI,490,1.00108,0.00041511,10.487,72970.0,72891.0,72891.0,-0.12,-13.57,-13.32,1496434452
Valorbit,VAL,491,0.0000241160,0.00000001,2.89392,69270.0,2872376005.0,922340072376005,-0.12,1.19,7.36,1496434469
SproutsExtreme,SPEX,492,0.0000240044,0.00000001,,68811.0,2866607586.0,2866607586.0,,0.72,6.78,1496425768
Guncoin,GUN,493,0.000361698,0.00000015,25.9696,65871.0,182116828.0,182116828.0,-0.12,-5.14,48.33,1496434449
HempCoin,HMP,494,0.0000482321,0.00000002,121.545,65433.0,1356621170.0,2856621170.0,-0.12,1.19,12.82,1496434467
Blakecoin,BLC,495,0.00523293,0.00000217,186.602,62328.0,11910789.0,11910789.0,2.71,-9.27,-8.89,1496434445
Yacoin,YAC,496,0.000530553,0.00000022,4.57954,61606.0,116116852.0,116116852.0,-0.12,-3.23,-4.0,1496434441
Ratecoin,XRA,497,0.000578822,0.00000024,129.756,61412.0,106098515.0,106098515.0,-0.11,-1.56,-12.56,1496434461
Bitcloud,BTD,498,0.00535376,0.00000222,38.047,59635.0,11138938.0,11138938.0,-0.12,-37.25,-16.39,1496434475
DigiCube,CUBE,499,0.0000241160,0.00000001,10.4906,58581.0,2429126009.0,2429126009.0,-0.12,25.1,7.29,1496434464
Chronos,CRX,500,0.00078079,0.00000032,282.731,57568.0,73729962.0,73729962.0,6.73,7.19,23.01,1496434473
Artex Coin,ATX,501,0.00306417,0.00000127,230.76,57294.0,18697950.0,268697950.0,16.78,8.11,49.37,1496434476
RevolverCoin,XRE,502,0.00260453,0.00000108,39.8679,56764.0,21794208.0,21794208.0,-0.12,21.43,14.49,1496434471
Lex4All,LEX,503,0.056156,0.00002332,23.754,56158.0,1000043.0,5000000.0,-21.39,21.56,12.03,1496434188
Nyancoin,NYAN,504,0.000181267,0.00000008,62.0251,53998.0,297891209.0,297891209.0,0.83,-4.88,0.88,1496434446
MarteXcoin,MXT,505,0.0196351,0.00000814,0.162403,53568.0,2728161.0,2728161.0,15.72,20.92,-22.15,1496434472
Zayedcoin,ZYD,506,0.00795829,0.00000330,20.5561,49690.0,6243840.0,6243840.0,-0.12,-0.32,-11.2,1496434476
Debitcoin,DBTC,507,0.00274243,0.00000114,39.4181,49342.0,17992056.0,25992056.0,-0.12,-21.72,-8.9,1496434472
RedCoin,RED,508,0.000661373,0.00000027,13.6968,49013.0,74107896.0,74107896.0,-0.04,6.66,-29.94,1496434444
Evotion,EVO,509,0.0197694,0.00000820,57.2587,48815.0,2469220.0,2469220.0,-8.23,16.23,-41.57,1496434465
NevaCoin,NEVA,510,0.0266602,0.00001106,359.875,48377.0,1814570.0,1814570.0,0.17,-1.55,14.47,1496434469
SatoshiMadness,MAD,511,0.0000241160,0.00000001,9.8876,48248.0,2000683485.0,2000683485.0,-0.12,1.19,7.29,1496434463
AurumCoin,AU,512,0.160975,0.00006675,117.179,47683.0,296216.0,296216.0,-0.14,-23.5,-16.64,1496434455
CoExistCoin,COXST,513,0.00174834,0.00000072,51.0681,47448.0,27138905.0,27138905.0,-5.37,15.95,-8.54,1496434469
Aricoin,ARI,514,0.000337625,0.00000014,35.9967,47356.0,140262505.0,140262505.0,-0.12,-5.77,23.31,1496434446
PayCon,CON,515,0.00202234,0.00000084,126.534,46600.0,23042604.0,23042604.0,-0.69,57.11,54.17,1496434458
Eternity,ENT,516,0.0151266,0.00000627,282.66,46399.0,3067369.0,3067369.0,-0.01,-20.28,-25.97,1496434480
ICOBID,ICOB,517,0.000433526,0.00000018,88.2404,45027.0,103862796.0,103862796.0,-0.25,-4.51,27.58,1496434184
BurstOcean,OCEAN,518,0.211989,0.00008802,8.47955,44905.0,211827.0,1000000.0,4.15,2.55,15.51,1496434188
Jin Coin,JIN,519,0.00431677,0.00000179,65.7203,42514.0,9848485.0,9848485.0,-0.12,-58.37,,1496434476
Sativacoin,STV,520,0.00584787,0.00000242,0.492811,41385.0,7076872.0,7076872.0,-0.12,-10.45,8.84,1496434455
UniCoin,UNIC,521,0.0141077,0.00000585,106.75,41078.0,2911774.0,2911774.0,0.01,1.55,14.74,1496434460
Joulecoin,XJO,522,0.00126824,0.00000053,37.7595,40915.0,32261456.0,32261456.0,-0.1,-3.16,13.51,1496434443
AmsterdamCoin,AMS,523,0.00424442,0.00000176,75.797,40762.0,9603707.0,16803707.0,-0.12,-11.56,18.41,1496434463
808Coin,808,524,0.000197316,0.00000008,177.176,40708.0,206307899.0,206307899.0,1.87,3.32,39.04,1496434473
UCoin,U,525,0.0149761,0.00000621,172.067,40283.0,2689812.0,2689812.0,-0.12,115.94,6.25,1496434456
MiloCoin,MILO,526,0.00387765,0.00000161,0.468641,39908.0,10291742.0,10291742.0,-0.25,-23.81,77.44,1496434188
Francs,FRN,527,0.0229044,0.00000950,189.617,39260.0,1714100.0,1714100.0,-0.02,-15.51,16.57,1496434467
MACRON,MCRN,528,0.0000967201,0.00000004,199.982,38826.0,401421401.0,401421401.0,17.15,15.79,16.04,1496434191
Franko,FRK,529,0.0600007,0.00002488,7.34659,38217.0,636950.0,636950.0,-0.1,7.75,,1496434441
Tigercoin,TGC,530,0.000868177,0.00000036,9.27404,37798.0,43536800.0,43536800.0,-0.09,-13.03,27.61,1496434445
Universe,UNI,531,0.0119942,0.00000498,102.113,35742.0,2979955.0,14179955.0,-0.25,4.63,14.84,1496434189
WMCoin,WMC,532,0.00308685,0.00000128,0.477835,35584.0,11527489.0,911527489.0,-0.12,,,1496434470
OctoCoin,888,533,0.000730257,0.00000030,29.8056,35330.0,48379628.0,48379628.0,-0.22,-7.78,46.71,1496434447
FlavorCoin,FLVR,534,0.00168775,0.00000070,1.32427,35271.0,20898106.0,20898106.0,0.75,21.35,67.91,1496434466
Cypher,CYP,535,0.00545022,0.00000226,241.16,34692.0,6365285.0,6365285.0,-0.12,1.19,-6.38,1496434459
Solarflarecoin,SFC,536,0.00250482,0.00000104,158.842,34363.0,13718750.0,13718750.0,-0.25,17.05,-16.28,1496434185
Dobbscoin,BOB,537,0.00677661,0.00000281,3.751,34292.0,5060382.0,5060382.0,0.5,3.2,11.7,1496434453
HealthyWormCoin,WORM,538,0.00214354,0.00000089,163.334,34173.0,15942233.0,15942233.0,-0.25,-9.15,-18.82,1496434189
PopularCoin,POP,539,0.0000100480,0.000000004,5.65121,33588.0,3342740931.0,3342740931.0,-5.67,1.73,0.25,1496434448
Photon,PHO,540,0.0000018726,0.0000000008,47.0587,33411.0,17842358929.0,17842358929.0,-0.07,24.35,27.19,1496434446
SpaceCoin,SPACE,541,0.00184938,0.00000077,43.9791,32918.0,17799555.0,17799555.0,-0.12,-13.05,0.28,1496434463
Allion,ALL,542,0.00526466,0.00000219,150.674,32638.0,6199359.0,7323359.0,-0.12,17.62,-22.18,1496434187
Evil Coin,EVIL,543,0.0015165,0.00000063,0.686089,31877.0,21020383.0,21020383.0,-0.17,-0.21,8.74,1496434467
CryptoWorldX Token,CWXT,544,0.000576623,0.00000024,2.12253,31540.0,54697450.0,54697450.0,-0.25,0.81,-1.33,1496434188
Uro,URO,545,0.025973,0.00001077,61.5703,31357.0,1207310.0,1207310.0,-0.12,-0.84,-2.09,1496434450
LeaCoin,LEA,546,0.000110936,0.00000005,70.4263,30646.0,276247289.0,276247289.0,0.25,63.4,17.01,1496434460
RonPaulCoin,RPC,547,0.0386946,0.00001605,17.1447,30543.0,789330.0,789330.0,-0.2,-12.24,47.16,1496434444
Creatio,XCRE,548,0.00148551,0.00000062,244.521,30483.0,20520514.0,20520514.0,-0.12,19.98,32.83,1496434480
Grantcoin,GRT,549,0.000723481,0.00000030,124.305,29902.0,41331118.0,10041331118.0,19.85,21.43,28.75,1496434462
Dreamcoin,DRM,550,0.0120275,0.00000503,,29311.0,2436996.0,2436996.0,,,0.68,1496330352
Hexx,HXX,551,0.0214216,0.00000888,380.499,28996.0,1353598.0,1353598.0,-0.12,-7.26,-35.82,1496434461
SixEleven,611,552,0.0696954,0.00002890,9.04228,28722.0,412101.0,412101.0,-0.12,-19.88,-60.1,1496434471
Hommalicoin,HMC,553,11.7946,0.00496011,,28528.0,2419.0,1000000000.0,,,119.63,1496299177
PlatinumBAR,XPTX,554,0.156754,0.00006500,9.74054,27400.0,174798.0,174798.0,-0.12,18.25,4.2,1496434470
Bitzeny,ZNY,555,0.000361741,0.00000015,59.4562,27353.0,75614500.0,75614500.0,-0.12,-5.13,23.8,1496434461
NeuCoin,NEU,556,0.0000134758,0.000000006,0.0194726,26827.0,1990764588.0,2014638413.0,15.33,-3.04,,1496434468
Unrealcoin,URC,557,0.00381033,0.00000158,20.3131,26765.0,7024402.0,7024402.0,-0.12,,1.49,1496434459
Zurcoin,ZUR,558,0.000337625,0.00000014,14.7409,26670.0,78993369.0,78993369.0,-6.78,-4.5,9.29,1496434470
GoldPieces,GP,559,0.0217521,0.00000902,317.908,26541.0,1220161.0,1220161.0,-2.07,-0.59,-30.56,1496434457
BumbaCoin,BUMBA,560,0.00120357,0.00000050,,26414.0,21946072.0,21946072.0,-0.31,1.0,-27.22,1496433270
PX,PX,561,0.000337625,0.00000014,55.9014,25940.0,76830484.0,76830484.0,-0.12,-37.96,-19.06,1496434475
Universal Currency,UNIT,562,0.00189869,0.00000079,54.9676,24771.0,13046431.0,13046431.0,-0.12,-40.9,-72.75,1496434460
Ride My Car,RIDE,563,0.000244404,0.00000010,77.0431,24709.0,101098161.0,101098161.0,-6.89,-11.1,7.59,1496434186
Firecoin,FIRE,564,0.250927,0.00010405,0.752662,24694.0,98412.0,98412.0,-0.12,75.25,-11.09,1496434452
CryptoEscudo,CESC,565,0.000168812,0.00000007,31.0885,24327.0,144105100.0,594105100.0,-0.12,1.19,7.29,1496434448
Theresa May Coin,MAY,566,0.00151734,0.00000063,13.8861,23195.0,15286400.0,15286400.0,-0.25,-2.05,,1496434194
ARbit,ARB,567,0.00357811,0.00000149,,23159.0,6472525.0,6472525.0,,0.76,20.76,1496362165
SoonCoin,SOON,568,0.00183282,0.00000076,3.27158,22842.0,12462620.0,12462620.0,1.21,-5.89,-22.03,1496434457
AntiBitcoin,ANTI,569,0.00127815,0.00000053,206.862,22323.0,17465159.0,17465159.0,-0.12,-7.53,11.36,1496434465
ParallelCoin,DUO,570,0.0767068,0.00003181,290.11,22052.0,287489.0,287489.0,0.84,3.97,-2.1,1496434464
BiosCrypto,BIOS,571,0.00103699,0.00000043,0.265252,21504.0,20737003.0,20737003.0,-0.12,-11.63,-7.85,1496434462
X-Coin,XCO,572,0.00166401,0.00000069,15.1503,20609.0,12384976.0,12384976.0,-13.86,,,1496434458
Flaxscript,FLAX,573,0.00364152,0.00000151,1.79457,20016.0,5496506.0,5496506.0,-0.12,1.19,3.56,1496434461
BTCDragon,DRAGON,574,0.0491365,0.00002040,196.546,19858.0,404146.0,1000000.0,4.15,-46.82,-52.0,1496434186
MindCoin,MND,575,0.00156754,0.00000065,20.1948,19667.0,12546625.0,12546625.0,-0.12,-1.83,-0.39,1496434465
Prototanium,PR,576,0.099665,0.00004133,59.0287,19381.0,194462.0,194462.0,-0.09,37.92,3.3,1496434464
Kittehcoin,MEOW,577,0.0000008085,0.0000000003,389.216,19327.0,23905669976.0,23905669976.0,0.32,-6.12,58.56,1496434446
PLNcoin,PLNC,578,0.00110934,0.00000046,1.17703,18958.0,17089600.0,19089600.0,-0.12,3.44,-10.26,1496434448
Magnum,MGM,579,0.00516496,0.00000225,,18735.0,3627310.0,253627310.0,,,70.19,1496272491
Destiny,DES,580,0.0116963,0.00000485,202.468,18714.0,1600000.0,1600000.0,-0.12,-23.32,7.07,1496434467
B3Coin,B3,581,0.0606665,0.00002516,94.5839,18647.0,307362.0,307362.0,-15.16,-10.46,8.06,1496434475
IslaCoin,ISL,582,0.0122918,0.00000510,317.743,18606.0,1513704.0,1513704.0,-0.12,,-8.34,1496434465
Halcyon,HAL,583,0.00397915,0.00000165,9.11338,18505.0,4650552.0,4650552.0,-0.12,9.84,-7.21,1496434453
Luna Coin,LUNA,584,0.0147826,0.00000613,239.977,18144.0,1227386.0,1227386.0,0.1,2.33,7.48,1496434481
VIP Tokens,VIP,585,0.000217044,0.00000009,2.4117,18112.0,83450403.0,83450403.0,-0.12,-8.93,-12.16,1496434468
Alexium,AUM,586,0.000892293,0.00000037,0.446147,18111.0,20297336.0,20297336.0,-0.12,0.68,12.77,1496434463
SecretCoin,SCRT,587,0.00424808,0.00000177,,17964.0,4228672.0,4228672.0,,0.7,,1496414965
BipCoin,BIP,588,0.0132638,0.00000550,56.0532,17825.0,1343889.0,1343889.0,-0.12,3.64,-32.94,1496434478
VapersCoin,VPRC,589,0.0000228346,0.000000009,85.0379,17814.0,780124964.0,1635124964.0,-0.13,285.14,21.63,1496434474
Litecred,LTCR,590,0.000587953,0.00000024,161.015,17772.0,30227750.0,30227750.0,-8.47,-20.5,79.96,1496434466
SongCoin,SONG,591,0.000539805,0.00000022,31.2695,17579.0,32565300.0,32565300.0,-0.14,-14.25,14.27,1496434459
Sprouts,SPRTS,592,0.0000000993,0.00000000004,77.935,17398.0,175209076033,175209076033,13.79,32.12,-49.71,1496434462
Vector,VEC2,593,0.00108522,0.00000045,26.4188,17194.0,15843647.0,15843647.0,-0.12,-28.77,-41.2,1496434464
GameBet Coin,GBT,594,0.000795829,0.00000033,0.397915,16922.0,21262780.0,22262780.0,-0.12,-4.59,5.35,1496434469
Steps,STEPS,595,0.000892293,0.00000037,0.446147,16619.0,18625017.0,18625017.0,-0.12,0.64,13.41,1496434463
Shilling,SH,596,0.00504783,0.00000209,222.851,16273.0,3223850.0,3223850.0,-0.12,121.99,122.6,1496434476
Sling,SLING,597,0.0150966,0.00000626,10.5859,16215.0,1074095.0,1074095.0,-0.12,1.03,48.24,1496434459
Orlycoin,ORLY,598,0.000431634,0.00000018,,15818.0,36646779.0,36646779.0,,0.62,20.02,1496410470
Impact,IMX,599,0.000144509,0.00000006,2.40848,15797.0,109314611.0,109314611.0,,-21.75,-18.37,1496434190
Blackstar,BSTAR,600,0.0000241844,0.00000001,,15255.0,630795971.0,630795971.0,,1.48,7.67,1496428185
GPU Coin,GPU,601,0.000372674,0.00000015,212.467,15085.0,40477042.0,51530001.0,9.03,17.45,45.46,1496434471
AnarchistsPrime,ACP,602,0.00342448,0.00000142,5.89955,15050.0,4394874.0,4394874.0,-4.13,1.26,54.17,1496434463
BowsCoin,BSC,603,0.002701,0.00000112,16.7462,14991.0,5550102.0,5550102.0,-0.12,1.19,71.07,1496434461
Cannation,CNNC,604,0.00609345,0.00000253,113.932,14959.0,2454945.0,2454945.0,-35.79,-45.4,-43.95,1496434193
BitQuark,BTQ,605,0.00202575,0.00000084,16.9911,14496.0,7155671.0,7155671.0,-0.12,-30.98,-37.42,1496434450
DAPPSTER,DLISK,606,0.000144696,0.00000006,0.261828,14470.0,100000000.0,100000000.0,-0.12,-24.11,-30.13,1496434472
BlazeCoin,BLZ,607,0.0000237220,0.000000010,0.218049,14436.0,608557394.0,608557394.0,-0.88,2.54,12.25,1496434451
GuccioneCoin,GCC,608,0.000699365,0.00000029,0.557973,14187.0,20285537.0,23775537.0,-0.12,1.19,-10.54,1496434462
OsmiumCoin,OS76,609,0.0158684,0.00000658,3.44035,14187.0,894026.0,894026.0,-0.12,7.91,22.2,1496434464
Metal Music Coin,MTLMC3,610,0.00016774,0.00000007,32.4796,13372.0,79719140.0,79719140.0,-6.97,-6.66,26.82,1496434461
BitTokens,BXT,611,0.0253218,0.00001050,32.5044,13157.0,519591.0,519591.0,-0.12,1.19,163.39,1496434475
TajCoin,TAJ,612,0.00221524,0.00000092,75.6749,12787.0,5772445.0,5772445.0,-1.45,28.58,42.99,1496434474
Crypto,CTO,613,0.00127815,0.00000053,157.525,12688.0,9926871.0,9926871.0,-0.12,-14.87,-36.78,1496434461
MustangCoin,MST,614,0.0195433,0.00000810,0.262819,12287.0,628718.0,628718.0,0.04,-13.5,-52.4,1496434476
TAGRcoin,TAGR,615,0.000313508,0.00000013,0.343002,12123.0,38669634.0,38669634.0,-0.12,-6.04,-6.95,1496434463
Money,$$$,616,0.000259912,0.00000011,70.1668,11927.0,45887218.0,45887218.0,-0.19,8.61,-29.15,1496434465
WARP,WARP,617,0.0105936,0.00000443,,11602.0,1095224.0,1095224.0,,0.34,12.47,1496415568
Bitcoin 21,XBTC21,618,0.0145198,0.00000655,,11516.0,793108.0,7093108.0,,,-45.92,1496220571
Solaris,XLR,619,0.0655587,0.00002722,143.278,11125.0,169702.0,269702.0,-0.18,-8.5,-42.9,1496434189
Comet,CMT,620,0.0126892,0.00000526,4.08469,11076.0,872830.0,872830.0,0.26,2.59,16.12,1496434472
Abncoin,ABN,621,0.15731,0.00006523,12.6609,10650.0,67700.0,4734367.0,-0.12,-3.87,78.53,1496434482
Cabbage,CAB,622,0.000988758,0.00000041,151.483,10382.0,10499996.0,10499996.0,-0.12,-1.22,-29.8,1496434468
Iconic,ICON,623,0.017341,0.00000720,0.484104,10281.0,592894.0,592894.0,-0.25,,-9.25,1496434186
DPAY,DPAY,624,0.00012058,0.00000005,0.354482,9591.0,79541001.0,79541001.0,-0.12,26.49,35.15,1496434478
Cashcoin,CASH,625,0.000265276,0.00000011,1.86448,9505.0,35831128.0,35831128.0,-0.12,,6.06,1496434446
G3N,G3N,626,0.00125403,0.00000052,0.397046,9483.0,7561891.0,7561891.0,-0.12,0.73,3.32,1496434460
LetItRide,LIR,627,0.000265276,0.00000011,120.312,9356.0,35268705.0,35268705.0,-0.12,-17.56,12.32,1496434473
Xonecoin,XOC,628,0.022235,0.00000922,2.84825,9339.0,420000.0,420000.0,-0.12,1.3,,1496434476
High Voltage,HVCO,629,0.00611441,0.00000256,,9136.0,1494171.0,1694171.0,,,23.42,1496333672
1CRedit,1CR,630,0.102374,0.00004246,,9031.0,88213.0,88213.0,,1.17,-24.02,1496373868
EGO,EGO,631,0.000144696,0.00000006,9.95187,8682.0,60000001.0,60000001.0,-0.12,-13.27,-4.21,1496434477
Qibuck Asset,QBK,632,0.00589638,0.00000245,2.35855,8586.0,1456187.0,2000000.0,4.15,70.19,24.0,1496434193
iBank,IBANK,633,0.00188531,0.00000079,,8534.0,4526324.0,4526324.0,,0.13,11.82,1496357683
JIO Token,JIO,634,0.00446147,0.00000185,127.486,8513.0,1908128.0,8888888.0,-0.12,23.16,85.6,1496434481
Speedcash,SCS,635,0.0302746,0.00001257,295.581,7903.0,261031.0,476118.0,18.92,-48.13,-25.14,1496434193
JobsCoin,JOBS,636,0.0000723481,0.00000003,68.9849,7670.0,106019270.0,200019300.0,-0.12,-39.29,-12.7,1496434477
Scorecoin,SCORE,637,0.000460087,0.00000019,17.276,7661.0,16652010.0,16652010.0,-11.14,-46.93,-59.57,1496434190
Coinonat,CXT,638,0.00355672,0.00000148,303.494,7613.0,2140402.0,8140402.0,-0.25,34.67,29.7,1496434191
Hirocoin,HIRO,639,0.0000241160,0.00000001,2.4116,7513.0,311540251.0,311540251.0,-0.12,1.19,7.29,1496434448
ImpulseCoin,IMPS,640,0.000359314,0.00000015,,7274.0,20245510.0,20245510.0,,0.51,6.64,1496410181
PosEx,PEX,641,0.00282158,0.00000117,7.45075,6922.0,2453240.0,2453240.0,-0.12,1.55,-0.39,1496434468
Dix Asset,DIX,642,0.0000000684,0.00000000003,,6844.0,100000000000,100000000000,,5.94,-18.86,1496417087
SydPak,SDP,643,0.0397915,0.00001650,0.24116,6308.0,158536.0,158536.0,-0.12,-0.44,28.46,1496434463
Future Digital Currency,FDC,644,0.0024116,0.00000100,62.7017,6233.0,2584401.0,1002584401.0,-35.98,-12.01,2.25,1496434481
Printerium,PRX,645,0.000668575,0.00000028,272.463,6067.0,9074428.0,9074428.0,-0.25,-0.39,10.15,1496434184
Zonecoin,ZNE,646,0.00219456,0.00000091,12.4701,5666.0,2581970.0,2581970.0,-28.43,-39.82,-24.85,1496434474
Concoin,CONX,647,0.00765896,0.00000318,96.8869,5268.0,687849.0,1538849.0,-0.25,5.2,70.35,1496434192
BioBar,BIOB,648,0.00517822,0.00000215,105.035,4587.0,885756.0,985756.0,-12.82,8.14,18.4,1496434188
Save and Gain,SANDG,649,0.00141989,0.00000064,,4352.0,3064800.0,3064800.0,,,-4.22,1496226272
Elysium,ELS,650,0.00101173,0.00000042,48.1434,4052.0,4005012.0,4005012.0,-20.51,0.63,-15.45,1496434186
Antilitecoin,ALTC,651,0.00012058,0.00000005,7.6149,3800.0,31512613.0,31512613.0,-0.12,-27.72,-32.94,1496434468
NodeCoin,NODC,652,0.00221639,0.00000097,,3720.0,1678439.0,5878439.0,,,2.78,1496270080
GeertCoin,GEERT,653,0.000725085,0.00000030,11.2705,3691.0,5090239.0,5090239.0,-1.63,-11.41,-24.45,1496434187
Revenu,REV,654,0.00274923,0.00000114,29.9111,3287.0,1195525.0,1195525.0,-0.12,,-3.43,1496434468
Pulse,PULSE,655,0.00019911,0.00000008,105.686,2847.0,14298972.0,14298972.0,5.83,-7.61,-62.25,1496434468
Selfiecoin,SLFI,656,0.0000241160,0.00000001,1.92928,2600.0,107829281.0,107829281.0,-0.12,1.19,7.29,1496434459
Californium,CF,657,0.0195581,0.00000811,53.7629,2173.0,111110.0,111110.0,-0.12,-0.35,5.96,1496434459
Enigma,XNG,658,0.124559,0.00005165,34.5655,2071.0,16627.0,66627.0,-0.12,-4.66,42.73,1496434469
Doubloon,BOAT,659,0.000504272,0.00000021,96.951,1789.0,3547845.0,18547845.0,-0.25,-3.64,-28.54,1496434185
P7Coin,P7C,660,0.0000482321,0.00000002,0.698955,1699.0,35220238.0,35220238.0,-0.12,-32.54,7.28,1496434459
Dollar Online,DOLLAR,661,0.0152413,0.00000632,277.623,1347.0,88379.0,10088379.0,-0.12,-4.93,31.99,1496434480
GanjaCoin,420G,662,0.00188105,0.00000078,28.1385,1266.0,672975.0,1741116.0,-0.12,-73.69,-93.95,1496434455
23 Skidoo,CHAO,663,3882.75,1.61003,129.747,981.0,0.0,0.0,-0.12,7.89,-30.95,1496434462
Impeachcoin,IMPCH,664,0.00305877,0.00000127,5.67391,943.0,308179.0,2501512.0,-0.25,1.94,-51.2,1496434186
Digital Credits,DGCS,665,0.000144696,0.00000006,199.858,843.0,5826388.0,201284316.0,-0.12,21.43,7.36,1496434465
SwapToken,TOKEN,666,0.0000204206,0.000000008,7.62395,717.0,35110531.0,35110531.0,178.6,39.66,3670.82,1496434473
Zcashshare,ZHS,667,0.000216504,0.00000009,,612.0,2826000.0,2826000.0,,0.94,-31.16,1496411380
CRTCoin,CRT,668,0.00482321,0.00000200,0.0000000241,382.0,79270.0,10079270.0,-0.12,1.19,7.29,1496434449
PizzaCoin,PIZZA,669,0.00024116,0.00000010,67.4284,332.0,1377917.0,10127917.0,-0.12,44.56,53.38,1496434475
Xenixcoin,XEN,670,0.0265276,0.00001100,36.1741,268.0,10100.0,10010100.0,-0.12,71.24,-59.58,1496434479
CaliphCoin,CALC,671,0.000917841,0.00000038,12.7693,80.0,87140.0,148587140.0,-0.12,5.63,-41.95,1496434477
MikeTheMug,MUG,672,0.0000051456,0.000000002,,5.0,999279.0,1000000.0,,,-99.45,1496047185
BTCGold,XBG,673,0.136223,0.00005656,27.6361,,,99000001.0,-0.25,14.18,-41.17,1496434192
Soarcoin,SOAR,674,0.0183124,0.00000760,139.384,,,5000000000.0,-0.1,8.22,-39.44,1496434189
Project-X,NANOX,675,303468.0,126.0,1961.19,,,1.0,-32.97,-5.2,,1496434194
Internet of Things,XOT,676,1212.97,0.503624,1536.25,,,21000000.0,-0.05,-1.32,20.37,1496434191
AMIS,AMIS,677,277.548,0.115061,,,,,,2.91,,1496391890
Bitcoin Unlimited (Futures),BTU,678,118.945,0.0493861,668.593,,,,-1.21,-10.86,-25.98,1496434189
Malcoin,MALC,679,31.3917,0.0130339,42388.6,,,1000000000.0,-0.25,30.24,7.28,1496434192
GoldUnionCoin,GUC,680,22.4159,0.0093071,19487.6,,,210000000.0,-0.25,8.73,17.31,1496434191
Qtum (Pre-Launch),QTUM,681,11.2079,0.00465352,41044100.0,,,100000000.0,2.71,51.52,167.29,1496434194
ZenCash,ZEN,682,8.40823,0.0034911,17954.0,,,1392038.0,-7.58,-30.68,,1496434195
Fargocoin,FRGC,683,7.00254,0.00290368,510067.0,,,443892818.0,0.11,-1.95,4.17,1496434482
EcoCoin,ECO,684,3.92536,0.00162981,84106.2,,,1093895.0,-1.36,2.65,27.76,1496434194
Internet of People,IOP,685,3.6095,0.00149672,1822.67,,,2139405.0,0.04,3.59,46.41,1496434479
DECENT (Pre-Launch),DCT,686,2.96592,0.00122985,4812.38,,,73290000.0,-0.19,5.07,-22.33,1496434480
PRIZM,PZM,687,1.11258,0.00046194,39500.6,,,,-0.25,7.69,14.37,1496434194
Bitcore,BTX,688,1.04641,0.00043447,20878.2,,,16361066.0,-0.33,-5.04,-38.97,1496434193
DynamicCoin,DMC,689,0.998281,0.00041395,426671.0,,,10541442931.0,0.11,-0.03,0.17,1496434478
OBITS.WARRANT,WARRANT,690,0.99757,0.00041419,1970.39,,,,0.35,,,1496434194
Databits,DTB,691,0.847559,0.00035191,144224.0,,,,1.7,6.86,10.1,1496434189
Aeternity (Pre-Launch),AE,692,0.818882,0.00034,1963.31,,,,-0.25,18.7,,1496434195
TechShares,THS,693,0.619276,0.00025679,5.78392,,,646359158.0,-0.12,5.52,5.37,1496434475
GAY Money,GAY,694,0.617448,0.00025603,206.703,,,5603056510.0,-0.11,1.43,59.78,1496434476
XDE II,XDE2,695,0.575414,0.00023891,1.27713,,,42249.0,0.11,1.35,8.55,1496434189
Bitgem,BTG,696,0.544058,0.0002256,25.4619,,,,-0.12,-30.88,-37.96,1496434441
LEOcoin,LEO,697,0.497959,0.00020649,282735.0,,,92920271.0,-0.06,10.12,21.83,1496434463
InvisibleCoin,IVZ,698,0.426854,0.000177,220.116,,,,-0.09,192.9,249.39,1496434468
WA Space,WA,699,0.369554,0.00015324,43371.8,,,,-0.12,-6.06,33.55,1496434479
Topaz Coin,TOPAZ,700,0.356141,0.00014787,1154.23,,,38163.0,255.0,276.53,204.28,1496434192
ZenGold,ZENGOLD,701,0.344058,0.00014285,1903.21,,,,0.04,21.96,,1496434194
ClubCoin,CLUB,702,0.277379,0.00011502,13137.2,,,90899180.0,0.67,0.14,-6.88,1496434465
TeslaCoilCoin,TESLA,703,0.26858,0.00011137,166.57,,,100000000.0,-0.12,-50.98,1.46,1496434470
Yogold,YOG,704,0.265101,0.00011007,32.0295,,,100000000.0,-0.25,1.18,17.81,1496434189
TROPTIONS,TROPTIONS,705,0.248173,0.00010598,,,,1000000001.0,,,,1496287780
Zilbercoin,ZBC,706,0.234817,0.00009750,95810.9,,,9009191.0,1.83,-1.39,-24.99,1496434185
Pabyosi Coin (Special),PCS,707,0.166131,0.00006889,3083.34,,,30993751760.0,-0.12,4.81,32.71,1496434481
Golos Gold,GBG,708,0.161079,0.00006688,7437.58,,,,3.04,6.26,-2.76,1496434187
AlpaCoin,APC,709,0.154005,0.00006386,673.757,,,,-0.12,8.55,28.49,1496434467
EquiTrader,EQT,710,0.127649,0.00005300,70157.4,,,7667680.0,-0.25,1.06,13.57,1496434194
LandCoin,LDCN,711,0.105533,0.00004376,24788.6,,,19003881978.0,-0.12,17.85,218.92,1496434482
Wowecoin,WEC,712,0.104,0.00004312,11333.4,,,8901692.0,,-0.0,4.0,1496434474
InsaneCoin,INSN,713,0.0963366,0.00004000,3538.67,,,18528321.0,9.84,30.82,116.76,1496434193
DeusCoin,DEUS,714,0.0873795,0.00003628,6779.35,,,,-0.25,1.38,-17.99,1496434192
Omicron,OMC,715,0.074398,0.00003085,0.24116,,,10134120.0,-0.12,3.93,7.33,1496434477
Fazzcoin,FAZZ,716,0.0647461,0.00002688,936.657,,,1022577370.0,7.58,64.63,-15.31,1496434191
Quartz,QRZ,717,0.0647399,0.00002688,2496.71,,,21000000.0,-0.25,-47.75,,1496434194
WavesGo,WGO,718,0.0523088,0.00002172,497.017,,,10000000.0,1.58,-21.46,66.57,1496434191
Tattoocoin (Limited Edition),TLE,719,0.0432677,0.00001796,8.56866,,,975532.0,5.52,-29.61,-76.46,1496434191
International Diamond,XID,720,0.038234,0.00001588,,,,,,1.02,,1496373575
CryptoBuck,BUK,721,0.0325011,0.00001351,,,,,,6.15,9.95,1496420359
Elacoin,ELC,722,0.0317849,0.00001318,12.0435,,,,-0.12,,8.11,1496434441
DeltaCredits,DCRE,723,0.0293185,0.00001217,,,,,,1.08,1.1,1496419764
President Johnson,GARY,724,0.0284968,0.00001182,116.323,,,57968072167.0,-0.12,0.99,73.12,1496434474
IvugeoCoin,IEC,725,0.0239955,0.00000995,0.796838,,,,-0.12,1.73,,1496434460
RHFCoin,RHFC,726,0.0238687,0.00000991,8829.91,,,200157080.0,-0.25,-19.33,-6.59,1496434191
EDRCoin,EDRC,727,0.0233302,0.00000967,14504.5,,,3407292.0,0.62,-3.79,-23.07,1496434470
ShellPay,SHELL,728,0.0211266,0.00000876,10458.5,,,,1.05,2.33,-22.74,1496434461
Lepaoquan,HLB,729,0.019454,0.00000807,982652.0,,,935398718.0,0.63,5.56,-12.22,1496434481
Gycoin,GYC,730,0.0170806,0.00000708,12833.5,,,22213403.0,0.0,11.02,-10.18,1496434474
Avoncoin,ACN,731,0.0167389,0.00000695,3969.32,,,,13.73,-10.19,-12.02,1496434185
KolschCoin,TP1,732,0.0147961,0.00000620,,,,,,0.13,40.34,1496357661
Digitalfund,DTF,733,0.0145245,0.00000602,19948.0,,,54000053.0,3.12,1.17,-20.29,1496434475
PiCoin,PI,734,0.0132349,0.00000549,,,,1378369.0,-0.16,9.43,194.37,1496432391
Mind Gene,MG,735,0.0122992,0.00000510,6176.36,,,,-2.04,-6.45,-1.43,1496434476
Sharkcoin,SAK,736,0.0102975,0.00000427,3693.68,,,,0.82,4.09,36.78,1496434458
Opal,OPAL,737,0.00828896,0.00000344,3088.17,,,,-1.28,26.22,41.64,1496434454
Tyrocoin,TYC,738,0.00794797,0.00000330,12.0424,,,50133900.0,-0.25,6.55,-74.75,1496434192
Slimcoin,SLM,739,0.00783771,0.00000325,53.0553,,,13925626.0,-0.12,21.8,,1496434458
First Bitcoin,BIT,740,0.00770417,0.00000319,1022.19,,,20706894521.0,-0.12,2.53,22.65,1496434474
Goldpay Coin,GP,741,0.00715809,0.00000297,37353.6,,,,0.0,15.46,-8.11,1496434194
9COIN,9COIN,742,0.00657514,0.00000273,251.418,,,350050250.0,-0.25,1.06,48.18,1496434193
Helleniccoin,HNC,743,0.00636663,0.00000264,479.513,,,,-0.12,0.2,,1496434461
GBCGoldCoin,GBC,744,0.00589067,0.00000244,58.4231,,,,-0.0,-9.85,-26.41,1496434465
Psilocybin,PSY,745,0.00578785,0.00000240,16.5034,,,,-0.12,-8.36,-2.78,1496434468
Xaucoin,XAU,746,0.00578785,0.00000240,44.8124,,,,-0.12,0.91,-13.16,1496434459
EggCoin,EGG,747,0.00562322,0.00000237,,,,,,,4.17,1496295864
Axiom,AXIOM,748,0.00477498,0.00000198,7.95803,,,,-0.12,0.39,3.63,1496434462
BagCoin,BGC,749,0.00444832,0.00000184,84219.3,,,497214120.0,-1.85,7.08,1.64,1496434474
Dashs,DASHS,750,0.00435934,0.00000181,71.4946,,,,8.11,-53.57,-50.28,1496434191
GoldReserve,XGR,751,0.00419619,0.00000174,1559.14,,,17162095.0,-2.09,-4.24,-1.28,1496434451
netBit,NBIT,752,0.00408876,0.00000170,4.41999,,,,-0.12,-3.01,30.02,1496434479
AvatarCoin,AV,753,0.00383445,0.00000159,0.0958613,,,,-0.12,,7.36,1496434467
Bitcoin Scrypt,BTCS,754,0.00381033,0.00000158,40.6932,,,,-0.12,1.19,-16.67,1496434447
SportsCoin,SPORT,755,0.0030145,0.00000125,3077.41,,,19800001.0,-35.39,251.35,306.68,1496434475
President Trump,PRES,756,0.00296435,0.00000123,328.08,,,57968072167.0,-0.12,3.31,13.58,1496434475
Quotient,XQN,757,0.00265276,0.00000110,80.4198,,,,-0.12,-5.93,-17.37,1496434456
ZSEcoin,ZSE,758,0.00260382,0.00000108,34.7431,,,6382220.0,0.0,-21.49,-62.18,1496434189
RoyalCoin 2,RYCN,759,0.0025299,0.00000105,1726.51,,,2500124.0,-0.12,,-6.14,1496434479
BitcoinFast,BCF,760,0.00245199,0.00000102,69.4829,,,,-0.44,6.88,-22.35,1496434456
OCOW,OCOW,761,0.00227517,0.00000099,,,,,,,2.3,1496142268
TrickyCoin,TRICK,762,0.00221868,0.00000092,0.484491,,,,-0.12,2.3,-11.07,1496434459
GameLeagueCoin,GML,763,0.00214633,0.00000089,0.536582,,,,-0.12,,-7.31,1496434451
RichCoin,RICHX,764,0.00210122,0.00000093,,,,5925522.0,,,0.57,1496167172
Condensate,RAIN,765,0.00200206,0.00000083,1304.79,,,42978104.0,-4.57,33.09,7.8,1496434193
Neptune Classic,NTCC,766,0.00195087,0.00000081,1453.21,,,,-0.25,-19.75,80.79,1496434187
Mavro,MAVRO,767,0.00168043,0.00000070,,,,15005722.0,,0.89,-24.49,1496349588
MMXVI,MMXVI,768,0.00163989,0.00000068,213.88,,,,-0.12,25.04,-39.18,1496434467
Clinton,CLINT,769,0.00163989,0.00000068,35.8992,,,,-0.09,-36.3,-32.4,1496434472
TodayCoin,TODAY,770,0.00149519,0.00000062,13.8074,,,,16.84,36.39,51.93,1496434475
Advanced Internet Blocks,AIB,771,0.00148872,0.00000062,103.726,,,31411917538.0,-0.12,-12.66,-23.82,1496434460
UR,UR,772,0.00130058,0.00000054,226.967,,,,-0.25,-0.77,0.93,1496434188
BestChain,BEST,773,0.00112128,0.00000047,9.17872,,,20042911.0,8.6,23.9,-7.44,1496434189
Skeincoin,SKC,774,0.000964642,0.00000040,0.627017,,,,-0.12,-5.87,,1496434448
Digital Bullion Gold,DBG,775,0.000940525,0.00000039,150.324,,,24523275.0,-0.12,-12.3,-30.21,1496434471
RoyalCoin,ROYAL,776,0.000921412,0.00000038,20.9274,,,2500124.0,-3.27,-22.53,-1.31,1496434478
RubleBit,RUBIT,777,0.000916409,0.00000038,0.892293,,,,-0.12,-6.21,19.92,1496434465
Bitcedi,BXC,778,0.00089429,0.00000037,30.0398,,,,0.23,0.44,,1496434472
The Aladin,ADT,779,0.000892522,0.00000032,,,,,,,,1495722585
Donationcoin,DON,780,0.000868177,0.00000036,12212.8,,,,-0.12,51.39,,1496434452
Braincoin,BRAIN,781,0.000842028,0.00000035,,,,,,0.95,29.26,1496420372
Dubstep,DUB,782,0.000817313,0.00000034,,,,,,0.86,6.95,1496411064
Motocoin,MOTO,783,0.000787204,0.00000033,16.3108,,,,-0.13,-22.29,32.46,1496434451
IrishCoin,IRL,784,0.000771713,0.00000032,294.088,,,,-4.59,-5.17,,1496434461
FrankyWillCoin,FRWC,785,0.000745197,0.00000031,,,,,,0.86,3.67,1496411075
Lazaruscoin,LAZ,786,0.000745197,0.00000031,,,,,,0.86,44.24,1496411078
True Investment Coin,TIC,787,0.000698458,0.00000029,21.2875,,,,-0.25,-31.52,-40.2,1496434187
KashhCoin,KASHH,788,0.000681945,0.00000028,1983.16,,,,0.42,-3.04,136.96,1496434186
WeAreSatoshi,WSX,789,0.000675249,0.00000028,7.1667,,,,-0.12,21.4,-11.66,1496434454
Opescoin,OPES,790,0.000674759,0.00000028,,,,,-0.19,1.12,-1.7,1496432667
Quebecoin,QBC,791,0.000651133,0.00000027,3.03163,,,,5.76,9.28,-15.85,1496434448
Vsync,XVS,792,0.000553453,0.00000023,461.463,,,103334172.0,-0.12,14.72,-30.78,1496434191
CBD Crystals,CBD,793,0.000548832,0.00000023,13.5753,,,,-0.12,-8.45,-2.29,1496434479
BitAlphaCoin,BAC,794,0.000489899,0.00000020,46.2315,,,,-1.45,13.72,-26.73,1496434467
BlazerCoin,BLAZR,795,0.000481695,0.00000020,24.8888,,,,-0.25,34.74,90.36,1496434190
T-coin,TCOIN,796,0.000458205,0.00000019,1614.39,,,,-0.12,1.19,15.73,1496434481
Alphabet Coin Fund,FUN,797,0.000434089,0.00000018,63.6846,,,20742012.0,-0.12,-62.05,-74.57,1496434471
GoldMaxCoin,GMX,798,0.000385857,0.00000016,2.26691,,,84078950.0,-0.12,16.32,-14.12,1496434468
UGAIN,GAIN,799,0.000359695,0.00000015,,,,,,0.62,6.76,1496410477
MarxCoin,MARX,800,0.000350636,0.00000015,102.011,,,29322040.0,-0.17,-21.25,-39.46,1496434187
DarkLisk,DISK,801,0.000337625,0.00000014,0.480464,,,17888425.0,-0.12,-11.46,7.36,1496434470
PrismChain,PRM,802,0.000337625,0.00000014,36.1816,,,,-0.12,22.21,-79.96,1496434471
Gambleo,GMB,803,0.000337187,0.00000014,1.20376,,,,-0.25,,-61.54,1496434189
Sakuracoin,SKR,804,0.000337169,0.00000014,116.214,,,,7.51,4.81,25.09,1496434478
The Vegan Initiative,XVE,805,0.000310999,0.00000013,459.689,,,,-0.25,27.4,69.44,1496434191
Cubits,QBT,806,0.000291279,0.00000012,0.00320407,,,,1.3,-41.8,-46.0,1496434478
VGINA,VGINA,807,0.000291278,0.00000012,0.00291278,,,11603228.0,1.3,,-62.98,1496434192
Operand,OP,808,0.000290011,0.00000012,,,,36309296.0,,1.38,-13.93,1496423371
Cycling Coin,CYC,809,0.000265276,0.00000011,5.16884,,,,-0.12,-7.24,4.58,1496434461
TeraCoin,TERA,810,0.000264932,0.00000011,3807.04,,,,-0.25,38.95,20.04,1496434187
Happy Creator Coin,HCC,811,0.0002451,0.00000010,22.4891,,,,-0.12,27.36,11.76,1496434472
Grumfork,GMF,812,0.000240848,0.00000010,4.81695,,,,-0.25,1.06,,1496434192
MobileCash,MBL,813,0.000217044,0.00000009,10.2664,,,1068669648.0,-0.12,30.1,38.04,1496434477
President Sanders,BURN,814,0.000217044,0.00000009,139.41,,,57968072167.0,-0.12,-8.93,-43.16,1496434482
AsicCoin,ASC,815,0.000209185,0.00000009,24.0123,,,,0.24,,16.08,1496434444
Moneta,MONETA,816,0.000192928,0.00000008,152.581,,,,-0.12,1.19,-4.35,1496434465
LAthaan,LTH,817,0.000168812,0.00000007,22.6556,,,,,1.19,25.26,1496434478
Halloween Coin,HALLO,818,0.000118615,0.00000005,319.935,,,264606162.0,0.68,54.54,-13.47,1496434194
Wowcoin,WOW,819,0.0000964807,0.00000004,,,,,,1.21,114.76,1496426381
PayPeer,PAYP,820,0.0000964642,0.00000004,122.455,,,,-0.12,102.38,114.69,1496434468
LinkedCoin,LKC,821,0.0000964642,0.00000004,11.4766,,,,-0.12,1.19,-18.26,1496434473
TeamUp,TEAM,822,0.0000956810,0.00000004,,,,301004896.0,,0.37,41.99,1496415879
TheCreed,TCR,823,0.0000723481,0.00000003,10.1698,,,,-25.09,-39.29,-35.63,1496434469
FireFlyCoin,FFC,824,0.0000723481,0.00000003,4.09264,,,,-0.12,45.77,221.83,1496434455
InflationCoin,IFLT,825,0.0000514042,0.00000002,2428.81,,,3285055968.0,6.5,17.6,56.04,1496434185
LePen,LEPEN,826,0.0000484836,0.00000002,137.64,,,,5.24,-28.29,5.47,1496434187
CyberCoin,CC,827,0.0000482826,0.00000002,,,,549267534.0,,1.3,114.81,1496427862
PokeCoin,POKE,828,0.0000482321,0.00000002,132.298,,,,-0.12,-18.97,-28.42,1496434474
VegasCoin,VGC,829,0.0000482321,0.00000002,2.4116,,,,-0.12,77.29,-44.64,1496434449
MoneyCoin,MONEY,830,0.0000482321,0.00000002,1292.21,,,,-0.12,-2.82,-17.73,1496434480
Tellurion,TELL,831,0.0000482321,0.00000002,4.82318,,,,-0.12,1.19,10.41,1496434476
Cashme,CME,832,0.0000482321,0.00000002,0.482321,,,,-0.09,1.12,7.36,1496434469
PinkDog,PDG,833,0.0000481695,0.00000002,0.0000240848,,,,-0.25,1.06,114.27,1496434186
UNCoin,UNC,834,0.0000241160,0.00000001,1231.31,,,,-43.33,-49.41,-15.38,1496434458
SuperTurboStake,STRB,835,0.0000241160,0.00000001,0.24116,,,,-0.12,1.19,7.28,1496434466
President Clinton,HILL,836,0.0000241160,0.00000001,3.85857,,,57968072167.0,-0.12,,-46.32,1496434474
Aces,ACES,837,0.0000241160,0.00000001,8.20032,,,,-0.12,1.19,-44.4,1496434475
Global Business Revolution,GBRC,838,0.0000241160,0.00000001,665.41,,,900096049.0,-0.12,-49.41,7.36,1496434478
Safe Trade Coin,XSTC,839,0.0000241160,0.00000001,361.741,,,604880000.0,-0.12,1.19,7.36,1496434482
Rcoin,RCN,840,0.0000241160,0.00000001,157.961,,,,-0.12,-26.52,-27.06,1496434477
X2,X2,841,0.0000241160,0.00000001,7.58148,,,,-0.12,1.19,7.36,1496434465
ChoofCoin,CHOOF,842,0.0000241160,0.00000001,3.13509,,,,-0.12,-49.41,-27.2,1496434478
SoulCoin,SOUL,843,0.0000241160,0.00000001,1.70283,,,,-0.12,1.19,7.36,1496434471
Yescoin,YES,844,0.0000241155,0.000000010,1213.33,,,,-0.12,1.66,14.51,1496434482
FedoraShare,FEDS,845,0.0000240593,0.000000010,3242.34,,,499001350174,0.0,-1.36,6.19,1496434476
Victoriouscoin,VTY,846,0.0000098512,0.000000004,6.02621,,,10263290326.0,-35.54,-58.13,-29.64,1496434477
Virtacoin,VTA,847,0.0000091431,0.000000004,79.2966,,,12423206610.0,0.32,-54.5,-20.22,1496434453
Dimecoin,DIME,848,0.0000077028,0.000000003,404.741,,,527130026640,53.93,1812.3,215.54,1496434444
XP,XP,849,0.0000026320,0.000000001,376.729,,,133635560466,0.38,77.35,1253.55,1496434475
BitCentavo,NBE,850,0.0000005705,0.0000000002,,,,,,29.4,49.86,1496398156
RabbitCoin,RBBT,851,0.0000004321,0.0000000002,19.1855,,,,19.9,-15.65,38.46,1496434453
BatCoin,BAT,852,0.0000002992,0.0000000001,90.6395,,,,0.82,-62.56,,1496434446
StrongHands,SHND,853,0.0000001229,0.00000000005,161.829,,,,-2.07,32.82,,1496434465
Paccoin,PAC,854,0.0000000785,0.00000000003,1038.1,,,,14.04,6.24,76.91,1496434465
Bond,BOND,855,,,,,1349.0,1349.0,,,,
bitRUBLE,BITRUBLE,856,,,,,,,,,,
