Name,Symbol,Rank,Price(BTC),Price(USD),24HVolume,MarketCap,%Change_1h,%Change_24h,%Change_7d,LastUpdated
Bitcoin,BTC,1,2443.16,1.0,1304590000.0,39989215327.0,16367825.0,16367825.0,0.61,1.92,10.83,1496438048
Ethereum,ETH,2,222.408,0.0913776,472703000.0,20495423966.0,92152368.0,92152368.0,1.19,1.11,36.4,1496438066
Ripple,XRP,3,0.308348,0.00012669,359424000.0,11908922081.0,38621693933.0,99994661895.0,2.17,-1.78,13.74,1496438043
NEM,XEM,4,0.228748,0.00009398,13506200.0,2058732000.0,8999999999.0,8999999999.0,0.94,3.72,21.39,1496438062
Ethereum Classic,ETC,5,17.1036,0.00702712,76568300.0,1577369881.0,92224437.0,92224437.0,0.61,1.38,17.79,1496438076
Litecoin,LTC,6,28.27,0.0116149,312702000.0,1452637903.0,51384432.0,51384432.0,0.64,-0.06,14.16,1496438048
Dash,DASH,7,142.337,0.0584799,36875800.0,1043853732.0,7333678.0,7333678.0,0.5,2.53,22.17,1496438047
Stratis,STRAT,8,9.1524,0.00376032,54137500.0,900678736.0,98409022.0,98409022.0,4.62,61.0,216.9,1496438076
Bytecoin,BCN,9,0.00360538,0.00000148,22342000.0,659679523.0,182970872052,182970872052,-2.53,44.4,51.85,1496438053
Monero,XMR,10,43.7206,0.0179629,9865560.0,636743049.0,14563914.0,14563914.0,0.72,-1.47,15.22,1496438052
Waves,WAVES,11,4.57377,0.00187916,4612230.0,457377000.0,100000000.0,100000000.0,1.32,36.4,76.65,1496438073
Stellar Lumens,XLM,12,0.0402272,0.00001653,16719500.0,388789507.0,9664841366.0,102940435314,1.66,-1.14,-0.66,1496438055
Golem,GNT,13,0.466202,0.00019154,9044290.0,384556976.0,824872000.0,1000000000.0,0.17,0.75,26.66,1496438081
Zcash,ZEC,14,241.324,0.0991493,15743400.0,347019387.0,1437981.0,1437981.0,-1.08,-2.77,23.36,1496438080
Dogecoin,DOGE,15,0.00302463,0.00000124,33997000.0,331600505.0,109633411214,109633411214,0.34,7.01,17.64,1496438045
Gnosis,GNO,16,250.974,0.103114,1506110.0,277223371.0,1104590.0,10000000.0,1.12,2.2,20.77,1496438092
Siacoin,SC,17,0.010421,0.00000428,37319900.0,276347124.0,26518292330.0,26518292330.0,1.77,26.08,43.22,1496438066
Augur,REP,18,24.7893,0.0101849,4417030.0,272682300.0,11000000.0,11000000.0,1.28,5.06,9.49,1496438068
Steem,STEEM,19,1.14295,0.00046959,3490900.0,267858168.0,234356856.0,251330950.0,-1.46,14.08,15.13,1496438072
DigiByte,DGB,20,0.032135,0.00001320,95553400.0,260519470.0,8107031908.0,8107031908.0,3.68,47.77,122.68,1496438048
BitShares,BTS,21,0.0898749,0.00003693,25611000.0,233874262.0,2602220000.0,2602220000.0,-0.33,21.84,46.58,1496438055
MaidSafeCoin,MAID,22,0.401959,0.00016515,2805650.0,181907515.0,452552412.0,452552412.0,2.44,0.44,7.55,1496438051
GameCredits,GAME,23,2.79061,0.00114654,1978150.0,175901056.0,63033192.0,63033192.0,1.5,5.4,13.09,1496438057
Basic Attention Token,BAT,24,0.160861,0.00006609,3318560.0,160861000.0,1000000000.0,1500000000.0,0.75,-0.32,,1496438094
DigixDAO,DGD,25,78.9979,0.0324568,1112200.0,157995800.0,2000000.0,2000000.0,0.01,-1.62,14.82,1496438071
BitConnect,BCC,26,23.7946,0.00977616,1455140.0,153226208.0,6439537.0,6439537.0,0.89,5.46,54.69,1496438084
Decred,DCR,27,30.367,0.0124765,3179170.0,152636284.0,5026387.0,5446387.0,3.72,22.48,43.58,1496438071
Lisk,LSK,28,1.37805,0.00056618,3038340.0,148545184.0,107793755.0,107793755.0,1.02,6.59,27.1,1496438071
Ardor,ARDR,29,0.129586,0.00005324,2965400.0,129456349.0,998999495.0,998999495.0,0.82,8.46,20.08,1496438076
Factom,FCT,30,14.6135,0.00600403,2082060.0,127915166.0,8753219.0,8753219.0,1.61,13.49,20.46,1496438067
SingularDTV,SNGLS,31,0.208323,0.00008559,210964.0,124993800.0,600000000.0,1000000000.0,1.83,11.84,30.24,1496438079
Byteball,GBYTE,32,596.945,0.245259,570467.0,112992059.0,189284.0,1000000.0,-2.77,17.91,107.0,1496438084
Iconomi,ICN,33,1.24699,0.00051234,799731.0,108488130.0,87000000.0,100000000.0,0.68,5.86,13.79,1496438080
Tether,USDT,34,1.02541,0.0004213,51048800.0,107661579.0,104993690.0,124951468.0,-0.16,-0.42,-2.57,1496438061
Round,ROUND,35,0.104957,0.00004312,363776.0,89213450.0,850000000.0,1000000000.0,-0.28,-0.6,-19.8,1496438081
PIVX,PIVX,36,1.66334,0.0006834,970694.0,89055839.0,53540370.0,53540370.0,1.06,-1.46,30.36,1496438069
Komodo,KMD,37,0.863411,0.00035474,1170340.0,87157464.0,100945510.0,100945510.0,6.55,56.49,80.62,1496438085
Aragon,ANT,38,2.11418,0.00086862,724578.0,71047372.0,33605167.0,39609523.0,-0.46,1.56,11.15,1496438094
FirstBlood,1ST,39,0.805365,0.00033089,2970240.0,68905717.0,85558371.0,93468691.0,1.05,0.69,26.74,1496438078
Nxt,NXT,40,0.0687177,0.00002823,3657510.0,68648981.0,998999983.0,998999983.0,1.8,14.81,23.72,1496438056
SysCoin,SYS,41,0.123175,0.00005061,3648650.0,64688826.0,525178212.0,525178212.0,-2.83,14.78,4.36,1496438058
AntShares,ANS,42,1.28266,0.00052699,6504980.0,64133000.0,50000000.0,100000000.0,0.94,5.22,53.17,1496438077
iExec RLC,RLC,43,0.820492,0.0003371,899721.0,64056461.0,78070793.0,86999785.0,5.93,29.18,52.59,1496438092
Ubiq,UBQ,44,1.43213,0.0005884,1392190.0,53132491.0,37100327.0,37100327.0,1.79,23.64,197.95,1496438057
Wings,WINGS,45,0.527049,0.00021654,1483650.0,47280687.0,89708333.0,100000000.0,9.25,26.41,95.76,1496438083
ReddCoin,RDD,46,0.0015318,0.00000063,2339210.0,43695744.0,28525749983.0,28525749983.0,2.14,26.12,18.21,1496438047
BitcoinDark,BTCD,47,31.5189,0.0129497,438783.0,40623518.0,1288862.0,1288862.0,4.47,29.68,47.12,1496438055
Peercoin,PPC,48,1.65441,0.00067972,1234140.0,39913476.0,24125504.0,24125504.0,0.89,4.25,7.77,1496438040
Lykke,LKK,49,0.273415,0.00011233,483099.0,37632878.0,137640138.0,1285690000.0,0.43,5.9,12.55,1496438081
Ark,ARK,50,0.373684,0.00015353,585661.0,35619352.0,95319446.0,126569446.0,0.62,27.6,43.36,1496438088
Emercoin,EMC,51,0.88508,0.00036364,977900.0,35545836.0,40161156.0,40161156.0,3.93,5.61,1.86,1496438057
Omni,OMNI,52,62.7955,0.0257999,7077990.0,35101831.0,558986.0,615302.0,3.97,13.29,267.69,1496438045
Melon,MLN,53,56.2221,0.0230992,293288.0,33699527.0,599400.0,749400.0,0.14,4.22,-3.08,1496438087
Storjcoin X,SJCX,54,0.645437,0.00026518,404567.0,33029041.0,51173144.0,500000000.0,-0.35,-0.14,18.01,1496438056
Counterparty,XCP,55,11.4641,0.00471008,539035.0,30021551.0,2618745.0,2618745.0,1.64,4.07,11.41,1496438047
Xaurum,XAUR,56,0.241682,0.00009930,133499.0,27480285.0,113704309.0,113704309.0,1.26,-3.15,20.32,1496438063
Namecoin,NMC,57,1.78398,0.00073296,648396.0,26289443.0,14736400.0,14736400.0,0.62,1.79,11.1,1496438040
Blocknet,BLOCK,58,6.61606,0.00271825,257896.0,25872211.0,3910516.0,3910516.0,-0.42,32.87,113.42,1496438060
Nexus,NXS,59,0.508824,0.00020905,93270.5,25373654.0,49867252.0,49867252.0,1.57,-0.77,8.03,1496438061
Gulden,NLG,60,0.0729471,0.00002997,112332.0,25281608.0,346574545.0,448594700.0,-1.34,2.61,10.44,1496438050
WeTrust,TRST,61,0.26162,0.00010749,430742.0,24107629.0,92147500.0,100000000.0,3.75,11.87,0.2,1496438091
Synereo,AMP,62,0.292531,0.00012019,467637.0,24062525.0,82256324.0,949291063.0,0.97,5.35,23.82,1496438068
XtraBYtes,XBY,63,0.0368795,0.00001515,785221.0,23971675.0,650000000.0,650000000.0,0.73,77.14,540.61,1496438091
Verge,XVG,64,0.00177559,0.00000073,2955600.0,23809725.0,13409472280.0,13409472280.0,12.49,53.12,64.95,1496438058
Burst,BURST,65,0.0131478,0.00000540,4355270.0,23408702.0,1780427282.0,1780427282.0,-6.1,11.04,40.51,1496438058
EarthCoin,EAC,66,0.00242723,0.00000100,6790070.0,22686028.0,9346468332.0,9346468332.0,0.82,8.51,20.44,1496438046
YbCoin,YBC,67,7.18866,0.00295351,2681160.0,21711639.0,3020262.0,3020262.0,-0.02,1.01,16.48,1496438046
Matchpool,GUP,68,0.288688,0.00011861,315017.0,21651600.0,75000000.0,98855150.0,2.05,12.3,23.81,1496438089
NAV Coin,NAV,69,0.339514,0.00013949,1069950.0,20823155.0,61332241.0,61332241.0,7.42,15.52,14.75,1496438054
Edgeless,EDG,70,0.251166,0.00010319,411618.0,19950728.0,79432438.0,132046997.0,1.26,4.42,1.24,1496438089
Humaniq,HMQ,71,0.160439,0.00006592,872317.0,19948136.0,124334708.0,184190414.0,5.22,34.66,-9.52,1496438092
BCAP,BCAP,72,1.98908,0.00081723,177987.0,19890800.0,10000000.0,10000000.0,6.72,21.09,0.82,1496438093
TokenCard,TKN,73,0.836132,0.00034353,292834.0,19769552.0,23644056.0,39406760.0,0.26,-4.82,-9.61,1496438093
BlackCoin,BLK,74,0.256929,0.00010556,1291420.0,19570164.0,76169540.0,76169540.0,-1.03,9.52,37.51,1496438049
BitBay,BAY,75,0.019138,0.00000786,81067.6,19281996.0,1007524104.0,1007524104.0,1.07,7.66,10.21,1496438059
E-Dinar Coin,EDR,76,0.0281656,0.00001157,448384.0,18607174.0,660634755.0,785634755.0,1.67,-2.72,15.37,1496438078
PotCoin,POT,77,0.0854069,0.00003509,371008.0,18528920.0,216948748.0,216948748.0,1.74,-0.4,0.16,1496438051
OBITS,OBITS,78,1.26238,0.00051866,626628.0,18479895.0,14638932.0,16443700.0,-0.95,20.15,56.75,1496438067
Bankcoin,B@,79,4.13549,0.00169909,7841.75,17638196.0,4265080.0,25000000.0,0.98,31.53,46.11,1496438090
Nexium,NXC,80,0.260613,0.00010707,1490610.0,17336390.0,66521586.0,66521586.0,-0.5,-1.56,46.56,1496438082
Expanse,EXP,81,2.38027,0.00097795,424886.0,17244855.0,7244916.0,16244916.0,1.73,-0.54,17.58,1496438070
Shift,SHIFT,82,1.55103,0.00063725,432204.0,16800456.0,10831806.0,10831806.0,3.97,38.84,187.03,1496438066
Unity Ingot,UNY,83,0.0827806,0.00003401,110038.0,16721681.0,202000000.0,10000000000.0,1.3,2.3,92.7,1496438092
SuperNET,UNITY,84,20.3322,0.00835362,25397.4,16592315.0,816061.0,816061.0,19.37,58.44,256.02,1496438057
Infinitecoin,IFC,85,0.000182014,0.00000007,2712440.0,16489790.0,90596274910.0,90596274910.0,-0.36,-0.07,15.78,1496438054
ZCoin,XZC,86,7.33094,0.00301196,1113430.0,16390746.0,2235831.0,2235831.0,3.7,-1.52,34.64,1496438079
Swarm City,SWT,87,2.46626,0.00101328,40410.9,16380232.0,6641730.0,6641730.0,3.29,5.9,-2.78,1496438088
Agoras Tokens,AGRS,88,0.383029,0.00015737,25154.5,16087218.0,42000000.0,42000000.0,0.98,3.16,8.81,1496438065
LBRY Credits,LBC,89,0.233812,0.00009606,879606.0,16021856.0,68524524.0,466424524.0,0.74,12.5,24.92,1496438075
TaaS,TAAS,90,1.95085,0.00080152,201200.0,15891626.0,8146001.0,8146001.0,1.98,16.28,40.13,1496438089
Pepe Cash,PEPECASH,91,0.0214762,0.00000882,29631.6,15073801.0,701884009.0,701884009.0,1.42,-3.47,-4.61,1496438078
Chronobank,TIME,92,21.0699,0.0086567,492542.0,14962006.0,710113.0,710113.0,1.34,8.55,19.85,1496438086
Waves Community Token,WCT,93,2.96874,0.00121973,146869.0,14843700.0,5000000.0,10000000.0,24.06,17.35,37.44,1496438086
GridCoin,GRC,94,0.0377881,0.00001553,200729.0,14749177.0,390312753.0,390312753.0,0.47,5.17,23.88,1496438061
I/O Coin,IOC,95,0.881059,0.00036199,47869.1,14393321.0,16336387.0,16336387.0,-0.0,7.88,16.06,1496438055
Radium,RADS,96,4.35752,0.00179031,385290.0,14148983.0,3247026.0,3247026.0,3.43,2.53,36.19,1496438070
MonaCoin,MONA,97,0.273016,0.00011217,27936.7,13803143.0,50558000.0,50558000.0,2.89,-1.66,6.68,1496438049
Golos,GOLOS,98,0.107992,0.00004437,45353.8,13292322.0,123086171.0,123086171.0,0.2,16.02,81.72,1496438083
E-coin,ECN,99,4.65802,0.00191378,130651.0,13001010.0,2791102.0,211079994.0,0.79,4.06,13.22,1496438090
Vertcoin,VTC,100,0.379755,0.00015603,542627.0,12699551.0,33441431.0,33441431.0,-0.39,5.38,24.67,1496438046
LuckChain,BASH,101,0.0169807,0.00000698,712688.0,12295257.0,724072424.0,724072424.0,-0.13,22.12,123.01,1496438083
MergeCoin,MGC,102,0.120882,0.00004967,3280620.0,11957027.0,98914870.0,103914870.0,-3.28,15.72,8.18,1496438092
DigitalNote,XDN,103,0.00172675,0.00000071,3226560.0,11882713.0,6881547719.0,6881547719.0,-3.87,14.29,11.57,1496438054
Clams,CLAM,104,5.06166,0.00207961,530837.0,11655307.0,2302665.0,16208049.0,2.32,7.44,9.23,1496438055
Bitland,CADASTRAL,105,0.382463,0.00015714,21701.7,11473890.0,30000000.0,30000000.0,0.9,-6.57,77.33,1496438075
Mooncoin,MOON,106,0.0000489859,0.00000002,88518.3,10872283.0,221947202197,221947202197,1.0,9.63,10.97,1496438045
Pluton,PLU,107,12.6394,0.00519298,101773.0,10743484.0,850000.0,20000000.0,2.43,-6.22,52.8,1496438078
Bitcrystals,BCY,108,0.461008,0.00018941,318980.0,10737532.0,23291422.0,23291422.0,4.68,17.22,22.7,1496438066
FlorinCoin,FLO,109,0.0755233,0.00003103,316835.0,10120907.0,134010396.0,134010396.0,3.06,5.13,18.69,1496438056
Viacoin,VIA,110,0.442439,0.00018178,252625.0,10019976.0,22647136.0,22647136.0,-1.35,9.42,15.49,1496438055
Primecoin,XPM,111,0.491195,0.00020181,4901240.0,9495260.0,19330938.0,19330938.0,-0.76,25.6,35.95,1496438043
Etheroll,DICE,112,1.34947,0.00055444,58157.4,9448480.0,7001623.0,7001623.0,-10.87,-22.61,-26.11,1496438093
vSlice,VSL,113,0.281997,0.00011586,136220.0,9416020.0,33390496.0,33390496.0,3.7,-0.51,3.62,1496438082
Skycoin,SKY,114,1.67942,0.00069,46986.4,9179376.0,5465801.0,100000000.0,0.98,4.2,-9.12,1496438090
Crown,CRW,115,0.657512,0.00027014,24917.5,9115136.0,13863072.0,13863072.0,2.53,12.07,2.09,1496438059
DNotes,NOTE,116,0.0730353,0.00003001,289148.0,9047270.0,123875307.0,123875307.0,-0.55,8.89,30.93,1496438052
HEAT,HEAT,117,0.341388,0.00014026,35327.1,9000738.0,26365128.0,26365128.0,7.45,-4.63,-1.4,1496438075
Energycoin,ENRG,118,0.0741379,0.00003046,5110.99,8966435.0,120942667.0,120942667.0,2.22,3.31,17.04,1496438053
Rubycoin,RBY,119,0.362043,0.00014875,37275.4,8831940.0,24394726.0,24394726.0,0.94,1.58,13.19,1496438050
FedoraCoin,TIPS,120,0.0000195841,0.000000008,51402.6,8679050.0,443168182458,443168182458,-0.86,1.69,-6.54,1496438047
VeriCoin,VRC,121,0.285093,0.00011713,517870.0,8613238.0,30212030.0,30212030.0,1.34,0.98,13.68,1496438052
NeosCoin,NEOS,122,2.52229,0.0010363,646656.0,8443333.0,3347487.0,3347487.0,-1.56,0.81,24.0,1496438056
SolarCoin,SLR,123,0.227218,0.00009335,93433.1,7990014.0,35164531.0,98034181262.0,3.21,-0.36,18.59,1496438050
Pascal Coin,PASC,124,0.795102,0.00032667,165307.0,7965093.0,10017700.0,10017700.0,0.95,1.9,8.4,1496438081
VPNCoin,VASH,125,0.0196556,0.00000808,1985200.0,7868918.0,400339746.0,400339746.0,0.19,10.44,13.18,1496438060
SaluS,SLS,126,7.83164,0.00321768,40251.8,7858677.0,1003452.0,1003452.0,1.01,2.12,59.44,1496438069
Blitzcash,BLITZ,127,1.87666,0.00077104,341163.0,7626916.0,4064090.0,4064090.0,-3.72,49.2,436.85,1496438060
Einsteinium,EMC2,128,0.0360296,0.00001480,386941.0,7595403.0,210810073.0,210810073.0,-0.72,13.64,15.13,1496438049
BelaCoin,BELA,129,0.216176,0.00008882,494374.0,7562085.0,34981150.0,34981150.0,0.08,6.55,9.4,1496438049
Creditbit,CRB,130,0.615653,0.00025295,289921.0,7310474.0,11874342.0,11874342.0,1.06,-4.82,-6.01,1496438068
Incent,INCNT,131,0.315975,0.00012982,178381.0,7270051.0,23008312.0,46016625.0,3.26,11.82,50.58,1496438082
Bitcoin Plus,XBC,132,73.3945,0.0301546,149152.0,7114120.0,96930.0,96930.0,0.37,3.19,5.23,1496438051
Global Currency Reserve,GCR,133,0.0655404,0.00002693,21312.9,6730517.0,102692651.0,102692651.0,1.23,2.41,5.05,1496438065
Aeon,AEON,134,0.466292,0.00019158,6384.9,6636481.0,14232458.0,14232458.0,1.06,-0.07,5.69,1496438065
Lunyr,LUN,135,2.86004,0.00117506,139475.0,6571952.0,2297853.0,2703356.0,2.27,3.94,-1.68,1496438092
Asch,XAS,136,0.0871471,0.00003580,54458.9,6536033.0,75000000.0,100000000.0,-0.0,-1.15,11.31,1496438089
Novacoin,NVC,137,3.73957,0.00153643,54734.2,6492787.0,1736239.0,1736239.0,3.0,0.7,-5.28,1496438040
Feathercoin,FTC,138,0.0387673,0.00001593,94474.7,6352588.0,163864600.0,163864600.0,-0.76,-2.82,23.77,1496438054
FirstCoin,FRST,139,1.98646,0.00081615,126094.0,6303678.0,3173322.0,110000000.0,1.27,13.69,20.75,1496438085
MonetaryUnit,MUE,140,0.0502018,0.00002063,74799.6,6102402.0,121557440.0,121557440.0,0.83,16.93,19.41,1496438059
ZClassic,ZCL,141,4.01155,0.00164817,307736.0,5934386.0,1479325.0,1479325.0,-2.1,-1.46,37.53,1496438081
WorldCoin,WDC,142,0.0511676,0.00002102,325723.0,5864080.0,114605341.0,114605341.0,-0.88,9.57,24.85,1496438041
PinkCoin,PINK,143,0.0181451,0.00000746,1901380.0,5824720.0,321007900.0,371007900.0,-0.19,17.59,20.32,1496438052
SIBCoin,SIB,144,0.393469,0.00016166,27868.2,5765992.0,14654246.0,14654246.0,0.39,0.74,32.02,1496438066
ION,ION,145,0.418321,0.00017187,41129.1,5756827.0,13761746.0,19661746.0,1.99,7.84,-3.35,1496438074
Safe Exchange Coin,SAFEX,146,0.00267855,0.00000110,23506.8,5752142.0,2147483647.0,2147483647.0,-3.37,3.8,3.89,1496438069
FoldingCoin,FLDC,147,0.0115944,0.00000476,411206.0,5678264.0,489741985.0,1000000000.0,2.81,14.0,20.25,1496438058
Gambit,GAM,148,4.66723,0.00191756,40167.2,5526411.0,1184088.0,1184088.0,3.31,6.34,19.19,1496438064
MUSE,MUSE,149,0.00392078,0.00000161,9545.02,5390447.0,1374840478.0,1524840478.0,0.97,17.45,28.68,1496438063
Janus,JNS,150,0.249625,0.00010256,13193.5,5272602.0,21122091.0,25201489.0,23.09,9.2,14.01,1496438084
RouletteToken,RLT,151,0.515557,0.00021182,117540.0,5203110.0,10092210.0,10092933.0,-20.79,10.72,11.14,1496438093
Vcash,XVC,152,0.335433,0.00013782,133267.0,5115969.0,15251836.0,15251836.0,1.66,10.9,9.89,1496438061
Auroracoin,AUR,153,0.59067,0.00024268,15183.2,5114103.0,8658139.0,8658139.0,0.03,-0.52,7.15,1496438048
OKCash,OK,154,0.0659166,0.00002708,137772.0,4718431.0,71581827.0,71581827.0,4.95,-3.4,151.15,1496438060
Sphere,SPHR,155,1.50904,0.00062,24314.9,4652280.0,3082940.0,3082940.0,2.37,12.71,142.22,1496438063
Ethereum Movie Venture,EMV,156,0.689805,0.00028341,4974.63,4598700.0,6666666.0,6666666.0,1.24,157.71,22.69,1496438091
Darcrus,DAR,157,0.327414,0.00013452,25782.8,4460610.0,13623762.0,13623762.0,-1.27,-1.59,16.32,1496438084
FairCoin,FAIR,158,0.0838736,0.00003446,5313.73,4454173.0,53105776.0,53105776.0,0.18,6.0,34.38,1496438050
Quark,QRK,159,0.0175134,0.00000720,199085.0,4380120.0,250101047.0,250101047.0,0.98,46.69,40.26,1496438043
Rise,RISE,160,0.0406603,0.00001671,157737.0,4366396.0,107387215.0,107387215.0,15.58,81.09,104.18,1496438075
ICO OpenLedger,ICOO,161,9.22289,0.00378928,11421.4,4351313.0,471795.0,471795.0,5.88,25.52,46.26,1496438073
CloakCoin,CLOAK,162,0.848787,0.00034873,21113.4,4247066.0,5003688.0,5003688.0,1.09,3.51,33.06,1496438054
bitCNY,BITCNY,163,0.143655,0.00005902,541326.0,4246427.0,29559900.0,29559900.0,1.4,1.13,1.39,1496438057
LoMoCoin,LMC,164,0.0202797,0.00000833,373740.0,4229593.0,208562876.0,293562876.0,2.44,14.65,18.05,1496438077
ArtByte,ABY,165,0.00546743,0.00000225,143336.0,4225939.0,772929650.0,772929650.0,7.52,35.84,25.78,1496438053
APX,APX,166,4.62449,0.0019,235458.0,4162041.0,900000.0,1000000.0,-0.52,9.48,27.31,1496438094
Bitmark,BTM,167,1.04034,0.00042743,152312.0,4058553.0,3901180.0,3901180.0,1.02,4.88,35.43,1496438056
NautilusCoin,NAUT,168,0.245187,0.00010074,346334.0,3967126.0,16180000.0,16180000.0,-0.07,-0.13,15.95,1496438052
Unobtanium,UNO,169,20.0258,0.00822773,78796.4,3959607.0,197725.0,197725.0,-0.28,3.24,-0.08,1496438044
SpreadCoin,SPR,170,0.470412,0.00019327,29032.5,3827552.0,8136595.0,8136595.0,-0.32,20.19,41.48,1496438058
Ethbits,ETB,171,2.77999,0.00114218,1745.76,3744607.0,1346986.0,1634691.0,1.29,126.58,,1496438094
DubaiCoin,DBIX,172,4.2712,0.00175485,35939.2,3716247.0,870071.0,870071.0,0.3,-5.93,72.88,1496438089
HunterCoin,HUC,173,0.205855,0.00008458,5326040.0,3632865.0,17647690.0,17647690.0,0.81,75.81,95.25,1496438047
Riecoin,RIC,174,0.10557,0.00004337,637553.0,3611181.0,34206503.0,34206503.0,-0.13,9.71,32.86,1496438048
PoSW Coin,POSW,175,0.0849247,0.00003489,67685.1,3481913.0,41000000.0,70000000.0,1.17,25.51,49.11,1496438083
Circuits of Value,COVAL,176,0.0085188,0.00000350,103020.0,3407520.0,400000000.0,1200000000.0,-1.66,16.85,6.31,1496438060
Minereum,MNE,177,8.35357,0.00343211,357249.0,3353701.0,401469.0,401469.0,-6.51,50.26,269.75,1496438093
Wild Beast Block,WBB,178,1.42167,0.0005841,12432.2,3305854.0,2325331.0,2325331.0,-1.39,12.42,-17.2,1496438062
Diamond,DMD,179,1.53348,0.00063004,16660.2,3258055.0,2124615.0,2124615.0,0.94,5.03,9.98,1496438045
Zennies,ZENI,180,0.00318844,0.00000131,6838.89,3190610.0,1000680579.0,1000680579.0,0.07,4.66,11.7,1496438090
BitSend,BSD,181,0.207792,0.00008537,27514.7,3170553.0,15258300.0,15258300.0,3.89,10.3,35.08,1496438053
Musicoin,MUSIC,182,0.0181134,0.00000744,79411.5,3121678.0,172340784.0,172340784.0,-4.49,7.67,11.3,1496438088
Jinn,JINN,183,53.1766,0.0218479,531.766,3121626.0,58703.0,1000000.0,-0.06,13.81,-33.89,1496438058
BitBean,BITB,184,0.0015714,0.00000065,171810.0,3078714.0,1959217000.0,1959217000.0,-0.75,23.32,-3.79,1496438061
Megacoin,MEC,185,0.092404,0.00003796,568574.0,3038840.0,32886450.0,32886450.0,-0.09,18.71,11.16,1496438043
Curecoin,CURE,186,0.124689,0.00005123,16931.6,2956172.0,23708366.0,23708366.0,-0.37,8.97,6.12,1496438052
Zetacoin,ZET,187,0.0172349,0.00000708,284950.0,2863722.0,166158343.0,166158343.0,-0.86,1.84,34.85,1496438043
Myriad,XMY,188,0.00188758,0.00000078,128096.0,2805280.0,1486178000.0,1486178000.0,6.18,21.17,-15.62,1496438049
RaiBlocks,XRB,189,0.0364274,0.00001497,45494.4,2735422.0,75092427.0,340282367.0,0.96,11.52,31.95,1496438087
InstantDEX,DEX,190,2.71935,0.00111726,3396.47,2719350.0,1000000.0,1000000.0,-0.06,18.21,,1496438059
Cryptonite,XCN,191,0.00823257,0.00000338,750471.0,2699118.0,327858480.0,327858480.0,1.02,34.03,26.03,1496438055
Atmos,ATMS,192,0.0267961,0.00001101,173629.0,2681585.0,100073705.0,110073705.0,2.39,12.04,24.25,1496438091
Bata,BTA,193,0.530782,0.00021808,58310.0,2628104.0,4951381.0,4951381.0,7.68,31.32,76.15,1496438064
ZcCoin,ZCC,194,0.0424411,0.00001744,1922460.0,2616793.0,61657044.0,61657044.0,0.29,25.55,25.14,1496438057
Steem Dollars,SBD,195,1.80382,0.00074111,216443.0,2567624.0,1423437.0,1423437.0,2.08,13.58,16.93,1496438076
Zeitcoin,ZEIT,196,0.0000669390,0.00000003,6689.33,2431780.0,36328296446.0,36328296446.0,1.62,2.98,33.91,1496438050
Spectrecoin,XSPEC,197,0.11833,0.00004862,198978.0,2413570.0,20396945.0,20396945.0,1.12,3.81,12.66,1496438083
Digitalcoin,DGC,198,0.070049,0.00002878,240092.0,2408971.0,34389793.0,34389793.0,1.92,13.66,32.14,1496438041
Mintcoin,MINT,199,0.0000973876,0.00000004,14347.0,2371258.0,24348665548.0,24348665548.0,0.97,29.94,4.17,1496438048
Breakout Stake,BRX,200,0.372588,0.00015308,13631.8,2335412.0,6268082.0,6268082.0,1.48,29.85,53.98,1496438075
Veros,VRS,201,0.0263796,0.00001084,63929.6,2255111.0,85486938.0,10000000000.0,0.8,-6.5,-2.72,1496438082
MaxCoin,MAX,202,0.0412649,0.00001695,176631.0,2246572.0,54442678.0,54442678.0,5.04,20.7,58.08,1496438047
BoostCoin,BOST,203,0.188997,0.00007765,189686.0,2240652.0,11855487.0,11855487.0,2.38,13.11,18.3,1496438053
Adzcoin,ADZ,204,0.0407611,0.00001675,13874.7,2235634.0,54847240.0,54847240.0,-2.64,12.66,14.08,1496438069
bitUSD,BITUSD,205,1.01408,0.00041664,302741.0,2228380.0,2197440.0,2197440.0,1.35,0.7,1.49,1496438057
BlockPay,BLOCKPAY,206,0.410246,0.00016855,16617.0,2226938.0,5428300.0,98928316.0,-1.48,1.57,57.43,1496438079
Espers,ESP,207,0.000110479,0.00000005,5549.0,2223777.0,20128504219.0,20128504219.0,1.25,2.28,-10.58,1496438073
Groestlcoin,GRS,208,0.0312477,0.00001284,8583.08,2113028.0,67621871.0,67621871.0,2.77,8.63,14.82,1496438051
iCash,ICASH,209,0.00951422,0.00000391,13643.3,2102075.0,220940353.0,220940353.0,0.56,13.5,14.61,1496438063
FUNCoin,FUNC,210,0.359167,0.00014757,41840.8,2074875.0,5776909.0,100000000.0,1.28,2.71,33.4,1496438093
Tickets,TIX,211,0.0000280220,0.00000001,34378.1,1874007.0,66876281414.0,66876281414.0,0.77,1.34,5.15,1496438055
Project Decorum,PDC,212,0.0369959,0.00001520,2626.67,1849795.0,50000000.0,50000000.0,0.98,0.27,-1.98,1496438074
GoldCoin,GLD,213,0.0457302,0.00001879,19609.3,1840878.0,40255184.0,40255184.0,2.35,-2.18,0.11,1496438053
TransferCoin,TX,214,0.301747,0.00012397,6594.67,1802770.0,5974443.0,5974443.0,4.02,-2.73,-20.41,1496438065
CryptoCarbon,CCRB,215,0.475926,0.00019554,18415.9,1695301.0,3562111.0,10000150.0,0.62,9.56,21.16,1496438084
Breakout,BRK,216,0.086697,0.00003562,6891.82,1553255.0,17915907.0,17915907.0,4.52,25.68,25.74,1496438074
DeepWebCash,DWC,217,1.15931,0.00047631,18351.8,1550055.0,1337050.0,1337050.0,0.5,-8.3,-16.15,1496438082
Startcoin,START,218,0.034298,0.00001409,42009.5,1546146.0,45079785.0,70782220.0,4.54,5.61,-17.72,1496438054
Sequence,SEQ,219,0.034562,0.00001420,1651.75,1544976.0,44701566.0,44701566.0,4.13,8.24,43.36,1496438078
vTorrent,VTR,220,0.142459,0.00005853,17016.6,1540832.0,10815966.0,10815966.0,7.4,-5.81,27.58,1496438060
2GIVE,2GIVE,221,0.00298498,0.00000123,16375.5,1531286.0,512997030.0,512997030.0,-0.41,21.15,-20.99,1496438073
Boolberry,XBB,222,0.151484,0.00006224,6903.06,1444018.0,9532480.0,9532480.0,1.04,12.96,4.45,1496438055
Pangea Poker,PANGEA,223,1.42802,0.00058671,869.949,1427095.0,999352.0,1000000.0,-0.06,59.5,83.97,1496438059
Anoncoin,ANC,224,0.671855,0.00027604,182821.0,1417827.0,2110317.0,2110317.0,-8.18,44.92,38.96,1496438043
Bitswift,SWIFT,225,0.343186,0.000141,9623.7,1393647.0,4060908.0,4060908.0,1.23,13.74,92.03,1496438059
EB3 Coin,EB3,226,0.292097,0.00012001,39253.3,1368787.0,4686069.0,786000000.0,0.98,0.97,18.56,1496438090
Visio,VISIO,227,0.0266426,0.00001095,3994.67,1348143.0,50601043.0,62601043.0,6.78,6.55,-7.52,1496438088
EuropeCoin,ERC,228,0.13411,0.00005510,1944.62,1321182.0,9851484.0,9851484.0,1.61,-1.49,16.67,1496438064
VeriumReserve,VRM,229,1.17264,0.00048178,93405.8,1306258.0,1113946.0,1113946.0,-0.35,59.01,43.05,1496438077
ChainCoin,CHC,230,0.0880164,0.00003616,13279.2,1292541.0,14685235.0,14685235.0,1.04,-0.66,-0.45,1496438065
LiteDoge,LDOGE,231,0.0000865498,0.00000004,8209.5,1278741.0,14774626659.0,14774626659.0,18.11,20.64,-45.36,1496438061
MediterraneanCoin,MED,232,0.0250696,0.00001030,197839.0,1246125.0,49706598.0,49706598.0,0.94,90.25,72.96,1496438060
Voxels,VOX,233,0.0386709,0.00001589,530024.0,1218133.0,31500000.0,210000000.0,-3.16,35.14,28.55,1496438071
Yocoin,YOC,234,0.0114717,0.00000471,71433.1,1211628.0,105618830.0,200000000.0,4.37,11.2,37.41,1496438069
Renos,RNS,235,0.036148,0.00001485,650859.0,1205618.0,33352267.0,33352267.0,0.49,44.35,133.96,1496438087
Qwark,QWARK,236,0.0673228,0.00002766,32242.2,1188873.0,17659296.0,250377576.0,1.91,25.19,67.08,1496438072
Dynamic,DYN,237,0.728211,0.00029919,4107.8,1177217.0,1616588.0,4370492.0,3.72,5.08,20.23,1496438088
Stealthcoin,XST,238,0.0442491,0.00001818,1313.95,1158355.0,26178045.0,26178045.0,0.94,-2.7,13.27,1496438055
Creativecoin,CREA,239,0.108628,0.00004463,7343.7,1146915.0,10558185.0,12269913.0,4.9,18.77,23.67,1496438093
TagCoin,TAG,240,0.208331,0.00008559,161284.0,1144359.0,5492984.0,5492984.0,5.18,12.34,11.35,1496438044
HTMLCOIN,HTML5,241,0.0000269480,0.00000001,3858.24,1095679.0,40659020000.0,40659020000.0,3.91,36.47,21.44,1496438058
SecureCoin,SRC,242,0.14011,0.00005757,153428.0,1090878.0,7785866.0,7785866.0,0.74,12.83,3.8,1496438043
Inpay,INPAY,243,0.106787,0.00004387,25728.1,1067870.0,10000000.0,10000000.0,6.7,-2.78,-16.67,1496438090
Ixcoin,IXC,244,0.049977,0.00002053,2896.57,1049471.0,20999088.0,20999088.0,1.1,-16.68,-0.05,1496438051
WhiteCoin,XWC,245,0.00418638,0.00000172,16424.4,1038458.0,248056315.0,248056315.0,2.43,-2.11,60.22,1496438051
PutinCoin,PUT,246,0.00507788,0.00000209,4348.87,1017697.0,200417616.0,200417616.0,9.97,-1.87,46.52,1496438075
DopeCoin,DOPE,247,0.00905426,0.00000372,20412.8,1005798.0,111085648.0,111085648.0,16.8,28.38,-0.3,1496438049
Triggers,TRIG,248,0.030692,0.00001261,31391.9,985385.0,32105593.0,100000000.0,4.51,-3.48,4.03,1496438080
Hacker Gold,HKG,249,0.061153,0.00002513,2131.38,985229.0,16110893.0,16110893.0,5.87,4.14,2.76,1496438082
CannabisCoin,CANN,250,0.0126335,0.00000519,55550.1,975700.0,77231176.0,91859176.0,1.03,1.86,51.51,1496438056
Mercury,MER,251,0.00968461,0.00000398,1822.65,968461.0,100000000.0,100000000.0,1.02,-5.91,-6.85,1496438089
DIBCOIN,DIBC,252,0.191795,0.00007880,4702.11,958975.0,5000000.0,5000000000.0,4.01,5.63,21.37,1496438090
AudioCoin,ADC,253,0.00120512,0.00000050,6236.64,955900.0,793198644.0,793198644.0,0.93,-3.23,-10.4,1496438064
HiCoin,XHI,254,0.00479838,0.00000197,124582.0,910397.0,189729990.0,10189729990.0,-1.03,-5.3,-0.56,1496438073
PepeCoin,PEPE,255,0.0653314,0.00002684,20848.8,900073.0,13777042.0,13777042.0,-3.24,4.11,35.09,1496438070
Syndicate,SYNX,256,0.0782933,0.00003217,15268.1,882276.0,11268860.0,11268860.0,0.92,-58.56,55.1,1496438075
ArcticCoin,ARC,257,0.0377246,0.00001550,25971.8,881265.0,23360481.0,23360481.0,-2.52,-7.23,-21.81,1496438080
Hush,HUSH,258,0.784181,0.00032219,65291.1,863295.0,1100888.0,1222363.0,2.4,13.34,70.23,1496438081
EverGreenCoin,EGC,259,0.0633864,0.00002604,11018.8,844389.0,13321301.0,13321301.0,0.93,-0.61,7.25,1496438069
Pesetacoin,PTC,260,0.00638567,0.00000262,3733.61,833653.0,130550542.0,130550542.0,0.8,5.14,-1.05,1496438048
Woodcoin,LOG,261,0.103248,0.00004242,576.138,829618.0,8035193.0,8035193.0,0.94,1.59,5.85,1496438062
Centurion,CNT,262,0.0306607,0.00001260,30960.3,792588.0,25850279.0,63389078.0,0.84,-10.17,1.12,1496438086
ShadowCash,SDC,263,0.117045,0.00004809,518.46,780367.0,6667237.0,6667237.0,0.94,-5.1,-14.84,1496438056
ExclusiveCoin,EXCL,264,0.189987,0.00007806,5874.95,776823.0,4088820.0,4088820.0,0.94,15.75,3.45,1496438059
Unitus,UIS,265,0.0165929,0.00000682,22751.6,776287.0,46784260.0,46784260.0,1.14,3.07,-1.54,1496438061
e-Gulden,EFL,266,0.0498598,0.00002049,1768.28,765141.0,15345854.0,20385194.0,0.9,2.1,-8.74,1496438050
GeoCoin,GEO,267,0.31051,0.00012757,6099.53,762327.0,2455079.0,2455079.0,2.06,18.33,36.42,1496438061
Version,V,268,0.00170376,0.00000070,1241.27,745287.0,437436810.0,437436810.0,17.81,57.91,,1496438095
BlueCoin,BLU,269,0.0012494,0.00000051,1563.24,718010.0,574683675.0,574683675.0,2.12,-22.62,183.1,1496438051
HempCoin,THC,270,0.00338301,0.00000139,15450.2,716600.0,211823061.0,211823061.0,2.04,11.81,-8.07,1496438055
Ripto Bux,RBX,271,0.00208108,0.00000086,5420.92,711938.0,342100100.0,1000000000.0,4.01,11.2,88.63,1496438090
ProCurrency,PROC,272,0.252163,0.0001036,925.48,709891.0,2815205.0,15000053805.0,1.01,14.4,14.73,1496438091
Fantomcoin,FCN,273,0.119263,0.00004900,2431.09,699204.0,5862710.0,5862710.0,5.8,-0.28,5.42,1496438053
Tokes,TKS,274,1.05898,0.00043509,4851.5,685821.0,647624.0,50000000.0,-1.35,8.98,-3.74,1496438088
DT Token,DRACO,275,0.00750933,0.00000309,72099.3,667496.0,88888888.0,88888888.0,2.43,41.89,70.51,1496438075
Altcoin,ALT,276,5.41519,0.00222486,2088.33,661602.0,122175.0,134063.0,0.61,0.74,19.54,1496438091
Synergy,SNRG,277,0.237658,0.00009764,1388.45,659782.0,2776185.0,2776185.0,5.81,4.36,24.96,1496438063
UniBURST,UNIBURST,278,0.600245,0.00024661,5030.65,600244.0,999999.0,1000000.0,-4.6,1.61,244.66,1496438087
BTSR,BTSR,279,0.179821,0.00007388,19763.4,595355.0,3310819.0,3310819.0,4.44,23.25,35.99,1496438071
TrustPlus,TRUST,280,0.0184736,0.00000759,1139.2,592755.0,32086595.0,32086595.0,4.95,6.69,31.37,1496438056
Magi,XMG,281,0.0833369,0.00003424,3991.08,588030.0,7056063.0,7056063.0,0.93,0.75,-4.2,1496438058
Moin,MOIN,282,0.0838303,0.00003444,2234.67,582621.0,6950010.0,6950010.0,1.51,12.18,36.66,1496438068
Joincoin,J,283,0.237774,0.00009769,678.582,582166.0,2448402.0,2448402.0,0.94,-51.15,68.11,1496438056
1337,1337,284,0.0000253080,0.00000001,4933.2,577217.0,22807695800.0,22807695800.0,6.66,35.56,84.77,1496438067
Deutsche eMark,DEM,285,0.0202892,0.00000834,837.32,563906.0,27793416.0,27793416.0,-1.07,-6.18,5.64,1496438045
Canada eCoin,CDN,286,0.00537003,0.00000221,745.942,523124.0,97415544.0,97415544.0,1.66,6.71,26.72,1496438052
TileCoin,XTC,287,0.00519129,0.00000213,8202.33,519129.0,100000000.0,100000000.0,0.09,-5.09,-3.91,1496438059
FujiCoin,FJC,288,0.000532388,0.00000022,3816.66,512850.0,963300594.0,963300594.0,0.72,-27.86,14.22,1496438063
Elcoin,EL,289,0.0433335,0.00001780,4264.29,485724.0,11208967.0,20935289.0,0.21,-15.98,-10.66,1496438072
NuShares,NSR,290,0.00017967,0.00000007,549.327,485517.0,2702268334.0,3317175821.0,-5.62,-24.82,-67.55,1496438058
KoreCoin,KORE,291,0.242494,0.00009963,2973.47,443994.0,1830949.0,1830949.0,0.94,-3.39,5.26,1496438055
IncaKoin,NKA,292,0.0000581405,0.00000002,11406.6,438205.0,7536995800.0,7536995800.0,0.07,5.32,71.73,1496438061
TrumpCoin,TRUMP,293,0.0666269,0.00002737,5955.37,435710.0,6539549.0,6539549.0,-0.62,9.74,13.94,1496438070
Capricoin,CPC,294,0.439833,0.00018071,44689.8,433139.0,984781.0,200984781.0,-2.82,-3.49,21.65,1496438064
BitBar,BTB,295,13.1616,0.00540753,754.499,428941.0,32590.0,32590.0,0.99,14.07,25.26,1496438041
I0Coin,I0C,296,0.0194472,0.00000799,1134.49,407894.0,20974450.0,20974450.0,0.78,1.18,10.74,1496438044
NobleCoin,NOBL,297,0.000169116,0.00000007,10781.1,387560.0,2291681821.0,2291681821.0,0.93,-11.62,-17.03,1496438047
Newbium,NEWB,298,0.016064,0.00000660,44664.0,385536.0,24000000.0,51000000.0,0.98,52.41,283.05,1496438074
Terracoin,TRC,299,0.0190123,0.00000781,7017.53,382192.0,20102360.0,20102360.0,-3.87,21.14,2.75,1496438040
PostCoin,POST,300,0.0238954,0.00000982,3997.09,376958.0,15775332.0,15775332.0,0.55,2.56,7.53,1496438071
GCoin,GCN,301,0.0000025997,0.000000001,2169.8,361423.0,139023260000,139023260000,8.79,11.0,42.92,1496438059
Cryptojacks,CJ,302,0.000879326,0.00000036,2788.72,357506.0,406568581.0,406568581.0,0.65,287.93,145.65,1496438075
TeslaCoin,TES,303,0.00496166,0.00000204,1177.45,356118.0,71774058.0,71774058.0,0.98,-6.8,1.41,1496438046
iTicoin,ITI,304,11.0693,0.0045479,52639.8,354218.0,32000.0,9999992.0,1.83,-8.09,9.58,1496438093
CacheCoin,CACH,305,0.0973577,0.00004000,19241.5,350860.0,3603820.0,3603820.0,-51.56,16.1,,1496438047
Virtacoinplus,XVP,306,0.0388832,0.00001598,1173.79,342960.0,8820271.0,10354864.0,0.97,-10.22,-37.83,1496438087
Master Swiscoin,MSCN,307,0.0332338,0.00001365,10487.5,340720.0,10252220.0,1002578233.0,0.34,-4.78,-15.35,1496438086
Wyvern,WYV,308,0.311569,0.00012801,948.545,339807.0,1090631.0,1090631.0,0.98,3.21,-9.24,1496438090
Jewels,JWL,309,0.0167455,0.00000688,3538.31,337863.0,20176329.0,20176329.0,4.31,2.39,5.01,1496438077
Trollcoin,TROLL,310,0.000607335,0.00000025,909.121,336317.0,553758763.0,553758763.0,5.08,0.63,-5.62,1496438057
Dotcoin,DOT,311,0.00137077,0.00000056,39048.7,308336.0,224936500.0,489936500.0,1.31,-2.02,14.4,1496438060
Atomic Coin,ATOM,312,0.0295758,0.00001215,1228.29,297254.0,10050570.0,10050570.0,1.31,31.03,23.1,1496438079
ParkByte,PKB,313,0.0623793,0.00002563,1912.91,297177.0,4764026.0,4764026.0,0.52,10.59,23.6,1496438063
MazaCoin,MZC,314,0.000269925,0.00000011,1313.93,294925.0,1092618137.0,1092618137.0,0.95,5.32,9.99,1496438048
Bytecent,BYC,315,0.179844,0.00007389,6349.63,291670.0,1621795.0,1621795.0,3.56,14.94,2.11,1496438059
Influxcoin,INFX,316,0.163633,0.00006723,8490.19,273821.0,1673383.0,1673383.0,0.93,4.78,-37.36,1496438066
Quatloo,QTL,317,0.0362221,0.00001488,10744.5,269418.0,7437937.0,7437937.0,0.14,-4.92,-7.56,1496438055
Karbowanec,KRB,318,0.0754955,0.00003102,4779.43,267357.0,3541359.0,3541359.0,1.02,-3.07,0.56,1496438077
Asiadigicoin,ADCN,319,0.0107093,0.00000440,908.934,266994.0,24931054.0,210000000.0,0.94,-20.18,-24.45,1496438070
UltraCoin,UTC,320,0.00593882,0.00000244,3966.27,255978.0,43102488.0,43102488.0,0.33,14.41,48.56,1496438047
8Bit,8BIT,321,0.21654,0.00008897,2219.48,252142.0,1164415.0,1164415.0,1.01,7.43,-31.16,1496438062
Torcoin,TOR,322,0.941922,0.000387,7580.25,247651.0,262921.0,1262921.0,1.33,15.76,10.93,1496438090
Rubies,RBIES,323,0.0235227,0.00000966,2283.92,244014.0,10373571.0,10373571.0,3.85,8.13,-4.29,1496438071
Sexcoin,SXC,324,0.00197872,0.00000081,2653.77,242479.0,122543364.0,122543364.0,1.76,-1.14,-2.12,1496438044
Zoin,ZOI,325,0.0223183,0.00000917,1488.11,240136.0,10759600.0,10759600.0,-0.35,-8.09,-8.55,1496438081
PRCoin,PRC,326,0.0237335,0.00000975,43723.2,224666.0,9466200.0,789466200.0,0.98,1.79,3.0,1496438087
Flycoin,FLY,327,1.02065,0.00041934,1934.15,215159.0,210806.0,210806.0,0.94,16.56,206.79,1496438067
NuBits,USNBT,328,0.99586,0.00040916,69122.5,195957.0,196772.0,838087.0,-0.27,-9.91,-2.48,1496438058
LiteBar,LTB,329,0.297166,0.00012209,826.496,191965.0,645985.0,645985.0,0.98,-22.03,-8.95,1496438049
KibiCoin,KIC,330,0.0127954,0.00000526,716.342,187539.0,14656750.0,14656750.0,0.36,-31.97,,1496438094
bitBTC,BITBTC,331,2766.91,1.1368,65416.7,185604.0,67.0,67.0,-0.8,13.45,22.17,1496438058
GoldBlocks,GB,332,0.0122164,0.00000502,530.128,181629.0,14867620.0,14867620.0,4.3,-2.33,15.09,1496438074
Netko,NETKO,333,0.0738432,0.00003034,1194.78,181079.0,2452212.0,2452212.0,0.94,11.09,-3.84,1496438088
DigitalPrice,DP,334,0.00788315,0.00000324,539.136,178622.0,22658751.0,22658751.0,18.94,42.18,101.47,1496438059
UnbreakableCoin,UNB,335,0.0744102,0.00003057,3367.39,169518.0,2278150.0,2278150.0,2.64,6.4,12.06,1496438052
LanaCoin,LANA,336,0.0002233,0.00000009,512.283,167160.0,748588173.0,748588173.0,5.42,21.0,85.44,1496438073
Tattoocoin (Standard Edition),TSE,337,0.00144753,0.00000059,1029.1,165588.0,114393396.0,604393396.0,-0.23,-2.35,27.61,1496438084
Fastcoin,FST,338,0.00122017,0.00000050,1516.02,154674.0,126764507.0,126764507.0,1.09,-5.18,37.66,1496438042
TheGCCcoin,GCC,339,0.0202017,0.00000830,2278.17,142240.0,7041008.0,867041008.0,-4.1,-6.41,-13.66,1496438086
Pascal Lite,PASL,340,0.0698785,0.00002871,3169.09,138426.0,1980950.0,1980950.0,3.72,21.06,-28.23,1496438087
Truckcoin,TRK,341,0.00107093,0.00000044,617.936,131832.0,123100750.0,123100750.0,-19.25,-12.35,42.85,1496438055
PipCoin,PIP,342,0.0194715,0.00000800,651.249,127990.0,6573177.0,6999979.0,12.2,-6.98,-7.06,1496438079
BERNcash,BERN,343,0.00172588,0.00000071,943.382,122942.0,71234301.0,71234301.0,-1.05,12.01,-2.56,1496438072
Bottlecaps,CAP,344,0.000875833,0.00000036,504.621,121710.0,138965055.0,138965055.0,0.92,-71.57,38.74,1496438042
Piggycoin,PIGGY,345,0.000244138,0.00000010,1137.19,118117.0,483813175.0,483813175.0,-6.39,-5.62,-41.55,1496438053
bitEUR,BITEUR,346,1.15477,0.00047444,21215.8,117902.0,102100.0,102100.0,1.41,0.48,-3.06,1496438064
Phoenixcoin,PXC,347,0.00201976,0.00000083,634.058,116923.0,57889500.0,57889500.0,-2.58,10.05,74.41,1496438046
Machinecoin,MAC,348,0.00591448,0.00000243,2513.36,115682.0,19559125.0,19559125.0,-1.88,1.71,-6.84,1496438060
MojoCoin,MOJO,349,0.00958525,0.00000394,2355.75,115562.0,12056232.0,12056232.0,1.2,2.86,-23.77,1496438072
Rimbit,RBT,350,0.000999485,0.00000041,598.082,115440.0,115499623.0,393459356.0,0.89,4.92,10.9,1496438059
bitSilver,BITSILVER,351,20.4769,0.00841306,23209.2,115010.0,5617.0,5617.0,0.61,3.7,7.54,1496438061
Sumokoin,SUMO,352,0.243589,0.00010008,7886.71,113526.0,466055.0,9354944.0,1.01,1.86,,1496438094
CHNCoin,CNC,353,0.00445311,0.00000183,13141.2,112487.0,25260247.0,170109984.0,0.04,11.99,-2.71,1496438053
QuazarCoin,QCN,354,0.0194715,0.00000800,779.004,111241.0,5713035.0,5713035.0,0.94,8.36,30.0,1496438053
Emerald Crypto,EMD,355,0.00564656,0.00000232,2942.38,107946.0,19117129.0,19117129.0,2.27,45.93,103.54,1496438054
Eryllium,ERY,356,0.0216366,0.00000889,4199.53,94223.0,4354778.0,14354778.0,-0.25,-4.05,-39.68,1496438085
bitGold,BITGOLD,357,1575.87,0.647455,4117.74,88272.0,56.0,56.0,0.72,1.99,-1.21,1496438060
Freicoin,FRC,358,0.00267734,0.00000110,17892.6,74715.0,27906348.0,100000000.0,1.01,1.59,14.04,1496438041
Greencoin,GREV2,359,0.0000243394,0.00000001,620.914,74473.0,3059756641.0,3059756641.0,-49.53,1.6,8.88,1496438054
Gapcoin,GAP,360,0.00677735,0.00000278,11898.9,73771.0,10884974.0,10884974.0,1.96,7.72,33.57,1496438059
Kurrent,KURT,361,0.00683439,0.00000281,1682.94,67794.0,9919485.0,21319485.0,1.22,-6.78,7.27,1496438081
PetroDollar,XPD,362,0.00105386,0.00000043,1325.72,67440.0,63993275.0,63993275.0,-1.12,21.79,25.74,1496438051
MCAP,MCAP,363,6.63331,0.00272534,107985.0,66366.0,10005.0,100000000.0,1.69,3.98,,1496438094
CrevaCoin,CREVA,364,0.00178395,0.00000073,11480.8,64919.0,36390750.0,6240390800.0,2.93,3.66,-0.05,1496438065
Wexcoin,WEX,365,0.349112,0.00014343,5993.71,58572.0,167775.0,10000167775.0,0.4,-7.45,19.66,1496438078
Argentum,ARG,366,0.00732616,0.00000301,828.913,54998.0,7507138.0,7507138.0,1.35,-10.96,4.06,1496438042
Acoin,ACOIN,367,0.042225,0.00001735,11574.1,51518.0,1220085.0,1220085.0,1.94,0.33,-24.6,1496438057
808Coin,808,368,0.000243881,0.00000010,549.375,50318.0,206323480.0,206323480.0,13.45,26.61,71.34,1496438075
Philosopher Stones,PHS,369,0.0196663,0.00000808,3145.33,47774.0,2429219.0,2429219.0,0.97,1.63,7.53,1496438045
Prime-XI,PXI,370,0.00320527,0.00000132,717.542,47437.0,14799560.0,14799560.0,1.54,4.72,74.64,1496438058
PonziCoin,PONZI,371,0.0541552,0.00002225,739.394,46633.0,861099.0,861099.0,0.98,-1.76,21.07,1496438074
LevoPlus,LVPS,372,0.0971039,0.00003990,3113.36,40081.0,412762.0,91412762.0,0.98,111.52,-28.89,1496438087
Bolivarcoin,BOLI,373,0.00563722,0.00000232,603.391,36565.0,6486325.0,6486325.0,6.87,10.8,31.91,1496438067
Independent Money System,IMS,374,0.00677595,0.00000278,944.023,36380.0,5368934.0,5368934.0,6.3,-0.61,-5.08,1496438070
Rawcoin,XRC,375,0.0446385,0.00001834,1477.66,31465.0,704882.0,704882.0,-0.47,-12.15,153.05,1496438082
BeaverCoin,BVC,376,0.00868917,0.00000357,654.768,27069.0,3115258.0,3115258.0,2.45,0.46,-6.14,1496438059
PIECoin,PIE,377,0.00036375,0.00000015,529.966,26215.0,72068713.0,72068713.0,0.98,-10.67,-1.1,1496438088
Honey,HONEY,378,0.358538,0.00014731,504.846,24490.0,68306.0,68306.0,-26.79,10.18,-33.37,1496438087
Marijuanacoin,MAR,379,0.0427887,0.00001758,8302.0,22365.0,522690.0,522690.0,2.33,-35.35,-12.34,1496438086
Eurocoin,EUC,380,0.00167942,0.00000069,1360.71,19700.0,11730350.0,11730350.0,5.13,17.2,-21.33,1496438066
Bitvolt,VOLT,381,0.00082754,0.00000034,1013.84,12506.0,15112554.0,60132654.0,0.98,11.57,-2.4,1496438092
Beatcoin,XBTS,382,0.00625995,0.00000257,1417.86,9544.0,1524686.0,2524686.0,-2.79,-8.94,22.51,1496438078
Ebittree Coin,EBT,383,0.0103443,0.00000425,1100.14,9025.0,872420.0,810872420.0,6.01,-11.88,3.21,1496438091
BenjiRolls,BENJI,384,0.000462449,0.00000019,5994.96,8762.0,18946636.0,18946636.0,0.98,3.12,-8.61,1496438084
AllSafe,ASAFE,385,0.0000107989,0.000000004,779.653,7667.0,710000000.0,710000000.0,-1.35,-40.67,33.77,1496438080
Argus,ARGUS,386,0.00571696,0.00000235,732.977,6565.0,1148324.0,5194373.0,2.48,5.05,12.63,1496438086
Digital Money Bits,DMB,387,0.016013,0.00000658,10119.2,5007.0,312700.0,10312700.0,1.05,13.03,229.31,1496438093
Environ,ENV,388,0.0000243622,0.00000001,3518.08,3195.0,131129509.0,931129509.0,0.98,-21.25,,1496438093
Powercoin,PWR,389,0.0000243394,0.00000001,1299.32,1217.0,49983870.0,49983870.0,0.98,1.6,8.88,1496438074
Gold Pressed Latinum,GPL,390,0.21297,0.00008750,8807.77,,,204104.0,19.47,10.37,17.27,1496438092
SnakeEyes,SNAKE,391,0.146727,0.00006028,682.865,,,10000000.0,-12.55,-0.79,44.42,1496438092
Arcade Token,ARC,392,3.74133,0.00167261,,10777041.0,2880537.0,2880537.0,,,44.4,1496180681
Scotcoin,SCOT,393,0.00774289,0.00000321,,7742890.0,1000000000.0,1000000000.0,,-6.46,63.38,1496426352
XCurrency,XC,394,0.51344,0.00021095,175.244,2981472.0,5806856.0,5806856.0,33.09,19.06,-1.69,1496438053
AsiaCoin,AC,395,0.00298354,0.00000123,64.905,2506233.0,840020075.0,840020075.0,1.77,1.33,-11.62,1496438051
NewYorkCoin,NYC,396,0.0000223624,0.000000009,377.944,1335481.0,59719935819.0,59719935819.0,13.13,-6.65,4.49,1496438051
Bitpark Coin,BPC,397,0.017135,0.00000704,117.568,1285125.0,75000000.0,100000000.0,8.25,2.52,0.46,1496438082
InsaneCoin,INSANE,398,0.0638249,0.00002622,281.451,1170612.0,18340997.0,18340997.0,1.47,-10.49,45.38,1496438082
Devcoin,DVC,399,0.0000620025,0.00000003,45.3183,868365.0,14005327500.0,14005327500.0,0.48,-1.65,41.17,1496438045
GlobalCoin,GLC,400,0.0130459,0.00000536,362.718,850214.0,65171010.0,65171010.0,0.98,-21.2,-49.04,1496438043
Casino,CASINO,401,0.792323,0.00032553,22.9774,792323.0,1000000.0,1000000.0,-4.6,67.29,40.96,1496438088
Pandacoin,PND,402,0.0000243394,0.00000001,178.952,791394.0,32514916898.0,32514916898.0,0.94,1.59,8.88,1496438050
Ultimate Secure Cash,USC,403,0.0738433,0.00003034,94.6856,763770.0,10343113.0,38602656.0,0.51,-6.45,9.2,1496438089
DubaiCoin,DBIC,404,0.147316,0.00006053,303.901,755586.0,5129014.0,6146942.0,0.69,-9.87,-1.83,1496438070
Tao,XTO,405,0.0196189,0.00000806,204.58,594782.0,30316794.0,32316794.0,-12.88,36.12,2.67,1496438078
Cryptofund,FUND,406,0.5588,0.0002553,,558800.0,1000000.0,1000000.0,,,-11.65,1495948164
E-Currency Coin ,ECC,407,0.0000243394,0.00000001,3.89677,536942.0,22060603799.0,22060603799.0,0.98,1.59,8.85,1496438049
CageCoin,CAGE,408,0.0000052240,0.000000002,320.876,528498.0,101168328395,101168328395,-5.7,7.13,32.17,1496438048
Colossuscoin V2,CV2,409,0.0000227415,0.000000009,98.513,504647.0,22190595273.0,22190595273.0,2.65,36.33,-26.38,1496438062
SmileyCoin,SMLY,410,0.0000178697,0.000000007,131.938,463902.0,25960250000.0,25960250000.0,0.5,-15.66,-15.38,1496438060
ReeCoin,REE,411,0.0374365,0.00001538,357.668,463004.0,12367704.0,6662367704.0,-2.33,-11.34,60.23,1496438076
PayCoin,XPY,412,0.0380626,0.00001564,116.603,445442.0,11702890.0,11752890.0,0.94,419.12,126.09,1496438060
CasinoCoin,CSC,413,0.0114736,0.00000471,299.224,442895.0,38601187.0,38601187.0,1.64,-2.89,-7.91,1496438043
Happycoin,HPC,414,0.0377261,0.00001550,244.62,428793.0,11365954.0,11365954.0,0.98,3.37,187.19,1496438090
Dashcoin,DSH,415,0.0238512,0.00000980,201.261,412425.0,17291579.0,17291579.0,-1.92,-4.93,2.13,1496438059
YashCoin,YASH,416,0.0377261,0.00001550,224.138,377265.0,10000117.0,10000117.0,-5.14,-20.09,8.83,1496438083
Carboncoin,CARBON,417,0.0000243394,0.00000001,16.4485,374630.0,15391933945.0,15391933945.0,-49.53,-49.2,-45.56,1496438056
FuelCoin,FC2,418,0.00367525,0.00000151,146.257,372717.0,101412617.0,101412617.0,27.02,4.98,,1496438054
Mineum,MNM,419,0.0388854,0.00001598,69.3742,366937.0,9436367.0,9586367.0,-3.69,3.99,-5.83,1496438074
LTBcoin,LTBC,420,0.000742106,0.00000032,,366499.0,493863915.0,493863915.0,,,,1496287754
Orbitcoin,ORB,421,0.122314,0.00005025,244.586,361535.0,2955796.0,2955796.0,0.88,-2.94,9.32,1496438045
MTMGaming,MTM,422,0.118715,0.00004877,468.212,356145.0,3000000.0,5000000.0,-4.6,61.61,223.43,1496438087
RussiaCoin,RC,423,0.0430321,0.00001768,0.291999,353571.0,8216446.0,8216446.0,0.94,1.71,13.55,1496438069
SuperCoin,SUPER,424,0.0085188,0.00000350,51.1128,350597.0,41155630.0,41155630.0,0.94,1.59,,1496438053
HOdlcoin,HODL,425,0.00367525,0.00000151,243.518,340938.0,92765980.0,250000000.0,0.98,18.0,10.22,1496438071
Crypto Bullion,CBX,426,0.319213,0.00013115,11.9283,317893.0,995864.0,995864.0,0.98,14.27,-21.27,1496438043
SmartCoin,SMC,427,0.013376,0.00000550,93.0362,306229.0,22893894.0,22893894.0,2.19,16.62,7.19,1496438046
Rare Pepe Party,RAREPEPEPRTY,428,16.1275,0.0067095,,290295.0,18000.0,100000.0,,,10.17,1496315982
Shorty,SHORTY,429,0.00284771,0.00000117,0.284771,284771.0,100000000.0,100000000.0,0.98,-43.4,-20.51,1496438082
The Cypherfunks,FUNK,430,0.0000060916,0.000000003,126.578,269026.0,44163645000.0,44163645000.0,0.27,26.85,-2.23,1496438064
HitCoin,HTC,431,0.0000243394,0.00000001,24.203,267644.0,10996318099.0,20996318099.0,0.98,-49.2,-42.31,1496438072
Kobocoin,KOBO,432,0.0105876,0.00000435,3.05014,261516.0,24700248.0,24700248.0,16.95,45.3,-33.52,1496438062
BTCtalkcoin,TALK,433,0.00357833,0.00000161,,233631.0,65290635.0,65290635.0,,,-25.55,1496191750
Neutron,NTRN,434,0.0182564,0.00000750,336.399,230353.0,12617684.0,12617684.0,-1.38,2.58,237.98,1496438062
AgrolifeCoin,AGLC,435,0.0472658,0.00001990,,216843.0,4587728.0,204587728.0,,,,1496301878
VirtualCoin,VC,436,0.0213734,0.00000888,,215108.0,10064287.0,10064287.0,,0.46,0.96,1496433855
BritCoin,BRIT,437,0.00971143,0.00000399,164.333,206544.0,21268092.0,21268092.0,0.98,1.54,7.27,1496438054
Vault Coin,VLTC,438,0.00689658,0.00000283,30.9019,205010.0,29726330.0,529726330.0,1.02,43.5,-24.49,1496438082
Bitstar,BITS,439,0.00837537,0.00000344,283.408,193301.0,23079737.0,23079737.0,0.98,-0.02,59.53,1496438051
Pesobit,PSB,440,0.00591448,0.00000243,404.871,193238.0,32671975.0,32671975.0,0.98,-2.8,9.21,1496438079
42-coin,42,441,4551.32,1.86994,65.2015,191155.0,42.0,42.0,0.83,1.61,26.1,1496438047
RedCoin,RED,442,0.00240187,0.00000099,152.751,177998.0,74107896.0,74107896.0,263.36,285.61,155.86,1496438046
SwagBucks,BUCKS,443,0.8637,0.00035486,2.1909,177666.0,205703.0,205703.0,-0.76,-11.28,-29.55,1496438068
Bitz,BITZ,444,0.0892373,0.00003720,,177662.0,1990891.0,1990891.0,,0.15,7.02,1496351362
BillaryCoin,BLRY,445,0.0197393,0.00000811,24.3488,177321.0,8983158.0,8983158.0,0.98,2.37,-10.58,1496438073
Tristar Coin,TSTR,446,0.0343849,0.00001500,,172882.0,5027857.0,255027857.0,,,-14.5,1496271895
Zero,ZER,447,0.231395,0.00009507,443.854,172840.0,746950.0,746950.0,-4.95,0.2,-2.04,1496438088
Veltor,VLT,448,0.311009,0.00012778,349.441,172565.0,554855.0,554855.0,0.98,-34.69,-7.38,1496438078
NetCoin,NET,449,0.00021889,0.00000009,60.7924,172294.0,787126712.0,787126712.0,0.86,2.98,2.25,1496438045
Titcoin,TIT,450,0.00306329,0.00000126,129.374,152853.0,49898202.0,49898202.0,-2.12,5.23,-17.9,1496438056
Coin(O),CNO,451,0.00144069,0.00000059,317.738,148560.0,103117386.0,103117386.0,4.91,21.92,65.42,1496438051
LottoCoin,LOT,452,0.0000102188,0.000000004,11.0672,148081.0,14491014421.0,14491014421.0,1.22,5.68,15.61,1496438045
Crave,CRAVE,453,0.113665,0.00004670,264.785,142047.0,1249695.0,1249695.0,0.98,,87.12,1496438062
GAIA,GAIA,454,0.00584146,0.00000240,58.4146,140787.0,24101381.0,24101381.0,0.94,,20.17,1496438058
Stress,STS,455,0.000243394,0.00000010,2.43394,137550.0,565134332.0,565134332.0,0.98,1.59,-1.48,1496438071
TEKcoin,TEK,456,0.0000960607,0.00000004,385.398,135835.0,1414054562.0,1414054562.0,0.94,0.24,146.79,1496438052
PureVidz,VIDZ,457,0.00103648,0.00000043,244.432,129752.0,125184845.0,125184845.0,0.98,-31.95,5.58,1496438084
Bitcurrency,BTCR,458,0.000746182,0.00000031,110.067,125573.0,168287649.0,168287649.0,0.98,5.22,26.31,1496438081
Digital Rupees,DRS,459,0.000243394,0.00000010,177.409,124326.0,510802961.0,510802961.0,0.98,45.14,-19.62,1496438084
MetalCoin,METAL,460,0.00154592,0.00000064,,118921.0,76925527.0,76925527.0,,0.83,-9.64,1496430259
C-Bit,XCT,461,0.000900559,0.00000037,57.0711,118690.0,131796000.0,131796000.0,9.89,15.31,29.95,1496438070
Pakcoin,PAK,462,0.00320135,0.00000132,348.305,117318.0,36646400.0,36646400.0,0.98,21.34,22.96,1496438066
BitcoinTX,BTX,463,0.00143603,0.00000059,59.1618,116408.0,81062660.0,81062660.0,0.94,-45.01,-63.03,1496438063
Xiaomicoin,MI,464,0.000283799,0.00000012,297.284,115263.0,406141855.0,406141855.0,0.88,15.34,12.25,1496438065
TittieCoin,TTC,465,0.0000881480,0.00000004,103.134,111050.0,1259816434.0,1259816434.0,2.79,22.82,39.57,1496438060
HyperStake,HYP,466,0.000280822,0.00000012,279.011,108340.0,385796097.0,385796097.0,0.96,5.45,32.69,1496438056
Universal Currency,UNIT,467,0.00820238,0.00000337,1.81416,107012.0,13046431.0,13046431.0,332.07,191.33,18.28,1496438063
HoboNickels,HBN,468,0.00211753,0.00000087,358.102,102864.0,48577524.0,48577524.0,3.36,-13.83,64.1,1496438044
Sterlingcoin,SLG,469,0.0258113,0.00001060,356.837,100178.0,3881156.0,3881156.0,1.81,4.13,-2.45,1496438058
BigUp,BIGUP,470,0.0000486788,0.00000002,205.618,100015.0,2054588947.0,2054588947.0,0.98,12.89,49.03,1496438070
BunnyCoin,BUN,471,0.0000009810,0.0000000004,24.8389,99490.0,101411563482,101411563482,5.88,18.8,14.47,1496438058
GlobalBoost-Y,BSTY,472,0.00863398,0.00000355,299.649,98414.0,11398430.0,11398430.0,1.38,4.32,13.17,1496438058
Dollarcoin,DLC,473,0.0107824,0.00000443,0.269559,98192.0,9106714.0,9106714.0,0.98,1.37,20.97,1496438078
ChessCoin,CHESS,474,0.00178914,0.00000074,66.6829,96554.0,53966520.0,53966520.0,13.71,59.96,109.19,1496438074
Swing,SWING,475,0.0420098,0.00001726,43.3861,95712.0,2278327.0,2278327.0,0.94,-8.03,-5.63,1496438068
FlutterCoin,FLT,476,0.000295218,0.00000012,47.1531,95124.0,322214524.0,322214524.0,2.6,2.92,-8.0,1496438050
Coin2.1,C2,477,0.000935548,0.00000038,311.245,93533.0,99976323.0,99976323.0,0.94,4.22,-12.24,1496438054
Cannacoin,CCN,478,0.0194959,0.00000801,57.5478,91585.0,4697673.0,4697673.0,0.94,-24.8,-20.53,1496438051
CorgiCoin,CORG,479,0.0000718139,0.00000003,0.908431,89901.0,1251855418.0,1251855418.0,11.81,12.44,-61.2,1496438047
GameUnits,UNITS,480,0.0257228,0.00001057,36.0544,89163.0,3466284.0,3466284.0,12.65,17.54,-2.3,1496438084
NoLimitCoin,NLC2,481,0.00043811,0.00000018,50.1908,87823.0,200458816.0,200458816.0,0.98,7.57,3.39,1496438077
WayGuide,WAY,482,0.000876219,0.00000036,2.7154,87658.0,100040708.0,100040708.0,0.94,,19.18,1496438078
KiloCoin,KLC,483,0.00041377,0.00000017,4.1377,81222.0,196297971.0,10025186872.0,0.98,1.6,23.4,1496438070
AmberCoin,AMBER,484,0.00180112,0.00000074,2.77316,78607.0,43643263.0,43643263.0,0.94,,10.13,1496438061
KushCoin,KUSH,485,0.0145063,0.00000596,101.544,78244.0,5393804.0,5393804.0,0.98,42.79,32.43,1496438085
UFO Coin,UFO,486,0.0000229521,0.00000001,,75449.0,3287248762.0,3287248762.0,,,2.67,1496273048
Elementrem,ELE,487,0.00298487,0.00000123,123.391,74680.0,25019631.0,25019631.0,0.98,6.93,11.24,1496438076
Darsek,KED,488,0.00749654,0.00000308,25.9796,73930.0,9861938.0,9861938.0,0.98,-2.2,-22.98,1496438089
CCMiner,CCM100,489,0.0305458,0.00001255,70.1637,73809.0,2416354.0,6000000.0,-1.51,12.16,31.35,1496438086
Triangles,TRI,490,1.01035,0.00041511,10.5842,73646.0,72891.0,72891.0,0.94,,-13.26,1496438056
Valorbit,VAL,491,0.0000243394,0.00000001,2.92073,69912.0,2872393103.0,922340072393103,0.98,1.6,8.88,1496438071
SproutsExtreme,SPEX,492,0.0000240044,0.00000001,,68811.0,2866607586.0,2866607586.0,,0.2,7.38,1496425768
Guncoin,GUN,493,0.000365049,0.00000015,26.2102,66483.0,182120128.0,182120128.0,0.94,-4.76,48.98,1496438052
HempCoin,HMP,494,0.0000486788,0.00000002,122.67,66039.0,1356621206.0,2856621206.0,0.94,1.6,20.65,1496438070
Blakecoin,BLC,495,0.00537847,0.00000221,192.168,64062.0,11910789.0,11910789.0,2.83,-7.23,-5.73,1496438046
Yacoin,YAC,496,0.000535467,0.00000022,4.62196,62177.0,116117554.0,116117554.0,0.98,-2.83,-3.27,1496438042
Ratecoin,XRA,497,0.00058421,0.00000024,130.768,61985.0,106100315.0,106100315.0,0.94,-1.24,-8.89,1496438064
Spots,SPT,498,0.00274173,0.00000113,466.748,61431.0,22406021.0,22406021.0,-14.84,-34.63,74.91,1496438043
Bitcloud,BTD,499,0.00540335,0.00000222,38.3994,60188.0,11139102.0,11139102.0,0.98,-32.93,-19.3,1496438077
DigiCube,CUBE,500,0.0000243394,0.00000001,10.5878,59123.0,2429126009.0,2429126009.0,0.98,26.17,8.88,1496438067
Artex Coin,ATX,501,0.00306765,0.00000126,262.767,57359.0,18697975.0,268697975.0,0.17,-9.56,49.72,1496438076
RevolverCoin,XRE,502,0.00262866,0.00000108,40.2372,57290.0,21794336.0,21794336.0,0.98,21.92,16.79,1496438074
MarteXcoin,MXT,503,0.0209027,0.00000859,0.172887,57026.0,2728161.0,2728161.0,4.36,24.7,-16.51,1496438074
Chronos,CRX,504,0.000766531,0.00000031,275.046,56516.0,73729962.0,73729962.0,-1.71,5.4,21.76,1496438075
Nyancoin,NYAN,505,0.000183477,0.00000008,63.0195,54656.0,297891209.0,297891209.0,1.07,-4.16,2.6,1496438047
Lex4All,LEX,506,0.0533551,0.00002192,22.5692,53357.0,1000043.0,5000000.0,-4.6,12.65,11.01,1496438088
Zayedcoin,ZYD,507,0.00815371,0.00000335,18.0966,50910.0,6243840.0,6243840.0,2.51,1.6,-8.59,1496438077
Debitcoin,DBTC,508,0.00276783,0.00000114,39.7832,49799.0,17992062.0,25992062.0,0.98,-21.41,-8.0,1496438074
NevaCoin,NEVA,509,0.0269247,0.00001106,360.743,48861.0,1814715.0,1814715.0,1.01,-2.76,16.2,1496438071
SatoshiMadness,MAD,510,0.0000243394,0.00000001,9.97919,48695.0,2000683485.0,2000683485.0,0.94,1.59,8.88,1496438066
AurumCoin,AU,511,0.162174,0.00006663,116.559,48038.0,296216.0,296216.0,0.64,-23.32,-14.85,1496438058
CoExistCoin,COXST,512,0.00176238,0.00000072,51.6199,47829.0,27138905.0,27138905.0,0.09,20.49,-7.23,1496438072
Aricoin,ARI,513,0.000340752,0.00000014,36.3302,47795.0,140262505.0,140262505.0,0.94,-5.53,25.35,1496438048
Evotion,EVO,514,0.0193505,0.00000795,73.3518,47781.0,2469220.0,2469220.0,-2.13,13.06,-41.66,1496438068
PayCon,CON,515,0.002041,0.00000084,127.739,47030.0,23042604.0,23042604.0,0.8,54.44,55.92,1496438061
Eternity,ENT,516,0.0149106,0.00000613,285.293,45742.0,3067752.0,3067752.0,-1.39,-15.3,-29.24,1496438083
ICOBID,ICOB,517,0.00043811,0.00000018,59.5248,45503.0,103862796.0,103862796.0,0.98,1.24,30.92,1496438084
Jin Coin,JIN,518,0.00435676,0.00000179,66.329,42907.0,9848485.0,9848485.0,0.98,-58.2,,1496438078
BurstOcean,OCEAN,519,0.201415,0.00008275,8.05662,42665.0,211827.0,1000000.0,-4.6,-4.97,0.75,1496438087
Sativacoin,STV,520,0.00590181,0.00000242,0.497368,41766.0,7076876.0,7076876.0,0.94,-10.1,10.23,1496438058
UniCoin,UNIC,521,0.0143114,0.00000588,102.634,41672.0,2911823.0,2911823.0,1.46,2.37,17.18,1496438064
AquariusCoin,ARCO,522,0.0340646,0.00001400,106.205,41643.0,1222470.0,1222470.0,-45.27,-19.83,-13.23,1496438073
Joulecoin,XJO,523,0.00127999,0.00000053,38.1093,41295.0,32262168.0,32262168.0,0.98,-2.78,15.27,1496438044
AmsterdamCoin,AMS,524,0.0042594,0.00000175,46.0523,40906.0,9603707.0,16803707.0,0.37,-12.63,21.75,1496438065
UCoin,U,525,0.0151148,0.00000621,173.661,40656.0,2689812.0,2689812.0,0.94,116.8,7.84,1496438061
MiloCoin,MILO,526,0.00391865,0.00000161,0.473596,40330.0,10291889.0,10291889.0,0.98,-24.62,69.86,1496438088
Francs,FRN,527,0.0231165,0.00000950,191.374,39624.0,1714100.0,1714100.0,0.98,-20.86,17.39,1496438069
MACRON,MCRN,528,0.0000977041,0.00000004,224.629,39221.0,401421401.0,401421401.0,0.7,33.08,30.29,1496438091
Franko,FRK,529,0.0605565,0.00002488,7.41464,38571.0,636950.0,636950.0,0.94,8.2,-41.26,1496438046
Tigercoin,TGC,530,0.000876219,0.00000036,5.0222,38148.0,43536800.0,43536800.0,0.94,-17.97,28.69,1496438047
Universe,UNI,531,0.012121,0.00000498,103.193,36133.0,2981038.0,14181038.0,0.98,5.18,17.0,1496438090
WMCoin,WMC,532,0.00311545,0.00000128,0.482261,35913.0,11527489.0,911527489.0,0.98,1.6,39.57,1496438073
FlavorCoin,FLVR,533,0.00171053,0.00000070,1.34191,35747.0,20898106.0,20898106.0,1.25,25.22,59.92,1496438069
SpaceCoin,SPACE,534,0.00199582,0.00000082,49.4851,35525.0,17799555.0,17799555.0,7.94,-6.83,8.19,1496438066
OctoCoin,888,535,0.000730183,0.00000030,30.1944,35327.0,48381108.0,48381108.0,0.01,-4.35,46.56,1496438050
Cypher,CYP,536,0.00550071,0.00000226,243.394,35014.0,6365285.0,6365285.0,0.94,1.59,-7.39,1496438062
Dobbscoin,BOB,537,0.00683938,0.00000281,2.99921,34610.0,5060382.0,5060382.0,0.94,4.3,13.37,1496438056
HealthyWormCoin,WORM,538,0.00214187,0.00000088,167.248,34217.0,15975084.0,15975084.0,-0.19,-9.7,-24.16,1496438090
PopularCoin,POP,539,0.0000101073,0.000000004,5.60989,33786.0,3342741030.0,3342741030.0,0.54,3.04,1.38,1496438051
Photon,PHO,540,0.0000018805,0.0000000008,47.2563,33555.0,17843112593.0,17843112593.0,0.48,38.0,27.63,1496438048
Allion,ALL,541,0.00532032,0.00000219,152.268,32983.0,6199359.0,7323359.0,0.98,17.65,-23.47,1496438086
Evil Coin,EVIL,542,0.00153058,0.00000063,0.69247,32173.0,21020383.0,21020383.0,0.98,1.31,9.88,1496438069
CryptoWorldX Token,CWXT,543,0.000582718,0.00000024,2.145,31874.0,54698010.0,54698010.0,0.98,1.35,0.28,1496438086
Uro,URO,544,0.0262136,0.00001077,62.1406,31648.0,1207310.0,1207310.0,0.94,-0.44,-0.61,1496438054
RonPaulCoin,RPC,545,0.0391486,0.00001608,20.1212,30902.0,789360.0,789360.0,1.21,-11.67,49.79,1496438045
Solarflarecoin,SFC,546,0.00221489,0.00000091,139.996,30393.0,13722150.0,13722150.0,-4.47,2.73,-24.67,1496438085
Grantcoin,GRT,547,0.000730183,0.00000030,125.456,30180.0,41331488.0,10041331488.0,0.94,21.91,30.65,1496438065
GoldPieces,GP,548,0.0246534,0.00001013,348.049,30081.0,1220161.0,1220161.0,12.76,12.21,-21.34,1496438060
Dreamcoin,DRM,549,0.0120275,0.00000503,,29311.0,2436996.0,2436996.0,,,0.75,1496330352
Hexx,HXX,550,0.0216241,0.00000888,369.494,29272.0,1353658.0,1353658.0,0.96,-7.9,-34.65,1496438064
NeuCoin,NEU,551,0.0000146916,0.000000006,0.796986,29248.0,1990764588.0,2014638413.0,6.88,7.65,,1496438066
SixEleven,611,552,0.0703409,0.00002890,9.12604,28988.0,412107.0,412107.0,0.98,-19.56,-60.03,1496438073
Hommalicoin,HMC,553,11.7946,0.00496011,,28528.0,2419.0,1000000000.0,,,123.99,1496299177
LeaCoin,LEA,554,0.000101411,0.00000004,84.2124,28015.0,276247489.0,276247489.0,-8.67,48.29,11.23,1496438063
PlatinumBAR,XPTX,555,0.158206,0.00006500,9.83076,27660.0,174836.0,174836.0,0.98,18.73,5.68,1496438073
Bitzeny,ZNY,556,0.000365091,0.00000015,60.0069,27606.0,75614500.0,75614500.0,0.94,-3.25,25.63,1496438064
Unrealcoin,URC,557,0.00386997,0.00000159,20.8496,27184.0,7024402.0,7024402.0,1.58,2.41,3.73,1496438062
Creatio,XCRE,558,0.00131421,0.00000054,272.825,26968.0,20520514.0,20520514.0,-11.49,12.48,13.17,1496438082
Zurcoin,ZUR,559,0.000340752,0.00000014,14.8774,26918.0,78995406.0,78995406.0,-0.44,-2.84,9.71,1496438073
BumbaCoin,BUMBA,560,0.00121697,0.00000050,0.360222,26708.0,21946166.0,21946166.0,0.85,1.59,-27.83,1496438072
PX,PX,561,0.000340752,0.00000014,56.4192,26182.0,76834516.0,76834516.0,1.01,-38.16,-18.66,1496438076
Firecoin,FIRE,562,0.253252,0.00010405,0.759633,24923.0,98412.0,98412.0,0.94,75.94,-9.11,1496438055
Ride My Car,RIDE,563,0.00024637,0.00000010,94.0194,24908.0,101098334.0,101098334.0,0.73,-10.67,5.61,1496438086
CryptoEscudo,CESC,564,0.000170376,0.00000007,31.3764,24552.0,144105100.0,594105100.0,0.94,1.59,8.88,1496438051
ARbit,ARB,565,0.00357811,0.00000149,,23160.0,6472830.0,6472830.0,,0.23,11.28,1496362165
AntiBitcoin,ANTI,566,0.00128999,0.00000053,208.778,22530.0,17465159.0,17465159.0,0.94,-7.16,11.45,1496438068
ParallelCoin,DUO,567,0.0767998,0.00003155,281.066,22079.0,287489.0,287489.0,0.58,3.52,-1.72,1496438066
BiosCrypto,BIOS,568,0.0010466,0.00000043,0.267709,21703.0,20737003.0,20737003.0,0.94,-11.21,-9.1,1496438065
Theresa May Coin,MAY,569,0.00141169,0.00000058,17.715,21581.0,15287450.0,15287450.0,-3.98,-12.57,,1496438094
X-Coin,XCO,570,0.00167942,0.00000069,15.2906,20800.0,12384976.0,12384976.0,0.94,,-18.42,1496438062
SoonCoin,SOON,571,0.00163074,0.00000067,3.21274,20323.0,12462620.0,12462620.0,-11.01,-24.37,-29.56,1496438061
Flaxscript,FLAX,572,0.00367525,0.00000151,1.9196,20201.0,5496554.0,5496554.0,0.94,1.6,3.48,1496438065
MindCoin,MND,573,0.00158206,0.00000065,20.3819,19850.0,12546625.0,12546625.0,0.98,-1.44,1.1,1496438068
Prototanium,PR,574,0.100719,0.00004138,64.0645,19586.0,194462.0,194462.0,1.0,38.65,4.97,1496438067
Kittehcoin,MEOW,575,0.0000008120,0.0000000003,390.904,19411.0,23905669976.0,23905669976.0,0.49,14.38,60.23,1496438046
Destiny,DES,576,0.0118046,0.00000485,204.343,18887.0,1600000.0,1600000.0,0.94,-23.01,8.65,1496438070
BTCDragon,DRAGON,577,0.0466857,0.00001918,186.743,18868.0,404146.0,1000000.0,-4.6,-50.71,-52.9,1496438086
B3Coin,B3,578,0.0612285,0.00002516,95.46,18821.0,307383.0,307383.0,0.94,-10.1,8.93,1496438079
IslaCoin,ISL,579,0.0124057,0.00000510,320.686,18779.0,1513704.0,1513704.0,0.94,,-15.3,1496438066
Magnum,MGM,580,0.00516496,0.00000225,,18735.0,3627310.0,253627310.0,,,71.15,1496272491
Halcyon,HAL,581,0.004016,0.00000165,9.1978,18677.0,4650725.0,4650725.0,0.94,10.93,-5.46,1496438056
Sprouts,SPRTS,582,0.0000001057,0.00000000004,82.9663,18524.0,175240711481,175240711481,-2.11,25.98,-41.59,1496438064
Luna Coin,LUNA,583,0.0149142,0.00000613,236.42,18305.0,1227386.0,1227386.0,0.94,2.57,8.43,1496438083
VIP Tokens,VIP,584,0.000219055,0.00000009,2.43404,18280.0,83450403.0,83450403.0,0.94,-8.57,-10.92,1496438071
Alexium,AUM,585,0.000900559,0.00000037,0.450279,18279.0,20297336.0,20297336.0,0.94,1.6,12.2,1496438065
BipCoin,BIP,586,0.0133867,0.00000550,56.5724,17990.0,1343889.0,1343889.0,0.98,4.06,-31.95,1496438080
VapersCoin,VPRC,587,0.0000230499,0.000000009,85.7964,17982.0,780124964.0,1635124964.0,1.0,285.73,22.36,1496438077
SecretCoin,SCRT,588,0.00424808,0.00000177,,17964.0,4228672.0,4228672.0,,0.18,14.25,1496414965
Litecred,LTCR,589,0.000593399,0.00000024,162.506,17937.0,30227750.0,30227750.0,-0.82,-13.23,79.23,1496438069
SongCoin,SONG,590,0.000544641,0.00000022,31.6742,17736.0,32565300.0,32565300.0,0.95,-11.82,15.93,1496438062
Vector,VEC2,591,0.00109527,0.00000045,26.6635,17353.0,15843815.0,15843815.0,0.98,-21.22,-42.6,1496438066
GameBet Coin,GBT,592,0.000803201,0.00000033,0.4016,17078.0,21262780.0,22262780.0,0.98,-4.21,6.81,1496438072
Shilling,SH,593,0.00518743,0.00000213,215.18,16723.0,3223850.0,3223850.0,2.73,85.11,138.73,1496438079
PLNcoin,PLNC,594,0.000973577,0.00000040,2.74566,16638.0,17089600.0,19089600.0,-12.22,-10.61,-20.0,1496438051
Steps,STEPS,595,0.00089215,0.00000037,,16616.0,18625017.0,18625017.0,0.07,0.63,13.22,1496434766
Sling,SLING,596,0.0152365,0.00000626,10.6839,16365.0,1074095.0,1074095.0,0.94,1.43,44.88,1496438063
1CRedit,1CR,597,0.182546,0.00007500,9.73577,16103.0,88213.0,88213.0,0.89,79.45,36.13,1496438071
Impact,IMX,598,0.000146037,0.00000006,2.43394,15964.0,109314611.0,109314611.0,0.98,-17.6,-18.08,1496438089
Orlycoin,ORLY,599,0.000431634,0.00000018,,15818.0,36646779.0,36646779.0,,0.1,19.64,1496410470
GPU Coin,GPU,600,0.000389821,0.00000016,219.802,15779.0,40477042.0,51530001.0,3.26,22.92,53.0,1496438074
Blackstar,BSTAR,601,0.0000241844,0.00000001,,15255.0,630795971.0,630795971.0,,0.95,8.19,1496428185
AnarchistsPrime,ACP,602,0.0034562,0.00000142,5.9542,15190.0,4394874.0,4394874.0,-0.68,1.51,38.87,1496438064
BowsCoin,BSC,603,0.00272602,0.00000112,16.9013,15130.0,5550102.0,5550102.0,0.94,1.59,67.72,1496438064
Cannation,CNNC,604,0.00615787,0.00000253,115.137,15117.0,2454987.0,2454987.0,-12.37,-39.95,-43.01,1496438093
FuzzBalls,FUZZ,605,0.00306677,0.00000126,495.203,14812.0,4829945.0,4829945.0,1.52,24.8,8.4,1496438073
BitQuark,BTQ,606,0.00204451,0.00000084,17.1484,14630.0,7155671.0,7155671.0,0.94,-35.48,-36.44,1496438053
DAPPSTER,DLISK,607,0.000146037,0.00000006,0.264253,14604.0,100000000.0,100000000.0,0.98,-23.8,-29.48,1496438075
BlazeCoin,BLZ,608,0.0000238263,0.000000010,0.219007,14500.0,608557394.0,608557394.0,0.2,1.94,13.91,1496438054
OsmiumCoin,OS76,609,0.0160153,0.00000658,3.47221,14318.0,894026.0,894026.0,0.94,8.34,23.74,1496438071
GuccioneCoin,GCC,610,0.000700961,0.00000029,,14219.0,20285537.0,23775537.0,0.28,0.89,-9.69,1496435363
Metal Music Coin,MTLMC3,611,0.000169294,0.00000007,32.7804,13496.0,79719140.0,79719140.0,0.89,-6.3,29.33,1496438064
BitTokens,BXT,612,0.0255564,0.00001050,32.8055,13280.0,519624.0,519624.0,0.98,1.59,167.11,1496438078
TajCoin,TAJ,613,0.00223455,0.00000092,75.5712,12899.0,5772445.0,5772445.0,0.82,27.54,43.78,1496438077
Crypto,CTO,614,0.00128999,0.00000053,158.984,12806.0,9927420.0,9927420.0,0.94,-14.53,-35.88,1496438064
MustangCoin,MST,615,0.0196531,0.00000807,0.264329,12356.0,628722.0,628722.0,0.53,-13.49,-52.1,1496438078
TAGRcoin,TAGR,616,0.000316412,0.00000013,0.34618,12236.0,38669634.0,38669634.0,0.94,-5.67,-7.19,1496438065
Money,$$$,617,0.000262287,0.00000011,71.1197,12036.0,45887218.0,45887218.0,0.97,8.58,-24.46,1496438067
WARP,WARP,618,0.0105936,0.00000443,,11602.0,1095224.0,1095224.0,,-0.19,13.04,1496415568
Bitcoin 21,XBTC21,619,0.0145198,0.00000655,,11516.0,793108.0,7093108.0,,,-46.64,1496220571
Solaris,XLR,620,0.0662762,0.00002723,142.022,11251.0,169764.0,269764.0,1.02,-8.0,-40.57,1496438090
Comet,CMT,621,0.0128068,0.00000526,4.12252,11178.0,872830.0,872830.0,0.98,2.99,17.18,1496438074
Abncoin,ABN,622,0.158767,0.00006523,12.7782,10749.0,67700.0,4734367.0,0.98,-3.48,98.32,1496438084
Cabbage,CAB,623,0.000997916,0.00000041,152.642,10478.0,10499996.0,10499996.0,0.98,-5.69,-27.09,1496438071
Iconic,ICON,624,0.0175244,0.00000720,0.489222,10390.0,592894.0,592894.0,0.98,,-7.69,1496438085
DPAY,DPAY,625,0.000121697,0.00000005,0.357765,9680.0,79541001.0,79541001.0,0.98,26.99,36.25,1496438081
Cashcoin,CASH,626,0.000267734,0.00000011,1.88175,9593.0,35831128.0,35831128.0,0.98,,8.88,1496438048
G3N,G3N,627,0.00126565,0.00000052,0.400724,9571.0,7561891.0,7561891.0,0.98,1.6,4.85,1496438063
LetItRide,LIR,628,0.000267734,0.00000011,67.0982,9443.0,35268982.0,35268982.0,0.98,-23.03,7.47,1496438076
Xonecoin,XOC,629,0.0224409,0.00000922,2.87463,9425.0,420000.0,420000.0,0.98,1.71,9.09,1496438077
High Voltage,HVCO,630,0.00611441,0.00000256,,9136.0,1494171.0,1694171.0,,,21.66,1496333672
EGO,EGO,631,0.000146037,0.00000006,10.0441,8762.0,60000001.0,60000001.0,0.98,-12.92,-3.65,1496438079
JIO Token,JIO,632,0.00450279,0.00000185,128.667,8592.0,1908128.0,8888888.0,0.98,23.65,88.25,1496438083
iBank,IBANK,633,0.00188531,0.00000079,,8534.0,4526324.0,4526324.0,,-0.38,11.48,1496357683
Qibuck Asset,QBK,634,0.00560229,0.00000230,2.24091,8158.0,1456187.0,2000000.0,-4.6,57.71,19.61,1496438093
Speedcash,SCS,635,0.0305947,0.00001257,298.706,7986.0,261041.0,476128.0,0.98,-38.01,-24.97,1496438092
JobsCoin,JOBS,636,0.0000730183,0.00000003,69.6239,7741.0,106019270.0,200019300.0,0.98,-39.05,-15.38,1496438081
Scorecoin,SCORE,637,0.000464616,0.00000019,17.4431,7737.0,16652010.0,16652010.0,0.91,-46.54,-58.03,1496438089
Coinonat,CXT,638,0.00359685,0.00000148,297.31,7703.0,2141502.0,8141502.0,1.06,35.66,28.49,1496438090
Hirocoin,HIRO,639,0.0000243394,0.00000001,2.43394,7583.0,311540251.0,311540251.0,0.94,1.59,8.88,1496438050
PosEx,PEX,640,0.00284771,0.00000117,8.72091,6986.0,2453240.0,2453240.0,0.98,2.47,-0.11,1496438071
Dix Asset,DIX,641,0.0000000684,0.00000000003,,6844.0,100000000000,100000000000,,4.24,-16.76,1496417087
Future Digital Currency,FDC,642,0.00243394,0.00000100,63.2825,6290.0,2584401.0,1002584401.0,0.98,-11.66,3.69,1496438084
Printerium,PRX,643,0.000652384,0.00000027,281.219,5920.0,9074428.0,9074428.0,-2.49,0.27,1.36,1496438085
Zonecoin,ZNE,644,0.00221489,0.00000091,12.5856,5719.0,2581970.0,2581970.0,0.98,-39.57,-23.84,1496438076
SydPak,SDP,645,0.0341969,0.00001405,0.842509,5421.0,158536.0,158536.0,-14.01,-14.88,10.93,1496438065
ImpulseCoin,IMPS,646,0.000267734,0.00000011,1.58002,5420.0,20245510.0,20245510.0,,-25.5,-20.16,1496438080
BioBar,BIOB,647,0.00523298,0.00000215,106.005,4635.0,885756.0,985756.0,0.98,9.0,24.1,1496438088
Save and Gain,SANDG,648,0.00141989,0.00000064,,4352.0,3064800.0,3064800.0,,,-3.76,1496226272
Concoin,CONX,649,0.00608486,0.00000250,102.151,4185.0,687849.0,1538849.0,-20.61,-9.4,36.1,1496438090
Antilitecoin,ALTC,650,0.000121697,0.00000005,8.17556,3835.0,31512613.0,31512613.0,0.98,-27.43,-31.95,1496438070
GeertCoin,GEERT,651,0.000732811,0.00000030,11.3903,3730.0,5090239.0,5090239.0,0.98,-10.23,-23.45,1496438087
NodeCoin,NODC,652,0.00221639,0.00000097,,3720.0,1678439.0,5878439.0,,,3.28,1496270080
Elysium,ELS,653,0.000924898,0.00000038,47.4416,3704.0,4005012.0,4005012.0,-8.65,-26.31,-20.91,1496438085
Revenu,REV,654,0.00277469,0.00000114,30.1881,3317.0,1195525.0,1195525.0,0.98,,,1496438071
Pulse,PULSE,655,0.000206054,0.00000008,110.47,2946.0,14298972.0,14298972.0,2.58,-2.93,-60.85,1496438070
Selfiecoin,SLFI,656,0.0000243394,0.00000001,1.94715,2624.0,107829281.0,107829281.0,0.94,1.59,8.88,1496438062
Californium,CF,657,0.0197636,0.00000812,54.1803,2196.0,111110.0,111110.0,1.07,-2.72,7.7,1496438063
Enigma,XNG,658,0.125713,0.00005165,34.8857,2090.0,16627.0,66627.0,0.98,-4.28,44.75,1496438072
Doubloon,BOAT,659,0.000509769,0.00000021,100.141,1809.0,3547845.0,18547845.0,1.01,-2.98,-27.05,1496438085
P7Coin,P7C,660,0.0000486788,0.00000002,0.705429,1714.0,35220238.0,35220238.0,0.98,-32.27,8.88,1496438062
GanjaCoin,420G,661,0.00189847,0.00000078,28.3992,1278.0,672975.0,1741116.0,0.94,-73.59,-93.87,1496438060
Dollar Online,DOLLAR,662,0.0133623,0.00000549,241.641,1181.0,88379.0,10088379.0,-12.28,-10.15,14.49,1496438082
23 Skidoo,CHAO,663,3918.72,1.61003,129.406,990.0,0.0,0.0,0.94,8.33,-29.93,1496438065
Impeachcoin,IMPCH,664,0.00309111,0.00000127,5.71985,953.0,308179.0,2501512.0,0.98,4.56,-50.34,1496438085
Digital Credits,DGCS,665,0.000146037,0.00000006,201.709,851.0,5826388.0,201284316.0,0.94,25.02,8.88,1496438068
SwapToken,TOKEN,666,0.0000235777,0.000000010,6.70398,828.0,35110531.0,35110531.0,16.25,71.43,4607.66,1496438075
Zcashshare,ZHS,667,0.000216504,0.00000009,,612.0,2826000.0,2826000.0,,0.41,-30.82,1496411380
CRTCoin,CRT,668,0.00486788,0.00000200,0.0000000243,386.0,79270.0,10079270.0,0.94,1.59,8.88,1496438052
PizzaCoin,PIZZA,669,0.000243394,0.00000010,68.0529,335.0,1377917.0,10127917.0,0.98,45.14,55.54,1496438076
Xenixcoin,XEN,670,0.0267734,0.00001100,36.5091,270.0,10100.0,10010100.0,0.98,71.93,-58.6,1496438082
CaliphCoin,CALC,671,0.000926343,0.00000038,12.8876,81.0,87140.0,148587140.0,0.98,8.33,-42.85,1496438079
MikeTheMug,MUG,672,0.0000051456,0.000000002,,5.0,999279.0,1000000.0,,,-99.45,1496047185
BTCGold,XBG,673,0.137664,0.00005656,27.9283,,,99000001.0,0.98,14.79,-40.21,1496438092
Soarcoin,SOAR,674,0.0183922,0.00000756,140.598,,,5000000000.0,0.4,6.91,-40.36,1496438088
Project-X,NANOX,675,306677.0,126.0,2061.01,,,1.0,0.98,2.38,,1496438094
Internet of Things,XOT,676,1215.77,0.499508,1543.28,,,21000000.0,0.21,-1.19,20.87,1496438090
AMIS,AMIS,677,277.548,0.115061,,,,,,2.2,,1496391890
Bitcoin Unlimited (Futures),BTU,678,118.894,0.0488485,672.853,,,,-0.05,-10.92,-25.55,1496438089
Malcoin,MALC,679,31.7236,0.0130339,42836.8,,,1000000000.0,0.98,30.93,9.02,1496438092
GoldUnionCoin,GUC,680,22.6529,0.0093071,19693.6,,,210000000.0,0.98,16.74,19.22,1496438092
Qtum (Pre-Launch),QTUM,681,12.4207,0.00510313,46416700.0,,,100000000.0,8.7,64.71,202.31,1496438094
ZenCash,ZEN,682,7.91681,0.00325267,18995.8,,,1392450.0,-2.57,-31.31,,1496438095
Fargocoin,FRGC,683,7.01737,0.00288313,540659.0,,,443901605.0,0.21,-1.87,5.1,1496438083
EcoCoin,ECO,684,3.87418,0.00159173,78787.7,,,1093895.0,1.26,-0.38,25.2,1496438093
Internet of People,IOP,685,3.64293,0.00149672,1839.55,,,2139405.0,0.98,3.25,47.52,1496438081
DECENT (Pre-Launch),DCT,686,2.99339,0.00122985,4856.95,,,73290000.0,0.98,5.5,-21.23,1496438082
PRIZM,PZM,687,1.12421,0.00046189,39913.2,,,,0.97,8.07,16.38,1496438093
Bitcore,BTX,688,1.0575,0.00043448,20137.4,,,16361128.0,0.99,-3.65,-37.37,1496438092
OBITS.WARRANT,WARRANT,689,1.00754,0.00041395,1990.08,,,,1.41,,,1496438094
DynamicCoin,DMC,690,0.998304,0.00041016,426660.0,,,10541442931.0,0.01,-0.03,0.16,1496438080
Databits,DTB,691,0.843848,0.0003467,158668.0,,,,0.67,6.49,9.84,1496438089
Aeternity (Pre-Launch),AE,692,0.82754,0.00034,1984.41,,,,0.98,19.11,,1496438095
TechShares,THS,693,0.625012,0.00025679,5.8375,,,646359158.0,0.98,5.9,6.33,1496438076
GAY Money,GAY,694,0.623183,0.00025604,208.631,,,5603058062.0,0.98,2.67,61.87,1496438079
XDE II,XDE2,695,0.582487,0.00023932,1.29495,,,42249.0,1.12,2.1,10.1,1496438088
Bitgem,BTG,696,0.549097,0.0002256,25.6978,,,,0.98,-30.6,-37.06,1496438042
LEOcoin,LEO,697,0.499505,0.00020522,283981.0,,,92919950.0,0.2,10.1,22.08,1496438065
Topaz Coin,TOPAZ,698,0.483147,0.0001985,10848.7,,,38192.0,24.9,407.33,315.11,1496438092
InvisibleCoin,IVZ,699,0.430808,0.000177,222.154,,,,0.98,194.25,254.32,1496438067
WA Space,WA,700,0.372977,0.00015324,43773.5,,,,0.98,-5.68,35.9,1496438080
ZenGold,ZENGOLD,701,0.352179,0.00014469,1769.22,,,,0.94,23.8,,1496438094
ClubCoin,CLUB,702,0.280126,0.00011509,15090.4,,,90899180.0,1.39,0.69,-4.73,1496438068
TeslaCoilCoin,TESLA,703,0.271068,0.00011137,168.112,,,100000000.0,0.98,-50.78,13.36,1496438073
Yogold,YOG,704,0.267904,0.00011007,32.3681,,,100000000.0,0.98,1.72,19.72,1496438088
TROPTIONS,TROPTIONS,705,0.248173,0.00010598,,,,1000000001.0,,,,1496287780
Zilbercoin,ZBC,706,0.231736,0.00009521,94920.0,,,9009210.0,-1.39,-3.7,-26.77,1496438085
Pabyosi Coin (Special),PCS,707,0.16767,0.00006889,3111.9,,,30993751760.0,0.98,5.23,37.17,1496438083
Golos Gold,GBG,708,0.156162,0.00006416,6604.4,,,,-3.04,0.89,-5.01,1496438086
AlpaCoin,APC,709,0.155432,0.00006386,679.997,,,,0.98,8.98,28.76,1496438069
EquiTrader,EQT,710,0.128999,0.00005300,76072.8,,,7667920.0,0.98,1.6,15.41,1496438093
Tattoocoin (Limited Edition),TLE,711,0.108279,0.00004449,12.8712,,,975532.0,150.06,75.25,-40.07,1496438092
LandCoin,LDCN,712,0.10651,0.00004376,25018.2,,,19003881978.0,0.98,18.65,228.38,1496438084
Wowecoin,WEC,713,0.104,0.00004273,11333.4,,,8901692.0,-0.0,-0.0,4.0,1496438077
InsaneCoin,INSN,714,0.100618,0.00004134,3610.73,,,18528325.0,3.78,23.86,112.29,1496438093
WavesGo,WGO,715,0.0953521,0.00003918,1762.02,,,10000000.0,82.24,55.81,193.81,1496438091
DeusCoin,DEUS,716,0.0883034,0.00003628,6851.03,,,,0.98,3.42,-16.68,1496438091
Omicron,OMC,717,0.0750871,0.00003085,0.243394,,,10134120.0,0.98,4.48,8.84,1496438078
Quartz,QRZ,718,0.0654244,0.00002688,2523.11,,,21000000.0,0.98,-45.26,,1496438094
Fazzcoin,FAZZ,719,0.0653538,0.00002685,928.324,,,1022577370.0,0.86,65.49,-12.33,1496438091
International Diamond,XID,720,0.038234,0.00001588,,,,,,0.5,,1496373575
CryptoBuck,BUK,721,0.0325011,0.00001351,,,,,,8.48,9.09,1496420359
Elacoin,ELC,722,0.0320794,0.00001318,12.155,,,,0.98,,9.71,1496438042
DeltaCredits,DCRE,723,0.0293185,0.00001217,,,,,,0.55,1.67,1496419764
President Johnson,GARY,724,0.0287589,0.00001182,117.384,,,57968072167.0,0.97,1.39,73.15,1496438076
IvugeoCoin,IEC,725,0.0242177,0.00000995,1.04876,,,,0.98,2.13,,1496438063
RHFCoin,RHFC,726,0.0241211,0.00000991,8923.27,,,200157080.0,0.98,-19.32,-4.71,1496438091
EDRCoin,EDRC,727,0.0230356,0.00000946,13690.6,,,3407292.0,-1.26,-3.95,-23.63,1496438071
ShellPay,SHELL,728,0.0212733,0.00000874,10607.2,,,,2.29,1.24,-17.71,1496438064
Lepaoquan,HLB,729,0.0196301,0.00000807,994578.0,,,935398730.0,1.27,6.13,-6.71,1496438084
Gycoin,GYC,730,0.0170806,0.00000702,12833.5,,,22213403.0,0.0,11.03,-10.39,1496438076
Avoncoin,ACN,731,0.0153095,0.00000629,3620.83,,,,-3.82,-18.77,-20.53,1496438086
KolschCoin,TP1,732,0.0147961,0.00000620,,,,,,-0.38,41.13,1496357661
Digitalfund,DTF,733,0.0145245,0.00000597,19667.3,,,54000053.0,4.65,1.11,-20.29,1496438077
PiCoin,PI,734,0.0132349,0.00000549,,,,1378369.0,,-7.93,196.02,1496432391
Mind Gene,MG,735,0.0124131,0.00000510,6032.77,,,,0.98,-7.75,-2.5,1496438080
Sharkcoin,SAK,736,0.0100969,0.00000415,3615.77,,,,-1.41,1.68,35.4,1496438062
Tyrocoin,TYC,737,0.00803201,0.00000330,7.30183,,,50134200.0,0.98,7.12,-74.34,1496438091
First Bitcoin,BIT,738,0.00777553,0.00000319,1031.65,,,20706894521.0,0.98,3.96,5.71,1496438075
Opal,OPAL,739,0.00722693,0.00000297,2642.52,,,,-12.16,9.73,23.46,1496438057
Goldpay Coin,GP,740,0.00715809,0.00000294,36205.0,,,,0.0,15.45,-7.32,1496438093
9COIN,9COIN,741,0.00664466,0.00000273,254.076,,,350050250.0,0.98,1.6,44.29,1496438093
Helleniccoin,HNC,742,0.00630391,0.00000259,538.809,,,,-0.97,-2.7,,1496438065
GBCGoldCoin,GBC,743,0.00589067,0.00000242,58.4231,,,,-0.0,-9.85,-22.39,1496438068
Psilocybin,PSY,744,0.00584146,0.00000240,16.6563,,,,0.94,-8.0,-1.39,1496438072
Xaucoin,XAU,745,0.00584146,0.00000240,45.2275,,,,0.94,1.18,-11.93,1496438061
EggCoin,EGG,746,0.00562322,0.00000237,,,,,,,6.14,1496295864
Slimcoin,SLM,747,0.00498958,0.00000205,126.565,,,13925626.0,-21.9,-22.87,,1496438062
Axiom,AXIOM,748,0.00481921,0.00000198,8.03174,,,,0.94,0.58,5.16,1496438065
Dashs,DASHS,749,0.00440544,0.00000181,72.2505,,,,2.56,-53.33,-54.24,1496438091
BagCoin,BGC,750,0.00440137,0.00000181,84746.6,,,497214120.0,-1.0,8.25,1.14,1496438075
SportsCoin,SPORT,751,0.00433242,0.00000178,3112.51,,,19800001.0,43.56,402.29,487.29,1496438078
GoldReserve,XGR,752,0.00433242,0.00000178,1556.16,,,17162136.0,1.51,-1.11,3.36,1496438054
netBit,NBIT,753,0.00411336,0.00000169,4.11336,,,,0.78,-2.44,31.43,1496438081
AvatarCoin,AV,754,0.00386997,0.00000159,0.0967492,,,,0.98,,8.88,1496438068
Bitcoin Scrypt,BTCS,755,0.00384563,0.00000158,41.0702,,,,0.98,1.59,-20.46,1496438049
President Trump,PRES,756,0.00299181,0.00000123,331.119,,,57968072167.0,0.98,3.72,15.34,1496438076
Quotient,XQN,757,0.00267734,0.00000110,71.3828,,,,0.94,-1.03,-15.05,1496438060
ZSEcoin,ZSE,758,0.00262984,0.00000108,35.0969,,,6382415.0,0.9,-18.11,-62.46,1496438089
RoyalCoin 2,RYCN,759,0.00255334,0.00000105,1742.51,,,2500124.0,0.98,,-4.82,1496438080
BitcoinFast,BCF,760,0.00247475,0.00000102,69.3241,,,,0.98,-1.46,-20.66,1496438060
OCOW,OCOW,761,0.00227517,0.00000099,,,,,,,2.8,1496142268
TrickyCoin,TRICK,762,0.00223923,0.00000092,0.488979,,,,0.94,2.71,-9.76,1496438063
Condensate,RAIN,763,0.00220711,0.00000091,1468.62,,,42978104.0,9.73,44.13,19.2,1496438092
GameLeagueCoin,GML,764,0.00216621,0.00000089,0.541552,,,,0.94,,-5.92,1496438055
RichCoin,RICHX,765,0.00210122,0.00000093,,,,5925522.0,,,1.07,1496167172
Neptune Classic,NTCC,766,0.00197149,0.00000081,1468.57,,,,0.98,-19.32,82.78,1496438086
Mavro,MAVRO,767,0.00168043,0.00000070,,,,15005722.0,,0.19,-24.07,1496349588
Clinton,CLINT,768,0.00165508,0.00000068,32.2888,,,,0.98,-36.03,-31.45,1496438073
MMXVI,MMXVI,769,0.00158206,0.00000065,321.525,,,,-3.48,24.5,-38.7,1496438070
Advanced Internet Blocks,AIB,770,0.00150251,0.00000062,104.686,,,31411917585.0,0.94,-1.49,-25.95,1496438064
TodayCoin,TODAY,771,0.00133867,0.00000055,16.5564,,,,-10.42,21.48,37.72,1496438076
UR,UR,772,0.00131433,0.00000054,229.072,,,,0.98,-0.24,2.88,1496438087
BestChain,BEST,773,0.00113508,0.00000047,9.29048,,,20042911.0,1.04,28.75,-4.49,1496438088
Skeincoin,SKC,774,0.000973577,0.00000040,0.632825,,,,0.94,-5.49,,1496438049
Digital Bullion Gold,DBG,775,0.000949237,0.00000039,151.717,,,24523275.0,0.98,-11.95,-29.23,1496438075
RoyalCoin,ROYAL,776,0.000929947,0.00000038,21.1212,,,2500124.0,0.98,-22.22,0.37,1496438080
RubleBit,RUBIT,777,0.000924898,0.00000038,0.900559,,,,0.94,-5.84,21.69,1496438071
Bitcedi,BXC,778,0.000917663,0.00000038,23.8787,,,,2.35,11.25,,1496438074
The Aladin,ADT,779,0.000892522,0.00000032,,,,,,,,1495722585
Donationcoin,DON,780,0.000876219,0.00000036,12647.9,,,,0.94,52.4,,1496438054
Braincoin,BRAIN,781,0.000842028,0.00000035,,,,,,0.42,29.89,1496420372
Dubstep,DUB,782,0.000817313,0.00000034,,,,,,0.34,7.53,1496411064
IrishCoin,IRL,783,0.000778861,0.00000032,285.933,,,,0.94,-4.5,,1496438065
FrankyWillCoin,FRWC,784,0.000745197,0.00000031,,,,,,0.34,4.17,1496411075
Lazaruscoin,LAZ,785,0.000745197,0.00000031,,,,,,0.34,44.94,1496411078
Motocoin,MOTO,786,0.000730183,0.00000030,16.1634,,,,-7.23,-47.75,17.69,1496438053
True Investment Coin,TIC,787,0.000705843,0.00000029,21.5125,,,,0.98,-31.48,-41.38,1496438087
KashhCoin,KASHH,788,0.000701493,0.00000029,2005.52,,,,2.78,-3.61,144.38,1496438086
WeAreSatoshi,WSX,789,0.000681504,0.00000028,7.23308,,,,0.94,-11.1,-10.34,1496438057
Opescoin,OPES,790,0.000674759,0.00000028,,,,,,0.59,1.01,1496432667
Quebecoin,QBC,791,0.000657164,0.00000027,3.05971,,,,0.94,9.73,-10.61,1496438051
Vsync,XVS,792,0.000583578,0.00000024,466.812,,,103334172.0,5.35,18.58,-28.69,1496438091
CBD Crystals,CBD,793,0.000553915,0.00000023,13.7011,,,,0.98,-0.49,-1.46,1496438080
BitAlphaCoin,BAC,794,0.000494437,0.00000020,46.6597,,,,0.94,13.67,-25.54,1496438069
BlazerCoin,BLAZR,795,0.000486788,0.00000020,25.152,,,,0.98,44.72,96.69,1496438090
T-coin,TCOIN,796,0.000462449,0.00000019,1629.35,,,,0.98,1.6,16.24,1496438082
Alphabet Coin Fund,FUN,797,0.00043811,0.00000018,64.2745,,,20742012.0,0.98,-61.9,-74.21,1496438073
GoldMaxCoin,GMX,798,0.000389431,0.00000016,2.28791,,,84078950.0,0.98,,-12.9,1496438071
UGAIN,GAIN,799,0.000359695,0.00000015,,,,,,0.1,7.27,1496410477
MarxCoin,MARX,800,0.000355202,0.00000015,105.303,,,29332120.0,1.19,-19.06,-38.06,1496438087
Gambleo,GMB,801,0.000340752,0.00000014,1.21648,,,,0.98,,-60.92,1496438088
PrismChain,PRM,802,0.000340752,0.00000014,61.2126,,,,0.98,5.35,-79.68,1496438074
Sakuracoin,SKR,803,0.000340303,0.00000014,117.019,,,,3.92,5.08,26.86,1496438079
The Vegan Initiative,XVE,804,0.000314287,0.00000013,464.549,,,,0.98,36.31,64.86,1496438091
Cubits,QBT,805,0.000295371,0.00000012,0.00324909,,,,1.11,-41.29,-44.95,1496438080
VGINA,VGINA,806,0.00029537,0.00000012,0.0029537,,,11603228.0,1.11,,-62.25,1496438092
Operand,OP,807,0.000290011,0.00000012,,,,36309296.0,,0.88,-13.51,1496423371
TeraCoin,TERA,808,0.000267734,0.00000011,3847.29,,,,0.98,35.63,22.87,1496438087
DarkLisk,DISK,809,0.000267734,0.00000011,36.5161,,,17888425.0,-13.21,-30.15,-14.45,1496438072
Cycling Coin,CYC,810,0.000267734,0.00000011,5.21672,,,,0.94,-6.88,7.91,1496438064
Happy Creator Coin,HCC,811,0.000247371,0.00000010,22.6975,,,,0.98,27.87,13.82,1496438074
Grumfork,GMF,812,0.000243394,0.00000010,4.86788,,,,0.98,1.6,,1496438091
MobileCash,MBL,813,0.000219055,0.00000009,10.3615,,,1068669648.0,0.98,22.25,39.99,1496438079
President Sanders,BURN,814,0.000219055,0.00000009,140.702,,,57968072167.0,0.98,-8.56,-42.36,1496438083
AsicCoin,ASC,815,0.000210104,0.00000009,24.1178,,,,0.5,,,1496438045
Moneta,MONETA,816,0.000194715,0.00000008,155.942,,,,0.94,1.59,0.81,1496438067
LAthaan,LTH,817,0.000170376,0.00000007,22.8655,,,,0.98,1.6,27.03,1496438079
PayPeer,PAYP,818,0.0000973577,0.00000004,123.589,,,,0.98,103.19,117.76,1496438071
LinkedCoin,LKC,819,0.0000973577,0.00000004,11.5829,,,,0.98,1.6,-14.81,1496438075
Halloween Coin,HALLO,820,0.0000964980,0.00000004,328.182,,,264606164.0,-18.71,25.73,-27.17,1496438094
Wowcoin,WOW,821,0.0000964807,0.00000004,,,,,,0.68,115.8,1496426381
TeamUp,TEAM,822,0.0000956810,0.00000004,,,,301004896.0,,-0.15,42.67,1496415879
TheCreed,TCR,823,0.0000730183,0.00000003,10.264,,,,0.98,-39.04,-34.67,1496438072
FireFlyCoin,FFC,824,0.0000730183,0.00000003,4.13055,,,,0.98,52.39,226.64,1496438059
InflationCoin,IFLT,825,0.0000509026,0.00000002,2495.79,,,3288594999.0,-3.91,15.51,56.84,1496438084
LePen,LEPEN,826,0.0000490377,0.00000002,138.821,,,,1.06,-25.25,8.12,1496438085
PokeCoin,POKE,827,0.0000486788,0.00000002,6.05811,,,,0.99,1.6,-27.41,1496438076
PinkDog,PDG,828,0.0000486788,0.00000002,0.0000243394,,,,0.98,1.6,117.76,1496438086
VegasCoin,VGC,829,0.0000486788,0.00000002,2.43394,,,,0.94,78.42,-38.13,1496438052
MoneyCoin,MONEY,830,0.0000486788,0.00000002,1305.43,,,,0.98,1.6,-21.68,1496438083
Cashme,CME,831,0.0000486788,0.00000002,0.486788,,,,0.94,1.6,8.88,1496438068
Tellurion,TELL,832,0.0000486788,0.00000002,4.86786,,,,0.98,1.59,22.52,1496438080
CyberCoin,CC,833,0.0000482826,0.00000002,,,,549267534.0,,0.76,115.98,1496427862
President Clinton,HILL,834,0.0000243394,0.00000001,3.89431,,,57968072167.0,0.98,,-45.56,1496438076
SuperTurboStake,STRB,835,0.0000243394,0.00000001,0.243394,,,,0.98,1.6,8.88,1496438069
UNCoin,UNC,836,0.0000243394,0.00000001,1241.69,,,,0.94,-49.2,-15.98,1496438061
Aces,ACES,837,0.0000243394,0.00000001,8.27628,,,,0.98,1.59,-38.26,1496438077
Global Business Revolution,GBRC,838,0.0000243394,0.00000001,671.573,,,900096049.0,0.98,-49.2,8.88,1496438081
Safe Trade Coin,XSTC,839,0.0000243394,0.00000001,365.091,,,604880000.0,0.98,1.6,8.88,1496438083
X2,X2,840,0.0000243394,0.00000001,7.65171,,,,0.94,1.59,8.88,1496438069
Rcoin,RCN,841,0.0000243394,0.00000001,100.28,,,,0.98,-45.96,-28.15,1496438079
ChoofCoin,CHOOF,842,0.0000243394,0.00000001,3.16412,,,,0.98,-49.2,-18.32,1496438081
SoulCoin,SOUL,843,0.0000243394,0.00000001,1.71861,,,,0.98,1.6,8.88,1496438073
Yescoin,YES,844,0.0000243387,0.000000010,1219.97,,,,0.98,2.07,16.7,1496438085
FedoraShare,FEDS,845,0.0000240593,0.000000010,3242.34,,,499001350354,0.0,-1.36,-3.15,1496438079
Victoriouscoin,VTY,846,0.0000104048,0.000000004,6.40192,,,10263290326.0,3.86,-56.01,-20.06,1496438079
Virtacoin,VTA,847,0.0000092299,0.000000004,79.7493,,,12423206610.0,0.86,-54.46,-18.9,1496438056
Dimecoin,DIME,848,0.0000076115,0.000000003,392.825,,,527131023568,-1.04,1828.78,209.04,1496438046
XP,XP,849,0.0000026386,0.000000001,384.495,,,133635560466,0.31,87.24,1430.94,1496438077
BitCentavo,NBE,850,0.0000005705,0.0000000002,,,,,,23.97,95.47,1496398156
RabbitCoin,RBBT,851,0.0000004329,0.0000000002,19.4359,,,,0.14,-16.47,39.61,1496438056
BatCoin,BAT,852,0.0000003063,0.0000000001,78.6436,,,,2.18,-63.59,,1496438049
StrongHands,SHND,853,0.0000001773,0.00000000007,279.528,,,,43.83,91.07,,1496438067
Paccoin,PAC,854,0.0000000795,0.00000000003,1046.24,,,,0.92,6.47,77.74,1496438067
Bond,BOND,855,,,,,1349.0,1349.0,,,,
bitRUBLE,BITRUBLE,856,,,,,,,,,,
