Name,Symbol,Rank,Price(BTC),Price(USD),24HVolume,MarketCap,%Change_1h,%Change_24h,%Change_7d,LastUpdated
Bitcoin,BTC,1,2454.44,1.0,1306860000.0,40174028476.0,16367900.0,16367900.0,0.41,2.72,11.51,1496441652
Ethereum,ETH,2,224.785,0.0921744,470647000.0,20714715794.0,92153461.0,92153461.0,1.07,1.28,38.48,1496441663
Ripple,XRP,3,0.308956,0.00012669,351167000.0,11932404071.0,38621693933.0,99994661895.0,-0.11,-3.16,14.92,1496441658
NEM,XEM,4,0.227921,0.00009346,13413100.0,2051289000.0,8999999999.0,8999999999.0,-0.16,3.54,23.11,1496441660
Ethereum Classic,ETC,5,17.2358,0.00706768,74791400.0,1589505021.0,92221134.0,92221134.0,0.72,1.21,20.01,1496441674
Litecoin,LTC,6,28.7522,0.01179,322978000.0,1477435603.0,51385132.0,51385132.0,1.63,2.34,17.22,1496441641
Dash,DASH,7,143.15,0.0586995,37210600.0,1049826844.0,7333754.0,7333754.0,0.81,4.19,24.38,1496441646
Stratis,STRAT,8,9.0314,0.00370339,55932000.0,888771696.0,98409072.0,98409072.0,-1.19,58.59,213.43,1496441674
Bytecoin,BCN,9,0.0034997,0.00000144,22785600.0,640343800.0,182971054728,182971054728,-2.9,48.57,47.09,1496441652
Monero,XMR,10,43.7288,0.0179313,9704200.0,636872831.0,14564151.0,14564151.0,0.07,-0.6,15.15,1496441651
Waves,WAVES,11,4.6089,0.00188991,4767540.0,460890000.0,100000000.0,100000000.0,0.94,36.99,79.45,1496441672
Stellar Lumens,XLM,12,0.0408133,0.00001674,16879900.0,394454201.0,9664844566.0,102940435314,1.56,-0.48,0.99,1496441653
Golem,GNT,13,0.472856,0.0001939,9201120.0,390045674.0,824872000.0,1000000000.0,1.35,2.9,29.25,1496441680
Zcash,ZEC,14,241.35,0.0989673,15892400.0,347150298.0,1438369.0,1438369.0,0.04,-2.95,23.13,1496441678
Dogecoin,DOGE,15,0.00303101,0.00000124,34340200.0,332299966.0,109633411214,109633411214,0.27,7.12,20.42,1496441645
Gnosis,GNO,16,250.297,0.102636,1542960.0,276475563.0,1104590.0,10000000.0,-0.21,1.4,22.2,1496441689
Steem,STEEM,17,1.17725,0.00048274,3627800.0,275897939.0,234357986.0,251332080.0,3.09,17.93,20.44,1496441669
Siacoin,SC,18,0.0102712,0.00000421,38194700.0,272388507.0,26519638122.0,26519638122.0,-1.68,25.31,43.75,1496441667
Augur,REP,19,24.6601,0.010112,4465110.0,271261100.0,11000000.0,11000000.0,-0.4,4.08,10.21,1496441665
DigiByte,DGB,20,0.0328916,0.00001349,96930400.0,266653251.0,8107031908.0,8107031908.0,3.29,52.48,131.66,1496441645
BitShares,BTS,21,0.0893159,0.00003662,24299900.0,232419621.0,2602220000.0,2602220000.0,-0.56,18.12,49.05,1496441653
MaidSafeCoin,MAID,22,0.406034,0.0001665,2825170.0,183751666.0,452552412.0,452552412.0,1.06,1.4,8.62,1496441650
GameCredits,GAME,23,2.80426,0.00114991,1980390.0,176762569.0,63033588.0,63033588.0,0.34,6.43,13.81,1496441655
DigixDAO,DGD,24,80.7511,0.0331126,1206840.0,161502200.0,2000000.0,2000000.0,2.18,0.22,21.29,1496441670
Basic Attention Token,BAT,25,0.157741,0.00006468,3252970.0,157741000.0,1000000000.0,1500000000.0,-1.88,-5.4,,1496441691
BitConnect,BCC,26,23.8223,0.00976848,1463740.0,153411253.0,6439817.0,6439817.0,0.22,5.88,54.73,1496441682
Decred,DCR,27,29.5006,0.0120969,3376010.0,148290147.0,5026682.0,5446682.0,-2.82,19.3,39.24,1496441667
Lisk,LSK,28,1.3747,0.0005637,3038090.0,148186549.0,107795555.0,107795555.0,-0.38,4.65,26.61,1496441669
Ardor,ARDR,29,0.129333,0.00005303,2893530.0,129203602.0,998999495.0,998999495.0,-0.12,8.06,22.25,1496441674
Factom,FCT,30,14.5763,0.00597711,2188380.0,127589546.0,8753219.0,8753219.0,-0.36,12.86,20.9,1496441664
SingularDTV,SNGLS,31,0.204477,0.00008385,214845.0,122686200.0,600000000.0,1000000000.0,-1.12,8.23,30.35,1496441677
Byteball,GBYTE,32,620.768,0.25455,581333.0,117501369.0,189284.0,1000000.0,1.95,23.11,115.17,1496441682
Iconomi,ICN,33,1.25337,0.00051395,786775.0,109043190.0,87000000.0,100000000.0,0.2,5.78,14.68,1496441677
Tether,USDT,34,1.0242,0.00041998,51362700.0,107534537.0,104993690.0,124951468.0,0.16,-0.52,-2.85,1496441659
Round,ROUND,35,0.10527,0.00004317,362533.0,89479500.0,850000000.0,1000000000.0,0.23,-0.48,-19.29,1496441679
PIVX,PIVX,36,1.6407,0.00067278,986627.0,87844113.0,53540631.0,53540631.0,-1.32,-2.32,31.44,1496441667
Komodo,KMD,37,0.788583,0.00032336,1198350.0,79603913.0,100945510.0,100945510.0,-7.84,46.03,66.13,1496441682
FirstBlood,1ST,38,0.855052,0.00035062,3565960.0,73156856.0,85558371.0,93468691.0,5.96,6.98,38.54,1496441677
Aragon,ANT,39,2.13574,0.00087578,730322.0,71771899.0,33605167.0,39609523.0,1.06,3.43,12.13,1496441691
Nxt,NXT,40,0.071062,0.00002914,3776020.0,70990937.0,998999983.0,998999983.0,3.79,19.3,31.04,1496441643
iExec RLC,RLC,41,0.851458,0.00034915,910180.0,66474001.0,78070793.0,86999785.0,3.8,32.35,58.99,1496441688
AntShares,ANS,42,1.3281,0.0005446,6890310.0,66405000.0,50000000.0,100000000.0,2.71,8.05,62.9,1496441676
SysCoin,SYS,43,0.124957,0.00005124,3736510.0,65624815.0,525179179.0,525179179.0,1.18,16.35,7.54,1496441654
Ubiq,UBQ,44,1.52633,0.00062588,1465220.0,56627611.0,37100503.0,37100503.0,7.1,33.21,214.4,1496441655
Wings,WINGS,45,0.539414,0.00022119,1414930.0,48389931.0,89708333.0,100000000.0,2.82,33.21,102.05,1496441681
ReddCoin,RDD,46,0.00158369,0.00000065,2421290.0,45176020.0,28525797263.0,28525797263.0,4.2,29.99,21.49,1496441646
BitcoinDark,BTCD,47,34.6285,0.0141996,665557.0,44631364.0,1288862.0,1288862.0,10.13,43.1,62.06,1496441653
Peercoin,PPC,48,1.66014,0.00068075,1256580.0,40051988.0,24125669.0,24125669.0,0.27,4.29,9.32,1496441640
Lykke,LKK,49,0.273026,0.00011196,517887.0,37579336.0,137640138.0,1285690000.0,-0.1,5.77,12.43,1496441680
Ark,ARK,50,0.378556,0.00015523,622510.0,36084088.0,95320344.0,126570344.0,0.95,27.76,43.29,1496441686
Emercoin,EMC,51,0.877195,0.0003597,987193.0,35229174.0,40161166.0,40161166.0,-0.92,4.5,3.94,1496441655
Storjcoin X,SJCX,52,0.657235,0.0002695,412092.0,33632781.0,51173144.0,500000000.0,2.05,1.74,21.54,1496441655
Melon,MLN,53,55.8422,0.0228985,288957.0,33471815.0,599400.0,749400.0,-0.08,2.87,-3.58,1496441684
Omni,OMNI,54,59.6204,0.0244478,8290360.0,33327010.0,558987.0,615303.0,-8.58,7.83,249.94,1496441647
Xaurum,XAUR,55,0.269838,0.00011065,214539.0,30681743.0,113704308.0,113704308.0,11.74,10.41,32.84,1496441661
Counterparty,XCP,56,11.5321,0.00472881,535198.0,30199608.0,2618743.0,2618743.0,0.65,4.63,13.76,1496441646
Blocknet,BLOCK,57,6.83442,0.0028025,247130.0,26726111.0,3910516.0,3910516.0,0.72,34.94,121.7,1496441658
Namecoin,NMC,58,1.79112,0.00073446,658418.0,26394661.0,14736400.0,14736400.0,0.54,2.99,12.39,1496441640
Nexus,NXS,59,0.519375,0.00021297,90800.2,25900356.0,49868314.0,49868314.0,2.08,0.24,11.04,1496441659
Gulden,NLG,60,0.0743945,0.00003051,128162.0,25783404.0,346576745.0,448596900.0,0.14,3.77,11.94,1496441649
WeTrust,TRST,61,0.269335,0.00011044,449490.0,24818547.0,92147500.0,100000000.0,3.02,14.72,4.32,1496441689
Synereo,AMP,62,0.298016,0.0001222,487972.0,24513701.0,82256324.0,949291063.0,1.92,7.93,26.73,1496441666
Burst,BURST,63,0.0131999,0.00000541,4153450.0,23501705.0,1780445682.0,1780445682.0,-0.3,12.32,42.15,1496441655
Verge,XVG,64,0.00173069,0.00000071,3134740.0,23207640.0,13409472280.0,13409472280.0,-1.15,47.96,64.25,1496441657
EarthCoin,EAC,65,0.00240291,0.00000099,6770530.0,22458722.0,9346468332.0,9346468332.0,-0.55,6.95,25.45,1496441645
XtraBYtes,XBY,66,0.0340705,0.00001397,783533.0,22145825.0,650000000.0,650000000.0,-7.06,61.19,486.6,1496441688
Matchpool,GUP,67,0.289496,0.00011871,310733.0,21712200.0,75000000.0,98855150.0,0.33,11.23,23.53,1496441688
YbCoin,YBC,68,7.17815,0.00294345,2707610.0,21679896.0,3020262.0,3020262.0,0.13,1.23,18.83,1496441644
NAV Coin,NAV,69,0.350228,0.00014361,1147490.0,21480313.0,61332369.0,61332369.0,3.35,19.74,19.17,1496441651
Edgeless,EDG,70,0.253807,0.00010407,415054.0,20160509.0,79432438.0,132046997.0,1.08,4.82,2.0,1496441686
BCAP,BCAP,71,1.98399,0.00081355,175133.0,19839900.0,10000000.0,10000000.0,-0.13,18.94,-1.57,1496441690
Humaniq,HMQ,72,0.158486,0.00006499,857537.0,19705310.0,124334708.0,184190414.0,-0.54,35.73,-10.08,1496441690
BlackCoin,BLK,73,0.257376,0.00010554,1326330.0,19604231.0,76169617.0,76169617.0,-0.11,9.65,41.24,1496441647
TokenCard,TKN,74,0.82238,0.00033722,302026.0,19444399.0,23644056.0,39406760.0,-0.77,-6.98,-10.74,1496441689
BitBay,BAY,75,0.0191033,0.00000783,71413.6,19247037.0,1007524188.0,1007524188.0,-0.24,8.26,10.65,1496441658
OBITS,OBITS,76,1.30274,0.0005342,646613.0,19070722.0,14638932.0,16443700.0,3.07,27.82,65.39,1496441666
E-Dinar Coin,EDR,77,0.0282271,0.00001157,452299.0,18647803.0,660634755.0,785634755.0,0.45,-3.99,16.11,1496441675
PotCoin,POT,78,0.0857601,0.00003517,367312.0,18605549.0,216948777.0,216948777.0,0.27,0.03,1.87,1496441645
Nexium,NXC,79,0.267225,0.00010958,1414280.0,17776231.0,66521586.0,66521586.0,2.19,0.84,53.02,1496441680
SuperNET,UNITY,80,21.1273,0.00866339,26390.5,17241165.0,816061.0,816061.0,3.47,65.08,269.0,1496441656
Expanse,EXP,81,2.37937,0.00097567,429829.0,17239092.0,7245234.0,16245234.0,0.29,-0.19,18.51,1496441664
Bankcoin,B@,82,3.93329,0.00161287,8908.28,16775797.0,4265080.0,25000000.0,-5.09,31.97,36.33,1496441686
Infinitecoin,IFC,83,0.000183311,0.00000008,2733760.0,16607294.0,90596274910.0,90596274910.0,0.32,0.34,21.51,1496441657
Swarm City,SWT,84,2.48621,0.00101949,39091.3,16512734.0,6641730.0,6641730.0,0.5,8.08,-3.83,1496441685
Unity Ingot,UNY,85,0.0812265,0.00003331,107884.0,16407753.0,202000000.0,10000000000.0,-1.86,0.68,88.69,1496441691
ZCoin,XZC,86,7.29177,0.00299004,1116930.0,16305357.0,2236132.0,2236132.0,-0.47,-2.48,37.09,1496441677
LBRY Credits,LBC,87,0.234367,0.00009610,893532.0,16059887.0,68524524.0,466424524.0,-0.04,13.13,26.86,1496441672
Agoras Tokens,AGRS,88,0.37863,0.00015526,25076.1,15902460.0,42000000.0,42000000.0,-1.11,4.22,6.08,1496441663
Waves Community Token,WCT,89,3.1794,0.00130373,157457.0,15897000.0,5000000.0,10000000.0,6.7,21.68,44.45,1496441683
Shift,SHIFT,90,1.4635,0.00060012,412102.0,15852541.0,10831938.0,10831938.0,-5.69,36.71,170.75,1496441663
TaaS,TAAS,91,1.93258,0.00079247,203582.0,15742798.0,8146001.0,8146001.0,-0.46,13.77,39.11,1496441687
Chronobank,TIME,92,21.5076,0.00881933,488892.0,15272822.0,710113.0,710113.0,1.82,10.51,23.04,1496441685
Pepe Cash,PEPECASH,93,0.0212445,0.00000871,31647.1,14911175.0,701884009.0,701884009.0,1.42,-4.87,-3.58,1496441677
GridCoin,GRC,94,0.0378055,0.00001550,210189.0,14755969.0,390312753.0,390312753.0,0.4,4.87,25.51,1496441659
I/O Coin,IOC,95,0.897575,0.00036806,47522.3,14663141.0,16336396.0,16336396.0,1.72,10.46,18.41,1496441654
Radium,RADS,96,4.3734,0.00179334,400446.0,14200739.0,3247071.0,3247071.0,0.34,3.01,38.43,1496441666
Golos,GOLOS,97,0.109174,0.00004477,46455.4,13437982.0,123087753.0,123087753.0,2.91,16.8,84.35,1496441682
MonaCoin,MONA,98,0.263717,0.00010814,29781.8,13333505.0,50559900.0,50559900.0,-2.84,-4.57,5.97,1496441648
LuckChain,BASH,99,0.0180466,0.00000740,732694.0,13067055.0,724072954.0,724072954.0,3.91,32.27,127.7,1496441680
E-coin,ECN,100,4.67284,0.00191613,130843.0,13044369.0,2791529.0,211080421.0,0.4,4.01,12.57,1496441687
Vertcoin,VTC,101,0.386941,0.00015867,545019.0,12939880.0,33441481.0,33441481.0,1.76,6.16,28.58,1496441646
DigitalNote,XDN,102,0.00183291,0.00000075,3472850.0,12613260.0,6881549219.0,6881549219.0,5.63,19.98,19.52,1496441652
MergeCoin,MGC,103,0.125135,0.00005131,3420010.0,12378279.0,98919400.0,103919400.0,2.71,18.44,16.01,1496441689
Clams,CLAM,104,5.18489,0.0021261,561463.0,11939384.0,2302727.0,16208106.0,2.49,10.85,13.72,1496441653
Bitland,CADASTRAL,105,0.382909,0.00015701,21722.9,11487270.0,30000000.0,30000000.0,0.09,-6.7,74.16,1496441674
Mooncoin,MOON,106,0.0000493158,0.00000002,99484.9,10945513.0,221947381257,221947381257,0.85,18.88,10.92,1496441644
Pluton,PLU,107,12.876,0.00527989,101186.0,10944594.0,850000.0,20000000.0,2.34,-4.25,56.21,1496441676
Bitcrystals,BCY,108,0.456888,0.00018735,345106.0,10641571.0,23291422.0,23291422.0,0.05,15.74,22.0,1496441664
FlorinCoin,FLO,109,0.07661,0.00003141,321628.0,10266552.0,134010596.0,134010596.0,1.77,7.19,21.43,1496441643
Viacoin,VIA,110,0.439274,0.00018013,251015.0,9948338.0,22647227.0,22647227.0,0.22,10.46,16.25,1496441653
Primecoin,XPM,111,0.500687,0.00020531,4973910.0,9679113.0,19331664.0,19331664.0,1.41,26.93,42.81,1496441645
Etheroll,DICE,112,1.3598,0.0005576,58630.3,9520806.0,7001623.0,7001623.0,0.81,-24.03,-26.47,1496441690
vSlice,VSL,113,0.281109,0.00011527,135363.0,9386369.0,33390496.0,33390496.0,-0.31,-2.01,4.1,1496441681
DNotes,NOTE,114,0.0742727,0.00003046,298663.0,9200662.0,123876765.0,123876765.0,1.33,11.09,34.08,1496441648
Crown,CRW,115,0.658766,0.00027013,24892.0,9132888.0,13863630.0,13863630.0,0.23,12.71,3.83,1496441658
HEAT,HEAT,116,0.344122,0.00014111,38277.1,9073137.0,26366048.0,26366048.0,-0.76,-3.89,-0.8,1496441673
Energycoin,ENRG,117,0.0736239,0.00003019,4962.62,8904279.0,120942782.0,120942782.0,-0.69,3.02,18.2,1496441651
Rubycoin,RBY,118,0.362749,0.00014875,36881.4,8849218.0,24394878.0,24394878.0,0.23,2.06,12.88,1496441648
VeriCoin,VRC,119,0.288252,0.0001182,521599.0,8708690.0,30212071.0,30212071.0,1.33,1.71,15.28,1496441651
NeosCoin,NEOS,120,2.55446,0.00104747,628548.0,8551152.0,3347538.0,3347538.0,1.29,2.08,22.52,1496441654
FedoraCoin,TIPS,121,0.0000192492,0.000000008,53658.6,8530633.0,443168182458,443168182458,-1.52,-3.42,-5.24,1496441644
Skycoin,SKY,122,1.46999,0.00060278,38421.4,8034673.0,5465801.0,100000000.0,-12.4,-4.12,-20.46,1496441687
Pascal Coin,PASC,123,0.798479,0.00032742,174408.0,7999881.0,10018900.0,10018900.0,0.51,2.75,9.99,1496441680
SolarCoin,SLR,124,0.227348,0.00009323,91739.3,7994597.0,35164579.0,98034181310.0,-0.03,0.13,19.03,1496441648
SaluS,SLS,125,7.92577,0.00325002,39449.9,7953133.0,1003452.0,1003452.0,1.14,-1.54,66.52,1496441667
VPNCoin,VASH,126,0.0198021,0.00000812,2007400.0,7927568.0,400339746.0,400339746.0,1.31,11.71,18.71,1496441658
BelaCoin,BELA,127,0.219642,0.00009007,484163.0,7683330.0,34981150.0,34981150.0,1.11,7.61,12.07,1496441649
Einsteinium,EMC2,128,0.036211,0.00001485,394700.0,7653745.0,211365194.0,211365194.0,0.51,14.67,17.3,1496441647
Blitzcash,BLITZ,129,1.85203,0.00075944,335622.0,7526875.0,4064121.0,4064121.0,-0.89,42.46,433.14,1496441657
Bitcoin Plus,XBC,130,76.7931,0.0314895,172308.0,7443618.0,96931.0,96931.0,4.44,7.67,10.66,1496441650
Creditbit,CRB,131,0.626443,0.00025688,286784.0,7438598.0,11874342.0,11874342.0,1.76,-1.81,-3.7,1496441666
Incent,INCNT,132,0.317945,0.00013038,177400.0,7315378.0,23008312.0,46016625.0,-0.92,11.9,51.48,1496441680
Global Currency Reserve,GCR,133,0.0682509,0.00002799,20149.5,7008882.0,102692891.0,102692891.0,4.03,5.21,9.72,1496441664
RouletteToken,RLT,134,0.684628,0.00028074,161918.0,6909410.0,10092210.0,10092933.0,32.9,50.8,46.06,1496441691
Asch,XAS,135,0.0905215,0.00003712,57680.9,6789113.0,75000000.0,100000000.0,2.75,3.04,18.69,1496441688
Lunyr,LUN,136,2.86579,0.00117514,143743.0,6585164.0,2297853.0,2703356.0,0.49,3.58,-0.84,1496441689
Novacoin,NVC,137,3.73759,0.00153262,54312.3,6489522.0,1736285.0,1736285.0,0.18,0.49,-5.21,1496441640
Feathercoin,FTC,138,0.0394103,0.00001616,98612.7,6458149.0,163869560.0,163869560.0,1.19,-0.96,28.23,1496441641
FirstCoin,FRST,139,1.97463,0.00080971,125996.0,6267630.0,3174078.0,110000000.0,0.39,13.45,19.43,1496441683
Aeon,AEON,140,0.439117,0.00018006,23096.1,6249813.0,14232683.0,14232683.0,-5.71,-4.75,-0.46,1496441663
MonetaryUnit,MUE,141,0.0504329,0.00002068,81786.1,6130670.0,121560920.0,121560920.0,0.28,18.68,20.37,1496441657
ZClassic,ZCL,142,4.11643,0.00168797,288590.0,6091236.0,1479738.0,1479738.0,1.08,1.52,42.18,1496441679
Safe Exchange Coin,SAFEX,143,0.00278048,0.00000114,26458.6,5971035.0,2147483647.0,2147483647.0,3.1,7.59,9.67,1496441668
WorldCoin,WDC,144,0.0511969,0.00002099,324572.0,5867438.0,114605341.0,114605341.0,0.08,9.03,29.06,1496441641
SIBCoin,SIB,145,0.393921,0.00016153,28179.8,5772819.0,14654764.0,14654764.0,0.02,0.61,32.03,1496441668
ION,ION,146,0.41921,0.0001719,41170.2,5769396.0,13762545.0,19662545.0,0.25,9.53,-3.2,1496441672
PinkCoin,PINK,147,0.0177904,0.00000730,1955560.0,5710917.0,321011150.0,371011150.0,-0.87,15.06,18.93,1496441651
FoldingCoin,FLDC,148,0.0114589,0.00000470,412519.0,5611904.0,489741985.0,1000000000.0,-1.13,13.76,19.78,1496441655
Gambit,GAM,149,4.67594,0.0019174,38659.9,5536772.0,1184098.0,1184098.0,0.24,9.0,19.16,1496441661
MUSE,MUSE,150,0.00392119,0.00000161,9544.99,5391011.0,1374840478.0,1524840478.0,0.01,22.19,34.31,1496441661
Auroracoin,AUR,151,0.617998,0.00025341,10232.6,5350713.0,8658139.0,8658139.0,4.49,5.66,12.55,1496441647
Vcash,XVC,152,0.336196,0.00013786,137331.0,5127620.0,15251875.0,15251875.0,0.27,11.7,10.31,1496441659
OKCash,OK,153,0.0661073,0.00002711,132019.0,4732107.0,71582213.0,71582213.0,0.78,-4.11,152.16,1496441658
Rise,RISE,154,0.0433565,0.00001778,194086.0,4655934.0,107387215.0,107387215.0,6.85,93.11,116.88,1496441672
Ethereum Movie Venture,EMV,155,0.696217,0.00028549,5020.87,4641446.0,6666666.0,6666666.0,0.98,146.26,24.12,1496441688
Darcrus,DAR,156,0.340538,0.00013964,33322.3,4639409.0,13623762.0,13623762.0,4.09,3.96,22.29,1496441681
Sphere,SPHR,157,1.49062,0.00061124,20319.1,4595492.0,3082940.0,3082940.0,-0.62,13.11,138.33,1496441661
Quark,QRK,158,0.0180488,0.00000740,205477.0,4514024.0,250101047.0,250101047.0,3.06,54.4,45.54,1496441646
ICO OpenLedger,ICOO,159,9.21751,0.0037797,11090.1,4348774.0,471795.0,471795.0,0.89,25.06,48.35,1496441671
LoMoCoin,LMC,160,0.0208307,0.00000854,384319.0,4344514.0,208563029.0,293563029.0,2.63,18.39,23.03,1496441675
Janus,JNS,161,0.204915,0.00008403,10399.8,4328233.0,21122091.0,25201489.0,-13.73,-9.49,-6.82,1496441682
APX,APX,162,4.80409,0.00196995,234307.0,4323681.0,900000.0,1000000.0,4.47,14.14,30.18,1496441691
SpreadCoin,SPR,163,0.524082,0.0002149,33595.0,4264391.0,8136877.0,8136877.0,11.69,34.8,57.94,1496441657
FairCoin,FAIR,164,0.0795743,0.00003263,4381.77,4225855.0,53105782.0,53105782.0,-5.12,-2.49,26.62,1496441649
bitCNY,BITCNY,165,0.142213,0.00005832,499855.0,4203802.0,29559900.0,29559900.0,-1.01,0.71,0.3,1496441656
CloakCoin,CLOAK,166,0.83984,0.00034438,22058.1,4202302.0,5003694.0,5003694.0,1.11,1.4,31.56,1496441651
ArtByte,ABY,167,0.00531899,0.00000218,142054.0,4111269.0,772941650.0,772941650.0,-2.8,33.12,26.85,1496441654
NautilusCoin,NAUT,168,0.250174,0.00010258,343772.0,4047815.0,16180000.0,16180000.0,2.17,1.92,19.01,1496441651
Unobtanium,UNO,169,20.4058,0.00836754,80138.5,4034743.0,197725.0,197725.0,1.93,5.78,2.49,1496441643
Bitmark,BTM,170,1.03403,0.00042401,152587.0,4033937.0,3901180.0,3901180.0,-0.13,4.11,35.79,1496441654
DubaiCoin,DBIX,171,4.32116,0.00177192,35814.6,3759716.0,870071.0,870071.0,-0.37,-5.72,74.34,1496441688
PoSW Coin,POSW,172,0.0913701,0.00003747,71736.8,3746174.0,41000000.0,70000000.0,6.32,35.39,61.37,1496441681
Riecoin,RIC,173,0.10945,0.00004488,668616.0,3744094.0,34208255.0,34208255.0,3.75,12.98,42.69,1496441648
Minereum,MNE,174,9.07492,0.00372123,395181.0,3645867.0,401752.0,401752.0,6.31,56.51,314.87,1496441691
Wild Beast Block,WBB,175,1.53186,0.00062815,13570.1,3562149.0,2325375.0,2325375.0,7.84,21.5,-10.2,1496441659
Circuits of Value,COVAL,176,0.00885243,0.00000363,102891.0,3540972.0,400000000.0,1200000000.0,3.78,21.08,11.64,1496441658
HunterCoin,HUC,177,0.189598,0.00007775,5497220.0,3346090.0,17648340.0,17648340.0,-4.41,61.72,81.16,1496441648
BitSend,BSD,178,0.214068,0.00008778,29875.7,3266383.0,15258625.0,15258625.0,2.9,13.57,37.29,1496441652
Diamond,DMD,179,1.53637,0.00063,13403.8,3264318.0,2124695.0,2124695.0,0.27,5.02,10.18,1496441644
Jinn,JINN,180,55.256,0.0226581,552.56,3243693.0,58703.0,1000000.0,3.32,18.7,-30.21,1496441657
Zennies,ZENI,181,0.00314649,0.00000129,6731.14,3148632.0,1000680621.0,1000680621.0,-1.23,3.7,10.09,1496441688
Musicoin,MUSIC,182,0.0181937,0.00000746,79821.4,3136602.0,172400444.0,172400444.0,0.53,8.79,12.0,1496441686
BitBean,BITB,183,0.00158303,0.00000065,178942.0,3101601.0,1959281000.0,1959281000.0,1.21,24.42,-1.94,1496441659
Megacoin,MEC,184,0.0938706,0.00003849,578022.0,3087071.0,32886450.0,32886450.0,1.59,20.34,18.59,1496441642
Curecoin,CURE,185,0.127804,0.00005241,17814.5,3030025.0,23708377.0,23708377.0,2.33,11.73,10.14,1496441651
Myriad,XMY,186,0.00196514,0.00000081,136305.0,2920565.0,1486186500.0,1486186500.0,5.13,28.08,-12.96,1496441647
Zetacoin,ZET,187,0.0173839,0.00000713,289066.0,2888485.0,166158648.0,166158648.0,0.87,1.63,40.46,1496441642
Ethbits,ETB,188,2.1005,0.00086133,1964.97,2829343.0,1346986.0,1634691.0,-24.4,46.44,,1496441692
InstantDEX,DEX,189,2.82569,0.00115869,3529.28,2825690.0,1000000.0,1000000.0,3.47,23.29,,1496441655
Cryptonite,XCN,190,0.00850414,0.00000349,788409.0,2788333.0,327879468.0,327879468.0,4.07,39.9,35.51,1496441654
RaiBlocks,XRB,191,0.0366857,0.00001504,45540.2,2755446.0,75109527.0,340282367.0,0.57,13.44,37.42,1496441686
ZcCoin,ZCC,192,0.0440576,0.00001807,2011900.0,2716461.0,61657044.0,61657044.0,3.52,29.47,34.93,1496441654
Atmos,ATMS,193,0.0267508,0.00001097,169147.0,2677053.0,100073761.0,110073761.0,0.41,12.27,22.48,1496441687
Steem Dollars,SBD,194,1.81372,0.00074373,223149.0,2582070.0,1423632.0,1423632.0,0.52,14.68,18.87,1496441674
Breakout Stake,BRX,195,0.40531,0.0001662,15219.3,2540517.0,6268082.0,6268082.0,7.56,43.93,66.42,1496441672
Zeitcoin,ZEIT,196,0.0000689569,0.00000003,7914.59,2505088.0,36328317479.0,36328317479.0,1.86,5.0,40.73,1496441648
Bata,BTA,197,0.50034,0.00020517,56216.2,2477381.0,4951396.0,4951396.0,-5.32,23.46,64.72,1496441661
Digitalcoin,DGC,198,0.0701958,0.00002878,241532.0,2414019.0,34389793.0,34389793.0,0.21,14.74,38.58,1496441640
Mintcoin,MINT,199,0.0000982660,0.00000004,14515.3,2392646.0,24348665548.0,24348665548.0,0.73,28.67,4.75,1496441647
Adzcoin,ADZ,200,0.0422691,0.00001733,12213.7,2318354.0,54847480.0,54847480.0,-1.61,11.77,19.63,1496441666
Veros,VRS,201,0.0271018,0.00001111,91206.2,2316850.0,85486938.0,10000000000.0,2.9,-4.31,1.95,1496441679
Spectrecoin,XSPEC,202,0.113268,0.00004645,186068.0,2310336.0,20397078.0,20397078.0,-4.24,-0.73,7.77,1496441682
Espers,ESP,203,0.000111446,0.00000005,5502.06,2243244.0,20128530577.0,20128530577.0,-1.41,2.35,-8.85,1496441670
BlockPay,BLOCKPAY,204,0.410347,0.00016826,16719.1,2227487.0,5428300.0,98928316.0,0.02,11.82,64.06,1496441676
bitUSD,BITUSD,205,1.01243,0.00041515,293565.0,2224754.0,2197440.0,2197440.0,-0.11,0.51,1.1,1496441656
BoostCoin,BOST,206,0.187531,0.00007690,187167.0,2223271.0,11855487.0,11855487.0,-0.58,12.04,24.07,1496441653
MaxCoin,MAX,207,0.0403459,0.00001654,179888.0,2196539.0,54442678.0,54442678.0,-2.23,17.52,59.56,1496441646
iCash,ICASH,208,0.00972704,0.00000399,14241.7,2149097.0,220940496.0,220940496.0,2.22,15.61,17.36,1496441660
Groestlcoin,GRS,209,0.0314299,0.00001289,8574.12,2125358.0,67622157.0,67622157.0,0.67,9.45,15.57,1496441648
FUNCoin,FUNC,210,0.362376,0.0001486,40885.9,2093413.0,5776909.0,100000000.0,0.98,3.36,35.04,1496441690
Project Decorum,PDC,211,0.0380191,0.00001559,2641.15,1900955.0,50000000.0,50000000.0,2.77,3.73,1.3,1496441672
TransferCoin,TX,212,0.308293,0.00012642,6969.62,1841895.0,5974496.0,5974496.0,-0.86,-0.27,-18.64,1496441663
Tickets,TIX,213,0.0000271418,0.00000001,34413.7,1815143.0,66876281414.0,66876281414.0,-3.14,-2.16,6.0,1496441643
GoldCoin,GLD,214,0.0445544,0.00001827,19273.5,1793549.0,40255264.0,40255264.0,-2.57,-3.71,-3.05,1496441644
CacheCoin,CACH,215,0.487737,0.0002,22793.4,1757778.0,3603946.0,3603946.0,401.17,483.25,,1496441646
CryptoCarbon,CCRB,216,0.477043,0.00019562,18393.5,1699280.0,3562111.0,10000150.0,0.35,9.96,20.98,1496441682
Startcoin,START,217,0.0346231,0.00001420,45850.3,1560802.0,45079785.0,70782220.0,1.05,6.39,-15.87,1496441652
DeepWebCash,DWC,218,1.16594,0.0004781,18495.6,1559080.0,1337188.0,1337188.0,0.1,-7.59,-15.84,1496441680
Breakout,BRK,219,0.0866465,0.00003553,7001.14,1552356.0,17915967.0,17915967.0,0.01,26.57,26.18,1496441673
Sequence,SEQ,220,0.0346293,0.00001420,1545.96,1547988.0,44701676.0,44701676.0,0.53,8.43,42.78,1496441677
vTorrent,VTR,221,0.142736,0.00005853,16610.2,1543828.0,10815966.0,10815966.0,0.61,-4.17,26.36,1496441658
2GIVE,2GIVE,222,0.00289927,0.00000119,16056.9,1487317.0,512997039.0,512997039.0,-1.9,16.2,-23.74,1496441671
Pangea Poker,PANGEA,223,1.48386,0.00060847,903.967,1482899.0,999352.0,1000000.0,3.58,66.18,94.21,1496441658
Boolberry,XBB,224,0.154206,0.00006323,7208.36,1469966.0,9532480.0,9532480.0,1.72,15.25,6.41,1496441652
Anoncoin,ANC,225,0.686829,0.00028164,192327.0,1449427.0,2110317.0,2110317.0,2.11,48.55,48.3,1496441642
Bitswift,SWIFT,226,0.35339,0.00014491,9000.09,1435085.0,4060910.0,4060910.0,3.01,18.13,96.9,1496441656
Visio,VISIO,227,0.0281996,0.00001156,4433.85,1426937.0,50601312.0,62601312.0,5.93,12.64,-1.05,1496441685
EB3 Coin,EB3,228,0.292667,0.00012001,39329.8,1371603.0,4686564.0,786000000.0,0.28,2.47,18.83,1496441687
EuropeCoin,ERC,229,0.133079,0.00005457,1533.96,1311027.0,9851493.0,9851493.0,-0.52,-3.27,16.05,1496441662
VeriumReserve,VRM,230,1.16905,0.00047938,97973.9,1302376.0,1114046.0,1114046.0,2.08,56.98,42.24,1496441676
ChainCoin,CHC,231,0.0879447,0.00003606,12100.2,1291515.0,14685539.0,14685539.0,0.14,-6.03,-0.38,1496441662
MediterraneanCoin,MED,232,0.0253623,0.00001040,200349.0,1260674.0,49706598.0,49706598.0,2.5,93.0,77.85,1496441656
Voxels,VOX,233,0.039044,0.00001601,527928.0,1229886.0,31500000.0,210000000.0,-0.38,31.98,31.74,1496441669
Yocoin,YOC,234,0.0112026,0.00000459,69294.6,1183206.0,105618830.0,200000000.0,-2.42,7.36,35.81,1496441666
Dynamic,DYN,235,0.731582,0.00029999,4666.06,1182688.0,1616618.0,4370522.0,0.5,6.09,20.85,1496441686
LiteDoge,LDOGE,236,0.0000796538,0.00000003,8368.05,1176857.0,14774652659.0,14774652659.0,-7.89,17.49,-45.49,1496441660
Stealthcoin,XST,237,0.0443353,0.00001818,1418.2,1160622.0,26178276.0,26178276.0,-0.07,-2.12,14.96,1496441653
Qwark,QWARK,238,0.0651617,0.00002672,31502.9,1150710.0,17659296.0,250377576.0,-1.53,20.7,61.11,1496441670
Renos,RNS,239,0.0344635,0.00001413,631181.0,1149437.0,33352300.0,33352300.0,-4.75,24.61,124.07,1496441685
TagCoin,TAG,240,0.208331,0.00008543,162675.0,1144359.0,5492984.0,5492984.0,0.53,12.42,15.54,1496441642
Creativecoin,CREA,241,0.10805,0.00004431,7317.84,1140845.0,10558488.0,12270216.0,-0.86,17.43,20.32,1496441690
HTMLCOIN,HTML5,242,0.0000269624,0.00000001,3235.86,1096265.0,40659020000.0,40659020000.0,0.08,33.35,22.67,1496441655
SecureCoin,SRC,243,0.14011,0.00005745,152631.0,1090878.0,7785866.0,7785866.0,0.0,13.6,10.88,1496441643
Inpay,INPAY,244,0.107365,0.00004403,24314.5,1073650.0,10000000.0,10000000.0,1.14,-2.62,-16.13,1496441688
WhiteCoin,XWC,245,0.00424331,0.00000174,17596.9,1052580.0,248056425.0,248056425.0,1.4,-2.57,62.08,1496441649
Ixcoin,IXC,246,0.0498462,0.00002044,2873.99,1046725.0,20999088.0,20999088.0,-0.18,-14.09,-0.35,1496441641
DopeCoin,DOPE,247,0.00912069,0.00000374,20654.6,1013178.0,111085648.0,111085648.0,-0.07,24.6,0.42,1496441648
Triggers,TRIG,248,0.0310689,0.00001274,5414.3,997485.0,32105593.0,100000000.0,1.27,0.02,4.18,1496441678
Hush,HUSH,249,0.89991,0.00036901,65063.1,990700.0,1100888.0,1222363.0,14.77,29.05,95.7,1496441681
Hacker Gold,HKG,250,0.0611308,0.00002507,2220.09,984872.0,16110893.0,16110893.0,0.0,4.27,3.7,1496441680
CannabisCoin,CANN,251,0.0126479,0.00000519,55553.0,976812.0,77231176.0,91859176.0,0.18,2.27,53.44,1496441654
Mercury,MER,252,0.00962162,0.00000395,1827.69,962162.0,100000000.0,100000000.0,-0.66,-5.74,-7.01,1496441686
AudioCoin,ADC,253,0.0012045,0.00000049,4571.27,955408.0,793198644.0,793198644.0,-0.05,-5.0,-9.93,1496441662
DIBCOIN,DIBC,254,0.187163,0.00007675,4562.3,935815.0,5000000.0,5000000000.0,-2.35,2.29,20.41,1496441687
PutinCoin,PUT,255,0.00464198,0.00000190,4102.37,930335.0,200417616.0,200417616.0,-8.59,-8.46,33.08,1496441673
PepeCoin,PEPE,256,0.0674465,0.00002766,20755.9,929266.0,13777825.0,13777825.0,2.01,6.52,42.34,1496441668
HiCoin,XHI,257,0.00485129,0.00000199,126716.0,920435.0,189729990.0,10189729990.0,0.42,-3.76,-0.81,1496441670
ArcticCoin,ARC,258,0.037769,0.00001549,24861.8,882323.0,23361042.0,23361042.0,-1.52,-9.89,-21.78,1496441678
EverGreenCoin,EGC,259,0.0658936,0.00002702,12185.4,877788.0,13321301.0,13321301.0,4.0,3.12,11.85,1496441666
Syndicate,SYNX,260,0.0749511,0.00003073,15797.8,844613.0,11268860.0,11268860.0,-8.86,-37.35,47.63,1496441672
Pesetacoin,PTC,261,0.00641538,0.00000263,3498.49,837536.0,130551279.0,130551279.0,0.43,6.88,0.09,1496441646
Woodcoin,LOG,262,0.103449,0.00004242,577.261,831233.0,8035193.0,8035193.0,0.23,2.09,6.45,1496441660
BlueCoin,BLU,263,0.00140236,0.00000058,1752.6,805913.0,574683675.0,574683675.0,15.14,-14.19,220.93,1496441650
Centurion,CNT,264,0.0307003,0.00001259,31178.0,793611.0,25850279.0,63389078.0,0.21,-8.49,1.68,1496441683
ShadowCash,SDC,265,0.117273,0.00004809,519.471,781888.0,6667250.0,6667250.0,0.23,-4.52,-13.88,1496441654
ExclusiveCoin,EXCL,266,0.190364,0.00007806,5126.4,778375.0,4088878.0,4088878.0,0.24,15.99,3.6,1496441656
Unitus,UIS,267,0.0164118,0.00000673,22670.6,767833.0,46785418.0,46785418.0,-1.09,1.66,-4.61,1496441658
e-Gulden,EFL,268,0.0499395,0.00002048,1818.58,766366.0,15345898.0,20385238.0,0.0,2.62,-12.98,1496441650
Version,V,269,0.00170708,0.00000070,900.566,746754.0,437445142.0,437445142.0,0.2,36.97,,1496441693
GeoCoin,GEO,270,0.302978,0.00012424,6087.9,743835.0,2455079.0,2455079.0,-2.39,16.11,33.26,1496441659
Ripto Bux,RBX,271,0.00215078,0.00000088,5578.99,735782.0,342100100.0,1000000000.0,3.42,15.19,69.83,1496441687
HempCoin,THC,272,0.00338961,0.00000139,15809.3,717998.0,211823061.0,211823061.0,0.2,11.1,-8.77,1496441653
ProCurrency,PROC,273,0.253336,0.00010388,972.692,713193.0,2815205.0,15000053805.0,0.54,16.65,15.31,1496441689
Fantomcoin,FCN,274,0.119496,0.00004900,5126.02,700591.0,5862881.0,5862881.0,0.72,0.21,6.06,1496441652
Tokes,TKS,275,1.07824,0.00044214,9349.43,698294.0,647624.0,50000000.0,1.9,11.46,1.77,1496441686
Altcoin,ALT,276,5.41933,0.00222223,2090.04,662108.0,122175.0,134063.0,0.11,1.03,23.31,1496441688
Synergy,SNRG,277,0.23786,0.00009754,1095.8,660374.0,2776315.0,2776315.0,0.14,8.92,27.44,1496441661
DT Token,DRACO,278,0.00733079,0.00000301,80229.4,651626.0,88888888.0,88888888.0,-2.06,38.23,68.36,1496441673
BTSR,BTSR,279,0.179821,0.00007374,19202.9,595355.0,3310819.0,3310819.0,-0.0,20.49,41.45,1496441670
TrustPlus,TRUST,280,0.0185096,0.00000759,1139.37,593910.0,32086595.0,32086595.0,0.2,7.74,34.87,1496441654
Magi,XMG,281,0.0834994,0.00003424,3998.86,589189.0,7056210.0,7056210.0,0.28,1.48,-4.4,1496441656
Moin,MOIN,282,0.0827248,0.00003392,2152.01,574944.0,6950085.0,6950085.0,-0.44,18.24,31.83,1496441667
Deutsche eMark,DEM,283,0.0203134,0.00000833,756.755,564579.0,27793416.0,27793416.0,0.19,-5.12,8.48,1496441643
TileCoin,XTC,284,0.00542202,0.00000222,8181.29,542202.0,100000000.0,100000000.0,4.56,0.2,1.86,1496441657
UniBURST,UNIBURST,285,0.526325,0.00021582,4406.39,526324.0,999999.0,1000000.0,-11.87,-10.48,206.78,1496441684
Canada eCoin,CDN,286,0.00540108,0.00000221,750.859,526149.0,97415544.0,97415544.0,0.59,7.61,26.42,1496441651
1337,1337,287,0.0000228536,0.000000009,4961.7,521586.0,22822930430.0,22822930430.0,-7.26,24.56,67.29,1496441664
FujiCoin,FJC,288,0.000530924,0.00000022,3558.77,511463.0,963344097.0,963344097.0,-0.27,-27.12,13.56,1496441662
NuShares,NSR,289,0.000180043,0.00000007,550.436,486524.0,2702268334.0,3317178541.0,0.24,-24.63,-62.57,1496441657
Elcoin,EL,290,0.0414892,0.00001701,4185.1,465051.0,11208967.0,20935289.0,-4.62,-15.1,-12.32,1496441671
TrumpCoin,TRUMP,291,0.0694821,0.00002849,5944.35,454382.0,6539550.0,6539550.0,4.45,15.7,20.07,1496441669
Capricoin,CPC,292,0.460616,0.00018888,50150.7,453616.0,984804.0,200984804.0,3.71,1.41,28.36,1496441662
IncaKoin,NKA,293,0.0000593035,0.00000002,11835.3,446970.0,7536996331.0,7536996331.0,2.07,5.59,79.24,1496441658
KoreCoin,KORE,294,0.242966,0.00009963,2979.06,444858.0,1830949.0,1830949.0,0.23,-3.51,5.44,1496441652
BitBar,BTB,295,13.2525,0.00543428,773.673,431909.0,32591.0,32591.0,0.64,15.07,26.0,1496441641
I0Coin,I0C,296,0.0194363,0.00000797,1094.63,407666.0,20974453.0,20974453.0,0.01,1.4,10.7,1496441643
NobleCoin,NOBL,297,0.000169449,0.00000007,10820.9,388324.0,2291685072.0,2291685072.0,0.2,-11.16,-16.49,1496441648
Newbium,NEWB,298,0.0160953,0.00000660,44751.1,386287.0,24000000.0,51000000.0,0.28,51.48,282.0,1496441671
Cryptojacks,CJ,299,0.000940191,0.00000039,4563.04,382252.0,406568581.0,406568581.0,-3.26,312.7,163.52,1496441673
PostCoin,POST,300,0.0241998,0.00000992,3936.98,381760.0,15775332.0,15775332.0,1.66,3.34,9.19,1496441669
Terracoin,TRC,301,0.0188592,0.00000773,6851.01,379125.0,20102940.0,20102940.0,-4.8,20.52,2.88,1496441640
GCoin,GCN,302,0.0000026370,0.000000001,2181.98,366604.0,139023260000,139023260000,1.56,17.65,55.18,1496441658
TeslaCoin,TES,303,0.00497096,0.00000204,1164.33,356786.0,71774059.0,71774059.0,0.27,1.67,1.72,1496441645
Virtacoinplus,XVP,304,0.039613,0.00001624,1131.48,349405.0,8820467.0,10355061.0,1.72,-4.19,-36.62,1496441686
Master Swiscoin,MSCN,305,0.0338342,0.00001387,11045.4,346906.0,10253120.0,1002579120.0,2.98,-3.57,-14.01,1496441684
iTicoin,ITI,306,10.7765,0.00441896,51334.3,344848.0,32000.0,9999992.0,1.3,-10.22,9.47,1496441690
Jewels,JWL,307,0.0169245,0.00000694,3310.44,341475.0,20176355.0,20176355.0,1.11,5.94,6.17,1496441676
Wyvern,WYV,308,0.312176,0.00012801,881.892,340469.0,1090631.0,1090631.0,0.28,3.69,-9.08,1496441687
Trollcoin,TROLL,309,0.000608655,0.00000025,900.245,337050.0,553762367.0,553762367.0,0.26,-0.61,-7.13,1496441656
Dotcoin,DOT,310,0.00140075,0.00000057,39160.3,315096.0,224947750.0,489947750.0,2.25,0.75,15.97,1496441659
Bytecent,BYC,311,0.192973,0.00007913,7331.09,312974.0,1621856.0,1621856.0,7.43,22.56,9.97,1496441658
Atomic Coin,ATOM,312,0.030291,0.00001242,1251.62,304445.0,10050678.0,10050678.0,3.35,35.06,28.62,1496441677
ParkByte,PKB,313,0.0625083,0.00002563,1650.43,297791.0,4764026.0,4764026.0,0.29,11.33,22.12,1496441661
MazaCoin,MZC,314,0.000270866,0.00000011,1206.88,295953.0,1092618137.0,1092618137.0,0.39,7.62,8.37,1496441647
Joincoin,J,315,0.114721,0.00004704,682.344,280883.0,2448402.0,2448402.0,-51.71,-70.56,-26.45,1496441654
Quatloo,QTL,316,0.0370684,0.00001520,10471.7,275717.0,7438061.0,7438061.0,2.14,0.19,-4.49,1496441654
Influxcoin,INFX,317,0.164142,0.00006731,8698.16,274673.0,1673383.0,1673383.0,0.39,5.38,-34.38,1496441664
Karbowanec,KRB,318,0.0756565,0.00003102,5239.66,267953.0,3541704.0,3541704.0,-0.28,-2.4,2.1,1496441674
Asiadigicoin,ADCN,319,0.0107302,0.00000440,910.706,267515.0,24931054.0,210000000.0,0.23,-16.53,-24.32,1496441667
UltraCoin,UTC,320,0.00597478,0.00000245,3988.69,257530.0,43102837.0,43102837.0,0.89,17.37,47.38,1496441645
8Bit,8BIT,321,0.216964,0.00008897,2256.02,252636.0,1164415.0,1164415.0,0.28,7.63,-29.24,1496441660
Rubies,RBIES,322,0.0242799,0.00000996,2213.64,251869.0,10373574.0,10373574.0,3.38,11.96,-1.6,1496441668
Torcoin,TOR,323,0.942018,0.00038628,7719.53,247711.0,262958.0,1262958.0,0.15,16.85,24.89,1496441687
Sexcoin,SXC,324,0.00197664,0.00000081,2578.09,242226.0,122544176.0,122544176.0,1.34,-0.33,-4.17,1496441642
Zoin,ZOI,325,0.0223619,0.00000917,1434.53,240617.0,10760150.0,10760150.0,0.28,-3.95,-7.09,1496441678
PRCoin,PRC,326,0.0237797,0.00000975,43808.2,225146.0,9468000.0,789468000.0,0.28,2.29,2.49,1496441684
Flycoin,FLY,327,1.02264,0.00041934,1934.39,215578.0,210806.0,210806.0,0.2,13.12,209.75,1496441668
NuBits,USNBT,328,1.00263,0.00041114,69140.0,197289.0,196772.0,838087.0,0.61,-6.99,-2.86,1496441656
LiteBar,LTB,329,0.297824,0.00012213,801.82,192390.0,645985.0,645985.0,0.28,-7.54,-9.2,1496441648
KibiCoin,KIC,330,0.0127561,0.00000523,688.486,186967.0,14657050.0,14657050.0,-0.2,-31.11,,1496441691
GoldBlocks,GB,331,0.0122396,0.00000502,500.612,181975.0,14867693.0,14867693.0,0.2,-2.25,15.6,1496441674
Netko,NETKO,332,0.0739892,0.00003034,1195.05,181552.0,2453766.0,2453766.0,0.24,11.53,-3.24,1496441686
TEKcoin,TEK,333,0.000128056,0.00000005,1795.39,181078.0,1414054562.0,1414054562.0,33.32,43.9,261.36,1496441653
UnbreakableCoin,UNB,334,0.0736233,0.00003019,3430.59,167725.0,2278150.0,2278150.0,-1.0,6.03,10.93,1496441651
Tattoocoin (Standard Edition),TSE,335,0.0014503,0.00000059,1030.85,165905.0,114393495.0,604393495.0,0.31,1.3,27.62,1496441683
DigitalPrice,DP,336,0.00721842,0.00000296,543.187,163564.0,22659297.0,22659297.0,-1.56,52.69,84.7,1496441656
bitBTC,BITBTC,337,2418.79,0.991841,75440.8,162252.0,67.0,67.0,-12.61,-3.32,6.04,1496441656
Fastcoin,FST,338,0.00122258,0.00000050,1514.81,154980.0,126764507.0,126764507.0,0.23,-6.0,37.58,1496441642
Bottlecaps,CAP,339,0.00105508,0.00000043,625.031,146630.0,138975401.0,138975401.0,20.56,-65.39,64.22,1496441641
TheGCCcoin,GCC,340,0.0202411,0.00000830,2304.56,142524.0,7041304.0,867041304.0,0.2,-5.95,-13.61,1496441684
Pascal Lite,PASL,341,0.0711853,0.00002919,3232.63,141064.0,1981650.0,1981650.0,2.89,21.77,-26.94,1496441685
Truckcoin,TRK,342,0.00107302,0.00000044,619.133,132097.0,123107858.0,123107858.0,0.23,-11.93,41.16,1496441653
Phoenixcoin,PXC,343,0.00226753,0.00000093,712.225,131268.0,57890375.0,57890375.0,12.02,41.32,94.61,1496441641
PipCoin,PIP,344,0.0194851,0.00000799,510.389,128079.0,6573177.0,6999979.0,0.11,-7.65,-6.96,1496441677
BERNcash,BERN,345,0.00173601,0.00000071,934.642,123663.0,71234301.0,71234301.0,1.28,13.36,-2.0,1496441670
Piggycoin,PIGGY,346,0.000252184,0.00000010,1154.25,122010.0,483813337.0,483813337.0,2.43,-8.3,-40.07,1496441652
Machinecoin,MAC,347,0.00599917,0.00000246,2494.38,117341.0,19559525.0,19559525.0,-0.23,3.06,-5.53,1496441658
bitEUR,BITEUR,348,1.14905,0.00047117,20571.7,117318.0,102100.0,102100.0,-0.34,-0.22,-6.03,1496441661
MojoCoin,MOJO,349,0.00962853,0.00000395,2487.85,116084.0,12056244.0,12056244.0,0.27,3.63,-23.55,1496441670
bitSilver,BITSILVER,350,20.4771,0.00839675,23086.1,115421.0,5637.0,5637.0,0.0,1.73,8.93,1496441659
Sumokoin,SUMO,351,0.244015,0.00010006,8176.0,113732.0,466087.0,9354976.0,0.26,2.14,,1496441691
CHNCoin,CNC,352,0.00448457,0.00000184,13162.4,113281.0,25260247.0,170109984.0,0.47,11.97,3.26,1496441644
Rimbit,RBT,353,0.000978479,0.00000040,626.98,113014.0,115499623.0,393459356.0,-2.02,4.09,8.98,1496441657
QuazarCoin,QCN,354,0.0195095,0.00000800,776.731,111462.0,5713193.0,5713193.0,5.5,5.81,31.08,1496441651
Emerald Crypto,EMD,355,0.00565781,0.00000232,2947.39,108161.0,19117129.0,19117129.0,0.28,46.67,106.37,1496441642
Eryllium,ERY,356,0.0216225,0.00000887,4156.32,94161.0,4354778.0,14354778.0,-0.52,-2.84,-39.24,1496441684
bitGold,BITGOLD,357,1575.21,0.645927,4063.83,88235.0,56.0,56.0,-0.01,2.32,-2.53,1496441658
Freicoin,FRC,358,0.00268256,0.00000110,17993.6,74861.0,27906485.0,100000000.0,0.2,2.11,14.29,1496441657
Greencoin,GREV2,359,0.0000243869,0.00000001,622.125,74621.0,3059880641.0,3059880641.0,-19.82,2.09,9.09,1496441653
Gapcoin,GAP,360,0.00667205,0.00000274,11327.6,72627.0,10885242.0,10885242.0,-0.92,7.17,31.51,1496441658
PetroDollar,XPD,361,0.00105593,0.00000043,1328.31,67572.0,63993275.0,63993275.0,-0.24,22.47,24.37,1496441649
Kurrent,KURT,362,0.00675325,0.00000277,1753.58,66989.0,9919485.0,21319485.0,-0.86,-0.01,4.55,1496441679
MCAP,MCAP,363,6.45172,0.00264557,108183.0,64549.0,10005.0,100000000.0,-2.66,0.29,,1496441691
CrevaCoin,CREVA,364,0.00175664,0.00000072,12410.5,63925.0,36390750.0,6240390800.0,-1.49,2.07,-1.02,1496441662
Wexcoin,WEX,365,0.349395,0.00014327,6000.54,58628.0,167799.0,10000167799.0,0.1,-5.75,18.47,1496441676
Argentum,ARG,366,0.00734044,0.00000301,832.514,55108.0,7507396.0,7507396.0,0.28,-9.15,4.09,1496441642
Acoin,ACOIN,367,0.0433107,0.00001776,11777.3,52843.0,1220085.0,1220085.0,1.92,3.0,-21.9,1496441656
Philosopher Stones,PHS,368,0.019729,0.00000809,3066.44,47926.0,2429219.0,2429219.0,0.23,2.29,7.54,1496441644
Prime-XI,PXI,369,0.00321907,0.00000132,687.131,47643.0,14800230.0,14800230.0,0.33,14.8,75.06,1496441657
PonziCoin,PONZI,370,0.0542608,0.00002225,740.835,46724.0,861099.0,861099.0,0.2,-1.3,21.3,1496441671
LevoPlus,LVPS,371,0.0972931,0.00003990,3119.43,40175.0,412927.0,91412927.0,0.28,114.28,-28.25,1496441685
Bolivarcoin,BOLI,372,0.00556078,0.00000228,781.298,36075.0,6487425.0,6487425.0,-0.54,8.42,32.69,1496441663
Independent Money System,IMS,373,0.00667003,0.00000274,893.149,35811.0,5368934.0,5368934.0,2.15,-0.54,-6.95,1496441668
Rawcoin,XRC,374,0.0445304,0.00001826,1481.26,31389.0,704882.0,704882.0,-0.16,-12.86,151.06,1496441680
BeaverCoin,BVC,375,0.00887682,0.00000364,646.399,27654.0,3115258.0,3115258.0,0.23,2.58,-4.58,1496441656
PIECoin,PIE,376,0.000364459,0.00000015,530.999,26266.0,72068909.0,72068909.0,0.28,-7.1,0.22,1496441684
Marijuanacoin,MAR,377,0.0491151,0.00002014,9679.82,25672.0,522690.0,522690.0,13.22,-22.59,0.27,1496441685
Eurocoin,EUC,378,0.00163392,0.00000067,1308.2,19166.0,11730350.0,11730350.0,0.96,13.39,-22.79,1496441664
FuzzBalls,FUZZ,379,0.00312152,0.00000128,511.154,15077.0,4829945.0,4829945.0,1.34,28.05,10.32,1496441671
Bitvolt,VOLT,380,0.000804767,0.00000033,901.019,12162.0,15112554.0,60132654.0,-1.22,17.49,-4.45,1496441689
Beatcoin,XBTS,381,0.0060103,0.00000246,1352.71,9164.0,1524686.0,2524686.0,-6.28,-8.1,17.48,1496441677
Ebittree Coin,EBT,382,0.0103644,0.00000425,1102.29,9043.0,872470.0,810872470.0,0.28,-11.47,3.07,1496441688
BenjiRolls,BENJI,383,0.000438964,0.00000018,5519.74,8317.0,18947586.0,18947586.0,-5.04,-2.45,-11.86,1496441682
AllSafe,ASAFE,384,0.0000093474,0.000000004,885.396,6637.0,710000000.0,710000000.0,-13.85,-49.96,30.2,1496441678
Argus,ARGUS,385,0.0057527,0.00000236,725.688,6606.0,1148324.0,5194373.0,0.3,6.9,13.45,1496441684
Digital Money Bits,DMB,386,0.0160276,0.00000657,10284.7,5020.0,313200.0,10313200.0,0.17,16.87,208.62,1496441691
Environ,ENV,387,0.0000244102,0.00000001,3524.95,3201.0,131129509.0,931129509.0,0.28,-41.9,,1496441690
Powercoin,PWR,388,0.0000243869,0.00000001,1302.1,1219.0,49983870.0,49983870.0,0.2,2.07,9.09,1496441672
Gold Pressed Latinum,GPL,389,0.178902,0.00007336,7148.86,,,204108.0,-7.42,-7.06,-6.3,1496441690
SnakeEyes,SNAKE,390,0.150003,0.00006151,696.912,,,10000000.0,2.75,2.0,47.16,1496441689
Arcade Token,ARC,391,3.74133,0.00167261,,10777041.0,2880537.0,2880537.0,,,46.54,1496180681
Scotcoin,SCOT,392,0.00774289,0.00000321,,7742890.0,1000000000.0,1000000000.0,,-6.32,66.18,1496426352
XCurrency,XC,393,0.514441,0.00021095,209.727,2987288.0,5806863.0,5806863.0,0.23,19.65,1.56,1496441651
AsiaCoin,AC,394,0.00297475,0.00000122,4.57344,2499118.0,840110415.0,840110415.0,-0.21,6.65,-10.76,1496441649
Bitpark Coin,BPC,395,0.0184365,0.00000756,127.824,1382738.0,75000000.0,100000000.0,13.4,10.36,8.09,1496441681
NewYorkCoin,NYC,396,0.0000224303,0.000000009,378.246,1339536.0,59719935819.0,59719935819.0,0.35,-6.08,4.19,1496441650
InsaneCoin,INSANE,397,0.0714423,0.00002930,366.803,1310323.0,18340998.0,18340998.0,12.37,1.62,58.47,1496441678
Devcoin,DVC,398,0.0000631892,0.00000003,14.2493,884995.0,14005477500.0,14005477500.0,1.95,67.35,56.99,1496441640
GlobalCoin,GLC,399,0.0130714,0.00000536,2.50382,851876.0,65171010.0,65171010.0,0.2,-15.25,-48.99,1496441643
Pandacoin,PND,400,0.0000243869,0.00000001,225.636,792938.0,32514916898.0,32514916898.0,0.23,2.09,9.09,1496441648
Casino,CASINO,401,0.781592,0.0003205,22.6662,781592.0,1000000.0,1000000.0,-0.86,66.15,40.28,1496441685
Ultimate Secure Cash,USC,402,0.0739872,0.00003034,94.8702,765258.0,10343113.0,38602656.0,0.28,-6.0,10.52,1496441687
DubaiCoin,DBIC,403,0.147012,0.00006028,299.123,754027.0,5129014.0,6146942.0,0.25,-9.68,-2.36,1496441667
Carboncoin,CARBON,404,0.0000487737,0.00000002,16.7244,750722.0,15391933986.0,15391933986.0,100.56,2.07,9.09,1496441653
Tao,XTO,405,0.021727,0.00000891,217.484,658693.0,30316815.0,32316815.0,8.79,45.32,13.42,1496441677
Cryptofund,FUND,406,0.5588,0.0002553,,558800.0,1000000.0,1000000.0,,,-10.24,1495948164
E-Currency Coin ,ECC,407,0.0000243869,0.00000001,3.90436,537990.0,22060603799.0,22060603799.0,0.28,2.07,9.09,1496441648
CageCoin,CAGE,408,0.0000052566,0.000000002,324.744,531804.0,101168328395,101168328395,0.64,11.46,24.58,1496441646
Colossuscoin V2,CV2,409,0.0000230934,0.000000009,133.348,512460.0,22190755273.0,22190755273.0,2.08,51.84,-26.44,1496441659
SmileyCoin,SMLY,410,0.0000182117,0.000000007,134.656,472780.0,25960250000.0,25960250000.0,1.92,-13.17,-8.02,1496441659
PayCoin,XPY,411,0.0381368,0.00001564,116.83,446311.0,11702906.0,11752906.0,0.23,421.69,126.82,1496441658
CasinoCoin,CSC,412,0.0114617,0.00000470,291.936,442435.0,38601187.0,38601187.0,0.39,-2.84,-8.37,1496441642
ReeCoin,REE,413,0.0354623,0.00001454,349.905,438587.0,12367704.0,6662367704.0,-5.95,-14.49,50.04,1496441673
Happycoin,HPC,414,0.0377996,0.00001550,245.097,429629.0,11365954.0,11365954.0,0.23,3.87,186.52,1496441688
Dashcoin,DSH,415,0.0239625,0.00000983,220.08,414349.0,17291579.0,17291579.0,0.55,-2.07,2.66,1496441656
Mineum,MNM,416,0.0414258,0.00001699,158.543,390909.0,9436367.0,9586367.0,3.0,12.28,0.04,1496441673
YashCoin,YASH,417,0.0377996,0.00001550,224.332,378000.0,10000117.0,10000117.0,0.23,-20.69,9.79,1496441682
FuelCoin,FC2,418,0.00368242,0.00000151,149.509,373444.0,101412691.0,101412691.0,0.23,4.49,,1496441652
LTBcoin,LTBC,419,0.000742106,0.00000032,,366499.0,493863915.0,493863915.0,,,,1496287754
Orbitcoin,ORB,420,0.122572,0.00005026,242.49,362301.0,2955819.0,2955819.0,0.26,-1.53,9.55,1496441644
RussiaCoin,RC,421,0.043116,0.00001768,0.292568,354260.0,8216446.0,8216446.0,0.28,2.18,13.61,1496441666
MTMGaming,MTM,422,0.117107,0.00004802,495.832,351321.0,3000000.0,5000000.0,-0.86,60.61,221.85,1496441685
SuperCoin,SUPER,423,0.00853223,0.00000350,,351149.0,41155630.0,41155630.0,0.2,2.03,,1496441051
HOdlcoin,HODL,424,0.00368242,0.00000151,243.993,341655.0,92779895.0,250000000.0,0.28,18.56,18.4,1496441668
Crypto Bullion,CBX,425,0.308674,0.00012657,256.982,307398.0,995867.0,995867.0,-3.12,-3.95,-26.4,1496441642
SmartCoin,SMC,426,0.013392,0.00000549,79.0065,306595.0,22893894.0,22893894.0,0.16,15.28,7.41,1496441645
Rare Pepe Party,RAREPEPEPRTY,427,16.1275,0.0067095,,290295.0,18000.0,100000.0,,,12.16,1496315982
Shorty,SHORTY,428,0.00285326,0.00000117,0.285326,285326.0,100000000.0,100000000.0,0.2,-43.12,-19.85,1496441682
The Cypherfunks,FUNK,429,0.0000062179,0.000000003,128.513,274606.0,44163645000.0,44163645000.0,2.09,32.55,-9.01,1496441662
HitCoin,HTC,430,0.0000243869,0.00000001,24.4941,268166.0,10996318099.0,20996318099.0,0.23,-48.95,-45.45,1496441670
Kobocoin,KOBO,431,0.0106083,0.00000435,1.02013,262028.0,24700248.0,24700248.0,0.28,45.92,-35.34,1496441659
BTCtalkcoin,TALK,432,0.00357833,0.00000161,,233631.0,65290635.0,65290635.0,,,-25.55,1496191750
Neutron,NTRN,433,0.0182918,0.00000750,337.051,230800.0,12617684.0,12617684.0,0.2,5.41,247.82,1496441661
AgrolifeCoin,AGLC,434,0.0472658,0.00001990,,216883.0,4588583.0,204588583.0,,,,1496301878
VirtualCoin,VC,435,0.0213734,0.00000888,,215108.0,10064287.0,10064287.0,,0.76,0.96,1496433855
Bitstar,BITS,436,0.00902452,0.00000370,322.152,208284.0,23079737.0,23079737.0,7.79,8.24,68.33,1496441650
BritCoin,BRIT,437,0.00973036,0.00000399,164.653,206946.0,21268092.0,21268092.0,0.25,2.09,7.5,1496441653
Vault Coin,VLTC,438,0.00690747,0.00000283,31.2265,205335.0,29726520.0,529726520.0,0.24,42.73,-24.91,1496441680
Veltor,VLT,439,0.365754,0.00014998,348.93,202940.0,554855.0,554855.0,17.7,-21.25,4.78,1496441676
SwagBucks,BUCKS,440,0.982788,0.000403,2.00793,202172.0,205713.0,205713.0,13.74,3.22,-19.93,1496441666
42-coin,42,441,4669.58,1.91479,133.816,196122.0,42.0,42.0,2.6,7.15,29.31,1496441647
Pesobit,PSB,442,0.00592601,0.00000243,405.66,193616.0,32672174.0,32672174.0,0.2,-2.33,7.28,1496441677
BillaryCoin,BLRY,443,0.0197777,0.00000811,23.8732,177666.0,8983158.0,8983158.0,0.28,-1.98,-11.09,1496441671
Bitz,BITZ,444,0.0892373,0.00003720,,177662.0,1990891.0,1990891.0,,,7.0,1496351362
Zero,ZER,445,0.231846,0.00009507,443.319,173254.0,747280.0,747280.0,0.28,1.21,-1.17,1496441685
Tristar Coin,TSTR,446,0.0343849,0.00001500,,172882.0,5027857.0,255027857.0,,,-14.48,1496271895
NetCoin,NET,447,0.000218158,0.00000009,7.22828,171718.0,787126712.0,787126712.0,-0.3,1.9,1.93,1496441643
LanaCoin,LANA,448,0.000219693,0.00000009,489.5,164474.0,748655290.0,748655290.0,-2.34,15.93,85.03,1496441672
Titcoin,TIT,449,0.00304938,0.00000125,128.853,152159.0,49898202.0,49898202.0,-0.35,6.99,-21.3,1496441654
LottoCoin,LOT,450,0.0000102285,0.000000004,11.0992,148221.0,14491014421.0,14491014421.0,0.6,4.79,16.76,1496441644
Coin(O),CNO,451,0.00141924,0.00000058,313.252,146349.0,103117854.0,103117854.0,-1.45,34.13,65.16,1496441647
Crave,CRAVE,452,0.113887,0.00004670,265.301,142324.0,1249695.0,1249695.0,0.23,,106.21,1496441660
GAIA,GAIA,453,0.00585285,0.00000240,58.5285,141062.0,24101381.0,24101381.0,0.23,,20.53,1496441657
PureVidz,VIDZ,454,0.001103,0.00000045,256.127,138079.0,125184903.0,125184903.0,6.51,-27.79,12.35,1496441682
Stress,STS,455,0.000243869,0.00000010,2.43869,137819.0,565134332.0,565134332.0,0.23,2.07,-1.26,1496441668
Bitcurrency,BTCR,456,0.000747637,0.00000031,110.281,125824.0,168294998.0,168294998.0,0.23,5.82,28.12,1496441679
GameUnits,UNITS,457,0.0362654,0.00001487,10.4805,125707.0,3466310.0,3466310.0,40.99,66.7,37.07,1496441682
Digital Rupees,DRS,458,0.000243869,0.00000010,177.755,124569.0,510802961.0,510802961.0,0.2,45.85,-25.87,1496441683
HyperStake,HYP,459,0.000312856,0.00000013,340.833,120699.0,385796097.0,385796097.0,11.46,21.13,51.08,1496441654
MetalCoin,METAL,460,0.00154592,0.00000064,,118921.0,76925527.0,76925527.0,,1.12,-11.57,1496430259
BitcoinTX,BTX,461,0.00143883,0.00000059,59.2771,116636.0,81062762.0,81062762.0,0.2,-44.74,-67.33,1496441661
Xiaomicoin,MI,462,0.0002843,0.00000012,297.779,115466.0,406141855.0,406141855.0,0.18,13.2,11.84,1496441664
Universal Currency,UNIT,463,0.0087305,0.00000358,8.05652,113902.0,13046431.0,13046431.0,5.91,232.3,25.76,1496441661
TittieCoin,TTC,464,0.0000883198,0.00000004,103.335,111267.0,1259816434.0,1259816434.0,0.28,23.94,31.89,1496441657
HoboNickels,HBN,465,0.00214604,0.00000088,363.425,104255.0,48580020.0,48580020.0,1.43,-12.82,66.75,1496441643
Pakcoin,PAK,466,0.00279014,0.00000114,224.909,102260.0,36650600.0,36650600.0,-10.59,6.05,8.07,1496441664
Sterlingcoin,SLG,467,0.0261277,0.00001071,359.489,101406.0,3881156.0,3881156.0,1.24,5.67,0.59,1496441656
BigUp,BIGUP,468,0.0000487737,0.00000002,206.954,100211.0,2054613680.0,2054613680.0,0.2,2.09,41.66,1496441669
BunnyCoin,BUN,469,0.0000009876,0.0000000004,24.8206,100159.0,101411748888,101411748888,0.97,20.61,12.82,1496441656
Dollarcoin,DLC,470,0.0108034,0.00000443,0.270085,98383.0,9106714.0,9106714.0,0.2,1.86,20.83,1496441677
GlobalBoost-Y,BSTY,471,0.00855995,0.00000351,296.801,97570.0,11398430.0,11398430.0,-0.8,4.19,14.36,1496441656
ChessCoin,CHESS,472,0.00179183,0.00000073,62.622,96699.0,53966611.0,53966611.0,0.18,61.98,90.24,1496441674
FlutterCoin,FLT,473,0.00029849,0.00000012,47.9708,96178.0,322214524.0,322214524.0,1.95,5.05,-6.46,1496441648
Swing,SWING,474,0.0420917,0.00001726,43.4707,95905.0,2278476.0,2278476.0,0.23,-7.57,-6.0,1496441665
Coin2.1,C2,475,0.000937372,0.00000038,311.852,93715.0,99976323.0,99976323.0,0.23,4.5,-13.35,1496441651
Cannacoin,CCN,476,0.0195339,0.00000801,47.893,91764.0,4697673.0,4697673.0,0.2,-30.3,-24.48,1496441650
CorgiCoin,CORG,477,0.0000719949,0.00000003,0.911199,90127.0,1251855418.0,1251855418.0,0.33,14.98,-62.98,1496441646
C-Bit,XCT,478,0.000682832,0.00000028,60.9711,89995.0,131796500.0,131796500.0,-16.47,-15.93,-1.47,1496441668
NoLimitCoin,NLC2,479,0.000438964,0.00000018,50.2886,87994.0,200458829.0,200458829.0,0.2,12.04,4.51,1496441677
WayGuide,WAY,480,0.000877927,0.00000036,2.7207,87828.0,100040708.0,100040708.0,0.2,,17.62,1496441676
Chronos,CRX,481,0.00112368,0.00000046,490.723,82849.0,73729962.0,73729962.0,30.99,55.02,78.44,1496441674
KiloCoin,KLC,482,0.000414577,0.00000017,4.14577,81381.0,196297971.0,10025186872.0,0.2,2.09,23.64,1496441668
Elementrem,ELE,483,0.003191,0.00000131,44.5993,79838.0,25019847.0,25019847.0,6.99,17.24,15.84,1496441674
AmberCoin,AMBER,484,0.00180463,0.00000074,2.77857,78760.0,43643263.0,43643263.0,0.2,,10.3,1496441659
KushCoin,KUSH,485,0.0145346,0.00000596,101.742,78397.0,5393834.0,5393834.0,0.2,46.98,32.69,1496441684
UFO Coin,UFO,486,0.0000229521,0.00000001,,75450.0,3287273762.0,3287273762.0,,,2.7,1496273048
Darsek,KED,487,0.00751115,0.00000308,26.0302,74076.0,9862144.0,9862144.0,0.28,-1.73,-22.23,1496441687
Triangles,TRI,488,1.01232,0.00041511,10.6048,73789.0,72891.0,72891.0,0.23,,-13.95,1496441653
CCMiner,CCM100,489,0.0301321,0.00001236,69.2134,72810.0,2416354.0,6000000.0,-0.86,11.4,36.78,1496441683
Valorbit,VAL,490,0.0000243869,0.00000001,2.92642,70049.0,2872409034.0,922340072409034,0.28,2.09,9.12,1496441669
SproutsExtreme,SPEX,491,0.0000243869,0.00000001,22.192,69908.0,2866607586.0,2866607586.0,,2.07,9.12,1496441667
Guncoin,GUN,492,0.00036576,0.00000015,26.2614,66613.0,182121628.0,182121628.0,0.2,-2.83,40.43,1496441651
HempCoin,HMP,493,0.0000487737,0.00000002,122.91,66167.0,1356621326.0,2856621326.0,0.23,2.09,14.71,1496441667
Yacoin,YAC,494,0.000560898,0.00000023,7.99623,65131.0,116119026.0,116119026.0,4.84,2.09,0.71,1496441641
Blakecoin,BLC,495,0.00538912,0.00000221,192.549,64189.0,11910789.0,11910789.0,0.28,-6.8,-5.51,1496441645
Ratecoin,XRA,496,0.000585334,0.00000024,132.377,62105.0,106101415.0,106101415.0,0.23,-0.26,-7.5,1496441662
Spots,SPT,497,0.00274729,0.00000113,467.413,61556.0,22406021.0,22406021.0,-8.24,-37.39,68.83,1496441642
Bitcloud,BTD,498,0.00540268,0.00000222,,60181.0,11139155.0,11139155.0,0.03,-16.59,-19.22,1496440775
DigiCube,CUBE,499,0.0000243869,0.00000001,10.6084,59239.0,2429126009.0,2429126009.0,0.23,26.48,9.09,1496441665
Debitcoin,DBTC,500,0.00326719,0.00000134,47.1769,58784.0,17992068.0,25992068.0,18.09,-6.98,8.15,1496441672
MarteXcoin,MXT,501,0.0211839,0.00000869,0.113616,57793.0,2728161.0,2728161.0,3.71,10.21,-15.28,1496441672
Artex Coin,ATX,502,0.00307743,0.00000126,285.995,57542.0,18698115.0,268698115.0,0.04,-17.73,49.91,1496441675
RevolverCoin,XRE,503,0.00263378,0.00000108,40.3157,57402.0,21794466.0,21794466.0,0.23,22.48,17.38,1496441672
Nyancoin,NYAN,504,0.000183571,0.00000008,63.0531,54684.0,297891209.0,297891209.0,0.27,-3.75,2.67,1496441645
Lex4All,LEX,505,0.0526325,0.00002158,22.7899,52635.0,1000043.0,5000000.0,-0.86,11.75,15.47,1496441685
AquariusCoin,ARCO,506,0.0420299,0.00001723,87.3024,51383.0,1222528.0,1222528.0,23.87,6.37,12.11,1496441670
Zayedcoin,ZYD,507,0.0081696,0.00000335,18.1319,51010.0,6243840.0,6243840.0,0.23,2.09,-8.41,1496441676
RedCoin,RED,508,0.000664664,0.00000027,49.7133,49257.0,74107896.0,74107896.0,-72.32,7.02,-29.2,1496441645
Evotion,EVO,509,0.0199269,0.00000817,74.4933,49204.0,2469220.0,2469220.0,2.97,16.92,-38.97,1496441666
AmsterdamCoin,AMS,510,0.00512124,0.00000210,51.2633,49183.0,9603707.0,16803707.0,11.36,4.67,48.87,1496441663
SatoshiMadness,MAD,511,0.0000243869,0.00000001,9.99864,48790.0,2000683485.0,2000683485.0,0.23,2.09,9.12,1496441664
CoExistCoin,COXST,512,0.00176543,0.00000072,51.7351,47912.0,27138905.0,27138905.0,0.21,27.92,-5.2,1496441670
Aricoin,ARI,513,0.000341416,0.00000014,36.401,47888.0,140262505.0,140262505.0,0.23,-5.29,25.82,1496441646
NevaCoin,NEVA,514,0.0263644,0.00001081,127.592,47849.0,1814920.0,1814920.0,-1.98,-8.4,13.75,1496441669
AurumCoin,AU,515,0.161465,0.00006621,112.764,47828.0,296216.0,296216.0,-0.8,-25.39,-14.51,1496441657
PayCon,CON,516,0.00204502,0.00000084,127.97,47123.0,23042604.0,23042604.0,0.23,54.75,55.19,1496441659
808Coin,808,517,0.00022049,0.00000009,496.384,45805.0,207742676.0,207742676.0,-9.52,13.35,54.65,1496441673
Eternity,ENT,518,0.014809,0.00000607,204.275,45438.0,3068247.0,3068247.0,-0.75,-11.5,-30.15,1496441681
ICOBID,ICOB,519,0.00042534,0.00000017,33.726,44177.0,103862796.0,103862796.0,-2.83,6.76,27.89,1496441682
Jin Coin,JIN,520,0.00436525,0.00000179,66.4583,42991.0,9848485.0,9848485.0,0.2,-58.0,,1496441677
BurstOcean,OCEAN,521,0.198688,0.00008147,7.94751,42087.0,211827.0,1000000.0,-0.86,-5.62,-7.82,1496441685
UniCoin,UNIC,522,0.0142905,0.00000586,94.5665,41612.0,2911846.0,2911846.0,-0.11,-1.7,16.87,1496441661
Joulecoin,XJO,523,0.00128248,0.00000053,38.1836,41376.0,32262688.0,32262688.0,0.23,-2.73,15.2,1496441643
UCoin,U,524,0.0151442,0.00000621,173.999,40735.0,2689812.0,2689812.0,0.23,58.39,8.07,1496441657
MiloCoin,MILO,525,0.00392629,0.00000161,0.47452,40410.0,10292101.0,10292101.0,0.28,-24.37,58.92,1496441685
Francs,FRN,526,0.0231635,0.00000950,189.81,39705.0,1714100.0,1714100.0,0.29,-26.97,17.29,1496441667
Sativacoin,STV,527,0.0056013,0.00000230,0.747102,39640.0,7076879.0,7076879.0,-2.51,-14.76,4.27,1496441657
Franko,FRK,528,0.0606745,0.00002488,7.42909,38647.0,636950.0,636950.0,0.2,8.75,-41.14,1496441642
Tigercoin,TGC,529,0.000877927,0.00000036,0.598916,38222.0,43536800.0,43536800.0,0.23,-18.35,28.3,1496441643
Universe,UNI,530,0.0121447,0.00000498,103.394,36218.0,2982195.0,14182195.0,0.2,5.7,16.6,1496441687
WMCoin,WMC,531,0.00311404,0.00000128,,35897.0,11527489.0,911527489.0,0.04,1.88,39.13,1496438372
FlavorCoin,FLVR,532,0.00171555,0.00000070,1.34572,35852.0,20898106.0,20898106.0,0.51,25.92,51.27,1496441667
SpaceCoin,SPACE,533,0.00199972,0.00000082,49.5811,35594.0,17799555.0,17799555.0,0.23,-9.01,7.75,1496441664
OctoCoin,888,534,0.000731606,0.00000030,30.5472,35397.0,48382468.0,48382468.0,0.2,-4.22,44.33,1496441649
Cypher,CYP,535,0.00551143,0.00000226,243.869,35082.0,6365285.0,6365285.0,0.2,2.07,-9.48,1496441661
HealthyWormCoin,WORM,536,0.00214604,0.00000088,167.574,34339.0,16000896.0,16000896.0,0.28,4.74,-28.64,1496441686
Dobbscoin,BOB,537,0.00677955,0.00000278,2.98654,34307.0,5060382.0,5060382.0,-0.87,3.82,12.12,1496441655
PopularCoin,POP,538,0.0000098866,0.000000004,8.62222,33048.0,3342754890.0,3342754890.0,-2.03,0.73,-1.9,1496441650
Allion,ALL,539,0.00533069,0.00000219,152.565,33047.0,6199359.0,7323359.0,0.23,18.22,-26.09,1496441685
Evil Coin,EVIL,540,0.00153355,0.00000063,0.693805,32236.0,21020383.0,21020383.0,0.28,2.82,9.82,1496441667
CryptoWorldX Token,CWXT,541,0.000583855,0.00000024,2.14916,31937.0,54700020.0,54700020.0,0.2,1.82,0.48,1496441684
GoldPieces,GP,542,0.0260906,0.00001070,360.28,31835.0,1220161.0,1220161.0,14.18,18.86,-17.23,1496441659
Uro,URO,543,0.0262647,0.00001077,62.2617,31710.0,1207310.0,1207310.0,0.2,0.05,-0.38,1496441653
Creatio,XCRE,544,0.00151692,0.00000062,221.764,31128.0,20520514.0,20520514.0,16.36,60.37,25.77,1496441681
RonPaulCoin,RPC,545,0.039201,0.00001607,18.092,30944.0,789368.0,789368.0,0.17,-8.93,50.2,1496441644
Solarflarecoin,SFC,546,0.0022192,0.00000091,148.701,30452.0,13722150.0,13722150.0,0.28,3.23,-25.24,1496441683
LeaCoin,LEA,547,0.000109996,0.00000005,85.6639,30386.0,276247889.0,276247889.0,8.42,58.11,19.0,1496441661
Grantcoin,GRT,548,0.000731606,0.00000030,125.701,30239.0,41331838.0,10041331838.0,0.2,22.51,30.91,1496441663
MACRON,MCRN,549,0.0000738495,0.00000003,226.812,29645.0,401421401.0,401421401.0,-24.35,0.8,8.6,1496441688
NeuCoin,NEU,550,0.0000148893,0.000000006,0.80771,29641.0,1990764588.0,2014638413.0,3.24,9.56,,1496441664
Dreamcoin,DRM,551,0.0120275,0.00000503,,29311.0,2436996.0,2436996.0,,,0.8,1496330352
Hexx,HXX,552,0.0216485,0.00000888,349.647,29306.0,1353711.0,1353711.0,0.2,-8.77,-34.28,1496441662
SixEleven,611,553,0.070478,0.00002890,9.14383,29045.0,412113.0,412113.0,0.28,-19.36,-60.96,1496441671
Hommalicoin,HMC,554,11.7946,0.00496011,,28528.0,2419.0,1000000000.0,,,128.03,1496299177
ParallelCoin,DUO,555,0.0971748,0.00003985,353.836,27937.0,287489.0,287489.0,26.05,31.67,24.01,1496441664
PlatinumBAR,XPTX,556,0.158515,0.00006500,9.84993,27720.0,174872.0,174872.0,0.23,19.31,5.89,1496441671
Bitzeny,ZNY,557,0.000365803,0.00000015,60.1239,27660.0,75614500.0,75614500.0,0.28,0.22,23.88,1496441662
BumbaCoin,BUMBA,558,0.00124373,0.00000051,0.446622,27295.0,21946284.0,21946284.0,2.28,4.11,-25.71,1496441668
Unrealcoin,URC,559,0.00387751,0.00000159,20.5357,27237.0,7024402.0,7024402.0,0.28,2.92,4.06,1496441660
Zurcoin,ZUR,560,0.000341416,0.00000014,14.6053,26971.0,78996834.0,78996834.0,0.28,0.86,9.6,1496441670
PX,PX,561,0.000341416,0.00000014,56.5291,26234.0,76838057.0,76838057.0,0.25,-37.87,-19.22,1496441675
Honey,HONEY,562,0.377945,0.00015498,376.999,25816.0,68306.0,68306.0,6.34,4.64,-33.34,1496441687
Cannation,CNNC,563,0.0102181,0.00000419,85.1321,25085.0,2454988.0,2454988.0,66.07,39.19,-5.34,1496441690
Firecoin,FIRE,564,0.253745,0.00010405,0.761114,24972.0,98412.0,98412.0,0.28,76.81,-8.24,1496441653
Ride My Car,RIDE,565,0.00024685,0.00000010,94.2027,24956.0,101098431.0,101098431.0,0.13,-11.5,2.68,1496441685
Photon,PHO,566,0.0000013965,0.0000000006,34.9419,24919.0,17843702417.0,17843702417.0,-25.71,3.52,-2.58,1496441648
CryptoEscudo,CESC,567,0.000170708,0.00000007,31.4376,24600.0,144105100.0,594105100.0,0.2,2.09,9.09,1496441650
ARbit,ARB,568,0.00357811,0.00000149,,23161.0,6473095.0,6473095.0,,0.53,2.76,1496362165
AntiBitcoin,ANTI,569,0.0012925,0.00000053,209.185,22574.0,17465159.0,17465159.0,0.28,-6.73,10.31,1496441665
BiosCrypto,BIOS,570,0.00104864,0.00000043,0.268231,21746.0,20737003.0,20737003.0,0.23,-12.91,-7.33,1496441663
Theresa May Coin,MAY,571,0.00141444,0.00000058,16.2985,21625.0,15288750.0,15288750.0,0.28,-15.18,,1496441691
SoonCoin,SOON,572,0.00168269,0.00000069,3.65162,20971.0,12462620.0,12462620.0,3.19,-21.73,-26.6,1496441659
X-Coin,XCO,573,0.00168269,0.00000069,15.3204,20840.0,12384976.0,12384976.0,0.2,,-18.37,1496441660
Halcyon,HAL,574,0.00438964,0.00000180,11.9411,20416.0,4650868.0,4650868.0,9.35,22.35,1.99,1496441654
Flaxscript,FLAX,575,0.00368242,0.00000151,2.41539,20241.0,5496597.0,5496597.0,0.2,2.1,4.16,1496441663
MindCoin,MND,576,0.00158515,0.00000065,21.5362,19888.0,12546625.0,12546625.0,0.23,-0.95,1.32,1496441666
Kittehcoin,MEOW,577,0.0000008289,0.0000000003,385.687,19817.0,23905669976.0,23905669976.0,2.12,48.62,63.99,1496441644
Prototanium,PR,578,0.101049,0.00004144,64.3226,19650.0,194462.0,194462.0,0.33,24.36,5.32,1496441665
Shilling,SH,579,0.00599838,0.00000246,157.071,19338.0,3223950.0,3223950.0,13.02,106.56,186.52,1496441676
Destiny,DES,580,0.0118276,0.00000485,204.742,18924.0,1600000.0,1600000.0,0.23,-22.63,8.87,1496441668
B3Coin,B3,581,0.0613478,0.00002516,95.6461,18858.0,307394.0,307394.0,0.2,-10.83,8.58,1496441676
IslaCoin,ISL,582,0.0124298,0.00000510,321.311,18815.0,1513704.0,1513704.0,0.28,,-22.44,1496441664
Sprouts,SPRTS,583,0.0000001071,0.00000000004,83.6951,18777.0,175270606264,175270606264,3.14,-9.37,-28.22,1496441663
Magnum,MGM,584,0.00516496,0.00000225,,18735.0,3627375.0,253627375.0,,,71.19,1496272491
BTCDragon,DRAGON,585,0.0460534,0.00001888,184.214,18612.0,404146.0,1000000.0,-0.86,-51.05,-52.36,1496441684
Luna Coin,LUNA,586,0.0149532,0.00000613,232.68,18353.0,1227386.0,1227386.0,0.3,2.8,10.01,1496441681
VIP Tokens,VIP,587,0.000219482,0.00000009,2.43878,18316.0,83450403.0,83450403.0,0.23,-8.14,-10.74,1496441668
Alexium,AUM,588,0.000902314,0.00000037,0.451157,18315.0,20297336.0,20297336.0,0.23,2.07,10.36,1496441663
Litecred,LTCR,589,0.000594556,0.00000024,162.823,17972.0,30227750.0,30227750.0,0.2,-14.77,72.65,1496441667
SecretCoin,SCRT,590,0.00424808,0.00000177,,17964.0,4228672.0,4228672.0,,0.45,14.18,1496414965
SongCoin,SONG,591,0.000543306,0.00000022,27.3635,17693.0,32565300.0,32565300.0,-0.12,-10.35,15.65,1496441660
BipCoin,BIP,592,0.0129738,0.00000532,57.2922,17435.0,1343889.0,1343889.0,-3.05,1.14,-34.05,1496441679
Vector,VEC2,593,0.00109741,0.00000045,26.7154,17387.0,15843977.0,15843977.0,0.28,4.41,-44.55,1496441664
GameBet Coin,GBT,594,0.000804767,0.00000033,0.402383,17112.0,21262780.0,22262780.0,0.2,-3.74,5.96,1496441670
DAPPSTER,DLISK,595,0.000170708,0.00000007,0.809498,17071.0,100000000.0,100000000.0,16.94,-10.67,-19.03,1496441673
PLNcoin,PLNC,596,0.000975475,0.00000040,1.56076,16670.0,17089600.0,19089600.0,-2.68,-11.07,-18.86,1496441649
Steps,STEPS,597,0.00089215,0.00000037,,16616.0,18625017.0,18625017.0,,0.94,12.15,1496434766
Sling,SLING,598,0.0152662,0.00000626,10.7047,16397.0,1074095.0,1074095.0,0.23,1.91,38.38,1496441660
GPU Coin,GPU,599,0.000400716,0.00000016,226.793,16220.0,40477042.0,51530001.0,3.85,26.75,57.93,1496441672
VapersCoin,VPRC,600,0.0000207250,0.000000008,99.8421,16168.0,780124964.0,1635124964.0,-10.08,121.39,10.32,1496441675
1CRedit,1CR,601,0.182902,0.00007500,9.75475,16134.0,88213.0,88213.0,0.23,80.34,44.68,1496441668
Impact,IMX,602,0.000146321,0.00000006,2.43869,15995.0,109314611.0,109314611.0,0.28,-12.94,-18.09,1496441686
Orlycoin,ORLY,603,0.000431634,0.00000018,,15818.0,36646779.0,36646779.0,,0.39,18.41,1496410470
Blackstar,BSTAR,604,0.0000243869,0.00000001,46.335,15383.0,630795971.0,630795971.0,,2.09,9.09,1496441682
AnarchistsPrime,ACP,605,0.00346293,0.00000142,5.96581,15219.0,4394874.0,4394874.0,0.23,1.98,14.06,1496441662
BowsCoin,BSC,606,0.00273133,0.00000112,16.6611,15159.0,5550102.0,5550102.0,0.23,2.09,67.79,1496441662
BlazeCoin,BLZ,607,0.0000242823,0.000000010,0.211762,14777.0,608557394.0,608557394.0,1.95,8.66,18.72,1496441653
BitQuark,BTQ,608,0.0020485,0.00000084,17.1819,14658.0,7155671.0,7155671.0,0.23,-13.34,-36.23,1496441651
OsmiumCoin,OS76,609,0.0160466,0.00000658,3.47898,14346.0,894026.0,894026.0,0.2,8.89,23.73,1496441669
GuccioneCoin,GCC,610,0.000700961,0.00000029,,14219.0,20285537.0,23775537.0,,1.19,-9.68,1496435363
Metal Music Coin,MTLMC3,611,0.000169624,0.00000007,32.8443,13522.0,79719140.0,79719140.0,0.23,-7.94,32.26,1496441662
BitTokens,BXT,612,0.0256062,0.00001050,32.8694,13306.0,519654.0,519654.0,0.23,2.09,167.63,1496441675
TajCoin,TAJ,613,0.00224081,0.00000092,75.4236,12935.0,5772445.0,5772445.0,0.44,26.21,43.86,1496441675
Crypto,CTO,614,0.0012925,0.00000053,159.294,12832.0,9927927.0,9927927.0,0.28,-14.11,-35.74,1496441661
MustangCoin,MST,615,0.0198266,0.00000813,0.26659,12466.0,628727.0,628727.0,0.91,-12.6,-51.86,1496441677
TAGRcoin,TAGR,616,0.000317029,0.00000013,1.58512,12259.0,38669634.0,38669634.0,0.28,-5.22,-8.93,1496441662
WARP,WARP,617,0.0105936,0.00000443,,11602.0,1095224.0,1095224.0,,0.11,12.95,1496415568
Bitcoin 21,XBTC21,618,0.0145198,0.00000655,,11516.0,793108.0,7093108.0,,,-45.56,1496220571
Solaris,XLR,619,0.0664608,0.00002725,142.868,11289.0,169853.0,269853.0,0.37,-7.46,-39.73,1496441687
Comet,CMT,620,0.0128317,0.00000526,4.13056,11200.0,872830.0,872830.0,0.28,3.69,16.84,1496441672
Money,$$$,621,0.000240674,0.00000010,67.8646,11044.0,45887218.0,45887218.0,-8.21,0.13,-27.04,1496441665
Abncoin,ABN,622,0.159077,0.00006523,12.8031,10770.0,67700.0,4734367.0,0.23,-3.01,96.89,1496441682
Cabbage,CAB,623,0.000999862,0.00000041,152.94,10499.0,10499996.0,10499996.0,0.23,-9.03,-26.09,1496441669
Iconic,ICON,624,0.0175585,0.00000720,0.490176,10410.0,592894.0,592894.0,0.23,,-7.42,1496441683
DPAY,DPAY,625,0.000121934,0.00000005,24.7452,9699.0,79541001.0,79541001.0,0.23,27.62,36.36,1496441678
Cashcoin,CASH,626,0.000268256,0.00000011,1.88542,9612.0,35831128.0,35831128.0,0.2,,9.12,1496441647
G3N,G3N,627,0.00126812,0.00000052,0.401505,9589.0,7561891.0,7561891.0,0.2,2.09,5.05,1496441662
LetItRide,LIR,628,0.000268256,0.00000011,67.229,9461.0,35269232.0,35269232.0,0.25,-25.15,1.58,1496441673
Xonecoin,XOC,629,0.0224847,0.00000922,2.88024,9444.0,420000.0,420000.0,0.2,2.2,9.03,1496441676
High Voltage,HVCO,630,0.00611441,0.00000256,,9136.0,1494171.0,1694171.0,,,19.61,1496333672
EGO,EGO,631,0.000146321,0.00000006,10.0636,8779.0,60000001.0,60000001.0,0.23,-12.49,-5.78,1496441677
JIO Token,JIO,632,0.00451157,0.00000185,128.918,8609.0,1908128.0,8888888.0,0.28,24.26,88.62,1496441681
iBank,IBANK,633,0.00188531,0.00000079,,8534.0,4526324.0,4526324.0,,-0.18,10.26,1496357683
Qibuck Asset,QBK,634,0.00552641,0.00000227,2.21056,8047.0,1456187.0,2000000.0,-0.86,56.45,19.01,1496441690
Speedcash,SCS,635,0.0306543,0.00001257,299.288,8003.0,261061.0,476148.0,0.28,-37.7,-25.74,1496441689
Scorecoin,SCORE,636,0.000469257,0.00000019,17.6316,7814.0,16652010.0,16652010.0,1.08,-45.39,-55.96,1496441687
JobsCoin,JOBS,637,0.0000731606,0.00000003,69.7596,7756.0,106019270.0,200019300.0,0.23,-38.74,-18.18,1496441678
Coinonat,CXT,638,0.00360299,0.00000148,295.459,7720.0,2142602.0,8142602.0,0.21,35.53,25.13,1496441688
Hirocoin,HIRO,639,0.0000243869,0.00000001,2.43869,7598.0,311540251.0,311540251.0,0.23,2.07,9.12,1496441648
PosEx,PEX,640,0.00285326,0.00000117,9.32734,7000.0,2453240.0,2453240.0,0.23,2.97,-1.72,1496441669
Dix Asset,DIX,641,0.0000000684,0.00000000003,,6844.0,100000000000,100000000000,,4.46,-15.43,1496417087
Future Digital Currency,FDC,642,0.00243869,0.00000100,63.4059,6303.0,2584401.0,1002584401.0,0.28,-11.22,3.9,1496441681
Printerium,PRX,643,0.000653655,0.00000027,281.767,5932.0,9074428.0,9074428.0,-0.47,1.35,-5.41,1496441683
Zonecoin,ZNE,644,0.0022192,0.00000091,12.6101,5730.0,2581970.0,2581970.0,0.28,-39.28,-23.77,1496441674
SydPak,SDP,645,0.0342635,0.00001405,0.844151,5432.0,158537.0,158537.0,0.28,-14.49,11.17,1496441663
ImpulseCoin,IMPS,646,0.000268256,0.00000011,1.5831,5431.0,20245510.0,20245510.0,0.23,-25.13,-20.0,1496441679
BioBar,BIOB,647,0.00524318,0.00000215,106.038,4644.0,885756.0,985756.0,0.28,10.41,28.55,1496441685
Save and Gain,SANDG,648,0.00141989,0.00000064,,4352.0,3064800.0,3064800.0,,,-3.74,1496226272
Concoin,CONX,649,0.00609672,0.00000250,102.35,4194.0,687849.0,1538849.0,0.28,-4.28,36.36,1496441688
Antilitecoin,ALTC,650,0.000121934,0.00000005,8.1915,3842.0,31512613.0,31512613.0,0.23,-27.09,-31.8,1496441668
GeertCoin,GEERT,651,0.000734195,0.00000030,11.412,3737.0,5090239.0,5090239.0,0.24,-9.63,-23.33,1496441685
NodeCoin,NODC,652,0.00221639,0.00000097,,3720.0,1678439.0,5878439.0,,,3.28,1496270080
Revenu,REV,653,0.0027801,0.00000114,30.247,3324.0,1195525.0,1195525.0,0.23,,,1496441669
Elysium,ELS,654,0.000755993,0.00000031,47.7741,3028.0,4005012.0,4005012.0,-18.19,-45.43,-34.31,1496441683
Pulse,PULSE,655,0.000207624,0.00000009,111.528,2969.0,14298972.0,14298972.0,1.89,-1.02,-60.32,1496441668
Selfiecoin,SLFI,656,0.0000243869,0.00000001,2.19482,2630.0,107829281.0,107829281.0,0.28,2.09,9.12,1496441660
Californium,CF,657,0.0198021,0.00000812,53.6643,2200.0,111110.0,111110.0,0.23,-9.63,7.92,1496441661
Enigma,XNG,658,0.125958,0.00005165,34.9537,2094.0,16627.0,66627.0,0.28,-3.83,45.07,1496441669
Doubloon,BOAT,659,0.000511271,0.00000021,116.647,1814.0,3547845.0,18547845.0,0.38,-2.39,-27.14,1496441683
P7Coin,P7C,660,0.0000487737,0.00000002,0.706805,1718.0,35220238.0,35220238.0,0.23,-31.95,9.12,1496441660
GanjaCoin,420G,661,0.00190226,0.00000078,28.4546,1280.0,672975.0,1741116.0,0.28,-73.45,-93.86,1496441657
Dollar Online,DOLLAR,662,0.0127787,0.00000524,243.928,1129.0,88379.0,10088379.0,-0.48,-10.49,7.24,1496441680
Digital Credits,DGCS,663,0.000170708,0.00000007,79.1026,995.0,5826388.0,201284316.0,16.94,61.7,27.3,1496441665
23 Skidoo,CHAO,664,3926.36,1.61003,125.803,992.0,0.0,0.0,0.2,8.86,-29.8,1496441663
Impeachcoin,IMPCH,665,0.00309713,0.00000127,5.731,954.0,308179.0,2501512.0,0.2,5.41,-50.21,1496441684
SwapToken,TOKEN,666,0.0000238207,0.000000010,9.13826,836.0,35110531.0,35110531.0,1.15,82.08,4869.55,1496441673
Zcashshare,ZHS,667,0.000216504,0.00000009,,612.0,2826000.0,2826000.0,,0.71,-30.82,1496411380
CRTCoin,CRT,668,0.00487737,0.00000200,0.0000000244,387.0,79270.0,10079270.0,0.23,2.09,9.09,1496441650
PizzaCoin,PIZZA,669,0.000243869,0.00000010,68.1856,336.0,1377917.0,10127917.0,0.23,45.85,55.84,1496441675
Xenixcoin,XEN,670,0.0268256,0.00001100,36.5803,271.0,10100.0,10010100.0,0.28,72.77,-58.21,1496441680
CaliphCoin,CALC,671,0.000966255,0.00000040,13.937,84.0,87140.0,148587140.0,3.25,13.95,-42.04,1496441678
MikeTheMug,MUG,672,0.0000051456,0.000000002,,5.0,999279.0,1000000.0,,,-99.45,1496047185
BTCGold,XBG,673,0.137932,0.00005656,27.9827,,,99000001.0,0.28,15.35,-40.08,1496441689
Soarcoin,SOAR,674,0.0184072,0.00000755,140.824,,,5000000000.0,0.08,4.91,-38.29,1496441687
Project-X,NANOX,675,307274.0,126.0,1451.09,,,1.0,0.25,-21.67,,1496441692
Internet of Things,XOT,676,1216.3,0.498754,1544.59,,,21000000.0,0.06,-0.25,20.92,1496441688
AMIS,AMIS,677,277.548,0.115061,,,,,,1.23,,1496391890
Bitcoin Unlimited (Futures),BTU,678,121.516,0.0498284,757.374,,,,2.21,-8.98,-23.86,1496441686
Malcoin,MALC,679,31.7855,0.0130339,42920.3,,,1000000000.0,0.25,31.57,9.23,1496441690
GoldUnionCoin,GUC,680,22.6971,0.0093071,19732.0,,,210000000.0,0.28,17.28,19.48,1496441688
Qtum (Pre-Launch),QTUM,681,12.7309,0.0052204,48541800.0,,,100000000.0,1.8,68.52,217.15,1496441691
ZenCash,ZEN,682,9.02341,0.00370011,21264.4,,,1392850.0,12.35,-19.63,,1496441691
Fargocoin,FRGC,683,7.02569,0.00288093,571086.0,,,443908525.0,0.12,-0.51,5.76,1496441681
EcoCoin,ECO,684,3.84073,0.00157492,75752.5,,,1093895.0,-0.8,-3.18,19.81,1496441690
Internet of People,IOP,685,3.40488,0.00139619,2202.01,,,2139406.0,-6.53,-5.35,37.12,1496441680
DECENT (Pre-Launch),DCT,686,3.00314,0.00123146,4932.26,,,73290000.0,0.36,6.15,-20.98,1496441681
PRIZM,PZM,687,1.12638,0.00046188,39990.1,,,,0.23,8.58,16.76,1496441691
Bitcore,BTX,688,1.05924,0.00043435,19144.1,,,16361216.0,0.15,-0.18,-37.26,1496441690
OBITS.WARRANT,WARRANT,689,1.0093,0.00041387,1993.57,,,,0.28,,,1496441692
DynamicCoin,DMC,690,0.998299,0.00040936,426663.0,,,10541442931.0,0.01,-0.03,0.12,1496441678
Databits,DTB,691,0.854629,0.00035045,135803.0,,,,2.75,6.57,11.11,1496441687
Aeternity (Pre-Launch),AE,692,0.829153,0.00034,2009.11,,,,0.28,19.67,,1496441691
TechShares,THS,693,0.62623,0.00025679,5.84888,,,646359158.0,0.23,6.1,6.54,1496441675
GAY Money,GAY,694,0.62544,0.00025647,206.721,,,5603059095.0,0.45,10.66,62.26,1496441676
XDE II,XDE2,695,0.583483,0.00023926,1.30329,,,42249.0,0.33,2.56,10.31,1496441686
Bitgem,BTG,696,0.550168,0.0002256,25.7478,,,,0.28,-30.26,-36.92,1496441641
LEOcoin,LEO,697,0.49586,0.00020333,281674.0,,,92920576.0,-0.53,8.89,20.68,1496441663
InvisibleCoin,IVZ,698,0.431648,0.000177,222.588,,,,0.2,195.71,264.49,1496441665
WA Space,WA,699,0.373704,0.00015324,43858.9,,,,0.23,-5.22,35.02,1496441679
ZenGold,ZENGOLD,700,0.352242,0.00014444,1804.78,,,,0.01,21.05,,1496441691
ClubCoin,CLUB,701,0.280652,0.00011508,16125.3,,,90899180.0,0.73,1.77,-4.1,1496441666
TeslaCoilCoin,TESLA,702,0.271597,0.00011137,168.44,,,100000000.0,0.23,-50.54,19.1,1496441671
Yogold,YOG,703,0.268426,0.00011007,32.4312,,,100000000.0,0.28,2.21,19.96,1496441686
Topaz Coin,TOPAZ,704,0.257428,0.00010556,24758.9,,,38198.0,-46.67,170.97,121.23,1496441689
TROPTIONS,TROPTIONS,705,0.248173,0.00010598,,,,1000000001.0,,,,1496287780
Zilbercoin,ZBC,706,0.229929,0.00009428,94182.0,,,9009229.0,-0.74,-2.86,-26.29,1496441683
Pabyosi Coin (Special),PCS,707,0.167997,0.00006889,3117.96,,,30993751760.0,0.28,5.72,37.44,1496441680
Golos Gold,GBG,708,0.161368,0.00006617,3950.11,,,,3.36,0.39,-1.83,1496441684
AlpaCoin,APC,709,0.155735,0.00006386,681.323,,,,0.28,8.6,27.68,1496441666
EquiTrader,EQT,710,0.12925,0.00005300,67156.1,,,7668520.0,0.28,2.07,15.64,1496441691
Tattoocoin (Limited Edition),TLE,711,0.10849,0.00004449,12.8963,,,975532.0,0.23,76.1,-40.05,1496441689
LandCoin,LDCN,712,0.106728,0.00004376,25055.1,,,19003881978.0,0.28,20.04,242.35,1496441682
Wowecoin,WEC,713,0.104,0.00004265,11333.4,,,8901692.0,-0.0,-0.0,4.0,1496441674
InsaneCoin,INSN,714,0.101798,0.00004174,3628.0,,,18528327.0,2.77,23.79,108.43,1496441690
WavesGo,WGO,715,0.0997886,0.00004092,2298.76,,,10000000.0,4.41,88.85,197.81,1496441688
DeusCoin,DEUS,716,0.0884755,0.00003628,6864.39,,,,0.28,4.69,-16.45,1496441688
Omicron,OMC,717,0.0752335,0.00003085,0.243869,,,10134120.0,0.23,4.99,9.06,1496441677
Fazzcoin,FAZZ,718,0.0655613,0.00002688,949.155,,,1022577370.0,0.4,66.76,-10.21,1496441688
Quartz,QRZ,719,0.0655519,0.00002688,2528.03,,,21000000.0,0.28,-44.92,,1496441691
International Diamond,XID,720,0.038234,0.00001588,,,,,,0.8,,1496373575
CryptoBuck,BUK,721,0.0325011,0.00001351,,,,,,8.53,9.64,1496420359
Elacoin,ELC,722,0.0321419,0.00001318,12.1787,,,,0.2,,9.93,1496441657
DeltaCredits,DCRE,723,0.0293185,0.00001217,,,,,,0.83,1.69,1496419764
President Johnson,GARY,724,0.0288146,0.00001182,117.609,,,57968072167.0,0.23,1.89,72.32,1496441675
IvugeoCoin,IEC,725,0.0242649,0.00000995,1.05081,,,,0.23,,,1496441661
RHFCoin,RHFC,726,0.0241681,0.00000991,8940.66,,,200157080.0,0.23,-18.93,-4.2,1496441689
EDRCoin,EDRC,727,0.023329,0.00000957,13476.5,,,3407292.0,1.79,-6.49,-21.5,1496441669
Lepaoquan,HLB,728,0.0198355,0.00000813,1011900.0,,,935398746.0,0.71,7.01,-1.15,1496441682
ShellPay,SHELL,729,0.0196594,0.00000806,10626.8,,,,-7.59,-6.44,-20.87,1496441662
Gycoin,GYC,730,0.0191105,0.00000784,5647.38,,,22213403.0,11.88,22.14,1.16,1496441675
Avoncoin,ACN,731,0.0156076,0.00000640,3680.73,,,,6.6,-14.88,-19.27,1496441683
KolschCoin,TP1,732,0.0147961,0.00000620,,,,,,-0.18,41.16,1496357661
PiCoin,PI,733,0.0132349,0.00000549,,,,1378369.0,,-7.68,159.76,1496432391
Digitalfund,DTF,734,0.0130574,0.00000535,18190.8,,,54000053.0,-8.25,-8.07,-29.12,1496441675
Mind Gene,MG,735,0.0124373,0.00000510,5893.09,,,,0.2,-9.03,-4.46,1496441678
Sharkcoin,SAK,736,0.0101212,0.00000415,3579.7,,,,-1.18,3.01,36.24,1496441659
Tyrocoin,TYC,737,0.00804767,0.00000330,7.31606,,,50134400.0,0.28,7.64,-74.29,1496441689
First Bitcoin,BIT,738,0.00779068,0.00000319,1033.67,,,20706894535.0,0.28,4.15,-8.59,1496441673
Goldpay Coin,GP,739,0.00713902,0.00000293,36605.6,,,,-0.27,15.13,-5.87,1496441690
9COIN,9COIN,740,0.00665761,0.00000273,254.572,,,350050250.0,0.28,2.09,44.57,1496441690
Opal,OPAL,741,0.00654672,0.00000268,2333.21,,,,-7.02,-4.65,10.84,1496441655
Helleniccoin,HNC,742,0.0063162,0.00000259,537.539,,,,0.23,-3.93,,1496441663
GBCGoldCoin,GBC,743,0.00589067,0.00000242,58.4231,,,,-0.0,-5.6,-17.55,1496441666
Psilocybin,PSY,744,0.00585285,0.00000240,16.6888,,,,0.2,-7.86,-1.2,1496441670
Xaucoin,XAU,745,0.00585285,0.00000240,45.3157,,,,0.2,1.67,-11.81,1496441660
EggCoin,EGG,746,0.00562322,0.00000237,,,,,,,6.16,1496295864
Slimcoin,SLM,747,0.00499931,0.00000205,126.812,,,13925626.0,0.2,-22.48,,1496441660
Axiom,AXIOM,748,0.0048286,0.00000198,8.0474,,,,0.28,1.05,5.39,1496441663
BagCoin,BGC,749,0.00443805,0.00000182,87162.3,,,497214120.0,0.52,9.81,3.15,1496441675
GoldReserve,XGR,750,0.00441402,0.00000181,1537.99,,,17162168.0,1.68,1.18,6.59,1496441652
Dashs,DASHS,751,0.00441402,0.00000181,72.3914,,,,0.23,-43.85,-53.61,1496441689
SportsCoin,SPORT,752,0.00434086,0.00000178,3118.58,,,19800001.0,0.23,403.01,488.43,1496441676
netBit,NBIT,753,0.00412138,0.00000169,4.12138,,,,0.23,-1.99,31.69,1496441679
AvatarCoin,AV,754,0.00387751,0.00000159,0.0969378,,,,0.23,,9.09,1496441666
Bitcoin Scrypt,BTCS,755,0.00385312,0.00000158,41.1502,,,,0.2,2.09,-23.2,1496441648
President Trump,PRES,756,0.00310511,0.00000127,389.813,,,57968072167.0,3.87,10.02,19.77,1496441674
Quotient,XQN,757,0.00268256,0.00000110,71.5219,,,,0.23,2.09,-13.04,1496441658
RoyalCoin 2,RYCN,758,0.00255832,0.00000105,1745.9,,,2500124.0,0.23,,-4.55,1496441679
ZSEcoin,ZSE,759,0.00253685,0.00000104,15.9934,,,6382565.0,-2.57,-10.75,-64.39,1496441686
BitcoinFast,BCF,760,0.0024795,0.00000102,69.4559,,,,0.24,4.73,-20.02,1496441658
OCOW,OCOW,761,0.00227517,0.00000099,,,,,,,2.8,1496142268
TrickyCoin,TRICK,762,0.00224359,0.00000092,0.489932,,,,0.28,3.22,-9.56,1496441660
GameLeagueCoin,GML,763,0.00217043,0.00000089,0.542608,,,,0.23,,-5.71,1496441652
Condensate,RAIN,764,0.00215496,0.00000088,1413.93,,,42978123.0,-2.28,36.06,16.37,1496441689
RichCoin,RICHX,765,0.00210122,0.00000093,,,,5925522.0,,,1.07,1496167172
Neptune Classic,NTCC,766,0.00197534,0.00000081,1471.43,,,,0.28,-18.95,79.41,1496441684
Mavro,MAVRO,767,0.00168043,0.00000070,,,,15005722.0,,,-24.07,1496349588
Clinton,CLINT,768,0.00165831,0.00000068,32.3517,,,,0.28,-35.72,-31.3,1496441670
MMXVI,MMXVI,769,0.00165831,0.00000068,325.439,,,,4.91,27.36,-35.66,1496441667
Advanced Internet Blocks,AIB,770,0.00150544,0.00000062,104.89,,,31411917636.0,0.23,8.29,-29.24,1496441661
TodayCoin,TODAY,771,0.00134128,0.00000055,16.5887,,,,0.2,22.07,43.85,1496441676
UR,UR,772,0.00131689,0.00000054,237.655,,,,0.28,0.22,3.46,1496441684
BestChain,BEST,773,0.00113585,0.00000047,9.2977,,,20042911.0,0.26,19.41,-3.22,1496441686
Skeincoin,SKC,774,0.000975475,0.00000040,0.634059,,,,0.23,-5.05,,1496441649
Digital Bullion Gold,DBG,775,0.000951088,0.00000039,152.012,,,24523275.0,0.28,-11.54,-29.09,1496441672
RoyalCoin,ROYAL,776,0.000933407,0.00000038,21.2843,,,2500124.0,0.2,-21.7,0.7,1496441678
RubleBit,RUBIT,777,0.000926701,0.00000038,0.902314,,,,0.28,-5.4,21.95,1496441665
The Aladin,ADT,778,0.000892522,0.00000032,,,,,,,,1495722585
Bitcedi,BXC,779,0.00089158,0.00000037,19.6405,,,,-2.69,-1.92,,1496441671
Donationcoin,DON,780,0.000877927,0.00000036,13041.6,,,,0.25,33.22,,1496441652
Braincoin,BRAIN,781,0.000842028,0.00000035,,,,,,0.69,29.89,1496420372
Dubstep,DUB,782,0.000817313,0.00000034,,,,,,0.64,7.53,1496411064
IrishCoin,IRL,783,0.000804767,0.00000033,285.627,,,,0.23,-0.45,,1496441662
FrankyWillCoin,FRWC,784,0.000745197,0.00000031,,,,,,0.64,4.17,1496411075
Lazaruscoin,LAZ,785,0.000745197,0.00000031,,,,,,0.64,44.94,1496411078
Motocoin,MOTO,786,0.000731606,0.00000030,16.5685,,,,0.2,-51.65,11.71,1496441652
True Investment Coin,TIC,787,0.000707219,0.00000029,21.5545,,,,0.28,-31.15,-42.7,1496441685
KashhCoin,KASHH,788,0.000702575,0.00000029,1893.65,,,,0.21,-6.69,144.6,1496441684
WeAreSatoshi,WSX,789,0.000682832,0.00000028,7.24718,,,,0.2,-10.67,-10.16,1496441656
Opescoin,OPES,790,0.000674759,0.00000028,,,,,,0.86,3.32,1496432667
Quebecoin,QBC,791,0.000658445,0.00000027,3.68393,,,,0.23,10.23,-6.31,1496441649
CBD Crystals,CBD,792,0.000566262,0.00000023,11.7581,,,,1.21,11.21,-3.12,1496441679
Vsync,XVS,793,0.000560785,0.00000023,449.36,,,103334172.0,-3.8,12.62,-31.85,1496441688
BitAlphaCoin,BAC,794,0.000495401,0.00000020,46.7507,,,,0.2,15.66,-25.43,1496441668
BlazerCoin,BLAZR,795,0.000487737,0.00000020,24.4562,,,,0.28,58.03,98.35,1496441687
T-coin,TCOIN,796,0.00046335,0.00000019,1632.52,,,,0.28,2.07,15.38,1496441680
Alphabet Coin Fund,FUN,797,0.000438964,0.00000018,64.3998,,,20742012.0,0.25,-61.72,-74.16,1496441671
GoldMaxCoin,GMX,798,0.00039019,0.00000016,2.29237,,,84078950.0,0.23,,-12.73,1496441669
UGAIN,GAIN,799,0.000365803,0.00000015,17.8786,,,,,2.09,9.09,1496441675
PrismChain,PRM,800,0.000365803,0.00000015,97.9118,,,,7.39,9.39,-78.16,1496441672
MarxCoin,MARX,801,0.000355895,0.00000015,105.508,,,29332120.0,0.23,-17.76,-37.53,1496441685
Gambleo,GMB,802,0.000341416,0.00000014,1.21886,,,,0.23,,-60.67,1496441686
Sakuracoin,SKR,803,0.000340959,0.00000014,116.921,,,,5.83,5.28,27.1,1496441678
Cubits,QBT,804,0.000295198,0.00000012,0.00324717,,,,0.4,-41.16,-44.98,1496441678
VGINA,VGINA,805,0.000295197,0.00000012,0.00295196,,,11603228.0,0.49,,-62.27,1496441690
Operand,OP,806,0.000290011,0.00000012,,,,36309296.0,,1.18,-13.51,1496423371
TeraCoin,TERA,807,0.000268256,0.00000011,3854.79,,,,0.28,28.8,25.26,1496441684
DarkLisk,DISK,808,0.000268256,0.00000011,36.5872,,,17888425.0,0.28,-29.83,-14.29,1496441670
Cycling Coin,CYC,809,0.000268256,0.00000011,5.22689,,,,0.23,-6.41,9.12,1496441662
The Vegan Initiative,XVE,810,0.000267325,0.00000011,355.068,,,,-4.12,9.73,34.94,1496441689
Happy Creator Coin,HCC,811,0.000247853,0.00000010,22.7417,,,,0.2,13.64,14.51,1496441674
Grumfork,GMF,812,0.000243869,0.00000010,4.87737,,,,0.28,2.07,,1496441688
MobileCash,MBL,813,0.000219482,0.00000009,10.3817,,,1068669648.0,0.2,8.9,40.26,1496441678
President Sanders,BURN,814,0.000219482,0.00000009,140.976,,,57968072167.0,0.2,-8.12,-41.48,1496441683
AsicCoin,ASC,815,0.000214126,0.00000009,24.5794,,,,1.97,,,1496441644
Moneta,MONETA,816,0.000195095,0.00000008,156.49,,,,0.28,2.07,4.3,1496441664
PayPeer,PAYP,817,0.0000975475,0.00000004,123.83,,,,0.28,104.14,118.23,1496441668
LinkedCoin,LKC,818,0.0000975475,0.00000004,13.1683,,,,0.23,2.07,-12.71,1496441673
Halloween Coin,HALLO,819,0.0000967164,0.00000004,328.592,,,264606164.0,0.31,15.55,-25.58,1496441690
Wowcoin,WOW,820,0.0000964807,0.00000004,,,,,,0.95,115.85,1496426381
TheCreed,TCR,821,0.0000731606,0.00000003,10.284,,,,0.2,-38.74,-34.55,1496441671
TeamUp,TEAM,822,0.0000731606,0.00000003,0.256062,,,301004896.0,,-23.43,9.09,1496441678
FireFlyCoin,FFC,823,0.0000731606,0.00000003,4.1386,,,,0.23,83.56,227.27,1496441657
LAthaan,LTH,824,0.0000731606,0.00000003,160.66,,,,-39.87,-56.26,-45.45,1496441678
LePen,LEPEN,825,0.0000683603,0.00000003,94.7065,,,,39.46,17.54,51.88,1496441683
InflationCoin,IFLT,826,0.0000488547,0.00000002,2342.11,,,3290713349.0,-2.66,5.86,47.06,1496441681
PinkDog,PDG,827,0.0000487737,0.00000002,0.0000243869,,,,0.28,2.09,118.18,1496441684
PokeCoin,POKE,828,0.0000487737,0.00000002,6.06992,,,,0.2,2.09,-27.27,1496441675
CyberCoin,CC,829,0.0000487737,0.00000002,48.7737,,,549267534.0,,2.09,118.23,1496441660
VegasCoin,VGC,830,0.0000487737,0.00000002,2.43869,,,,0.28,78.89,-26.99,1496441650
X2,X2,831,0.0000487737,0.00000002,7.91049,,,,100.47,104.19,118.18,1496441666
Rcoin,RCN,832,0.0000487737,0.00000002,100.719,,,,100.47,2.09,39.69,1496441677
MoneyCoin,MONEY,833,0.0000487737,0.00000002,1308.21,,,,0.28,2.07,-25.97,1496441680
Tellurion,TELL,834,0.0000487737,0.00000002,4.87735,,,,0.23,2.07,35.51,1496441676
Cashme,CME,835,0.0000487737,0.00000002,0.487737,,,,0.28,2.07,9.09,1496441665
UNCoin,UNC,836,0.0000433708,0.00000002,1986.86,,,,78.2,-9.22,46.97,1496441660
President Clinton,HILL,837,0.0000243869,0.00000001,3.9019,,,57968072167.0,0.2,,-45.45,1496441674
SuperTurboStake,STRB,838,0.0000243869,0.00000001,0.243869,,,,0.23,2.07,9.12,1496441667
Aces,ACES,839,0.0000243869,0.00000001,1.70796,,,,0.2,2.09,-31.66,1496441676
Safe Trade Coin,XSTC,840,0.0000243869,0.00000001,365.803,,,604880000.0,0.2,2.09,9.09,1496441683
Global Business Revolution,GBRC,841,0.0000243869,0.00000001,672.882,,,900096049.0,0.23,-48.97,9.09,1496441679
ChoofCoin,CHOOF,842,0.0000243869,0.00000001,2.68256,,,,0.23,-48.95,-18.16,1496441678
SoulCoin,SOUL,843,0.0000243869,0.00000001,1.23422,,,,0.23,2.09,9.09,1496441671
Yescoin,YES,844,0.0000243861,0.000000010,1232.1,,,,0.23,2.61,17.5,1496441682
FedoraShare,FEDS,845,0.0000240593,0.000000010,3242.34,,,499001350574,0.0,-1.36,-11.0,1496441676
Victoriouscoin,VTY,846,0.0000105282,0.000000004,6.48525,,,10263290326.0,2.82,-55.33,-11.46,1496441677
Virtacoin,VTA,847,0.0000092284,0.000000004,80.0011,,,12423206610.0,0.13,-53.03,-18.42,1496441654
Dimecoin,DIME,848,0.0000072512,0.000000003,413.772,,,527132412240,-2.87,1768.37,190.88,1496441644
XP,XP,849,0.0000016211,0.0000000007,388.857,,,133635560466,-38.56,12.6,969.56,1496441676
BatCoin,BAT,850,0.0000008076,0.0000000003,213.602,,,,85.99,1.81,,1496441647
BitCentavo,NBE,851,0.0000005705,0.0000000002,,,,,,17.51,128.09,1496398156
RabbitCoin,RBBT,852,0.0000004388,0.0000000002,19.3048,,,,1.53,-14.55,44.8,1496441655
StrongHands,SHND,853,0.0000001806,0.00000000007,282.366,,,,3.7,88.75,,1496441664
Paccoin,PAC,854,0.0000000796,0.00000000003,1055.53,,,,0.67,7.21,76.49,1496441666
Bond,BOND,855,,,,,1349.0,1349.0,,,,
bitRUBLE,BITRUBLE,856,,,,,,,,,,
