Name,Symbol,Rank,Price(BTC),Price(USD),24HVolume,MarketCap,%Change_1h,%Change_24h,%Change_7d,LastUpdated
Bitcoin,BTC,1,2475.69,1.0,1306820000.0,40521876059.0,16367912.0,16367912.0,0.95,3.61,11.87,1496445259
Ethereum,ETH,2,223.831,0.0908607,466840000.0,20627049495.0,92154570.0,92154570.0,-0.45,0.71,37.25,1496445264
Ripple,XRP,3,0.307801,0.00012495,317638000.0,11887796014.0,38621693933.0,99994661895.0,-0.24,-6.47,13.85,1496445243
NEM,XEM,4,0.230475,0.00009356,13309800.0,2074275000.0,8999999999.0,8999999999.0,0.78,3.39,25.06,1496445260
Ethereum Classic,ETC,5,17.3894,0.00705898,74834200.0,1603772594.0,92227023.0,92227023.0,1.03,2.27,20.57,1496445273
Litecoin,LTC,6,29.0457,0.0117907,332668000.0,1492538924.0,51385882.0,51385882.0,1.01,2.5,18.64,1496445242
Dash,DASH,7,143.56,0.0582761,37198800.0,1052844545.0,7333829.0,7333829.0,0.36,5.26,24.42,1496445247
Stratis,STRAT,8,8.81457,0.00357814,58514600.0,867434124.0,98409125.0,98409125.0,-2.46,52.85,200.78,1496445275
Monero,XMR,9,43.9931,0.0178583,9575830.0,640730277.0,14564336.0,14564336.0,0.7,0.77,14.19,1496445251
Bytecoin,BCN,10,0.00339638,0.00000138,23259800.0,621439812.0,182971225966,182971225966,-2.93,46.17,44.08,1496445251
Waves,WAVES,11,4.61223,0.00187226,4852430.0,461223000.0,100000000.0,100000000.0,0.67,36.76,78.91,1496445271
Golem,GNT,12,0.478211,0.00019412,9306860.0,394462864.0,824872000.0,1000000000.0,0.99,4.2,29.75,1496445280
Stellar Lumens,XLM,13,0.0406325,0.00001649,16095900.0,392706898.0,9664847066.0,102940435314,-0.42,-3.51,-0.52,1496445254
Zcash,ZEC,14,242.608,0.0984831,15775400.0,349035581.0,1438681.0,1438681.0,0.58,-2.28,22.75,1496445279
Dogecoin,DOGE,15,0.00301006,0.00000122,34587200.0,330003146.0,109633411214,109633411214,-0.58,5.88,20.73,1496445245
Steem,STEEM,16,1.26134,0.00051202,4352430.0,295603166.0,234356451.0,251330545.0,7.47,26.62,29.23,1496445270
Gnosis,GNO,17,252.546,0.102702,1632580.0,278959786.0,1104590.0,10000000.0,0.7,1.77,23.51,1496444991
Augur,REP,18,24.8614,0.0100921,4589020.0,273475400.0,11000000.0,11000000.0,0.91,5.22,11.47,1496445265
Siacoin,SC,19,0.010026,0.00000407,39434100.0,265901312.0,26521176110.0,26521176110.0,-2.47,21.16,40.94,1496445264
DigiByte,DGB,20,0.0327712,0.00001330,98519900.0,265677164.0,8107031908.0,8107031908.0,-0.67,54.1,130.76,1496445245
BitShares,BTS,21,0.0897105,0.00003642,24142200.0,233446457.0,2602220000.0,2602220000.0,0.55,16.54,49.78,1496445253
GameCredits,GAME,22,2.88269,0.00117018,2424060.0,181707747.0,63034092.0,63034092.0,2.99,9.13,15.84,1496445255
MaidSafeCoin,MAID,23,0.394866,0.00016029,3060880.0,178697561.0,452552412.0,452552412.0,-2.62,-1.32,4.65,1496445250
DigixDAO,DGD,24,80.1846,0.0325497,1237730.0,160369200.0,2000000.0,2000000.0,-0.59,-0.69,23.07,1496445269
Basic Attention Token,BAT,25,0.155739,0.00006333,3203960.0,155739000.0,1000000000.0,1500000000.0,-1.22,-8.2,,1496444992
BitConnect,BCC,26,24.0694,0.00977059,1495680.0,155002773.0,6439827.0,6439827.0,1.04,7.77,54.87,1496445282
Decred,DCR,27,30.0228,0.0121873,3561810.0,150930431.0,5027194.0,5447194.0,1.22,21.39,40.54,1496445267
Lisk,LSK,28,1.38719,0.00056311,2922940.0,149535406.0,107797350.0,107797350.0,1.1,3.97,24.82,1496445269
Ardor,ARDR,29,0.13539,0.00005496,3034640.0,135254542.0,998999495.0,998999495.0,4.44,12.51,28.38,1496445274
Factom,FCT,30,14.7855,0.00600197,2270820.0,129420720.0,8753219.0,8753219.0,1.82,14.62,21.46,1496445265
SingularDTV,SNGLS,31,0.20316,0.00008247,220944.0,121896000.0,600000000.0,1000000000.0,-0.53,6.67,29.18,1496445277
Byteball,GBYTE,32,628.33,0.255061,567399.0,118932734.0,189284.0,1000000.0,1.23,22.99,116.33,1496445281
Iconomi,ICN,33,1.23847,0.00050274,838169.0,107746890.0,87000000.0,100000000.0,-1.45,4.02,12.57,1496445276
Tether,USDT,34,1.02475,0.00041598,50074400.0,107592284.0,104993690.0,124951468.0,0.14,-0.42,-2.74,1496445259
Round,ROUND,35,0.105285,0.00004274,368190.0,89492250.0,850000000.0,1000000000.0,-0.04,-0.42,-19.69,1496445279
Komodo,KMD,36,0.876241,0.0003557,1274040.0,88452595.0,100945510.0,100945510.0,8.96,62.67,85.09,1496445282
PIVX,PIVX,37,1.639,0.00066533,950966.0,87753477.0,53540865.0,53540865.0,-0.47,-1.82,32.55,1496445267
FirstBlood,1ST,38,0.856478,0.00034767,3736090.0,73278862.0,85558371.0,93468691.0,1.24,6.64,40.5,1496445277
Aragon,ANT,39,2.14292,0.00087145,758608.0,72013184.0,33605167.0,39609523.0,-0.01,3.95,10.94,1496444991
Nxt,NXT,40,0.0717127,0.00002911,4049450.0,71640986.0,998999983.0,998999983.0,0.93,21.81,33.43,1496445244
SysCoin,SYS,41,0.135984,0.00005520,3976830.0,71416084.0,525180048.0,525180048.0,8.83,26.85,16.61,1496445254
AntShares,ANS,42,1.33825,0.00054324,7056520.0,66912500.0,50000000.0,100000000.0,-0.15,7.84,65.47,1496445275
iExec RLC,RLC,43,0.839831,0.00034153,913417.0,65566272.0,78070793.0,86999785.0,-1.28,28.75,55.68,1496444990
Ubiq,UBQ,44,1.63149,0.00066228,1594040.0,60529485.0,37100739.0,37100739.0,5.89,50.47,230.92,1496445255
ReddCoin,RDD,45,0.00179565,0.00000073,2779980.0,51222348.0,28525797263.0,28525797263.0,12.7,51.16,35.62,1496445245
Wings,WINGS,46,0.551401,0.00022383,1450900.0,49465265.0,89708333.0,100000000.0,1.88,33.21,104.97,1496445281
BitcoinDark,BTCD,47,34.7902,0.0141225,737522.0,44839773.0,1288862.0,1288862.0,-3.12,43.88,62.28,1496445253
Peercoin,PPC,48,1.69104,0.00068645,1323600.0,40797609.0,24125750.0,24125750.0,1.88,6.23,11.43,1496445240
Lykke,LKK,49,0.276525,0.00011225,517036.0,38035499.0,137548138.0,1285690000.0,1.29,6.99,13.81,1496445280
Ark,ARK,50,0.378772,0.00015403,649587.0,36105018.0,95321244.0,126571244.0,-0.02,27.33,42.78,1496444988
Emercoin,EMC,51,0.878801,0.00035674,1009830.0,35293699.0,40161195.0,40161195.0,0.75,2.99,5.99,1496445254
Melon,MLN,52,56.5741,0.0229654,298178.0,33910516.0,599400.0,749400.0,1.63,3.68,-3.25,1496445284
Storjcoin X,SJCX,53,0.658902,0.00026747,409475.0,33718087.0,51173144.0,500000000.0,0.53,1.5,22.17,1496445255
Xaurum,XAUR,54,0.279038,0.00011327,316755.0,31727822.0,113704307.0,113704307.0,2.31,14.26,35.21,1496445261
Omni,OMNI,55,55.7442,0.0226285,8903990.0,31160266.0,558987.0,615303.0,-7.51,1.63,223.77,1496445244
Counterparty,XCP,56,11.5712,0.00469715,541009.0,30302001.0,2618743.0,2618743.0,-0.13,4.31,14.88,1496445246
Gulden,NLG,57,0.0767396,0.00003115,130734.0,26596360.0,346579345.0,448599500.0,2.19,6.99,14.41,1496445249
Namecoin,NMC,58,1.79964,0.00073054,721412.0,26520215.0,14736400.0,14736400.0,0.49,3.79,12.88,1496445241
WeTrust,TRST,59,0.282486,0.00011488,433585.0,26030379.0,92147500.0,100000000.0,5.79,20.01,9.69,1496444989
Blocknet,BLOCK,60,6.58288,0.00267222,235959.0,25742460.0,3910516.0,3910516.0,-3.67,24.24,113.46,1496445257
Nexus,NXS,61,0.514991,0.00020905,87571.4,25682397.0,49869604.0,49869604.0,-0.84,-1.72,10.08,1496445259
Synereo,AMP,62,0.299514,0.00012158,499458.0,24636921.0,82256324.0,949291063.0,0.86,8.76,27.12,1496445266
Burst,BURST,63,0.0135378,0.00000550,4183460.0,24103816.0,1780482482.0,1780482482.0,1.7,19.48,45.18,1496445255
Verge,XVG,64,0.00174895,0.00000071,3269890.0,23452497.0,13409472280.0,13409472280.0,0.23,49.25,65.45,1496445257
EarthCoin,EAC,65,0.00246192,0.00000100,6960120.0,23010257.0,9346468332.0,9346468332.0,1.53,8.29,31.42,1496445244
XtraBYtes,XBY,66,0.0349365,0.00001421,840332.0,22708725.0,650000000.0,650000000.0,-0.99,56.86,490.78,1496444989
YbCoin,YBC,67,7.2127,0.00292789,2757570.0,21784246.0,3020262.0,3020262.0,-0.12,1.95,20.43,1496445244
Matchpool,GUP,68,0.289809,0.00011786,317544.0,21735675.0,75000000.0,98855150.0,0.15,9.74,22.11,1496444988
NAV Coin,NAV,69,0.344858,0.00013999,1193780.0,21151004.0,61332502.0,61332502.0,-1.26,18.41,16.38,1496445252
BCAP,BCAP,70,1.99484,0.00081123,173427.0,19948400.0,10000000.0,10000000.0,0.51,16.87,-3.01,1496444992
TokenCard,TKN,71,0.843478,0.00034301,307993.0,19943241.0,23644056.0,39406760.0,2.52,-3.5,-9.43,1496444991
BlackCoin,BLK,72,0.259712,0.00010543,1361300.0,19782184.0,76169696.0,76169696.0,0.52,10.1,43.93,1496445247
Humaniq,HMQ,73,0.158503,0.00006446,865381.0,19707424.0,124334708.0,184190414.0,-1.11,34.94,-10.76,1496444992
PotCoin,POT,74,0.090333,0.00003667,504254.0,19597663.0,216949097.0,216949097.0,5.67,5.9,7.4,1496445246
Edgeless,EDG,75,0.246258,0.00010014,422345.0,19560873.0,79432438.0,132046997.0,-3.79,2.13,-2.32,1496444987
OBITS,OBITS,76,1.30295,0.00052892,646519.0,19073796.0,14638932.0,16443700.0,0.21,28.19,63.01,1496445266
BitBay,BAY,77,0.018584,0.00000754,72906.2,18723831.0,1007524264.0,1007524264.0,-2.71,4.07,8.14,1496445257
E-Dinar Coin,EDR,78,0.0280579,0.00001139,464578.0,18536024.0,660634755.0,785634755.0,-0.66,-6.26,15.51,1496445274
SuperNET,UNITY,79,21.6069,0.008771,26989.6,17632548.0,816061.0,816061.0,2.04,70.87,279.9,1496445256
Nexium,NXC,80,0.263669,0.00010703,1409620.0,17539680.0,66521586.0,66521586.0,-0.9,-0.47,51.4,1496445281
Expanse,EXP,81,2.39445,0.00097199,443241.0,17349090.0,7245543.0,16245543.0,0.34,0.87,18.72,1496445267
Bankcoin,B@,82,3.97475,0.00161639,8994.81,16952627.0,4265080.0,25000000.0,1.11,35.9,38.05,1496444988
Unity Ingot,UNY,83,0.0837018,0.00003404,109232.0,16907764.0,202000000.0,10000000000.0,2.3,3.06,92.01,1496444992
Infinitecoin,IFC,84,0.000183773,0.00000007,2757800.0,16649149.0,90596274910.0,90596274910.0,0.64,0.14,24.88,1496445242
Swarm City,SWT,85,2.48732,0.00101151,38391.5,16520107.0,6641730.0,6641730.0,1.39,6.74,-6.12,1496444985
ZCoin,XZC,86,7.29701,0.00296211,1134840.0,16319629.0,2236482.0,2236482.0,0.05,-1.91,38.05,1496445277
Agoras Tokens,AGRS,87,0.387944,0.00015748,26406.7,16293648.0,42000000.0,42000000.0,2.47,6.14,10.36,1496445264
TaaS,TAAS,88,1.99402,0.0008109,208779.0,16243288.0,8146001.0,8146001.0,3.34,16.97,42.75,1496444987
LBRY Credits,LBC,89,0.236286,0.00009592,884056.0,16191386.0,68524524.0,466424524.0,0.42,14.61,27.78,1496445272
Chronobank,TIME,90,22.1663,0.00899806,501880.0,15740574.0,710113.0,710113.0,3.16,14.22,26.58,1496445284
Shift,SHIFT,91,1.38719,0.00056311,387853.0,15026139.0,10832070.0,10832070.0,-6.06,37.35,155.03,1496445264
GridCoin,GRC,92,0.0380296,0.00001544,226388.0,14843438.0,390312753.0,390312753.0,0.72,5.67,26.43,1496445259
Radium,RADS,93,4.55351,0.00184843,422883.0,14785766.0,3247114.0,3247114.0,3.29,6.17,44.12,1496445267
Pepe Cash,PEPECASH,94,0.0209726,0.00000851,31865.0,14720333.0,701884009.0,701884009.0,-1.1,-3.54,-2.91,1496445277
I/O Coin,IOC,95,0.900015,0.00036535,45741.4,14703012.0,16336408.0,16336408.0,0.28,10.81,17.59,1496445254
Waves Community Token,WCT,96,2.74402,0.00111389,136733.0,13720100.0,5000000.0,10000000.0,-11.49,0.76,23.28,1496445283
MonaCoin,MONA,97,0.266406,0.00010814,31588.9,13470060.0,50562150.0,50562150.0,0.22,-3.24,8.52,1496445251
LuckChain,BASH,98,0.0184334,0.00000748,764611.0,13347136.0,724073494.0,724073494.0,4.32,34.66,122.8,1496445279
Vertcoin,VTC,99,0.393123,0.00015958,543239.0,13146615.0,33441481.0,33441481.0,1.77,6.71,30.55,1496445245
E-coin,ECN,100,4.69258,0.00190831,131530.0,13102103.0,2792089.0,211080981.0,0.46,5.31,11.19,1496444988
DigitalNote,XDN,101,0.00183686,0.00000075,3388850.0,12640447.0,6881551619.0,6881551619.0,0.58,20.56,18.76,1496445252
MergeCoin,MGC,102,0.127482,0.00005184,3511140.0,12610867.0,98922730.0,103922730.0,2.88,19.63,20.65,1496444990
Golos,GOLOS,103,0.100478,0.00004079,48258.6,12367772.0,123089350.0,123089350.0,-8.02,6.58,68.77,1496445281
Clams,CLAM,104,5.31184,0.00215626,609054.0,12232034.0,2302787.0,16208166.0,2.68,15.23,16.82,1496445253
Bitland,CADASTRAL,105,0.384384,0.00015604,21794.1,11531520.0,30000000.0,30000000.0,0.4,-6.14,67.1,1496445272
Mooncoin,MOON,106,0.0000494911,0.00000002,102777.0,10984427.0,221947524505,221947524505,0.39,24.67,9.81,1496445244
Pluton,PLU,107,12.8477,0.00521531,106190.0,10920539.0,850000.0,20000000.0,-0.23,-4.54,54.93,1496445276
Etheroll,DICE,108,1.5409,0.00062663,59371.8,10788800.0,7001623.0,7001623.0,13.43,-15.09,-18.43,1496444992
Bitcrystals,BCY,109,0.453195,0.00018397,354522.0,10555556.0,23291422.0,23291422.0,-0.9,14.63,20.32,1496445264
FlorinCoin,FLO,110,0.0767163,0.00003114,319099.0,10280891.0,134011822.0,134011822.0,0.28,8.44,21.33,1496445243
Viacoin,VIA,111,0.43596,0.00017697,260501.0,9873330.0,22647331.0,22647331.0,-0.98,10.99,15.1,1496445253
DNotes,NOTE,112,0.0775849,0.00003149,325725.0,9611079.0,123878222.0,123878222.0,5.25,17.3,39.64,1496445248
vSlice,VSL,113,0.284262,0.00011539,140315.0,9491649.0,33390496.0,33390496.0,1.07,1.46,4.92,1496445281
Primecoin,XPM,114,0.489688,0.00019878,5049180.0,9466856.0,19332423.0,19332423.0,-1.84,22.12,40.98,1496445248
HEAT,HEAT,115,0.349858,0.00014202,39113.0,9224689.0,26366952.0,26366952.0,1.67,-2.12,0.02,1496445274
Crown,CRW,116,0.650289,0.00026398,26488.3,9015735.0,13864197.0,13864197.0,-1.28,11.66,1.94,1496445257
Energycoin,ENRG,117,0.0739035,0.00003000,5041.51,8938101.0,120942867.0,120942867.0,0.46,3.45,20.55,1496445250
Rubycoin,RBY,118,0.365865,0.00014852,40272.3,8925285.0,24395022.0,24395022.0,0.87,3.13,12.6,1496445248
VeriCoin,VRC,119,0.288902,0.00011728,530816.0,8728339.0,30212110.0,30212110.0,0.22,1.92,14.7,1496445251
NeosCoin,NEOS,120,2.5489,0.00103469,623212.0,8532690.0,3347597.0,3347597.0,-0.6,4.96,19.08,1496445255
FedoraCoin,TIPS,121,0.0000192309,0.000000008,57074.2,8522523.0,443168182458,443168182458,0.34,-6.75,-4.02,1496445247
Pascal Coin,PASC,122,0.813338,0.00033016,183590.0,8149484.0,10019800.0,10019800.0,1.16,4.95,12.42,1496445281
Skycoin,SKY,123,1.48299,0.00060308,35180.0,8105728.0,5465801.0,100000000.0,0.89,-4.09,-20.34,1496444989
VPNCoin,VASH,124,0.0201012,0.00000816,2069080.0,8047309.0,400339746.0,400339746.0,1.51,11.81,23.53,1496445259
SaluS,SLS,125,8.00626,0.00325002,37528.1,8033905.0,1003453.0,1003453.0,1.03,-1.55,70.7,1496445267
SolarCoin,SLR,126,0.227561,0.00009237,97299.9,8002097.0,35164626.0,98034181357.0,-0.54,1.91,18.34,1496445249
BelaCoin,BELA,127,0.221799,0.00009004,487835.0,7758784.0,34981150.0,34981150.0,1.01,8.66,13.09,1496445249
Einsteinium,EMC2,128,0.0358171,0.00001454,407214.0,7570488.0,211365194.0,211365194.0,-0.37,14.22,15.88,1496445248
Creditbit,CRB,129,0.637231,0.00025867,289040.0,7566699.0,11874342.0,11874342.0,3.16,1.2,-1.42,1496445267
Blitzcash,BLITZ,130,1.85938,0.00075479,338752.0,7556777.0,4064138.0,4064138.0,1.1,44.37,434.56,1496445258
Incent,INCNT,131,0.327064,0.00013277,181066.0,7525191.0,23008312.0,46016625.0,2.56,14.73,54.38,1496445280
Bitcoin Plus,XBC,132,76.2042,0.0309339,182074.0,7386616.0,96932.0,96932.0,-1.64,6.8,9.11,1496445250
Global Currency Reserve,GCR,133,0.069689,0.00002829,20555.3,7156577.0,102693068.0,102693068.0,2.55,7.19,10.72,1496445264
Asch,XAS,134,0.0905215,0.00003681,58921.4,6789113.0,75000000.0,100000000.0,-0.0,3.63,21.05,1496444988
Aeon,AEON,135,0.459081,0.00018636,24226.3,6534050.0,14232892.0,14232892.0,4.57,-1.49,3.43,1496445263
Novacoin,NVC,136,3.73855,0.00151761,54015.5,6491205.0,1736290.0,1736290.0,0.22,0.55,-5.52,1496445241
Lunyr,LUN,137,2.80315,0.00113994,150790.0,6441227.0,2297853.0,2703356.0,-2.37,0.81,-3.33,1496444991
Feathercoin,FTC,138,0.0391271,0.00001588,104034.0,6411919.0,163874120.0,163874120.0,-0.94,-0.21,28.8,1496445247
FirstCoin,FRST,139,2.00828,0.00081523,126519.0,6399794.0,3186704.0,110000000.0,0.86,15.23,20.57,1496445282
MonetaryUnit,MUE,140,0.0506094,0.00002054,81911.5,6152299.0,121564360.0,121564360.0,0.23,19.91,20.15,1496445257
WorldCoin,WDC,141,0.053312,0.00002164,342120.0,6109841.0,114605357.0,114605357.0,4.19,13.06,36.75,1496445241
Darcrus,DAR,142,0.443421,0.00018,40873.0,6041062.0,13623762.0,13623762.0,30.23,35.12,59.6,1496445282
ZClassic,ZCL,143,4.06457,0.00164995,292958.0,6015970.0,1480100.0,1480100.0,-0.81,0.98,39.74,1496445278
PinkCoin,PINK,144,0.0181875,0.00000738,1981630.0,5838440.0,321013900.0,371013900.0,3.13,17.74,21.14,1496445251
SIBCoin,SIB,145,0.398361,0.00016171,29570.1,5838010.0,14655074.0,14655074.0,0.92,1.09,32.51,1496445265
ION,ION,146,0.423467,0.0001719,41675.3,5828380.0,13763480.0,19663480.0,1.03,13.23,-3.29,1496445271
Safe Exchange Coin,SAFEX,147,0.00271067,0.00000110,24273.5,5821119.0,2147483647.0,2147483647.0,-3.35,2.1,8.6,1496445268
FoldingCoin,FLDC,148,0.0113708,0.00000462,418425.0,5568758.0,489741985.0,1000000000.0,-1.07,13.82,19.34,1496445255
RouletteToken,RLT,149,0.546841,0.00022238,129205.0,5518834.0,10092210.0,10092933.0,-20.93,20.66,13.8,1496444991
MUSE,MUSE,150,0.00392212,0.00000159,9544.02,5392289.0,1374840478.0,1524840478.0,0.03,30.23,39.53,1496445261
Gambit,GAM,151,4.5192,0.0018345,41560.0,5351217.0,1184107.0,1184107.0,-3.35,6.14,13.85,1496445261
Auroracoin,AUR,152,0.617342,0.0002506,10232.3,5345033.0,8658139.0,8658139.0,1.24,5.9,11.74,1496445246
SpreadCoin,SPR,153,0.63584,0.00025811,44454.1,5173859.0,8137046.0,8137046.0,21.33,59.22,91.98,1496445257
Vcash,XVC,154,0.336047,0.00013641,137110.0,5125358.0,15251907.0,15251907.0,0.59,11.7,9.79,1496445260
Rise,RISE,155,0.0473125,0.00001921,254295.0,5080758.0,107387215.0,107387215.0,8.48,110.48,132.04,1496445273
OKCash,OK,156,0.066232,0.00002689,129835.0,4741056.0,71582563.0,71582563.0,0.42,-3.87,150.93,1496445258
Sphere,SPHR,157,1.50576,0.00061124,20525.4,4642168.0,3082940.0,3082940.0,1.03,12.28,138.13,1496445261
Ethereum Movie Venture,EMV,158,0.693141,0.00028188,4998.68,4620940.0,6666666.0,6666666.0,-0.34,140.66,22.56,1496444988
Quark,QRK,159,0.0184608,0.00000749,213789.0,4617065.0,250101047.0,250101047.0,2.35,53.89,47.98,1496445243
Janus,JNS,160,0.210841,0.00008559,11895.5,4453403.0,21122091.0,25201489.0,3.0,-7.06,-5.15,1496445283
ICO OpenLedger,ICOO,161,9.42433,0.00382566,11251.4,4446351.0,471795.0,471795.0,1.82,28.59,53.36,1496445272
CloakCoin,CLOAK,162,0.860405,0.00034927,23460.7,4305209.0,5003700.0,5003700.0,1.06,2.84,33.64,1496445251
LoMoCoin,LMC,163,0.0204803,0.00000831,407113.0,4271465.0,208564583.0,293564583.0,-1.48,16.86,21.22,1496445275
FairCoin,FAIR,164,0.0803824,0.00003263,4422.94,4268771.0,53105795.0,53105795.0,1.38,-1.32,26.81,1496445248
APX,APX,165,4.71488,0.00191738,234799.0,4243392.0,900000.0,1000000.0,-1.84,13.26,25.27,1496444992
bitCNY,BITCNY,166,0.142303,0.00005777,500419.0,4206462.0,29559900.0,29559900.0,0.09,2.99,-0.39,1496445256
ArtByte,ABY,167,0.00533674,0.00000217,143970.0,4125057.0,772954450.0,772954450.0,0.44,30.67,31.6,1496445252
Bitmark,BTM,168,1.04711,0.00042506,167520.0,4084964.0,3901180.0,3901180.0,0.68,5.28,36.87,1496445254
Unobtanium,UNO,169,20.2555,0.00822242,80478.0,4005026.0,197725.0,197725.0,-0.71,4.46,1.25,1496445244
NautilusCoin,NAUT,170,0.245839,0.00009979,358281.0,3977675.0,16180000.0,16180000.0,-1.58,-0.27,16.87,1496445251
DubaiCoin,DBIX,171,4.45855,0.00181314,35414.2,3879283.0,870077.0,870077.0,1.33,-2.44,75.61,1496444988
Riecoin,RIC,172,0.112698,0.00004575,686307.0,3855355.0,34209615.0,34209615.0,2.75,15.13,50.53,1496445247
PoSW Coin,POSW,173,0.0931658,0.00003782,75449.8,3819798.0,41000000.0,70000000.0,2.83,36.33,64.84,1496445281
Minereum,MNE,174,8.99057,0.00365615,376435.0,3614533.0,402036.0,402036.0,-5.46,51.69,305.63,1496444991
Wild Beast Block,WBB,175,1.54913,0.00062884,14141.6,3602356.0,2325406.0,2325406.0,2.35,23.11,-7.13,1496445259
Circuits of Value,COVAL,176,0.00872062,0.00000354,104854.0,3488248.0,400000000.0,1200000000.0,-1.91,20.1,10.34,1496445258
BitSend,BSD,177,0.217099,0.00008813,32232.5,3312757.0,15259200.0,15259200.0,1.48,13.04,37.8,1496445252
HunterCoin,HUC,178,0.183243,0.00007438,5631720.0,3234037.0,17648900.0,17648900.0,-3.67,56.36,74.49,1496445246
BitBean,BITB,179,0.00164459,0.00000067,176597.0,3222313.0,1959341000.0,1959341000.0,3.19,31.73,2.05,1496445259
Megacoin,MEC,180,0.0967916,0.00003929,603659.0,3183132.0,32886450.0,32886450.0,2.79,20.87,25.15,1496445242
Zennies,ZENI,181,0.00317286,0.00000129,6627.45,3175020.0,1000680657.0,1000680657.0,0.59,4.79,10.0,1496444989
Diamond,DMD,182,1.4475,0.00058759,15154.2,3075539.0,2124724.0,2124724.0,-5.78,-2.11,2.3,1496445245
Musicoin,MUSIC,183,0.0176573,0.00000718,83169.2,3045147.0,172458220.0,172458220.0,-3.09,5.97,8.2,1496444986
Curecoin,CURE,184,0.128434,0.00005214,18778.6,3044963.0,23708388.0,23708388.0,0.84,12.74,9.56,1496445251
InstantDEX,DEX,185,2.88983,0.00117308,3609.4,2889830.0,1000000.0,1000000.0,2.48,27.6,,1496445255
Myriad,XMY,186,0.00193768,0.00000079,139631.0,2879785.0,1486202500.0,1486202500.0,-0.56,25.46,-16.09,1496445249
Zetacoin,ZET,187,0.0173053,0.00000702,294771.0,2875429.0,166158872.0,166158872.0,-0.53,2.45,42.25,1496445249
Ethbits,ETB,188,2.09122,0.00085043,1431.94,2816843.0,1346986.0,1634691.0,-0.34,14.67,,1496444994
Cryptonite,XCN,189,0.00857632,0.00000348,803198.0,2812167.0,327899058.0,327899058.0,1.58,41.14,36.64,1496445254
RaiBlocks,XRB,190,0.0373957,0.00001521,45922.7,2809413.0,75126627.0,340282367.0,1.95,15.79,41.47,1496444986
Steem Dollars,SBD,191,1.95465,0.00079346,254984.0,2783425.0,1424002.0,1424002.0,6.48,24.52,28.05,1496445274
ZcCoin,ZCC,192,0.0447668,0.00001817,2080620.0,2760189.0,61657044.0,61657044.0,1.82,29.03,39.98,1496445255
Breakout Stake,BRX,193,0.412037,0.00016726,15437.7,2582682.0,6268082.0,6268082.0,2.04,39.31,69.7,1496445272
Espers,ESP,194,0.000126981,0.00000005,6229.73,2555949.0,20128591535.0,20128591535.0,9.09,13.01,2.42,1496445270
Zeitcoin,ZEIT,195,0.0000700079,0.00000003,8225.94,2543271.0,36328336171.0,36328336171.0,1.33,5.93,42.78,1496445248
Atmos,ATMS,196,0.0252537,0.00001027,156570.0,2527234.0,100073811.0,110073811.0,-5.96,6.22,13.72,1496444989
Bata,BTA,197,0.507087,0.00020584,61761.7,2510795.0,4951409.0,4951409.0,1.36,29.52,66.87,1496445261
Adzcoin,ADZ,198,0.0448317,0.00001820,13548.3,2458906.0,54847480.0,54847480.0,7.37,18.5,26.49,1496445266
Digitalcoin,DGC,199,0.0707804,0.00002873,250058.0,2434123.0,34389793.0,34389793.0,0.99,13.72,40.44,1496445242
Spectrecoin,XSPEC,200,0.119314,0.00004843,192033.0,2433671.0,20397194.0,20397194.0,3.98,4.03,11.11,1496445282
Mintcoin,MINT,201,0.0000992413,0.00000004,14896.9,2416399.0,24348719292.0,24348719292.0,1.01,14.45,1.34,1496445246
Veros,VRS,202,0.0272741,0.00001107,91683.7,2331579.0,85486938.0,10000000000.0,0.48,-3.66,3.5,1496445280
BoostCoin,BOST,203,0.19486,0.00007910,197763.0,2310160.0,11855487.0,11855487.0,3.58,12.36,32.78,1496445251
bitUSD,BITUSD,204,1.01353,0.00041143,293226.0,2232239.0,2202440.0,2202440.0,0.05,1.43,-0.07,1496445256
BlockPay,BLOCKPAY,205,0.410827,0.00016677,16755.5,2230092.0,5428300.0,98928316.0,0.12,12.01,66.93,1496445275
MaxCoin,MAX,206,0.0409327,0.00001662,191430.0,2228486.0,54442678.0,54442678.0,1.01,19.48,66.25,1496445246
iCash,ICASH,207,0.00985034,0.00000400,14390.9,2176339.0,220940496.0,220940496.0,1.28,15.44,17.5,1496445260
Groestlcoin,GRS,208,0.0317489,0.00001289,8537.87,2146941.0,67622517.0,67622517.0,1.02,9.59,16.46,1496445249
FUNCoin,FUNC,209,0.363087,0.00014766,39995.6,2097521.0,5776909.0,100000000.0,0.34,3.61,34.37,1496444991
Project Decorum,PDC,210,0.0384052,0.00001559,2674.82,1920260.0,50000000.0,50000000.0,1.03,5.27,2.11,1496445272
Tickets,TIX,211,0.0000278753,0.00000001,35742.0,1864196.0,66876281414.0,66876281414.0,3.32,-1.7,10.87,1496445247
Anoncoin,ANC,212,0.874283,0.0003549,242249.0,1845014.0,2110317.0,2110317.0,27.1,89.48,90.44,1496445243
GoldCoin,GLD,213,0.0453494,0.00001841,19530.8,1825556.0,40255340.0,40255340.0,1.86,-3.1,-2.41,1496445242
TransferCoin,TX,214,0.298139,0.00012103,6709.96,1781248.0,5974554.0,5974554.0,-3.71,-2.42,-21.75,1496445263
CryptoCarbon,CCRB,215,0.481636,0.00019551,18572.0,1715641.0,3562111.0,10000150.0,1.07,11.1,23.48,1496445282
Startcoin,START,216,0.03513,0.00001426,48254.7,1583653.0,45079785.0,70782220.0,1.11,7.48,-13.49,1496445252
DeepWebCash,DWC,217,1.1812,0.00047949,18772.8,1579885.0,1337525.0,1337525.0,1.39,-6.18,-15.68,1496445281
vTorrent,VTR,218,0.141451,0.00005742,16543.2,1529929.0,10815966.0,10815966.0,-0.88,-3.58,23.03,1496445259
Pangea Poker,PANGEA,219,1.51754,0.00061602,924.489,1516557.0,999352.0,1000000.0,2.48,72.02,100.57,1496445258
Boolberry,XBB,220,0.156271,0.00006344,7291.91,1489650.0,9532480.0,9532480.0,1.18,15.98,6.38,1496445252
2GIVE,2GIVE,221,0.00287975,0.00000117,16568.2,1477311.0,512999652.0,512999652.0,-0.45,13.85,-24.28,1496445270
Bitswift,SWIFT,222,0.362521,0.00014716,9354.03,1472166.0,4060911.0,4060911.0,-4.53,23.15,100.84,1496445257
Visio,VISIO,223,0.0286614,0.00001163,4620.94,1450312.0,50601560.0,62601560.0,1.64,14.41,-0.19,1496445284
Sequence,SEQ,224,0.0317046,0.00001287,2666.91,1417253.0,44701798.0,44701798.0,-8.44,-0.58,29.51,1496445277
MediterraneanCoin,MED,225,0.0283297,0.00001150,225949.0,1408173.0,49706598.0,49706598.0,11.71,114.49,94.26,1496445257
EB3 Coin,EB3,226,0.295107,0.00012001,39657.8,1383010.0,4686470.0,786000000.0,0.9,4.53,18.87,1496444988
Breakout,BRK,227,0.0746426,0.00003030,8137.42,1337302.0,17916067.0,17916067.0,-13.82,9.04,7.87,1496445271
EuropeCoin,ERC,228,0.133987,0.00005439,1066.51,1319974.0,9851509.0,9851509.0,0.77,-0.8,15.26,1496445263
Voxels,VOX,229,0.0418051,0.00001697,532370.0,1316861.0,31500000.0,210000000.0,6.44,38.6,40.25,1496445269
Qwark,QWARK,230,0.0712923,0.00002894,31408.3,1258972.0,17659296.0,250377576.0,9.41,31.21,74.46,1496445270
Renos,RNS,231,0.0373988,0.00001518,681896.0,1247337.0,33352323.0,33352323.0,7.59,25.51,142.24,1496445284
VeriumReserve,VRM,232,1.08487,0.00044039,98417.4,1208650.0,1114097.0,1114097.0,-7.07,45.8,30.42,1496445275
LiteDoge,LDOGE,233,0.0000810777,0.00000003,8898.8,1197897.0,14774679659.0,14774679659.0,6.58,31.52,-45.16,1496445260
Dynamic,DYN,234,0.737682,0.00029999,4766.2,1192575.0,1616651.0,4370555.0,0.9,10.11,20.98,1496444987
TagCoin,TAG,235,0.2142,0.00008695,180356.0,1176597.0,5492984.0,5492984.0,3.25,13.04,19.92,1496445243
Creativecoin,CREA,236,0.109843,0.00004467,7513.29,1159808.0,10558779.0,12270507.0,2.4,22.09,19.92,1496444992
SecureCoin,SRC,237,0.143778,0.00005836,166300.0,1119436.0,7785866.0,7785866.0,2.94,16.37,18.39,1496445243
HTMLCOIN,HTML5,238,0.0000270961,0.00000001,3499.34,1101701.0,40659020000.0,40659020000.0,0.67,31.92,23.49,1496445256
Inpay,INPAY,239,0.109504,0.00004453,23541.1,1095040.0,10000000.0,10000000.0,2.09,-1.08,-15.29,1496444989
Stealthcoin,XST,240,0.041386,0.00001680,2066.36,1083423.0,26178487.0,26178487.0,-6.64,-8.16,5.28,1496445252
ChainCoin,CHC,241,0.0733472,0.00002977,10499.8,1077171.0,14685915.0,14685915.0,-16.61,-23.98,-17.12,1496445263
WhiteCoin,XWC,242,0.00431104,0.00000175,17778.4,1069382.0,248056531.0,248056531.0,0.68,1.2,62.67,1496445249
Ixcoin,IXC,243,0.0503736,0.00002045,2847.32,1057800.0,20999088.0,20999088.0,1.07,-8.47,1.15,1496445246
Hacker Gold,HKG,244,0.0628968,0.00002553,2258.72,1013324.0,16110893.0,16110893.0,6.64,11.01,6.16,1496445280
Yocoin,YOC,245,0.00957656,0.00000389,59077.9,1011465.0,105618830.0,200000000.0,-14.03,-10.86,17.13,1496445267
Triggers,TRIG,246,0.031409,0.00001275,5325.92,1008405.0,32105593.0,100000000.0,1.11,0.9,4.99,1496445278
Mercury,MER,247,0.00997258,0.00000406,1893.0,997258.0,100000000.0,100000000.0,3.87,-2.25,-3.95,1496444987
AudioCoin,ADC,248,0.00124693,0.00000051,4739.0,989063.0,793198644.0,793198644.0,3.53,-1.86,-6.84,1496445262
CannabisCoin,CANN,249,0.0127636,0.00000518,56031.4,985748.0,77231176.0,91859176.0,0.9,3.36,54.66,1496445254
DopeCoin,DOPE,250,0.00886842,0.00000360,20845.2,985154.0,111085648.0,111085648.0,-2.75,18.69,-3.24,1496445247
DIBCOIN,DIBC,251,0.19538,0.00007945,4779.2,976900.0,5000000.0,5000000000.0,2.1,4.57,26.94,1496444988
PutinCoin,PUT,252,0.00471349,0.00000191,4173.02,944666.0,200417616.0,200417616.0,1.68,-5.62,34.78,1496445272
PepeCoin,PEPE,253,0.06813,0.00002766,20982.5,938737.0,13778621.0,13778621.0,1.03,7.06,43.31,1496445268
Hush,HUSH,254,0.848302,0.00034436,53487.7,933885.0,1100888.0,1222363.0,-5.71,21.14,82.9,1496445280
HiCoin,XHI,255,0.0048048,0.00000195,125642.0,911615.0,189729990.0,10189729990.0,-0.71,-5.16,-3.81,1496445270
ArcticCoin,ARC,256,0.0385954,0.00001567,23931.4,901631.0,23361090.0,23361090.0,2.51,-7.8,-20.08,1496445279
CacheCoin,CACH,257,0.246345,0.0001,23866.5,887814.0,3603946.0,3603946.0,-48.78,195.14,,1496445246
Syndicate,SYNX,258,0.0782652,0.00003177,16727.3,881960.0,11268860.0,11268860.0,3.9,-7.65,52.15,1496445272
Pesetacoin,PTC,259,0.00653151,0.00000265,2144.33,852701.0,130551879.0,130551879.0,1.68,10.18,2.18,1496445247
Woodcoin,LOG,260,0.1045,0.00004242,583.123,839678.0,8035193.0,8035193.0,1.02,3.31,6.89,1496445260
EverGreenCoin,EGC,261,0.0617548,0.00002507,13147.4,822654.0,13321301.0,13321301.0,-5.42,-2.71,3.41,1496445267
Centurion,CNT,262,0.0312537,0.00001269,32840.4,807917.0,25850279.0,63389078.0,1.75,-5.5,3.73,1496445285
BlueCoin,BLU,263,0.00138773,0.00000056,1709.69,797506.0,574683675.0,574683675.0,-1.03,-15.15,217.91,1496445250
Unitus,UIS,264,0.0169543,0.00000688,23492.6,793222.0,46785866.0,46785866.0,2.86,5.26,-2.93,1496445258
ShadowCash,SDC,265,0.118464,0.00004809,524.746,789831.0,6667264.0,6667264.0,1.03,-3.32,-10.21,1496445254
e-Gulden,EFL,266,0.0509349,0.00002068,1871.08,781643.0,15345929.0,20385269.0,2.0,4.08,-16.48,1496445251
GeoCoin,GEO,267,0.313134,0.00012711,5466.49,768769.0,2455079.0,2455079.0,2.89,20.26,36.52,1496445259
Version,V,268,0.00172132,0.00000070,908.024,752996.0,437452576.0,437452576.0,0.85,19.38,,1496444993
Ripto Bux,RBX,269,0.00214575,0.00000087,5703.22,734061.0,342100100.0,1000000000.0,-0.17,14.5,57.44,1496444988
ExclusiveCoin,EXCL,270,0.177393,0.00007201,5317.53,725350.0,4088941.0,4088941.0,-6.8,8.01,-4.34,1496445255
Fantomcoin,FCN,271,0.123173,0.00005000,5278.73,722167.0,5863028.0,5863028.0,3.61,4.53,8.83,1496445252
ProCurrency,PROC,272,0.255449,0.00010388,980.803,719141.0,2815205.0,15000053805.0,0.85,16.45,14.65,1496444990
HempCoin,THC,273,0.00337485,0.00000137,15918.9,714871.0,211823061.0,211823061.0,-0.43,9.66,-9.82,1496445252
Tokes,TKS,274,1.08723,0.00044214,9427.4,704116.0,647624.0,50000000.0,-3.37,10.88,5.44,1496444987
DT Token,DRACO,275,0.00765173,0.00000311,90450.0,680154.0,88888888.0,88888888.0,2.02,43.96,76.26,1496445272
Synergy,SNRG,276,0.240317,0.00009755,1145.4,667220.0,2776415.0,2776415.0,1.03,11.06,29.96,1496445261
Altcoin,ALT,277,5.43721,0.00221112,2097.41,664293.0,122175.0,134063.0,0.33,1.47,26.83,1496444990
BTSR,BTSR,278,0.179821,0.00007300,19202.8,595355.0,3310819.0,3310819.0,-0.0,19.9,44.8,1496445269
Moin,MOIN,279,0.0832763,0.00003380,2152.91,578784.0,6950159.0,6950159.0,0.3,23.51,30.97,1496445266
Magi,XMG,280,0.0812615,0.00003299,4114.62,573419.0,7056462.0,7056462.0,-2.56,-0.31,-7.59,1496445256
Deutsche eMark,DEM,281,0.0205195,0.00000833,763.198,570307.0,27793416.0,27793416.0,1.03,-5.29,10.76,1496445243
TrustPlus,TRUST,282,0.0172442,0.00000700,1532.17,553308.0,32086595.0,32086595.0,-6.83,1.33,22.94,1496445253
UniBURST,UNIBURST,283,0.547471,0.00022264,8977.98,547470.0,999999.0,1000000.0,4.65,-3.86,220.03,1496444986
TileCoin,XTC,284,0.00536528,0.00000218,8237.41,536528.0,100000000.0,100000000.0,-1.05,1.96,1.94,1496445257
Canada eCoin,CDN,285,0.00545603,0.00000221,757.25,531502.0,97415544.0,97415544.0,1.11,8.13,26.29,1496445250
1337,1337,286,0.0000230513,0.000000009,5153.62,526385.0,22835382712.0,22835382712.0,0.74,24.88,68.24,1496445265
FujiCoin,FJC,287,0.000536391,0.00000022,3661.3,516759.0,963399542.0,963399542.0,1.04,-24.75,13.71,1496445262
NuShares,NSR,288,0.000183061,0.00000007,811.656,494680.0,2702268334.0,3317181461.0,1.69,-23.26,-57.61,1496445257
Elcoin,EL,289,0.0419293,0.00001702,3859.63,469984.0,11208967.0,20935289.0,1.51,9.17,-9.43,1496445271
Capricoin,CPC,290,0.460963,0.00018712,50738.0,453966.0,984821.0,200984821.0,0.08,1.7,27.43,1496445263
IncaKoin,NKA,291,0.0000595908,0.00000002,11894.8,449136.0,7536996732.0,7536996732.0,1.51,5.82,101.6,1496445258
KoreCoin,KORE,292,0.243882,0.00009900,3002.23,446535.0,1830949.0,1830949.0,0.39,-3.51,4.68,1496445252
TrumpCoin,TRUMP,293,0.0680455,0.00002762,5995.63,444987.0,6539550.0,6539550.0,-0.35,11.69,17.67,1496445268
BitBar,BTB,294,13.3216,0.0054077,791.55,434175.0,32592.0,32592.0,0.65,15.75,22.42,1496445242
I0Coin,I0C,295,0.0196829,0.00000799,1093.62,412838.0,20974456.0,20974456.0,1.27,2.87,11.27,1496445243
CasinoCoin,CSC,296,0.010497,0.00000426,506.292,405197.0,38601187.0,38601187.0,-7.41,-10.9,-16.99,1496445265
NobleCoin,NOBL,297,0.000171154,0.00000007,10845.1,392232.0,2291689678.0,2291689678.0,1.02,-14.44,-15.99,1496445245
Newbium,NEWB,298,0.0162588,0.00000660,45205.5,390211.0,24000000.0,51000000.0,1.02,56.83,282.36,1496445271
PostCoin,POST,299,0.0240998,0.00000978,2531.63,380182.0,15775332.0,15775332.0,0.09,2.12,8.19,1496445269
MazaCoin,MZC,300,0.000343937,0.00000014,1531.99,375792.0,1092618137.0,1092618137.0,17.0,34.48,36.91,1496445247
Terracoin,TRC,301,0.0184302,0.00000748,6663.21,370512.0,20103520.0,20103520.0,0.45,17.83,0.16,1496445240
TeslaCoin,TES,302,0.00514649,0.00000209,1429.02,369384.0,71774059.0,71774059.0,3.54,15.39,5.1,1496445245
GCoin,GCN,303,0.0000026355,0.000000001,2160.57,366410.0,139028060000,139028060000,0.17,21.57,65.19,1496445258
MTMGaming,MTM,304,0.121812,0.00004954,515.753,365436.0,3000000.0,5000000.0,4.65,72.08,233.34,1496444986
Virtacoinplus,XVP,305,0.040271,0.00001638,1080.6,355217.0,8820662.0,10355256.0,1.73,0.39,-36.07,1496444986
Master Swiscoin,MSCN,306,0.0345112,0.00001401,11263.5,353879.0,10254020.0,1002580056.0,3.02,-1.68,-12.58,1496445285
Cryptojacks,CJ,307,0.000870036,0.00000035,4876.16,353729.0,406568581.0,406568581.0,-8.03,271.02,142.76,1496445272
Jewels,JWL,308,0.0170963,0.00000694,3549.31,344942.0,20176384.0,20176384.0,1.47,8.77,6.57,1496445275
Wyvern,WYV,309,0.314804,0.00012802,880.414,343335.0,1090631.0,1090631.0,0.85,4.78,-9.02,1496444988
iTicoin,ITI,310,10.6738,0.00434065,51032.8,341562.0,32000.0,9999992.0,1.19,-9.92,10.96,1496444991
Trollcoin,TROLL,311,0.000614694,0.00000025,914.302,340397.0,553765791.0,553765791.0,1.01,-0.02,-7.9,1496445256
Atomic Coin,ATOM,312,0.0319793,0.00001298,1316.13,321417.0,10050794.0,10050794.0,6.29,35.1,38.49,1496445278
Bytecent,BYC,313,0.195721,0.00007945,7669.08,317442.0,1621911.0,1621911.0,1.3,23.21,10.69,1496445258
Dotcoin,DOT,314,0.00139883,0.00000057,37574.9,314682.0,224960750.0,489960750.0,-0.18,0.36,14.49,1496445259
ParkByte,PKB,315,0.0631436,0.00002563,1650.22,300818.0,4764026.0,4764026.0,1.02,15.03,20.57,1496445262
Joincoin,J,316,0.115886,0.00004704,689.273,283735.0,2448402.0,2448402.0,-16.87,-70.5,-31.39,1496445254
Influxcoin,INFX,317,0.165809,0.00006731,8783.5,277462.0,1673383.0,1673383.0,1.02,7.46,-32.58,1496445264
8Bit,8BIT,318,0.233377,0.00009474,2746.75,271748.0,1164415.0,1164415.0,7.29,16.22,-24.12,1496445261
Karbowanec,KRB,319,0.07642,0.00003102,5167.18,270683.0,3542048.0,3542048.0,-0.69,-1.43,2.78,1496445274
Asiadigicoin,ADCN,320,0.0108392,0.00000440,919.954,270233.0,24931054.0,210000000.0,1.03,-9.43,-24.39,1496445267
Quatloo,QTL,321,0.0351024,0.00001425,8678.83,261097.0,7438154.0,7438154.0,-5.63,1.24,-10.57,1496445253
UltraCoin,UTC,322,0.00601082,0.00000244,3974.48,259085.0,43103052.0,43103052.0,1.02,18.28,46.69,1496445248
Rubies,RBIES,323,0.0246019,0.00000999,2135.96,255210.0,10373574.0,10373574.0,1.33,13.94,-1.01,1496445268
Sexcoin,SXC,324,0.00201013,0.00000082,2628.28,246331.0,122544664.0,122544664.0,0.43,0.21,-5.0,1496445266
Torcoin,TOR,325,0.923416,0.00037552,7626.28,242866.0,263009.0,1263009.0,-1.97,16.14,21.9,1496444988
Zoin,ZOI,326,0.0220222,0.00000894,1098.08,236967.0,10760350.0,10760350.0,-1.51,-4.08,-9.51,1496445278
PRCoin,PRC,327,0.0239775,0.00000975,44172.8,227067.0,9470000.0,789470000.0,0.84,3.41,0.32,1496444985
Flycoin,FLY,328,1.03088,0.00041847,1953.49,217315.0,210806.0,210806.0,0.81,17.53,212.21,1496445264
NuBits,USNBT,329,1.00514,0.00040802,65536.5,197783.0,196772.0,838087.0,0.25,0.02,-3.2,1496445255
LiteBar,LTB,330,0.30141,0.00012235,834.329,194731.0,646067.0,646067.0,1.21,-15.36,-9.23,1496445250
KibiCoin,KIC,331,0.0128489,0.00000523,693.932,188329.0,14657200.0,14657200.0,0.73,-32.65,,1496444994
TEKcoin,TEK,332,0.00012968,0.00000005,1845.3,183375.0,1414054562.0,1414054562.0,1.27,61.74,303.14,1496445251
UnbreakableCoin,UNB,333,0.074287,0.00003016,3478.07,169237.0,2278150.0,2278150.0,0.94,5.04,11.45,1496445250
Tattoocoin (Standard Edition),TSE,334,0.00146503,0.00000059,1041.31,167590.0,114393593.0,604393593.0,1.02,-0.24,27.08,1496445282
LanaCoin,LANA,335,0.000223121,0.00000009,520.067,167050.0,748695968.0,748695968.0,1.42,20.09,93.83,1496445271
Netko,NETKO,336,0.0677653,0.00002756,1212.01,166350.0,2454802.0,2454802.0,-8.4,2.78,-11.58,1496444986
DigitalPrice,DP,337,0.00728991,0.00000296,520.044,165185.0,22659379.0,22659379.0,0.74,50.91,85.68,1496445256
bitBTC,BITBTC,338,2425.23,0.984483,75288.2,162684.0,67.0,67.0,0.43,-1.68,4.78,1496445256
Fastcoin,FST,339,0.0012308,0.00000050,1457.67,156022.0,126764507.0,126764507.0,0.68,-5.98,36.36,1496445242
Bottlecaps,CAP,340,0.00104015,0.00000042,637.267,144568.0,138987737.0,138987737.0,-1.37,-65.88,57.58,1496445265
TheGCCcoin,GCC,341,0.0204466,0.00000830,2327.96,143977.0,7041588.0,867041588.0,1.03,-4.85,-13.5,1496445284
Pascal Lite,PASL,342,0.0724674,0.00002947,2934.2,143627.0,1981950.0,1981950.0,2.66,23.32,-25.01,1496444987
Truckcoin,TRK,343,0.00108392,0.00000044,625.42,133447.0,123115250.0,123115250.0,1.03,-10.87,42.87,1496445253
Chronos,CRX,344,0.00175695,0.00000071,1406.31,129540.0,73729962.0,73729962.0,56.37,139.48,177.51,1496445273
PipCoin,PIP,345,0.019683,0.00000799,515.571,129380.0,6573177.0,6999979.0,1.03,-7.22,-6.06,1496445278
BERNcash,BERN,346,0.00180344,0.00000073,985.223,128467.0,71234301.0,71234301.0,3.64,-6.07,0.71,1496445269
Phoenixcoin,PXC,347,0.00206894,0.00000084,648.072,119773.0,57891000.0,57891000.0,-8.75,22.45,75.42,1496445242
Machinecoin,MAC,348,0.00608472,0.00000247,2485.48,119016.0,19559850.0,19559850.0,1.23,2.04,-4.63,1496445259
Piggycoin,PIGGY,349,0.000245119,0.00000010,941.517,118592.0,483813547.0,483813547.0,-2.14,-15.46,-41.3,1496445252
bitEUR,BITEUR,350,1.14892,0.00046639,20302.2,117305.0,102100.0,102100.0,-0.1,0.44,-9.32,1496445262
Rimbit,RBT,351,0.0010114,0.00000041,694.38,116816.0,115499623.0,393459356.0,1.95,7.78,12.19,1496445257
MojoCoin,MOJO,352,0.00966887,0.00000392,2578.7,116570.0,12056264.0,12056264.0,2.09,5.36,-24.03,1496445269
bitSilver,BITSILVER,353,20.479,0.00831312,23027.0,115431.0,5637.0,5637.0,0.01,-0.0,9.98,1496445259
Sumokoin,SUMO,354,0.24605,0.00010006,7542.61,114728.0,466279.0,9355168.0,0.85,2.73,,1496444993
Emerald Crypto,EMD,355,0.00571526,0.00000232,2977.03,109259.0,19117129.0,19117129.0,1.03,48.8,107.18,1496445242
CHNCoin,CNC,356,0.00432107,0.00000175,13175.9,109151.0,25260247.0,170109984.0,-3.65,7.56,1.53,1496445264
Eryllium,ERY,357,0.0218771,0.00000888,4191.64,95270.0,4354779.0,14354779.0,1.01,-0.05,-38.52,1496445283
bitGold,BITGOLD,358,1575.27,0.639458,4036.57,88239.0,56.0,56.0,-0.01,4.05,-1.98,1496445258
Freicoin,FRC,359,0.0027098,0.00000110,18176.3,75622.0,27906760.0,100000000.0,5.83,3.27,14.58,1496445242
Greencoin,GREV2,360,0.0000246345,0.00000001,628.442,75382.0,3060000641.0,3060000641.0,1.02,3.28,9.37,1496445253
Gapcoin,GAP,361,0.00676193,0.00000274,11308.9,73607.0,10885467.0,10885467.0,2.18,7.79,32.29,1496445258
Kurrent,KURT,362,0.00710242,0.00000288,1978.26,70452.0,9919485.0,21319485.0,5.19,9.49,9.34,1496445280
PetroDollar,XPD,363,0.00106651,0.00000043,1341.5,68249.0,63993275.0,63993275.0,1.01,24.0,22.73,1496445249
MCAP,MCAP,364,6.50561,0.00264561,109008.0,65089.0,10005.0,100000000.0,-0.16,2.75,,1496444992
CrevaCoin,CREVA,365,0.00173969,0.00000071,12949.1,63309.0,36390750.0,6240390800.0,-0.61,0.87,-2.39,1496445262
Wexcoin,WEX,366,0.350885,0.00014244,6036.19,58886.0,167820.0,10000167820.0,0.43,-3.0,16.64,1496445277
Argentum,ARG,367,0.00739035,0.00000300,836.072,55484.0,7507627.0,7507627.0,0.69,-7.3,2.22,1496445246
Acoin,ACOIN,368,0.0436031,0.00001770,11933.9,53199.0,1220085.0,1220085.0,1.6,4.01,-21.29,1496445255
Philosopher Stones,PHS,369,0.0199047,0.00000808,2987.36,48353.0,2429219.0,2429219.0,0.87,3.36,9.15,1496445243
PonziCoin,PONZI,370,0.0548118,0.00002225,740.095,47198.0,861099.0,861099.0,1.03,-0.08,21.7,1496445271
808Coin,808,371,0.000222704,0.00000009,500.211,46346.0,208106261.0,208106261.0,1.02,7.78,54.88,1496445274
Prime-XI,PXI,372,0.00304479,0.00000124,700.187,45066.0,14800910.0,14800910.0,-5.48,5.43,63.83,1496445256
Bolivarcoin,BOLI,373,0.00595044,0.00000242,810.838,38608.0,6488300.0,6488300.0,7.6,14.87,44.22,1496445264
Independent Money System,IMS,374,0.00668861,0.00000272,882.511,35911.0,5368934.0,5368934.0,0.65,-0.64,-6.42,1496445269
LevoPlus,LVPS,375,0.078584,0.00003196,3118.87,32464.0,413107.0,91413107.0,-19.22,73.46,-42.13,1496444987
Rawcoin,XRC,376,0.0443668,0.00001801,1482.8,31273.0,704882.0,704882.0,-0.36,-11.86,147.88,1496445279
BeaverCoin,BVC,377,0.00884379,0.00000359,635.707,27551.0,3115258.0,3115258.0,-3.29,0.01,-5.91,1496445257
Marijuanacoin,MAR,378,0.0515108,0.00002091,10448.4,26924.0,522690.0,522690.0,2.08,-16.75,4.0,1496445284
PIECoin,PIE,379,0.000367498,0.00000015,535.427,26485.0,72069064.0,72069064.0,0.85,-0.13,1.47,1496444986
Eurocoin,EUC,380,0.00160124,0.00000065,1288.54,18783.0,11730350.0,11730350.0,-4.83,10.01,-24.56,1496445263
Bitvolt,VOLT,381,0.000811478,0.00000033,906.796,12264.0,15112554.0,60132654.0,-0.16,20.13,-2.04,1496444990
Beatcoin,XBTS,382,0.0063492,0.00000258,1446.98,9681.0,1524686.0,2524686.0,-0.6,0.12,23.25,1496445276
Ebittree Coin,EBT,383,0.0104509,0.00000425,1111.48,9119.0,872510.0,810872510.0,0.85,-10.54,2.75,1496444990
BenjiRolls,BENJI,384,0.000468056,0.00000019,5759.75,8869.0,18947836.0,18947836.0,5.47,3.97,-6.29,1496445282
AllSafe,ASAFE,385,0.0000095439,0.000000004,884.075,6776.0,710000000.0,710000000.0,2.01,-49.54,49.42,1496445278
Argus,ARGUS,386,0.00580448,0.00000236,734.765,6665.0,1148324.0,5194373.0,0.91,9.73,14.13,1496445284
Digital Money Bits,DMB,387,0.0161623,0.00000657,10361.4,5070.0,313700.0,10313700.0,0.86,26.06,191.16,1496444992
Environ,ENV,388,0.0000246133,0.00000001,3554.34,3228.0,131129509.0,931129509.0,0.84,-48.37,,1496444992
Powercoin,PWR,389,0.0000246345,0.00000001,1315.32,1231.0,49983870.0,49983870.0,1.02,3.3,9.38,1496445271
Gold Pressed Latinum,GPL,390,0.181919,0.00007398,7227.9,,,204116.0,1.73,-5.26,-8.53,1496444990
SnakeEyes,SNAKE,391,0.156029,0.00006345,724.912,,,10000000.0,4.83,9.41,52.53,1496444990
Arcade Token,ARC,392,3.74133,0.00167261,,10777041.0,2880537.0,2880537.0,,,48.57,1496180681
Scotcoin,SCOT,393,0.00774289,0.00000321,,7742890.0,1000000000.0,1000000000.0,,-6.84,68.48,1496426352
Jinn,JINN,394,56.0427,0.0228523,,3289875.0,58703.0,1000000.0,1.63,21.85,-28.57,1496444660
XCurrency,XC,395,0.519665,0.00021095,211.857,3017626.0,5806867.0,5806867.0,1.02,21.04,6.47,1496445251
AsiaCoin,AC,396,0.00300478,0.00000122,4.621,2524497.0,840160302.0,840160302.0,0.72,9.34,-9.61,1496445249
Bitpark Coin,BPC,397,0.0186237,0.00000756,129.122,1396778.0,75000000.0,100000000.0,1.03,17.98,8.38,1496445281
InsaneCoin,INSANE,398,0.0738281,0.00002997,345.94,1354081.0,18341001.0,18341001.0,3.14,5.6,59.14,1496445279
NewYorkCoin,NYC,399,0.0000225462,0.000000009,384.065,1346458.0,59719935819.0,59719935819.0,0.61,-5.47,3.76,1496445250
Devcoin,DVC,400,0.0000632794,0.00000003,14.2696,886265.0,14005577500.0,14005577500.0,0.42,401.13,72.5,1496445241
GlobalCoin,GLC,401,0.0132041,0.00000536,2.52925,860525.0,65171010.0,65171010.0,1.02,-7.73,-51.36,1496445242
Casino,CASINO,402,0.810584,0.00032904,23.5069,810584.0,1000000.0,1000000.0,4.1,78.02,44.94,1496445285
Pandacoin,PND,403,0.0000246345,0.00000001,227.928,800989.0,32514916898.0,32514916898.0,1.02,3.27,9.38,1496445247
Ultimate Secure Cash,USC,404,0.0746042,0.00003034,95.6614,771640.0,10343113.0,38602656.0,0.85,-5.03,11.83,1496444988
DubaiCoin,DBIC,405,0.148953,0.00006047,301.529,763982.0,5129014.0,6146942.0,1.43,-8.34,-2.21,1496445268
Carboncoin,CARBON,406,0.0000492690,0.00000002,16.8942,758345.0,15391934009.0,15391934009.0,1.03,3.31,9.37,1496445254
Tao,XTO,407,0.0219476,0.00000891,219.693,665382.0,30316825.0,32316825.0,1.02,45.15,13.7,1496445275
Cryptofund,FUND,408,0.5588,0.0002553,,558800.0,1000000.0,1000000.0,,,-9.41,1495948164
CageCoin,CAGE,409,0.0000053994,0.000000002,326.473,546249.0,101168328395,101168328395,2.8,15.27,0.78,1496445247
E-Currency Coin ,ECC,410,0.0000246345,0.00000001,3.94401,543452.0,22060603799.0,22060603799.0,1.02,3.28,9.37,1496445249
Colossuscoin V2,CV2,411,0.0000234911,0.000000010,158.976,521289.0,22190915273.0,22190915273.0,2.38,59.01,-30.7,1496445260
SmileyCoin,SMLY,412,0.0000182377,0.000000007,134.849,473455.0,25960250000.0,25960250000.0,0.46,-12.91,-2.36,1496445258
Dashcoin,DSH,413,0.02699,0.00001096,264.311,466700.0,17291579.0,17291579.0,9.48,10.77,14.93,1496445257
PayCoin,XPY,414,0.0386295,0.00001568,119.982,452078.0,11702923.0,11752923.0,1.3,429.36,131.13,1496445258
ReeCoin,REE,415,0.0358224,0.00001454,353.458,443041.0,12367704.0,6662367704.0,1.02,-12.35,50.45,1496445274
Happycoin,HPC,416,0.0381149,0.00001550,247.14,433212.0,11365954.0,11365954.0,0.85,4.93,183.58,1496444989
YashCoin,YASH,417,0.0381835,0.00001550,226.61,381839.0,10000117.0,10000117.0,1.03,-19.77,10.05,1496445282
FuelCoin,FC2,418,0.00374445,0.00000152,158.61,379735.0,101412771.0,101412771.0,1.7,5.36,,1496445252
LTBcoin,LTBC,419,0.000742106,0.00000032,,366499.0,493863915.0,493863915.0,,,,1496287754
Orbitcoin,ORB,420,0.123768,0.00005024,243.255,365841.0,2955862.0,2955862.0,0.99,0.35,9.74,1496445247
Mineum,MNM,421,0.0383271,0.00001556,147.922,361669.0,9436367.0,9586367.0,-6.41,1.29,-8.39,1496445271
RussiaCoin,RC,422,0.0433582,0.00001768,,356250.0,8216446.0,8216446.0,0.57,2.87,13.22,1496444671
SuperCoin,SUPER,423,0.00853223,0.00000350,,351149.0,41155630.0,41155630.0,,2.2,,1496441051
HOdlcoin,HODL,424,0.00371981,0.00000151,246.471,345178.0,92794415.0,250000000.0,1.02,19.99,27.53,1496445268
SmartCoin,SMC,425,0.0135189,0.00000549,186.627,309500.0,22893902.0,22893902.0,0.94,17.3,7.41,1496445247
Rare Pepe Party,RAREPEPEPRTY,426,16.1275,0.0067095,,290295.0,18000.0,100000.0,,,13.56,1496315982
Shorty,SHORTY,427,0.00288224,0.00000117,0.288224,288224.0,100000000.0,100000000.0,1.03,-42.46,-19.15,1496445281
The Cypherfunks,FUNK,428,0.0000062263,0.000000003,128.688,274974.0,44163645000.0,44163645000.0,0.45,40.54,-16.61,1496445262
HitCoin,HTC,429,0.0000246345,0.00000001,15.1353,270889.0,10996318099.0,20996318099.0,1.03,-46.09,-45.32,1496445269
Kobocoin,KOBO,430,0.010716,0.00000435,1.03049,264688.0,24700248.0,24700248.0,1.03,47.61,-37.12,1496445259
Crypto Bullion,CBX,431,0.262896,0.00010672,310.522,261810.0,995869.0,995869.0,-16.7,-19.07,-40.03,1496445243
Neutron,NTRN,432,0.0194691,0.00000790,267.478,245655.0,12617684.0,12617684.0,6.44,-0.59,270.79,1496445261
BTCtalkcoin,TALK,433,0.00357833,0.00000161,,233631.0,65290635.0,65290635.0,,,-26.11,1496191750
AgrolifeCoin,AGLC,434,0.0472658,0.00001990,,216883.0,4588584.0,204588584.0,,,,1496301878
VirtualCoin,VC,435,0.0213734,0.00000888,,215108.0,10064287.0,10064287.0,,0.91,0.21,1496433855
Bitstar,BITS,436,0.00911616,0.00000370,325.423,210399.0,23079737.0,23079737.0,1.03,-4.76,66.18,1496445250
BritCoin,BRIT,437,0.00982917,0.00000399,166.325,209048.0,21268092.0,21268092.0,1.03,3.31,7.75,1496445253
Vault Coin,VLTC,438,0.00697849,0.00000283,31.4525,207448.0,29726750.0,529726750.0,1.05,41.21,-27.29,1496445281
SwagBucks,BUCKS,439,0.989751,0.00040177,2.0542,203617.0,205725.0,205725.0,0.76,3.99,-20.04,1496445267
42-coin,42,440,4712.79,1.91309,135.089,197937.0,42.0,42.0,1.94,9.48,29.49,1496445244
Pesobit,PSB,441,0.00598619,0.00000243,409.779,195583.0,32672373.0,32672373.0,1.03,-1.19,6.39,1496445277
GoldBlocks,GB,442,0.0123593,0.00000502,419.582,183755.0,14867764.0,14867764.0,0.98,-3.53,17.64,1496445272
BillaryCoin,BLRY,443,0.0199786,0.00000811,24.1156,179471.0,8983158.0,8983158.0,1.03,-2.43,-10.65,1496445272
Bitz,BITZ,444,0.0892373,0.00003720,,177662.0,1990891.0,1990891.0,,,6.31,1496351362
Veltor,VLT,445,0.315297,0.00012799,355.561,174944.0,554855.0,554855.0,-6.9,-25.59,-13.17,1496445275
Zero,ZER,446,0.233779,0.00009507,437.828,174733.0,747430.0,747430.0,0.85,3.21,-0.37,1496444986
Tristar Coin,TSTR,447,0.0343849,0.00001500,,172882.0,5027857.0,255027857.0,,,-15.16,1496271895
Coin(O),CNO,448,0.00160468,0.00000065,355.706,165472.0,103118378.0,103118378.0,13.47,60.27,86.26,1496445248
RedCoin,RED,449,0.00221621,0.00000090,236.57,164239.0,74107896.0,74107896.0,233.56,257.43,134.24,1496445245
NetCoin,NET,450,0.000197017,0.00000008,24.4381,155077.0,787126712.0,787126712.0,-5.81,-10.65,-8.99,1496445243
LottoCoin,LOT,451,0.0000101501,0.000000004,11.0065,147085.0,14491014421.0,14491014421.0,-0.59,2.16,15.73,1496445244
Titcoin,TIT,452,0.00290673,0.00000118,124.066,145041.0,49898202.0,49898202.0,-5.0,2.24,-27.78,1496445253
Crave,CRAVE,453,0.115043,0.00004670,267.995,143769.0,1249695.0,1249695.0,1.02,,134.08,1496445260
GAIA,GAIA,454,0.00591228,0.00000240,59.1228,142494.0,24101381.0,24101381.0,1.03,,19.78,1496445256
Stress,STS,455,0.000246345,0.00000010,2.46345,139218.0,565134332.0,565134332.0,1.03,3.3,-0.59,1496445268
Bitcurrency,BTCR,456,0.000755229,0.00000031,111.401,127107.0,168302111.0,168302111.0,1.03,7.31,33.18,1496445280
GameUnits,UNITS,457,0.0366337,0.00001487,10.5869,126984.0,3466327.0,3466327.0,1.03,69.33,36.9,1496445282
Digital Rupees,DRS,458,0.000246345,0.00000010,179.56,125834.0,510802961.0,510802961.0,1.02,47.59,-29.39,1496445282
PureVidz,VIDZ,459,0.00100446,0.00000041,109.434,125743.0,125184957.0,125184957.0,-7.58,-31.7,1.37,1496445282
HyperStake,HYP,460,0.000316017,0.00000013,343.945,121918.0,385796097.0,385796097.0,1.02,22.67,53.84,1496445254
MetalCoin,METAL,461,0.00154592,0.00000064,,118921.0,76925527.0,76925527.0,,1.27,-13.98,1496430259
BitcoinTX,BTX,462,0.00145344,0.00000059,59.8791,117820.0,81062883.0,81062883.0,1.03,-44.09,-67.24,1496445261
GlobalBoost-Y,BSTY,463,0.0103262,0.00000419,424.165,117702.0,11398430.0,11398430.0,20.26,25.23,37.73,1496445256
Xiaomicoin,MI,464,0.000289534,0.00000012,285.895,117592.0,406141855.0,406141855.0,1.85,14.2,12.89,1496445264
Universal Currency,UNIT,465,0.00881915,0.00000358,8.13833,115058.0,13046431.0,13046431.0,1.03,237.01,25.94,1496445261
QuazarCoin,QCN,466,0.0197076,0.00000800,82.1598,112597.0,5713381.0,5713381.0,4.28,4.37,32.9,1496445251
TittieCoin,TTC,467,0.0000891565,0.00000004,103.715,112321.0,1259816434.0,1259816434.0,0.95,26.16,28.1,1496445258
Swing,SWING,468,0.0466085,0.00001892,49.7185,106205.0,2278664.0,2278664.0,10.74,2.48,2.7,1496445265
HoboNickels,HBN,469,0.00216784,0.00000088,367.116,105317.0,48581380.0,48581380.0,1.02,-11.76,67.53,1496445244
Pakcoin,PAK,470,0.00280075,0.00000114,259.605,102656.0,36653200.0,36653200.0,0.24,7.1,8.07,1496445264
Sterlingcoin,SLG,471,0.0263907,0.00001071,363.106,102426.0,3881156.0,3881156.0,1.02,6.84,2.92,1496445256
BigUp,BIGUP,472,0.0000492690,0.00000002,209.056,101230.0,2054638504.0,2054638504.0,1.02,3.3,40.37,1496445268
Dollarcoin,DLC,473,0.0109131,0.00000443,0.272827,99382.0,9106714.0,9106714.0,1.02,3.08,21.15,1496445276
BunnyCoin,BUN,474,0.0000009794,0.0000000004,24.6438,99320.0,101412146706,101412146706,-0.75,19.61,10.46,1496445255
ChessCoin,CHESS,475,0.00181036,0.00000073,63.2644,97699.0,53966685.0,53966685.0,1.05,63.49,76.17,1496445272
Coin2.1,C2,476,0.000946891,0.00000038,315.019,94667.0,99976323.0,99976323.0,1.03,5.76,-14.23,1496445251
Cannacoin,CCN,477,0.0197322,0.00000801,48.3794,92695.0,4697673.0,4697673.0,1.02,-30.89,-28.03,1496445250
FlutterCoin,FLT,478,0.000285049,0.00000012,56.2859,91847.0,322214524.0,322214524.0,-4.38,4.23,-10.78,1496445249
CorgiCoin,CORG,479,0.0000727045,0.00000003,0.919936,91016.0,1251855418.0,1251855418.0,1.0,16.54,-63.08,1496445248
C-Bit,XCT,480,0.000689766,0.00000028,61.5902,90909.0,131797250.0,131797250.0,1.02,-17.36,-1.2,1496445268
NoLimitCoin,NLC2,481,0.000443421,0.00000018,71.6352,88888.0,200458843.0,200458843.0,1.02,24.71,4.87,1496445275
WayGuide,WAY,482,0.000886842,0.00000036,2.74832,88720.0,100040708.0,100040708.0,1.02,,16.29,1496445274
KiloCoin,KLC,483,0.000418787,0.00000017,4.18787,82207.0,196297971.0,10025186872.0,1.01,3.31,23.93,1496445268
Elementrem,ELE,484,0.00322405,0.00000131,45.6993,80666.0,25020041.0,25020041.0,1.04,20.82,14.86,1496445273
AmberCoin,AMBER,485,0.00182295,0.00000074,2.80678,79559.0,43643263.0,43643263.0,1.03,,10.71,1496445259
KushCoin,KUSH,486,0.0146822,0.00000596,102.775,79194.0,5393860.0,5393860.0,1.03,48.69,33.05,1496445283
CCMiner,CCM100,487,0.0312498,0.00001269,71.7808,75511.0,2416354.0,6000000.0,4.1,19.36,47.5,1496445283
UFO Coin,UFO,488,0.0000229521,0.00000001,,75451.0,3287313762.0,3287313762.0,,,1.9,1496273048
Triangles,TRI,489,1.0226,0.00041511,10.7125,74539.0,72891.0,72891.0,1.02,2.62,-13.61,1496445253
Darsek,KED,490,0.00735248,0.00000299,55.2374,72514.0,9862523.0,9862523.0,-2.1,-3.62,-23.77,1496444988
MiloCoin,MILO,491,0.00698868,0.00000284,12.7736,71929.0,10292278.0,10292278.0,78.02,34.22,160.1,1496444986
Valorbit,VAL,492,0.0000246345,0.00000001,4.18787,70760.0,2872412096.0,922340072412096,1.02,3.31,9.38,1496445269
SproutsExtreme,SPEX,493,0.0000246345,0.00000001,22.4174,70617.0,2866607586.0,2866607586.0,1.02,3.3,9.38,1496445268
Guncoin,GUN,494,0.000369518,0.00000015,26.5857,67299.0,182126578.0,182126578.0,1.04,1.4,40.46,1496445250
HempCoin,HMP,495,0.0000492690,0.00000002,124.404,66839.0,1356621410.0,2856621410.0,1.02,3.28,14.96,1496445268
Blakecoin,BLC,496,0.00559117,0.00000227,200.185,66595.0,11910789.0,11910789.0,3.17,-3.14,-2.81,1496445246
Yacoin,YAC,497,0.000566594,0.00000023,8.07743,65793.0,116120067.0,116120067.0,1.02,3.27,1.36,1496445242
Zayedcoin,ZYD,498,0.0103465,0.00000420,79.0867,64602.0,6243840.0,6243840.0,26.66,29.49,15.14,1496445276
Spots,SPT,499,0.00280235,0.00000114,485.634,62790.0,22406021.0,22406021.0,2.12,-37.73,64.43,1496445247
Ratecoin,XRA,500,0.000591176,0.00000024,133.439,62725.0,106102815.0,106102815.0,1.0,-1.82,-7.27,1496445263
MarteXcoin,MXT,501,0.0220891,0.00000897,0.118471,60263.0,2728161.0,2728161.0,3.97,2.89,-12.2,1496445271
Bitcloud,BTD,502,0.00540268,0.00000222,,60181.0,11139184.0,11139184.0,,2.03,-19.73,1496440775
DigiCube,CUBE,503,0.0000246345,0.00000001,10.7161,59840.0,2429126009.0,2429126009.0,1.02,27.65,9.37,1496445268
Debitcoin,DBTC,504,0.00328598,0.00000133,50.4973,59122.0,17992074.0,25992074.0,0.58,-6.26,7.55,1496445272
Artex Coin,ATX,505,0.00310847,0.00000126,287.527,58123.0,18698280.0,268698280.0,1.02,-16.61,50.05,1496445275
RevolverCoin,XRE,506,0.00266053,0.00000108,40.7251,57985.0,21794576.0,21794576.0,1.02,23.94,17.77,1496445272
Nyancoin,NYAN,507,0.000192517,0.00000008,69.8923,57349.0,297891209.0,297891209.0,4.98,1.81,6.82,1496445245
Lex4All,LEX,508,0.0547471,0.00002226,23.7055,54749.0,1000043.0,5000000.0,4.65,20.14,26.39,1496444986
AquariusCoin,ARCO,509,0.0432703,0.00001756,77.3353,52902.0,1222588.0,1222588.0,3.35,8.78,20.3,1496445271
Zurcoin,ZUR,510,0.000640497,0.00000026,60.7325,50599.0,78998913.0,78998913.0,87.61,91.84,103.36,1496445270
Evotion,EVO,511,0.0201986,0.00000820,75.5579,49875.0,2469220.0,2469220.0,1.39,18.69,-37.62,1496445266
AmsterdamCoin,AMS,512,0.00517325,0.00000210,51.7839,49682.0,9603707.0,16803707.0,1.03,6.8,52.12,1496445264
SatoshiMadness,MAD,513,0.0000246345,0.00000001,10.1002,49286.0,2000683485.0,2000683485.0,1.03,3.28,9.38,1496445264
AurumCoin,AU,514,0.164928,0.00006695,112.661,48854.0,296216.0,296216.0,2.03,-16.46,-12.55,1496445257
NevaCoin,NEVA,515,0.0266221,0.00001081,128.828,48321.0,1815065.0,1815065.0,1.23,-9.22,13.93,1496445268
CoExistCoin,COXST,516,0.00176714,0.00000072,49.516,47958.0,27138905.0,27138905.0,0.12,38.04,-4.78,1496445270
Eternity,ENT,517,0.0155418,0.00000631,208.224,47695.0,3068809.0,3068809.0,4.98,-3.41,-27.04,1496445280
PayCon,CON,518,0.00206609,0.00000084,129.138,47608.0,23042604.0,23042604.0,1.04,56.25,54.5,1496445259
Aricoin,ARI,519,0.000320249,0.00000013,39.3001,44919.0,140262505.0,140262505.0,-6.19,-11.28,17.17,1496445246
ICOBID,ICOB,520,0.000429659,0.00000017,34.0685,44626.0,103862796.0,103862796.0,1.03,10.99,28.04,1496445283
BurstOcean,OCEAN,521,0.206058,0.00008365,8.24231,43649.0,211827.0,1000000.0,3.8,1.38,-6.5,1496445285
Jin Coin,JIN,522,0.00440958,0.00000179,67.1332,43428.0,9848485.0,9848485.0,1.02,-57.51,,1496445276
UniCoin,UNIC,523,0.0144849,0.00000588,89.7298,42179.0,2911904.0,2911904.0,1.28,-4.53,17.29,1496445262
Joulecoin,XJO,524,0.00129843,0.00000053,31.2497,41892.0,32263304.0,32263304.0,1.26,-5.92,15.52,1496445244
UCoin,U,525,0.015298,0.00000621,175.766,41149.0,2689812.0,2689812.0,1.03,11.18,8.34,1496445257
Francs,FRN,526,0.0233988,0.00000950,191.738,40108.0,1714100.0,1714100.0,1.03,-27.29,17.28,1496445267
Sativacoin,STV,527,0.00565786,0.00000230,0.754673,40040.0,7076882.0,7076882.0,1.02,,4.2,1496445256
Franko,FRK,528,0.0612907,0.00002488,7.50453,39039.0,636950.0,636950.0,1.03,9.99,-40.92,1496445241
Tigercoin,TGC,529,0.000886842,0.00000036,0.604998,38610.0,43536800.0,43536800.0,1.03,-17.36,27.88,1496445244
Universe,UNI,530,0.0122459,0.00000498,104.256,36535.0,2983432.0,14183432.0,0.85,5.41,15.97,1496444987
FlavorCoin,FLVR,531,0.00173796,0.00000071,1.3628,36320.0,20898106.0,20898106.0,1.24,25.12,47.64,1496445268
SpaceCoin,SPACE,532,0.00202003,0.00000082,50.0845,35956.0,17799555.0,17799555.0,1.02,-9.5,7.42,1496445264
WMCoin,WMC,533,0.00311404,0.00000128,,35897.0,11527489.0,911527489.0,,2.0,38.04,1496438372
OctoCoin,888,534,0.000739035,0.00000030,31.1846,35758.0,48384108.0,48384108.0,1.01,-2.73,41.2,1496445249
Cypher,CYP,535,0.0055674,0.00000226,246.345,35438.0,6365285.0,6365285.0,1.03,3.3,-11.42,1496445260
HealthyWormCoin,WORM,536,0.00216394,0.00000088,168.281,34667.0,16020340.0,16020340.0,0.85,25.32,-32.18,1496444987
Dobbscoin,BOB,537,0.00684839,0.00000278,3.01686,34655.0,5060382.0,5060382.0,1.03,5.03,12.19,1496445255
PopularCoin,POP,538,0.0000101708,0.000000004,4.54202,33999.0,3342764790.0,3342764790.0,3.18,0.91,-1.89,1496445249
Allion,ALL,539,0.00537518,0.00000219,153.835,33323.0,6199359.0,7323359.0,0.85,14.09,-27.51,1496444985
GoldPieces,GP,540,0.0270692,0.00001099,364.252,33029.0,1220161.0,1220161.0,1.92,21.04,-14.56,1496445258
Evil Coin,EVIL,541,0.00154747,0.00000063,0.431895,32528.0,21020383.0,21020383.0,0.97,4.86,9.72,1496445267
CryptoWorldX Token,CWXT,542,0.000589796,0.00000024,2.17082,32263.0,54702040.0,54702040.0,1.03,3.02,1.88,1496445284
Uro,URO,543,0.0265314,0.00001077,62.894,32032.0,1207310.0,1207310.0,1.03,1.22,-0.1,1496445252
Creatio,XCRE,544,0.00153233,0.00000062,224.016,31444.0,20520514.0,20520514.0,1.03,99.84,23.43,1496445280
RonPaulCoin,RPC,545,0.0395941,0.00001607,17.8948,31256.0,789410.0,789410.0,1.01,-1.33,50.64,1496445244
NeuCoin,NEU,546,0.0000155255,0.000000006,0.842221,30908.0,1990764588.0,2014638413.0,3.42,11.91,,1496445265
Grantcoin,GRT,547,0.000739035,0.00000030,126.977,30546.0,41332258.0,10041332258.0,1.03,23.97,31.25,1496445263
Solarflarecoin,SFC,548,0.00221711,0.00000090,155.869,30424.0,13722200.0,13722200.0,-0.08,3.31,-26.68,1496445283
LeaCoin,LEA,549,0.000108374,0.00000004,78.6911,29939.0,276256889.0,276256889.0,1.26,59.44,15.04,1496445261
MACRON,MCRN,550,0.0000744653,0.00000003,228.703,29892.0,401421401.0,401421401.0,0.84,1.86,20.83,1496444991
Hexx,HXX,551,0.0218711,0.00000888,342.08,29609.0,1353783.0,1353783.0,1.03,-7.35,-33.77,1496445262
SixEleven,611,552,0.0711937,0.00002890,9.23668,29341.0,412125.0,412125.0,1.02,-18.34,-61.76,1496445270
Dreamcoin,DRM,553,0.0120275,0.00000503,,29311.0,2436996.0,2436996.0,,,0.57,1496330352
Hommalicoin,HMC,554,11.7946,0.00496011,,28528.0,2419.0,1000000000.0,,,130.59,1496299177
PlatinumBAR,XPTX,555,0.160124,0.00006500,9.94995,28006.0,174903.0,174903.0,1.02,20.72,6.14,1496445270
ParallelCoin,DUO,556,0.0972752,0.00003949,348.016,27966.0,287489.0,287489.0,1.05,31.92,22.68,1496445268
Bitzeny,ZNY,557,0.000369518,0.00000015,60.7345,27941.0,75614500.0,75614500.0,1.03,3.31,19.61,1496445262
Unrealcoin,URC,558,0.00391689,0.00000159,20.7443,27514.0,7024402.0,7024402.0,1.03,3.94,4.41,1496445260
BumbaCoin,BUMBA,559,0.00123173,0.00000050,2.2899,27032.0,21946398.0,21946398.0,0.02,3.31,-26.98,1496445269
Honey,HONEY,560,0.393396,0.00015998,389.084,26871.0,68306.0,68306.0,5.55,24.33,-33.73,1496444986
PX,PX,561,0.000344883,0.00000014,57.1032,26501.0,76840853.0,76840853.0,1.02,-37.12,-19.4,1496445274
Cannation,CNNC,562,0.0103033,0.00000419,85.842,25294.0,2454990.0,2454990.0,0.85,99.69,-5.31,1496444991
Firecoin,FIRE,563,0.256322,0.00010405,0.768843,25225.0,98412.0,98412.0,1.03,78.86,-7.33,1496445253
Ride My Car,RIDE,564,0.000249357,0.00000010,95.1593,25210.0,101098537.0,101098537.0,1.03,-7.09,1.51,1496445284
Photon,PHO,565,0.0000013973,0.0000000006,34.9688,24934.0,17844357778.0,17844357778.0,0.3,3.63,0.61,1496445248
CryptoEscudo,CESC,566,0.000172442,0.00000007,31.7568,24850.0,144105100.0,594105100.0,1.01,3.3,9.37,1496445249
ARbit,ARB,567,0.00357811,0.00000149,,23163.0,6473410.0,6473410.0,,0.71,-4.42,1496362165
AntiBitcoin,ANTI,568,0.00130563,0.00000053,211.309,22803.0,17465159.0,17465159.0,1.03,-5.61,9.2,1496445266
BiosCrypto,BIOS,569,0.00105928,0.00000043,0.270955,21966.0,20737003.0,20737003.0,1.02,-15.75,-1.62,1496445263
Theresa May Coin,MAY,570,0.00142623,0.00000058,16.4344,21806.0,15289300.0,15289300.0,0.85,-14.54,,1496444992
SoonCoin,SOON,571,0.00169978,0.00000069,3.6887,21184.0,12462620.0,12462620.0,1.02,-20.82,-25.71,1496445258
X-Coin,XCO,572,0.00169978,0.00000069,15.476,21052.0,12384976.0,12384976.0,1.03,-20.96,-18.16,1496445259
Halcyon,HAL,573,0.00443421,0.00000180,11.7742,20624.0,4651009.0,4651009.0,1.02,23.94,1.43,1496445255
Flaxscript,FLAX,574,0.00371981,0.00000151,2.71098,20446.0,5496646.0,5496646.0,1.03,3.29,5.21,1496445263
Prototanium,PR,575,0.10391,0.00004218,48.3694,20207.0,194462.0,194462.0,2.84,8.98,7.49,1496445265
MindCoin,MND,576,0.00160124,0.00000065,21.7549,20090.0,12546625.0,12546625.0,1.02,0.2,1.56,1496445267
Kittehcoin,MEOW,577,0.0000008288,0.0000000003,386.459,19813.0,23905669976.0,23905669976.0,0.36,52.3,63.41,1496445245
Sprouts,SPRTS,578,0.0000001117,0.00000000005,87.0528,19582.0,175292174361,175292174361,3.42,-28.56,-7.57,1496445263
BTCDragon,DRAGON,579,0.0477617,0.00001939,191.047,19303.0,404146.0,1000000.0,3.8,-47.42,-50.0,1496445285
Destiny,DES,580,0.0119477,0.00000485,206.821,19116.0,1600000.0,1600000.0,1.03,-21.74,9.16,1496445268
B3Coin,B3,581,0.0619708,0.00002516,96.6173,19050.0,307404.0,307404.0,1.03,-12.08,8.3,1496445276
IslaCoin,ISL,582,0.0125561,0.00000510,324.574,19006.0,1513704.0,1513704.0,1.03,,-27.48,1496445264
Magnum,MGM,583,0.00516496,0.00000225,,18735.0,3627390.0,253627390.0,,,69.88,1496272491
Luna Coin,LUNA,584,0.0151104,0.00000613,232.863,18546.0,1227386.0,1227386.0,1.07,3.85,13.14,1496445282
VIP Tokens,VIP,585,0.000221711,0.00000009,2.46355,18502.0,83450403.0,83450403.0,1.02,-7.04,-10.5,1496445268
Alexium,AUM,586,0.000911477,0.00000037,0.455738,18501.0,20297336.0,20297336.0,1.03,3.3,9.38,1496445263
SecretCoin,SCRT,587,0.00424808,0.00000177,,17964.0,4228672.0,4228672.0,,0.63,13.36,1496414965
BipCoin,BIP,588,0.0133273,0.00000541,59.1655,17910.0,1343889.0,1343889.0,2.74,4.49,-32.75,1496445279
SongCoin,SONG,589,0.00054886,0.00000022,27.7537,17874.0,32565300.0,32565300.0,1.02,-9.47,15.94,1496445260
Vector,VEC2,590,0.00110855,0.00000045,26.9867,17564.0,15844154.0,15844154.0,1.03,5.66,-46.31,1496445264
Shilling,SH,591,0.00542819,0.00000220,166.056,17518.0,3227150.0,3227150.0,-7.9,87.35,162.63,1496445276
Litecred,LTCR,592,0.000578005,0.00000023,131.235,17472.0,30227750.0,30227750.0,-2.78,-16.72,60.26,1496445267
GameBet Coin,GBT,593,0.000812939,0.00000033,0.406469,17285.0,21262780.0,22262780.0,1.03,-2.6,5.28,1496445269
DAPPSTER,DLISK,594,0.000172442,0.00000007,0.817718,17244.0,100000000.0,100000000.0,4.76,-9.61,-20.17,1496445273
PLNcoin,PLNC,595,0.00098538,0.00000040,1.57661,16840.0,17089600.0,19089600.0,1.02,-10.19,-17.62,1496445250
GPU Coin,GPU,596,0.000413496,0.00000017,232.428,16737.0,40477042.0,51530001.0,2.68,30.45,60.26,1496445271
Steps,STEPS,597,0.00089215,0.00000037,,16616.0,18625017.0,18625017.0,,1.11,10.33,1496434766
Sling,SLING,598,0.0154212,0.00000626,10.8134,16564.0,1074095.0,1074095.0,1.03,3.14,32.5,1496445260
1CRedit,1CR,599,0.184759,0.00007500,9.8538,16298.0,88213.0,88213.0,1.03,82.44,55.79,1496445269
Impact,IMX,600,0.000147541,0.00000006,2.45902,16128.0,109314611.0,109314611.0,0.85,-11.6,-17.88,1496444988
VapersCoin,VPRC,601,0.0000206264,0.000000008,92.5249,16091.0,780124964.0,1635124964.0,-0.48,42.76,9.63,1496445274
Orlycoin,ORLY,602,0.000431634,0.00000018,,15818.0,36646779.0,36646779.0,,0.54,16.4,1496410470
Blackstar,BSTAR,603,0.0000246345,0.00000001,46.8056,15539.0,630795971.0,630795971.0,1.03,3.27,9.38,1496445281
AnarchistsPrime,ACP,604,0.0034981,0.00000142,6.02639,15374.0,4394874.0,4394874.0,1.02,3.19,-5.12,1496445263
BowsCoin,BSC,605,0.00275907,0.00000112,16.8303,15313.0,5550102.0,5550102.0,1.02,3.28,67.75,1496445263
BitQuark,BTQ,606,0.0020693,0.00000084,17.3563,14807.0,7155671.0,7155671.0,1.02,9.82,-36.01,1496445252
BlazeCoin,BLZ,607,0.0000243170,0.000000010,0.212065,14798.0,608557394.0,608557394.0,0.42,12.4,23.07,1496445253
FuzzBalls,FUZZ,608,0.00305468,0.00000124,321.791,14754.0,4829945.0,4829945.0,-2.33,15.59,7.2,1496445270
OsmiumCoin,OS76,609,0.0162095,0.00000658,3.51431,14492.0,894026.0,894026.0,1.02,10.16,23.82,1496445265
GuccioneCoin,GCC,610,0.000700961,0.00000029,,14219.0,20285537.0,23775537.0,,1.37,-10.36,1496435363
Metal Music Coin,MTLMC3,611,0.000171347,0.00000007,33.1779,13660.0,79719140.0,79719140.0,1.03,-9.22,34.93,1496445262
BitTokens,BXT,612,0.0258662,0.00001050,33.2032,13443.0,519717.0,519717.0,1.02,3.27,168.35,1496445275
JobsCoin,JOBS,613,0.000123173,0.00000005,70.7145,13059.0,106019270.0,200019300.0,44.31,3.3,36.73,1496445277
TajCoin,TAJ,614,0.00225089,0.00000091,76.1313,12993.0,5772445.0,5772445.0,0.56,23.56,42.01,1496445274
Crypto,CTO,615,0.00130563,0.00000053,160.912,12963.0,9928448.0,9928448.0,1.03,-13.11,-35.59,1496445261
MustangCoin,MST,616,0.0198755,0.00000807,0.267328,12496.0,628728.0,628728.0,0.25,-12.6,-52.27,1496445276
TAGRcoin,TAGR,617,0.000320249,0.00000013,1.60122,12384.0,38669634.0,38669634.0,1.02,-4.08,-10.59,1496445262
WARP,WARP,618,0.0105936,0.00000443,,11602.0,1095224.0,1095224.0,,0.29,12.03,1496415568
Bitcoin 21,XBTC21,619,0.0145198,0.00000655,,11516.0,793108.0,7093108.0,,,-43.17,1496220571
Solaris,XLR,620,0.0670151,0.00002725,144.06,11389.0,169945.0,269945.0,0.85,-6.53,-38.53,1496444987
Comet,CMT,621,0.012962,0.00000526,4.1725,11314.0,872830.0,872830.0,1.03,5.08,16.61,1496445273
Money,$$$,622,0.000242977,0.00000010,68.4993,11150.0,45887218.0,45887218.0,-0.86,1.28,-24.46,1496445266
Abncoin,ABN,623,0.160692,0.00006523,12.9331,10879.0,67700.0,4734367.0,1.02,-1.87,96.78,1496445282
Cabbage,CAB,624,0.00101001,0.00000041,154.493,10605.0,10499996.0,10499996.0,1.03,-7.92,-27.83,1496445269
Iconic,ICON,625,0.0177368,0.00000720,0.495154,10516.0,592894.0,592894.0,1.02,,-7.08,1496445283
Coinonat,CXT,626,0.00486044,0.00000198,421.172,10422.0,2144302.0,8144302.0,34.9,83.59,65.45,1496444989
DPAY,DPAY,627,0.000123173,0.00000005,24.9965,9797.0,79541001.0,79541001.0,1.03,29.11,36.73,1496445278
Zonecoin,ZNE,628,0.00379371,0.00000154,59.2413,9795.0,2581970.0,2581970.0,70.96,3.97,29.12,1496445273
Cashcoin,CASH,629,0.00027098,0.00000011,1.90457,9710.0,35831128.0,35831128.0,1.02,,9.37,1496445250
G3N,G3N,630,0.00128099,0.00000052,0.405583,9687.0,7561891.0,7561891.0,1.02,3.31,5.33,1496445261
LetItRide,LIR,631,0.00027098,0.00000011,67.9117,9557.0,35269499.0,35269499.0,1.02,-24.27,-3.28,1496445273
Xonecoin,XOC,632,0.022713,0.00000922,2.90948,9539.0,420000.0,420000.0,1.02,3.4,9.26,1496445275
High Voltage,HVCO,633,0.00611441,0.00000256,,9136.0,1494171.0,1694171.0,,,18.81,1496333672
EGO,EGO,634,0.000147807,0.00000006,10.1658,8868.0,60000001.0,60000001.0,1.02,-11.47,-6.24,1496445277
JIO Token,JIO,635,0.00455738,0.00000185,130.227,8696.0,1908128.0,8888888.0,1.02,25.74,89.63,1496445281
iBank,IBANK,636,0.00188531,0.00000079,,8534.0,4526324.0,4526324.0,,0.17,8.31,1496357683
Qibuck Asset,QBK,637,0.00574845,0.00000234,2.29938,8371.0,1456187.0,2000000.0,4.65,68.2,23.34,1496444993
Speedcash,SCS,638,0.0309099,0.00001257,301.784,8069.0,261061.0,476148.0,0.85,-37.06,-25.28,1496444991
Scorecoin,SCORE,639,0.000476315,0.00000019,17.5721,7932.0,16652010.0,16652010.0,1.52,-44.34,-53.72,1496444988
Hirocoin,HIRO,640,0.0000246345,0.00000001,2.46345,7675.0,311540251.0,311540251.0,1.02,3.27,9.34,1496445249
PosEx,PEX,641,0.00288224,0.00000117,9.42206,7071.0,2453240.0,2453240.0,1.03,3.95,-3.12,1496445269
Dix Asset,DIX,642,0.0000000684,0.00000000003,,6844.0,100000000000,100000000000,,5.8,-14.65,1496417087
Future Digital Currency,FDC,643,0.00246345,0.00000100,64.0497,6367.0,2584401.0,1002584401.0,1.02,-10.17,4.17,1496445281
Printerium,PRX,644,0.000660293,0.00000027,284.628,5992.0,9074428.0,9074428.0,1.03,2.53,-10.97,1496445283
BioBar,BIOB,645,0.00676231,0.00000275,110.507,5990.0,885756.0,985756.0,28.99,47.82,63.0,1496444986
SydPak,SDP,646,0.0346115,0.00001405,0.852724,5487.0,158537.0,158537.0,1.03,-13.48,11.45,1496445264
ImpulseCoin,IMPS,647,0.00027098,0.00000011,1.59917,5486.0,20245510.0,20245510.0,1.02,-24.24,-19.79,1496445278
Save and Gain,SANDG,648,0.00141989,0.00000064,,4352.0,3064800.0,3064800.0,,,-4.47,1496226272
Concoin,CONX,649,0.00614756,0.00000250,103.204,4229.0,687849.0,1538849.0,0.85,-8.43,36.44,1496444989
Antilitecoin,ALTC,650,0.000123173,0.00000005,8.27468,3882.0,31512613.0,31512613.0,1.02,-26.23,-31.66,1496445269
GeertCoin,GEERT,651,0.000741324,0.00000030,11.5243,3774.0,5090239.0,5090239.0,0.99,-8.58,-23.18,1496445285
NodeCoin,NODC,652,0.00221639,0.00000097,,3720.0,1678439.0,5878439.0,,,2.51,1496270080
Revenu,REV,653,0.00280833,0.00000114,30.5541,3357.0,1195525.0,1195525.0,1.01,,,1496445269
Elysium,ELS,654,0.000837573,0.00000034,54.5879,3354.0,4005012.0,4005012.0,6.02,-39.43,-26.6,1496445284
Pulse,PULSE,655,0.000213158,0.00000009,115.075,3048.0,14298972.0,14298972.0,2.35,1.27,-59.27,1496445268
Selfiecoin,SLFI,656,0.0000246345,0.00000001,2.21711,2656.0,107829281.0,107829281.0,1.03,3.28,9.38,1496445260
Californium,CF,657,0.0200032,0.00000812,33.0741,2223.0,111110.0,111110.0,1.02,-17.53,8.2,1496445261
Enigma,XNG,658,0.127237,0.00005165,35.3087,2116.0,16627.0,66627.0,1.02,-2.67,45.42,1496445269
Doubloon,BOAT,659,0.000516463,0.00000021,117.831,1832.0,3547845.0,18547845.0,1.03,-1.16,-27.22,1496445283
P7Coin,P7C,660,0.0000492690,0.00000002,0.713982,1735.0,35220238.0,35220238.0,1.02,-31.14,9.37,1496445261
GanjaCoin,420G,661,0.00192157,0.00000078,28.7436,1293.0,672975.0,1741116.0,1.03,-73.14,-93.85,1496445257
Dollar Online,DOLLAR,662,0.0119477,0.00000485,228.81,1056.0,88379.0,10088379.0,-6.49,-19.5,-4.55,1496445281
Digital Credits,DGCS,663,0.000172442,0.00000007,79.9058,1005.0,5826388.0,201284316.0,7.15,73.48,27.61,1496445266
23 Skidoo,CHAO,664,3966.23,1.61003,124.923,1002.0,0.0,0.0,1.03,10.15,-29.62,1496445263
Impeachcoin,IMPCH,665,0.00312858,0.00000127,5.78919,964.0,308179.0,2501512.0,1.03,6.67,-50.04,1496445283
SwapToken,TOKEN,666,0.0000240664,0.000000010,9.22916,845.0,35110531.0,35110531.0,1.04,92.31,4886.63,1496445273
Zcashshare,ZHS,667,0.000216504,0.00000009,,612.0,2826000.0,2826000.0,,0.87,-31.33,1496411380
CRTCoin,CRT,668,0.0049269,0.00000200,0.0000000246,391.0,79270.0,10079270.0,1.02,3.27,9.38,1496445250
PizzaCoin,PIZZA,669,0.000246345,0.00000010,68.878,339.0,1377917.0,10127917.0,1.02,47.53,56.26,1496445275
Xenixcoin,XEN,670,0.027098,0.00001100,36.9518,274.0,10100.0,10010100.0,1.02,74.81,-57.85,1496445279
CaliphCoin,CALC,671,0.000976067,0.00000040,14.0785,85.0,87140.0,148587140.0,1.02,15.28,-43.43,1496445278
MikeTheMug,MUG,672,0.0000051456,0.000000002,,5.0,999279.0,1000000.0,,,-99.45,1496047185
BTCGold,XBG,673,0.139082,0.00005656,28.2161,,,99000001.0,0.9,16.53,-40.06,1496444990
Soarcoin,SOAR,674,0.0184719,0.00000751,141.794,,,5000000000.0,0.36,4.12,-34.56,1496444988
Project-X,NANOX,675,457132.0,185.9,1189.73,,,1.0,48.79,-11.73,,1496444992
Internet of Things,XOT,676,1218.6,0.495562,1550.2,,,21000000.0,0.19,4.69,20.63,1496444989
AMIS,AMIS,677,277.548,0.115061,,,,,,1.01,,1496391890
Bitcoin Unlimited (Futures),BTU,678,120.69,0.0490803,749.987,,,,-0.68,-9.6,-24.18,1496444987
Malcoin,MALC,679,32.0505,0.0130339,43278.2,,,1000000000.0,0.85,32.93,9.3,1496444991
GoldUnionCoin,GUC,680,22.8864,0.0093071,19896.6,,,210000000.0,0.85,18.52,19.52,1496444990
Qtum (Pre-Launch),QTUM,681,12.454,0.00506461,48504200.0,,,100000000.0,-1.99,64.04,210.82,1496444993
ZenCash,ZEN,682,9.22156,0.00375009,22221.2,,,1393088.0,-0.66,-18.05,,1496444994
Fargocoin,FRGC,683,7.0385,0.00285717,601523.0,,,443915060.0,0.17,2.28,6.34,1496445282
EcoCoin,ECO,684,4.01423,0.00163245,54556.2,,,1093895.0,4.72,-1.94,26.07,1496444992
Internet of People,IOP,685,3.44564,0.00139871,2378.06,,,2139406.0,1.22,-5.66,38.5,1496445279
DECENT (Pre-Launch),DCT,686,3.03363,0.00123146,4982.35,,,73290000.0,1.06,7.42,-20.76,1496445280
PRIZM,PZM,687,1.12855,0.00045894,34856.5,,,,0.2,9.04,16.15,1496444991
Bitcore,BTX,688,1.0699,0.00043509,18701.3,,,16361291.0,0.99,3.79,-37.25,1496444990
OBITS.WARRANT,WARRANT,689,1.00517,0.00040877,1985.4,,,,-0.5,,,1496444992
DynamicCoin,DMC,690,0.998253,0.00040523,426684.0,,,10541442931.0,-0.0,-0.02,0.09,1496445277
Databits,DTB,691,0.867975,0.00035298,139610.0,,,,1.89,6.85,12.04,1496444987
Aeternity (Pre-Launch),AE,692,0.836068,0.00034,2026.88,,,,0.85,20.92,,1496444992
GAY Money,GAY,693,0.633132,0.00025701,181.511,,,5603060059.0,1.26,24.85,63.0,1496445276
TechShares,THS,694,0.63259,0.00025679,5.90827,,,646359158.0,1.02,7.23,7.26,1496445275
XDE II,XDE2,695,0.589263,0.00023963,1.31769,,,42249.0,1.06,3.72,10.5,1496444987
Bitgem,BTG,696,0.555755,0.0002256,26.0093,,,,1.03,-29.44,-36.79,1496445242
LEOcoin,LEO,697,0.494712,0.00020082,282046.0,,,92921565.0,-0.28,7.93,19.83,1496445263
InvisibleCoin,IVZ,698,0.436031,0.000177,224.848,,,,1.02,199.13,282.07,1496445265
WA Space,WA,699,0.377499,0.00015324,44304.3,,,,1.02,-4.1,33.69,1496445278
ZenGold,ZENGOLD,700,0.352881,0.0001435,1746.59,,,,0.18,19.05,,1496444992
ClubCoin,CLUB,701,0.283685,0.00011516,14702.9,,,90899180.0,1.55,1.63,-2.88,1496445266
TeslaCoilCoin,TESLA,702,0.274355,0.00011137,170.151,,,100000000.0,1.02,-49.97,19.38,1496445271
Yogold,YOG,703,0.270665,0.00011007,32.7017,,,100000000.0,0.85,3.26,20.03,1496444987
TROPTIONS,TROPTIONS,704,0.248173,0.00010598,,,,1000000001.0,,,,1496287780
Topaz Coin,TOPAZ,705,0.246192,0.00010012,25000.0,,,38207.0,-4.35,159.69,109.87,1496444990
Zilbercoin,ZBC,706,0.240171,0.00009749,98747.3,,,9009247.0,4.47,2.63,-22.3,1496445283
Pabyosi Coin (Special),PCS,707,0.169703,0.00006889,3149.62,,,30993751760.0,1.03,7.0,37.03,1496445281
Golos Gold,GBG,708,0.158006,0.00006414,4225.32,,,,-0.57,-3.3,-4.53,1496445283
AlpaCoin,APC,709,0.157316,0.00006386,688.242,,,,1.02,8.58,27.27,1496445266
EquiTrader,EQT,710,0.130328,0.00005300,67549.8,,,7669440.0,0.85,3.15,15.7,1496444992
InsaneCoin,INSN,711,0.112402,0.00004571,4167.51,,,18528334.0,10.14,35.03,122.1,1496444992
LandCoin,LDCN,712,0.107812,0.00004376,25309.5,,,19003881978.0,1.02,21.52,264.5,1496445281
Wowecoin,WEC,713,0.104,0.00004222,11333.4,,,8901692.0,,-0.0,4.0,1496445274
Tattoocoin (Limited Edition),TLE,714,0.0949153,0.00003860,17.9331,,,975532.0,-12.5,35.71,-43.49,1496444990
DeusCoin,DEUS,715,0.0892134,0.00003628,6921.63,,,,0.9,6.27,-16.3,1496444989
Omicron,OMC,716,0.0759975,0.00003085,0.246345,,,10134120.0,1.02,6.24,9.32,1496445276
WavesGo,WGO,717,0.0709429,0.00002885,1597.57,,,10000000.0,-28.55,67.71,96.79,1496444990
Quartz,QRZ,718,0.0660986,0.00002688,2549.11,,,21000000.0,0.85,-44.45,,1496444992
Fazzcoin,FAZZ,719,0.0587321,0.00002388,872.429,,,1022577370.0,-10.41,49.69,-20.35,1496444989
Elacoin,ELC,720,0.0443421,0.00001800,37.6824,,,,26.41,,50.51,1496445248
International Diamond,XID,721,0.038234,0.00001588,,,,,,0.96,,1496373575
CryptoBuck,BUK,722,0.0325011,0.00001351,,,,,,6.33,6.52,1496420359
DeltaCredits,DCRE,723,0.0293185,0.00001217,,,,,,1.03,0.9,1496419764
President Johnson,GARY,724,0.0291053,0.00001181,118.784,,,57968072167.0,1.02,3.08,72.77,1496445275
IvugeoCoin,IEC,725,0.0245113,0.00000995,1.06148,,,,1.03,,,1496445261
RHFCoin,RHFC,726,0.0243696,0.00000991,9015.22,,,200157080.0,0.9,-18.1,-3.93,1496444989
EDRCoin,EDRC,727,0.0224504,0.00000911,13496.1,,,3407292.0,-2.85,-8.05,-23.45,1496445269
Lepaoquan,HLB,728,0.0204957,0.00000832,1065950.0,,,935398753.0,3.59,9.24,4.69,1496445281
ShellPay,SHELL,729,0.0190726,0.00000774,11184.2,,,,-2.98,-9.23,-17.92,1496445262
Gycoin,GYC,730,0.0174328,0.00000708,5028.2,,,22213403.0,-8.78,7.71,-8.63,1496445275
Avoncoin,ACN,731,0.0156183,0.00000634,2466.56,,,,-0.63,-12.33,-19.96,1496445284
KolschCoin,TP1,732,0.0147961,0.00000620,,,,,,0.17,40.07,1496357661
Digitalfund,DTF,733,0.0140844,0.00000572,20263.7,,,54000053.0,5.73,0.37,-25.18,1496445275
PiCoin,PI,734,0.0132349,0.00000549,,,,1378369.0,,-7.48,112.62,1496432391
Mind Gene,MG,735,0.0125636,0.00000510,5951.94,,,,1.03,-7.28,-5.51,1496445277
Sharkcoin,SAK,736,0.00976146,0.00000396,3396.58,,,,-3.12,-0.94,30.71,1496445259
Tyrocoin,TYC,737,0.00811478,0.00000330,7.37707,,,50134500.0,0.9,8.74,-74.27,1496444990
First Bitcoin,BIT,738,0.00782146,0.00000318,1022.01,,,20706894535.0,0.41,2.18,-19.66,1496445274
Opal,OPAL,739,0.00722119,0.00000293,2571.51,,,,10.4,0.43,20.66,1496445255
Goldpay Coin,GP,740,0.00713755,0.00000290,36734.3,,,,-0.02,14.32,-4.33,1496444991
9COIN,9COIN,741,0.00671313,0.00000273,256.695,,,350050250.0,0.85,-9.41,44.66,1496444991
GBCGoldCoin,GBC,742,0.00649,0.00000263,34.9231,,,,10.17,18.85,-3.52,1496445266
Helleniccoin,HNC,743,0.00638034,0.00000259,587.425,,,,1.02,-1.69,,1496445263
Psilocybin,PSY,744,0.00591228,0.00000240,16.8582,,,,1.03,,-0.94,1496445269
Xaucoin,XAU,745,0.00591228,0.00000240,45.7759,,,,1.03,2.86,-11.62,1496445260
EggCoin,EGG,746,0.00562322,0.00000237,,,,,,,5.34,1496295864
Slimcoin,SLM,747,0.00505007,0.00000205,128.099,,,13925626.0,1.02,-21.56,,1496445259
Axiom,AXIOM,748,0.00487763,0.00000198,8.12912,,,,1.03,2.25,5.65,1496445263
BagCoin,BGC,749,0.0046229,0.00000188,92200.0,,,497214120.0,4.61,14.28,8.13,1496445273
GoldReserve,XGR,750,0.00450811,0.00000183,1525.96,,,17162210.0,1.16,3.81,8.07,1496445253
Dashs,DASHS,751,0.00445083,0.00000181,66.6246,,,,0.85,-19.7,-55.28,1496444990
netBit,NBIT,752,0.00416323,0.00000169,4.16323,,,,1.02,-0.82,32.04,1496445280
ZSEcoin,ZSE,753,0.00411893,0.00000168,25.3103,,,6382775.0,61.78,56.07,-42.6,1496444988
AvatarCoin,AV,754,0.00391689,0.00000159,0.0979222,,,,1.03,,9.38,1496445267
Bitcoin Scrypt,BTCS,755,0.00389225,0.00000158,41.5681,,,,1.02,1.02,-24.68,1496445248
SportsCoin,SPORT,756,0.00344883,0.00000140,3467.54,,,19800001.0,-1.37,,364.05,1496445276
President Trump,PRES,757,0.00313664,0.00000127,393.772,,,57968072167.0,1.03,25.99,20.06,1496445275
Quotient,XQN,758,0.0027098,0.00000110,72.2482,,,,1.01,3.31,,1496445258
RoyalCoin 2,RYCN,759,0.00258429,0.00000105,1763.63,,,2500124.0,1.03,,-4.07,1496445279
BitcoinFast,BCF,760,0.00247978,0.00000101,69.0034,,,,0.02,8.67,-20.14,1496445258
OCOW,OCOW,761,0.00227517,0.00000099,,,,,,,2.04,1496142268
TrickyCoin,TRICK,762,0.00226637,0.00000092,0.494907,,,,1.03,4.41,-9.34,1496445260
GameLeagueCoin,GML,763,0.00219247,0.00000089,0.548118,,,,1.03,,-5.5,1496445253
RichCoin,RICHX,764,0.00210122,0.00000093,,,,5925522.0,,,0.32,1496167172
Condensate,RAIN,765,0.00209711,0.00000085,1343.58,,,42978123.0,-2.68,29.8,12.29,1496444992
Neptune Classic,NTCC,766,0.0019954,0.00000081,1486.38,,,,1.03,-17.99,76.48,1496445284
MMXVI,MMXVI,767,0.00169978,0.00000069,330.345,,,,2.51,28.53,-34.36,1496445267
Mavro,MAVRO,768,0.00168043,0.00000070,,,,15005722.0,,,-24.65,1496349588
Clinton,CLINT,769,0.00167515,0.00000068,32.6802,,,,1.03,-34.96,-31.13,1496445270
Advanced Internet Blocks,AIB,770,0.00152073,0.00000062,105.956,,,31411917695.0,1.03,10.16,-32.22,1496445261
TodayCoin,TODAY,771,0.0013549,0.00000055,16.7572,,,,1.02,23.51,46.69,1496445274
UR,UR,772,0.00132787,0.00000054,239.637,,,,0.85,1.26,4.36,1496444985
BestChain,BEST,773,0.00113604,0.00000046,9.19086,,,20042911.0,0.11,9.49,-2.92,1496444987
Skeincoin,SKC,774,0.00098538,0.00000040,0.640497,,,,1.02,-3.93,,1496445248
Digital Bullion Gold,DBG,775,0.000960746,0.00000039,153.556,,,24523275.0,1.02,-10.47,-28.92,1496445271
RoyalCoin,ROYAL,776,0.000942885,0.00000038,21.5005,,,2500124.0,1.03,-20.76,0.57,1496445278
RubleBit,RUBIT,777,0.000936111,0.00000038,0.911477,,,,1.02,-4.28,22.25,1496445266
The Aladin,ADT,778,0.000892522,0.00000032,,,,,,,,1495722585
Donationcoin,DON,779,0.000886842,0.00000036,12019.6,,,,1.02,11.68,,1496445252
Bitcedi,BXC,780,0.000862208,0.00000035,12.5324,,,,-3.32,-12.94,,1496445271
Braincoin,BRAIN,781,0.000842028,0.00000035,,,,,,0.88,28.89,1496420372
Dubstep,DUB,782,0.000817313,0.00000034,,,,,,0.8,6.74,1496411064
IrishCoin,IRL,783,0.000788304,0.00000032,279.074,,,,-3.21,-1.09,,1496445262
FrankyWillCoin,FRWC,784,0.000745197,0.00000031,,,,,,0.79,3.4,1496411075
Lazaruscoin,LAZ,785,0.000745197,0.00000031,,,,,,0.79,43.86,1496411078
Motocoin,MOTO,786,0.000739035,0.00000030,16.7368,,,,1.02,-51.08,5.02,1496445252
True Investment Coin,TIC,787,0.000713117,0.00000029,21.7342,,,,0.85,-30.44,-42.54,1496444985
KashhCoin,KASHH,788,0.000709427,0.00000029,1911.54,,,,0.99,-5.18,145.88,1496445284
WeAreSatoshi,WSX,789,0.000689766,0.00000028,7.32077,,,,1.02,-9.63,-9.93,1496445256
Opescoin,OPES,790,0.000674759,0.00000028,,,,,,1.05,4.88,1496432667
Quebecoin,QBC,791,0.000665132,0.00000027,3.72134,,,,1.03,11.36,-1.22,1496445249
CBD Crystals,CBD,792,0.000572012,0.00000023,11.8775,,,,1.02,13.39,-18.2,1496445278
Vsync,XVS,793,0.000565766,0.00000023,374.14,,,103334172.0,0.9,11.55,-31.88,1496444989
BitAlphaCoin,BAC,794,0.000500431,0.00000020,47.2254,,,,1.03,17.44,-24.8,1496445267
BlazerCoin,BLAZR,795,0.000491805,0.00000020,20.9854,,,,0.9,42.26,98.42,1496444988
T-coin,TCOIN,796,0.000468056,0.00000019,1649.1,,,,1.02,3.3,14.73,1496445280
Alphabet Coin Fund,FUN,797,0.000443421,0.00000018,65.0537,,,20742012.0,1.02,-61.26,-74.09,1496445271
GoldMaxCoin,GMX,798,0.000394152,0.00000016,2.31564,,,84078950.0,1.02,,-12.5,1496445270
UGAIN,GAIN,799,0.000369518,0.00000015,18.0602,,,,1.03,3.28,15.1,1496445274
PrismChain,PRM,800,0.000369518,0.00000015,87.6088,,,,1.02,10.66,-78.01,1496445272
Sakuracoin,SKR,801,0.000368887,0.00000015,139.782,,,,14.27,14.24,36.46,1496445277
MarxCoin,MARX,802,0.000358863,0.00000015,106.388,,,29332120.0,0.85,-16.93,-32.46,1496444985
Gambleo,GMB,803,0.000344263,0.00000014,1.22902,,,,0.85,,-59.03,1496444986
VGINA,VGINA,804,0.000292581,0.00000012,0.00292581,,,11603228.0,-0.72,,-62.89,1496444990
Cubits,QBT,805,0.000292581,0.00000012,0.00321839,,,,-0.8,-41.58,-45.87,1496445279
Operand,OP,806,0.000290011,0.00000012,,,,36309296.0,,1.33,-14.15,1496423371
TeraCoin,TERA,807,0.00027098,0.00000011,3893.94,,,,1.03,26.27,27.73,1496445284
DarkLisk,DISK,808,0.00027098,0.00000011,36.9588,,,17888425.0,1.02,-28.97,-14.06,1496445270
Cycling Coin,CYC,809,0.00027098,0.00000011,5.27996,,,,1.03,-5.33,9.38,1496445262
The Vegan Initiative,XVE,810,0.000269555,0.00000011,358.14,,,,0.85,7.0,30.54,1496444989
Happy Creator Coin,HCC,811,0.00025037,0.00000010,22.9726,,,,1.03,-1.44,15.27,1496445273
Grumfork,GMF,812,0.000245902,0.00000010,4.91805,,,,0.85,3.15,,1496444990
MobileCash,MBL,813,0.000221711,0.00000009,10.4871,,,1068669648.0,1.03,3.28,40.64,1496445278
President Sanders,BURN,814,0.000221711,0.00000009,142.408,,,57968072167.0,1.03,-7.04,-40.19,1496445282
AsicCoin,ASC,815,0.000214431,0.00000009,24.6145,,,,0.46,,,1496445244
LAthaan,LTH,816,0.000197076,0.00000008,164.509,,,,90.15,18.07,45.84,1496445277
Moneta,MONETA,817,0.000172442,0.00000007,158.945,,,,-11.6,-9.6,-6.61,1496445265
Halloween Coin,HALLO,818,0.000121323,0.00000005,343.82,,,264606166.0,25.53,44.11,-5.64,1496444991
TeamUp,TEAM,819,0.0000985380,0.00000004,0.258761,,,301004896.0,34.7,3.3,45.84,1496445277
PayPeer,PAYP,820,0.0000985380,0.00000004,125.088,,,,1.02,106.6,118.7,1496445268
LinkedCoin,LKC,821,0.0000985380,0.00000004,13.302,,,,1.02,3.3,-12.49,1496445273
Wowcoin,WOW,822,0.0000964807,0.00000004,,,,,,1.14,114.2,1496426381
TheCreed,TCR,823,0.0000739035,0.00000003,10.3884,,,,1.03,-38.02,-34.39,1496445270
FireFlyCoin,FFC,824,0.0000739035,0.00000003,1.56449,,,,1.02,175.39,228.11,1496445258
LePen,LEPEN,825,0.0000694049,0.00000003,103.032,,,,7.48,28.05,64.09,1496445283
InflationCoin,IFLT,826,0.0000493155,0.00000002,2483.21,,,3292885930.0,0.94,4.88,40.89,1496445281
PokeCoin,POKE,827,0.0000492690,0.00000002,6.13155,,,,1.02,3.3,-27.08,1496445273
PinkDog,PDG,828,0.0000492690,0.00000002,0.0000246345,,,,1.02,3.31,118.77,1496445284
CyberCoin,CC,829,0.0000492690,0.00000002,49.269,,,549267534.0,1.03,3.31,118.74,1496445260
VegasCoin,VGC,830,0.0000492690,0.00000002,2.46345,,,,1.03,80.56,-10.34,1496445250
X2,X2,831,0.0000492690,0.00000002,7.99082,,,,1.02,106.57,118.77,1496445267
Rcoin,RCN,832,0.0000492690,0.00000002,101.742,,,,1.02,3.3,27.1,1496445277
MoneyCoin,MONEY,833,0.0000492690,0.00000002,1321.5,,,,1.02,3.31,-27.08,1496445280
Tellurion,TELL,834,0.0000492690,0.00000002,4.92688,,,,1.03,3.28,50.86,1496445276
Cashme,CME,835,0.0000492690,0.00000002,0.49269,,,,1.02,3.3,9.38,1496445265
UNCoin,UNC,836,0.0000402967,0.00000002,1220.85,,,,-7.08,-15.52,23.96,1496445260
SuperTurboStake,STRB,837,0.0000246345,0.00000001,0.246345,,,,1.03,3.3,9.35,1496445267
President Clinton,HILL,838,0.0000246345,0.00000001,3.94152,,,57968072167.0,1.02,,-45.31,1496445274
Aces,ACES,839,0.0000246345,0.00000001,1.47896,,,,1.03,3.31,-23.84,1496445275
Safe Trade Coin,XSTC,840,0.0000246345,0.00000001,369.518,,,604880000.0,1.02,3.28,9.38,1496445282
Global Business Revolution,GBRC,841,0.0000246345,0.00000001,679.715,,,900096049.0,1.03,-48.34,9.38,1496445279
ChoofCoin,CHOOF,842,0.0000246345,0.00000001,5.17325,,,,1.02,-48.35,-18.08,1496445278
SoulCoin,SOUL,843,0.0000246345,0.00000001,1.24675,,,,1.02,3.3,9.38,1496445271
Yescoin,YES,844,0.0000246337,0.000000010,1244.37,,,,1.02,3.88,18.13,1496445283
FedoraShare,FEDS,845,0.0000240593,0.000000010,3242.34,,,499001350814,0.0,-1.36,-17.29,1496445276
Victoriouscoin,VTY,846,0.0000109321,0.000000004,6.75441,,,10263290326.0,3.29,-53.51,5.12,1496445278
Virtacoin,VTA,847,0.0000092545,0.000000004,79.9344,,,12423206610.0,0.33,-50.19,-17.84,1496445254
Dimecoin,DIME,848,0.0000073916,0.000000003,413.701,,,527134043536,0.72,1787.76,190.56,1496445246
XP,XP,849,0.0000016414,0.0000000007,389.791,,,133635560466,1.25,9.34,1019.6,1496445276
BatCoin,BAT,850,0.0000008218,0.0000000003,600.921,,,,2.02,10.41,,1496445247
BitCentavo,NBE,851,0.0000005705,0.0000000002,,,,,,11.98,127.93,1496398156
RabbitCoin,RBBT,852,0.0000004279,0.0000000002,19.4066,,,,-1.81,-16.39,43.97,1496445254
StrongHands,SHND,853,0.0000002121,0.00000000009,202.815,,,,17.76,102.55,,1496445265
Paccoin,PAC,854,0.0000000789,0.00000000003,967.3,,,,-0.72,7.95,75.51,1496445265
Bond,BOND,855,,,,,1349.0,1349.0,,,,
bitRUBLE,BITRUBLE,856,,,,,,,,,,
