Name,Symbol,Rank,Price(BTC),Price(USD),24HVolume,MarketCap,%Change_1h,%Change_24h,%Change_7d,LastUpdated
Bitcoin,BTC,1,2489.31,1.0,1308830000.0,40744931486.0,16367962.0,16367962.0,0.55,3.95,12.89,1496448852
Ethereum,ETH,2,223.677,0.0902873,469943000.0,20613131031.0,92155792.0,92155792.0,-0.08,-0.25,37.66,1496448566
Ripple,XRP,3,0.30008,0.00012113,291277000.0,11589597915.0,38621693933.0,99994661895.0,-2.2,-9.05,11.33,1496448555
NEM,XEM,4,0.226794,0.00009155,13187400.0,2041146000.0,8999999999.0,8999999999.0,-1.27,-0.1,24.71,1496448562
Ethereum Classic,ETC,5,17.4145,0.00702936,74929900.0,1606108633.0,92228237.0,92228237.0,0.14,2.52,21.8,1496448577
Litecoin,LTC,6,29.0038,0.0117104,330879000.0,1490403257.0,51386482.0,51386482.0,0.06,1.21,19.68,1496448841
Dash,DASH,7,145.672,0.0588155,39227500.0,1068347763.0,7333927.0,7333927.0,1.61,6.44,26.43,1496448847
Stratis,STRAT,8,8.61415,0.0034771,61737000.0,847711432.0,98409179.0,98409179.0,-1.65,46.53,191.44,1496448577
Bytecoin,BCN,9,0.0037109,0.00000150,23819900.0,678988494.0,182971380064,182971380064,7.35,52.08,54.23,1496448853
Monero,XMR,10,43.9416,0.0177416,9534370.0,639989974.0,14564558.0,14564558.0,0.08,0.94,13.77,1496448852
Waves,WAVES,11,4.68138,0.00188964,5189640.0,468138000.0,100000000.0,100000000.0,1.82,35.67,83.17,1496448573
Golem,GNT,12,0.482221,0.00019465,9472020.0,397770601.0,824872000.0,1000000000.0,1.49,4.37,31.72,1496448581
Stellar Lumens,XLM,13,0.0399173,0.00001612,15119800.0,385794759.0,9664851066.0,102940435314,-1.89,-5.87,-1.7,1496448855
Zcash,ZEC,14,241.116,0.0973266,15866300.0,346946333.0,1438919.0,1438919.0,-0.57,-3.01,22.65,1496448581
Dogecoin,DOGE,15,0.00303724,0.00000123,34760800.0,332982982.0,109633411214,109633411214,0.74,5.87,24.62,1496448844
Steem,STEEM,16,1.33219,0.00053774,5291800.0,312210864.0,234359111.0,251333205.0,6.26,32.14,37.75,1496448572
Gnosis,GNO,17,255.303,0.103053,1806290.0,282005141.0,1104590.0,10000000.0,0.81,2.42,26.48,1496448591
Augur,REP,18,24.9135,0.0100563,4748350.0,274048500.0,11000000.0,11000000.0,0.48,5.75,13.43,1496448568
Siacoin,SC,19,0.0101361,0.00000409,39629700.0,268829088.0,26521945080.0,26521945080.0,0.17,20.09,44.31,1496448567
DigiByte,DGB,20,0.0323112,0.00001305,100011000.0,261947929.0,8107031908.0,8107031908.0,-1.57,51.56,130.11,1496448846
BitShares,BTS,21,0.0893459,0.00003607,24265200.0,232497688.0,2602220000.0,2602220000.0,-0.6,13.81,51.14,1496448855
GameCredits,GAME,22,2.88293,0.00116399,2174670.0,181724120.0,63034524.0,63034524.0,0.05,8.75,16.75,1496448856
MaidSafeCoin,MAID,23,0.401537,0.00016212,3196100.0,181716538.0,452552412.0,452552412.0,1.25,0.94,6.56,1496448851
DigixDAO,DGD,24,81.3156,0.032823,1250150.0,162631200.0,2000000.0,2000000.0,2.02,0.57,28.14,1496448572
Basic Attention Token,BAT,25,0.156008,0.00006297,3132480.0,156008000.0,1000000000.0,1500000000.0,0.04,-8.21,,1496448593
BitConnect,BCC,26,24.0648,0.00971375,1510940.0,154979743.0,6440101.0,6440101.0,0.14,7.98,55.17,1496448585
Decred,DCR,27,30.5356,0.0123257,3759800.0,153520467.0,5027590.0,5447590.0,0.16,22.92,43.31,1496448569
Lisk,LSK,28,1.38141,0.00055761,2977450.0,148914824.0,107799150.0,107799150.0,-0.27,2.92,23.47,1496448572
Ardor,ARDR,29,0.138767,0.00005601,3009660.0,138628163.0,998999495.0,998999495.0,3.43,13.8,32.89,1496448576
Factom,FCT,30,14.8754,0.00600446,2383740.0,130207634.0,8753219.0,8753219.0,0.74,15.14,22.11,1496448570
SingularDTV,SNGLS,31,0.201257,0.00008124,221226.0,120754200.0,600000000.0,1000000000.0,-0.02,5.54,29.04,1496448579
Byteball,GBYTE,32,636.288,0.256838,592063.0,120439055.0,189284.0,1000000.0,1.45,24.6,119.65,1496448584
Tether,USDT,33,1.02952,0.00041556,49208800.0,108093104.0,104993690.0,124951468.0,0.52,-0.09,-1.94,1496448562
Iconomi,ICN,34,1.23681,0.00049924,806090.0,107602470.0,87000000.0,100000000.0,-1.29,3.43,13.3,1496448580
Komodo,KMD,35,0.940085,0.00037946,1361490.0,94897360.0,100945510.0,100945510.0,8.64,74.65,101.63,1496448585
Round,ROUND,36,0.107712,0.00004348,370412.0,91555200.0,850000000.0,1000000000.0,2.0,1.99,-17.63,1496448581
PIVX,PIVX,37,1.65157,0.00066665,972505.0,88427013.0,53541184.0,53541184.0,1.0,-1.42,37.63,1496448570
FirstBlood,1ST,38,0.902642,0.00036435,4484060.0,77228579.0,85558371.0,93468691.0,5.68,10.79,50.52,1496448578
SysCoin,SYS,39,0.140717,0.00005681,4556470.0,73901895.0,525180998.0,525180998.0,5.83,31.21,21.78,1496448856
Aragon,ANT,40,2.14964,0.0008677,759503.0,72239011.0,33605167.0,39609523.0,0.16,3.73,10.39,1496448593
AntShares,ANS,41,1.35817,0.00054822,7317130.0,67908500.0,50000000.0,100000000.0,1.26,9.71,69.16,1496448578
iExec RLC,RLC,42,0.868355,0.00035051,851681.0,67793164.0,78070793.0,86999785.0,2.14,35.13,61.16,1496448590
Nxt,NXT,43,0.067563,0.00002728,4190700.0,67495436.0,998999983.0,998999983.0,-5.84,14.92,27.27,1496448843
Ubiq,UBQ,44,1.70745,0.00068939,1672700.0,63348108.0,37101003.0,37101003.0,5.18,59.55,237.3,1496448856
BitcoinDark,BTCD,45,37.9083,0.0153056,783070.0,48858574.0,1288862.0,1288862.0,9.04,57.05,78.6,1496448854
ReddCoin,RDD,46,0.00158787,0.00000064,2958000.0,45295258.0,28525797263.0,28525797263.0,-9.33,35.37,21.14,1496448846
Wings,WINGS,47,0.487273,0.00019669,1511220.0,43712449.0,89708333.0,100000000.0,-11.4,12.71,81.46,1496448584
Peercoin,PPC,48,1.68684,0.00068107,1326210.0,40696340.0,24125786.0,24125786.0,0.02,5.46,12.21,1496448854
Lykke,LKK,49,0.277838,0.00011215,515640.0,38215915.0,137547474.0,1285690000.0,0.67,7.31,14.59,1496448582
Ark,ARK,50,0.393886,0.00015899,663469.0,37546058.0,95322144.0,126572144.0,2.98,29.7,49.99,1496448588
Emercoin,EMC,51,0.89595,0.00036174,973022.0,35982444.0,40161219.0,40161219.0,1.88,1.08,11.36,1496448856
Melon,MLN,52,57.1571,0.0230715,277689.0,34259966.0,599400.0,749400.0,1.11,5.01,-2.12,1496448586
Storjcoin X,SJCX,53,0.661125,0.00026693,414105.0,33831845.0,51173144.0,500000000.0,0.76,3.19,23.91,1496448856
Omni,OMNI,54,54.6441,0.0220628,9016120.0,30545325.0,558987.0,615303.0,-2.04,-0.89,217.47,1496448844
Xaurum,XAUR,55,0.266872,0.00010772,318175.0,30344496.0,113704306.0,113704306.0,-4.02,9.5,29.95,1496448563
Counterparty,XCP,56,11.4212,0.00461133,549320.0,29909190.0,2618743.0,2618743.0,-1.84,2.49,14.27,1496448846
Blocknet,BLOCK,57,6.98827,0.00282154,214748.0,27327744.0,3910516.0,3910516.0,6.25,23.3,128.39,1496448858
Namecoin,NMC,58,1.82603,0.00073727,761830.0,26909108.0,14736400.0,14736400.0,1.03,4.76,15.45,1496448840
Gulden,NLG,59,0.0761007,0.00003073,134891.0,26375083.0,346581345.0,448601500.0,-0.81,6.28,13.71,1496448856
WeTrust,TRST,60,0.278931,0.00011259,460523.0,25702794.0,92147500.0,100000000.0,-1.62,17.99,8.94,1496448590
Nexus,NXS,61,0.510856,0.00020626,87286.6,25476329.0,49869883.0,49869883.0,-0.74,-3.76,10.85,1496448859
Synereo,AMP,62,0.300197,0.00012117,513361.0,24693102.0,82256324.0,949291063.0,0.15,9.05,28.61,1496448569
Burst,BURST,63,0.0129402,0.00000522,4224110.0,23040323.0,1780522962.0,1780522962.0,-4.47,15.85,39.64,1496448856
EarthCoin,EAC,64,0.00241774,0.00000098,6523060.0,22597330.0,9346468332.0,9346468332.0,-1.67,3.34,34.25,1496448844
YbCoin,YBC,65,7.35931,0.00297135,2847420.0,22227047.0,3020262.0,3020262.0,1.84,2.8,25.84,1496448846
Verge,XVG,66,0.00158496,0.00000064,3452820.0,21253477.0,13409472280.0,13409472280.0,-8.79,37.88,52.11,1496448859
Matchpool,GUP,67,0.281042,0.00011344,344945.0,21078150.0,75000000.0,98855150.0,-2.17,5.71,18.24,1496448589
NAV Coin,NAV,68,0.338596,0.00013671,1222850.0,20766985.0,61332635.0,61332635.0,-1.75,16.31,14.61,1496448853
Edgeless,EDG,69,0.247946,0.00010008,427164.0,19694955.0,79432438.0,132046997.0,0.73,3.24,-1.61,1496448589
PotCoin,POT,70,0.0906069,0.00003658,522635.0,19657086.0,216949106.0,216949106.0,0.71,7.09,8.92,1496448847
XtraBYtes,XBY,71,0.0301781,0.00001218,849917.0,19615765.0,650000000.0,650000000.0,-12.87,30.94,405.71,1496448591
TokenCard,TKN,72,0.826305,0.00033354,317482.0,19537202.0,23644056.0,39406760.0,-1.94,-4.41,-11.02,1496448591
BlackCoin,BLK,73,0.256344,0.0001035,1349520.0,19525667.0,76169782.0,76169782.0,-1.48,5.62,45.19,1496448849
Humaniq,HMQ,74,0.155013,0.00006257,891708.0,19273496.0,124334708.0,184190414.0,-2.17,29.74,-12.91,1496448592
BitBay,BAY,75,0.0191292,0.00000772,75516.1,19273135.0,1007524339.0,1007524339.0,3.13,6.94,12.53,1496448858
BCAP,BCAP,76,1.8935,0.00076431,174974.0,18935000.0,10000000.0,10000000.0,-4.79,9.35,-9.07,1496448592
E-Dinar Coin,EDR,77,0.0283348,0.00001144,486807.0,18718954.0,660634755.0,785634755.0,0.61,-5.02,17.77,1496448578
OBITS,OBITS,78,1.24543,0.00050272,608147.0,18368725.0,14748902.0,16443700.0,-4.16,20.62,53.55,1496448568
Nexium,NXC,79,0.260506,0.00010515,1290160.0,17329272.0,66521586.0,66521586.0,-1.13,-4.74,51.75,1496448583
Expanse,EXP,80,2.38136,0.00096124,440852.0,17254988.0,7245855.0,16245855.0,-0.58,0.27,19.2,1496448566
Swarm City,SWT,81,2.52828,0.00102054,40258.6,16794416.0,6642625.0,6642625.0,0.78,8.76,-5.61,1496448586
Bankcoin,B@,82,3.92772,0.00158542,10395.3,16752040.0,4265080.0,25000000.0,-0.81,29.2,39.58,1496448588
TaaS,TAAS,83,2.05578,0.00082982,220989.0,16746385.0,8146001.0,8146001.0,3.41,20.1,47.12,1496448588
SuperNET,UNITY,84,20.4135,0.00824201,25498.8,16658661.0,816061.0,816061.0,-4.85,61.81,260.13,1496448857
Infinitecoin,IFC,85,0.000183196,0.00000007,2714450.0,16596875.0,90596274910.0,90596274910.0,-0.36,-1.06,28.96,1496448842
Unity Ingot,UNY,86,0.0815008,0.00003290,73617.8,16463162.0,202000000.0,10000000000.0,-2.34,-0.58,86.94,1496448592
Agoras Tokens,AGRS,87,0.390115,0.00015747,26632.4,16384830.0,42000000.0,42000000.0,0.81,5.61,14.03,1496448566
ZCoin,XZC,88,7.30002,0.00294665,1118500.0,16328187.0,2236732.0,2236732.0,-0.29,-2.12,40.48,1496448579
LBRY Credits,LBC,89,0.23569,0.00009514,909336.0,16150545.0,68524524.0,466424524.0,-0.36,14.35,29.01,1496448574
Shift,SHIFT,90,1.49037,0.00060159,401215.0,16143989.0,10832202.0,10832202.0,6.37,43.45,174.37,1496448566
Chronobank,TIME,91,22.3761,0.00903213,507749.0,15889555.0,710113.0,710113.0,0.93,15.2,28.1,1496448586
Radium,RADS,92,4.58766,0.00185181,437654.0,14896842.0,3247155.0,3247155.0,0.73,8.47,45.6,1496448569
GridCoin,GRC,93,0.0377649,0.00001524,219204.0,14740122.0,390312753.0,390312753.0,0.07,5.2,26.91,1496448561
I/O Coin,IOC,94,0.90156,0.00036401,50721.8,14728261.0,16336418.0,16336418.0,0.13,11.08,18.45,1496448855
Pepe Cash,PEPECASH,95,0.0208924,0.00000843,31963.8,14664041.0,701884009.0,701884009.0,1.84,-2.81,-1.98,1496448578
Waves Community Token,WCT,96,2.78278,0.00112327,138948.0,13913900.0,5000000.0,10000000.0,-1.74,0.02,28.44,1496448585
LuckChain,BASH,97,0.0183999,0.00000743,791843.0,13322889.0,724073964.0,724073964.0,2.42,34.48,115.73,1496448581
Golos,GOLOS,98,0.107425,0.00004336,54670.8,13223088.0,123091347.0,123091347.0,6.82,14.21,82.33,1496448582
E-coin,ECN,99,4.72459,0.00190708,132423.0,13193822.0,2792586.0,211081478.0,0.68,5.23,11.39,1496448590
Vertcoin,VTC,100,0.391237,0.00015796,543036.0,13083545.0,33441481.0,33441481.0,-0.58,6.44,30.84,1496448845
MonaCoin,MONA,101,0.256393,0.00010352,35529.1,12964179.0,50563700.0,50563700.0,-3.35,-7.09,6.67,1496448850
MergeCoin,MGC,102,0.130629,0.00005273,3642250.0,12922522.0,98925370.0,103925370.0,2.06,20.84,27.48,1496448591
DigitalNote,XDN,103,0.00181395,0.00000073,3294000.0,12482795.0,6881553869.0,6881553869.0,-1.38,17.97,17.78,1496448854
Clams,CLAM,104,5.24868,0.00211918,648204.0,12087014.0,2302867.0,16208233.0,-1.6,15.04,17.19,1496448854
Bitland,CADASTRAL,105,0.399969,0.00016145,23410.7,11999070.0,30000000.0,30000000.0,4.17,-2.37,63.11,1496448575
Mooncoin,MOON,106,0.0000497974,0.00000002,104294.0,11052419.0,221947721471,221947721471,8.92,19.82,9.18,1496448845
Etheroll,DICE,107,1.54408,0.00062327,58763.8,10811065.0,7001623.0,7001623.0,0.03,-15.66,-19.13,1496448592
Pluton,PLU,108,12.7132,0.0051317,106659.0,10806214.0,850000.0,20000000.0,-1.41,-4.97,53.63,1496448578
Bitcrystals,BCY,109,0.460819,0.00018601,361411.0,10733130.0,23291422.0,23291422.0,1.28,15.92,22.91,1496448568
FlorinCoin,FLO,110,0.0750612,0.00003031,318934.0,10059252.0,134013998.0,134013998.0,-2.21,6.62,19.67,1496448843
Viacoin,VIA,111,0.432571,0.00017465,278211.0,9796618.0,22647421.0,22647421.0,-0.72,9.8,14.83,1496448854
vSlice,VSL,112,0.281744,0.00011373,132272.0,9407572.0,33390496.0,33390496.0,-0.33,3.59,4.05,1496448582
HEAT,HEAT,113,0.351823,0.00014201,39349.4,9276832.0,26367896.0,26367896.0,0.81,0.12,0.77,1496448575
Primecoin,XPM,114,0.476888,0.00019254,5047600.0,9219707.0,19333065.0,19333065.0,-2.37,17.79,41.88,1496448858
DNotes,NOTE,115,0.0736495,0.00002974,334543.0,9123658.0,123879423.0,123879423.0,-1.36,11.69,33.69,1496448850
Energycoin,ENRG,116,0.0752191,0.00003037,5431.05,9097222.0,120942982.0,120942982.0,1.75,4.77,24.84,1496448851
Crown,CRW,117,0.65395,0.00026403,26726.8,9066815.0,13864692.0,13864692.0,-1.6,10.87,2.74,1496448858
Rubycoin,RBY,118,0.367841,0.00014852,40530.8,8973545.0,24395174.0,24395174.0,0.57,3.55,13.2,1496448851
VeriCoin,VRC,119,0.286178,0.00011555,535058.0,8646049.0,30212137.0,30212137.0,-1.65,1.43,12.94,1496448851
NeosCoin,NEOS,120,2.52386,0.00101902,604145.0,8449013.0,3347655.0,3347655.0,-2.37,5.68,16.1,1496448856
SolarCoin,SLR,121,0.236845,0.00009563,102253.0,8328573.0,35164656.0,98034181387.0,4.49,6.73,23.33,1496448849
FedoraCoin,TIPS,122,0.0000187815,0.000000008,56824.7,8323363.0,443168182458,443168182458,-2.84,-9.4,-4.99,1496448846
VPNCoin,VASH,123,0.0204201,0.00000824,2080860.0,8174978.0,400339746.0,400339746.0,1.88,11.09,29.55,1496448859
Skycoin,SKY,124,1.49531,0.00060358,32556.6,8173067.0,5465801.0,100000000.0,0.92,-9.47,-19.33,1496448589
Blitzcash,BLITZ,125,2.00044,0.00080769,346247.0,8130118.0,4064165.0,4064165.0,7.55,58.2,482.72,1496448860
Pascal Coin,PASC,126,0.809187,0.00032663,188796.0,8108458.0,10020500.0,10020500.0,-0.38,4.4,13.2,1496448583
SaluS,SLS,127,7.80434,0.00315022,37566.8,7831295.0,1003454.0,1003454.0,-2.28,-3.66,69.76,1496448569
BelaCoin,BELA,128,0.219448,0.00008860,492143.0,7676543.0,34981150.0,34981150.0,-0.97,7.4,12.88,1496448849
Incent,INCNT,129,0.329021,0.00013281,183114.0,7570218.0,23008312.0,46016625.0,0.93,14.37,55.18,1496448582
Einsteinium,EMC2,130,0.0355184,0.00001434,416774.0,7507353.0,211365194.0,211365194.0,-1.29,13.4,15.5,1496448848
Bitcoin Plus,XBC,131,75.7147,0.0305701,183329.0,7339265.0,96933.0,96933.0,-0.45,6.17,9.01,1496448850
Global Currency Reserve,GCR,132,0.0698611,0.00002820,26094.3,7174260.0,102693195.0,102693195.0,0.91,7.22,10.87,1496448566
Creditbit,CRB,133,0.60294,0.00024338,271109.0,7159516.0,11874342.0,11874342.0,-4.84,-4.33,-5.97,1496448568
Asch,XAS,134,0.0904214,0.00003650,57215.7,6781605.0,75000000.0,100000000.0,-0.11,3.25,24.15,1496448588
Aeon,AEON,135,0.460364,0.00018583,23450.4,6552385.0,14233052.0,14233052.0,0.46,-3.16,4.4,1496448566
Lunyr,LUN,136,2.83908,0.00114599,157034.0,6523789.0,2297853.0,2703356.0,0.79,2.14,-1.78,1496448591
FirstCoin,FRST,137,2.04397,0.00082505,128452.0,6513528.0,3186704.0,110000000.0,1.62,16.61,23.08,1496448584
Novacoin,NVC,138,3.74183,0.00151078,57030.9,6496900.0,1736290.0,1736290.0,0.55,0.83,-5.02,1496448850
Feathercoin,FTC,139,0.0390605,0.00001577,102616.0,6401193.0,163878920.0,163878920.0,-0.28,0.45,29.49,1496448840
RouletteToken,RLT,140,0.621542,0.00025089,147149.0,6272733.0,10092211.0,10092934.0,13.73,36.91,28.33,1496448593
WorldCoin,WDC,141,0.0540162,0.00002181,349635.0,6190548.0,114605390.0,114605390.0,1.37,14.29,41.3,1496448841
MonetaryUnit,MUE,142,0.0504336,0.00002036,81820.4,6131102.0,121567800.0,121567800.0,-0.06,18.05,21.25,1496448859
Safe Exchange Coin,SAFEX,143,0.00284882,0.00000115,24442.8,6117794.0,2147483647.0,2147483647.0,5.36,4.92,16.2,1496448569
ZClassic,ZCL,144,4.0238,0.00162421,301114.0,5955878.0,1480163.0,1480163.0,-1.54,-1.17,39.05,1496448582
PinkCoin,PINK,145,0.018115,0.00000731,2010360.0,5815203.0,321015900.0,371015900.0,-0.11,17.91,21.5,1496448852
SpreadCoin,SPR,146,0.710231,0.00028676,49290.1,5779389.0,8137337.0,8137337.0,15.44,67.07,115.82,1496448858
SIBCoin,SIB,147,0.394342,0.00015918,31175.4,5779309.0,14655575.0,14655575.0,-0.27,-0.27,31.31,1496448568
Darcrus,DAR,148,0.419695,0.00016941,43209.3,5717825.0,13623762.0,13623762.0,3.91,27.59,50.52,1496448584
FoldingCoin,FLDC,149,0.0112298,0.00000453,444574.0,5499705.0,489741985.0,1000000000.0,-0.92,11.93,19.5,1496448857
Gambit,GAM,150,4.62311,0.00186612,44655.7,5474305.0,1184117.0,1184117.0,1.83,7.64,16.13,1496448563
ION,ION,151,0.396383,0.00016,45152.4,5455946.0,13764330.0,19664330.0,-6.16,7.86,-8.72,1496448574
Auroracoin,AUR,152,0.614823,0.00024824,10294.5,5323223.0,8658139.0,8658139.0,-0.22,5.35,11.81,1496448847
MUSE,MUSE,153,0.00383186,0.00000155,9273.74,5268196.0,1374840478.0,1524840478.0,-2.3,5.77,39.25,1496448564
Vcash,XVC,154,0.338965,0.00013682,136641.0,5169872.0,15251933.0,15251933.0,0.86,12.82,10.96,1496448563
Quark,QRK,155,0.0205365,0.00000829,243852.0,5136200.0,250101047.0,250101047.0,11.99,65.6,65.59,1496448846
Janus,JNS,156,0.240917,0.00009725,4963.09,5088671.0,21122091.0,25201489.0,15.57,5.24,8.57,1496448584
Rise,RISE,157,0.0453054,0.00001829,252580.0,4865221.0,107387215.0,107387215.0,-5.2,99.87,119.99,1496448574
Sphere,SPHR,158,1.51428,0.00061124,20143.0,4668435.0,3082940.0,3082940.0,0.81,11.51,139.25,1496448563
Ethereum Movie Venture,EMV,159,0.696897,0.0002813,4988.69,4645980.0,6666666.0,6666666.0,0.37,150.39,23.71,1496448589
OKCash,OK,160,0.0649006,0.00002620,141425.0,4645782.0,71583032.0,71583032.0,-1.69,-6.54,146.43,1496448560
Minereum,MNE,161,11.1074,0.0044835,469177.0,4469140.0,402357.0,402357.0,22.76,84.41,408.32,1496448592
ICO OpenLedger,ICOO,162,9.46387,0.00382009,12512.0,4465006.0,471795.0,471795.0,0.45,28.35,56.04,1496448574
FairCoin,FAIR,163,0.0825503,0.00003333,3333.05,4383903.0,53105844.0,53105844.0,2.79,1.28,33.25,1496448850
LoMoCoin,LMC,164,0.0208823,0.00000843,416147.0,4355310.0,208564661.0,293564661.0,2.15,18.11,25.55,1496448577
CloakCoin,CLOAK,165,0.861039,0.00034765,24639.3,4308384.0,5003704.0,5003704.0,1.0,2.99,34.26,1496448853
APX,APX,166,4.75662,0.00192001,237681.0,4280958.0,900000.0,1000000.0,1.39,13.67,22.78,1496448592
bitCNY,BITCNY,167,0.140224,0.00005662,449310.0,4145007.0,29559900.0,29559900.0,-1.43,2.88,-3.34,1496448857
ArtByte,ABY,168,0.00531333,0.00000215,145265.0,4107024.0,772966050.0,772966050.0,-0.35,28.04,37.45,1496448854
Bitmark,BTM,169,1.04036,0.00042005,168721.0,4058631.0,3901180.0,3901180.0,-1.19,2.77,36.72,1496448856
NautilusCoin,NAUT,170,0.247165,0.00009979,362361.0,3999130.0,16180000.0,16180000.0,0.55,-0.44,18.9,1496448852
Unobtanium,UNO,171,20.1934,0.00815317,80803.3,3992748.0,197725.0,197725.0,-0.83,3.68,1.4,1496448844
Riecoin,RIC,172,0.114248,0.00004613,707488.0,3908499.0,34210658.0,34210658.0,1.97,15.76,57.58,1496448848
PoSW Coin,POSW,173,0.0950521,0.00003837,76199.9,3897136.0,41000000.0,70000000.0,1.49,35.72,71.76,1496448583
DubaiCoin,DBIX,174,4.16769,0.00168229,32396.3,3626265.0,870090.0,870090.0,-3.0,-6.72,62.0,1496448588
Circuits of Value,COVAL,175,0.00899294,0.00000363,112100.0,3597176.0,400000000.0,1200000000.0,3.25,22.82,15.05,1496448561
Wild Beast Block,WBB,176,1.47995,0.00059738,14424.3,3441525.0,2325433.0,2325433.0,-3.23,17.49,-9.91,1496448562
Megacoin,MEC,177,0.104029,0.00004200,645345.0,3421145.0,32886450.0,32886450.0,7.85,26.51,36.57,1496448841
BitSend,BSD,178,0.216289,0.00008733,32841.2,3300532.0,15259825.0,15259825.0,-0.9,11.84,38.84,1496448852
HunterCoin,HUC,179,0.185791,0.00007501,5842530.0,3279092.0,17649360.0,17649360.0,1.57,58.01,78.02,1496448847
Zennies,ZENI,180,0.00319661,0.00000129,6257.03,3198786.0,1000680704.0,1000680704.0,0.82,5.38,10.95,1496448590
Musicoin,MUSIC,181,0.0183188,0.00000739,85755.1,3160303.0,172516938.0,172516938.0,3.78,10.29,14.12,1496448587
BitBean,BITB,182,0.00160869,0.00000065,184247.0,3152082.0,1959409000.0,1959409000.0,-0.59,28.02,1.12,1496448561
Diamond,DMD,183,1.45532,0.00058759,15223.9,3092207.0,2124761.0,2124761.0,0.99,-0.3,3.2,1496448844
Curecoin,CURE,184,0.128179,0.00005175,19137.5,3038918.0,23708391.0,23708391.0,-0.66,12.77,9.52,1496448852
Zetacoin,ZET,185,0.0175888,0.00000710,251539.0,2922537.0,166158997.0,166158997.0,1.29,4.42,48.77,1496448844
Cryptonite,XCN,186,0.00887555,0.00000358,822775.0,2910563.0,327930440.0,327930440.0,3.55,41.01,44.32,1496448855
RaiBlocks,XRB,187,0.0377195,0.00001523,46083.6,2834384.0,75143727.0,340282367.0,0.93,15.88,46.41,1496448587
ZcCoin,ZCC,188,0.0446845,0.00001804,2082740.0,2755114.0,61657044.0,61657044.0,-0.15,26.57,42.97,1496448855
Atmos,ATMS,189,0.0274724,0.00001109,162515.0,2749269.0,100073865.0,110073865.0,5.87,15.54,23.42,1496448590
Myriad,XMY,190,0.00184862,0.00000075,150726.0,2747452.0,1486217750.0,1486217750.0,-4.73,19.46,-20.57,1496448848
InstantDEX,DEX,191,2.73021,0.00110233,3410.04,2730210.0,1000000.0,1000000.0,-4.85,20.85,,1496448857
Steem Dollars,SBD,192,1.84195,0.0007435,268508.0,2623669.0,1424397.0,1424397.0,-5.16,17.02,22.02,1496448575
Zeitcoin,ZEIT,193,0.0000704080,0.00000003,8242.58,2557807.0,36328355715.0,36328355715.0,0.73,5.97,44.05,1496448848
Adzcoin,ADZ,194,0.0464159,0.00001874,14156.7,2545795.0,54847480.0,54847480.0,4.9,22.3,30.91,1496448569
Digitalcoin,DGC,195,0.0728668,0.00002942,264868.0,2505874.0,34389793.0,34389793.0,2.74,14.56,47.37,1496448841
Bata,BTA,196,0.494719,0.00019969,63091.5,2449563.0,4951424.0,4951424.0,1.23,31.09,64.61,1496448564
Mintcoin,MINT,197,0.0000997705,0.00000004,14976.4,2429293.0,24348808413.0,24348808413.0,0.62,5.44,2.29,1496448847
Veros,VRS,198,0.0275025,0.00001110,92839.4,2351105.0,85486938.0,10000000000.0,0.96,-3.48,3.9,1496448582
Spectrecoin,XSPEC,199,0.114467,0.00004620,180632.0,2334818.0,20397306.0,20397306.0,-3.96,0.61,4.77,1496448584
BoostCoin,BOST,200,0.196414,0.00007930,190142.0,2328584.0,11855487.0,11855487.0,1.25,9.85,38.41,1496448852
bitUSD,BITUSD,201,0.995451,0.00040192,283015.0,2192551.0,2202570.0,2202570.0,-2.07,0.86,-2.86,1496448857
MaxCoin,MAX,202,0.039941,0.00001613,188269.0,2174495.0,54442678.0,54442678.0,-1.11,16.39,65.34,1496448847
Groestlcoin,GRS,203,0.0319204,0.00001289,8558.04,2158547.0,67622814.0,67622814.0,0.63,8.98,18.52,1496448851
iCash,ICASH,204,0.00970935,0.00000392,14890.9,2145189.0,220940496.0,220940496.0,-1.31,14.18,14.8,1496448563
Breakout Stake,BRX,205,0.340468,0.00013743,18658.4,2134082.0,6268082.0,6268082.0,-13.53,13.68,42.35,1496448575
Espers,ESP,206,0.000105872,0.00000004,6092.12,2131066.0,20128699398.0,20128699398.0,-11.34,-3.85,-14.03,1496448573
BlockPay,BLOCKPAY,207,0.391669,0.0001581,15985.7,2126097.0,5428300.0,98928316.0,-4.63,4.11,60.65,1496448577
FUNCoin,FUNC,208,0.365055,0.00014735,39392.9,2108890.0,5776909.0,100000000.0,0.47,3.74,35.61,1496448591
Project Decorum,PDC,209,0.0386226,0.00001559,2689.96,1931130.0,50000000.0,50000000.0,0.81,5.15,3.77,1496448574
TransferCoin,TX,210,0.317068,0.00012799,6874.04,1894358.0,5974610.0,5974610.0,8.47,6.09,-15.9,1496448565
GoldCoin,GLD,211,0.0454381,0.00001835,19687.8,1829129.0,40255396.0,40255396.0,-0.2,-4.35,-1.92,1496448858
Tickets,TIX,212,0.0000273026,0.00000001,37594.0,1825896.0,66876281414.0,66876281414.0,-1.58,-5.05,8.81,1496448842
Anoncoin,ANC,213,0.837771,0.00033825,236255.0,1767962.0,2110317.0,2110317.0,-4.11,81.63,86.37,1496448846
CryptoCarbon,CCRB,214,0.485384,0.00019593,18720.9,1728992.0,3562111.0,10000150.0,0.92,12.0,27.07,1496448584
Bitswift,SWIFT,215,0.398436,0.00016087,9646.96,1618014.0,4060913.0,4060913.0,4.05,37.17,121.93,1496448858
Startcoin,START,216,0.0351087,0.00001418,51504.1,1582693.0,45079785.0,70782220.0,-2.04,7.13,-13.38,1496448853
DeepWebCash,DWC,217,1.18097,0.0004767,18752.7,1580020.0,1337900.0,1337900.0,0.48,-6.32,-15.66,1496448582
Sequence,SEQ,218,0.0339155,0.00001369,2851.07,1516088.0,44701912.0,44701912.0,5.88,6.24,38.93,1496448579
Boolberry,XBB,219,0.156841,0.00006332,7198.12,1495084.0,9532480.0,9532480.0,0.55,15.27,6.08,1496448854
vTorrent,VTR,220,0.136296,0.00005503,13164.5,1474173.0,10815966.0,10815966.0,-1.95,-7.21,19.37,1496448859
Breakout,BRK,221,0.0815062,0.00003290,8153.69,1460275.0,17916127.0,17916127.0,4.36,17.77,18.35,1496448574
Visio,VISIO,222,0.0288237,0.00001163,4646.78,1458532.0,50601822.0,62601822.0,0.81,14.68,0.73,1496448587
2GIVE,2GIVE,223,0.00282209,0.00000114,16519.5,1447731.0,512999661.0,512999661.0,-1.25,9.35,-26.05,1496448573
Pangea Poker,PANGEA,224,1.43372,0.00057887,873.425,1432791.0,999352.0,1000000.0,-4.85,62.96,92.46,1496448859
EB3 Coin,EB3,225,0.297312,0.00012001,39954.1,1393060.0,4685517.0,786000000.0,0.81,6.08,20.1,1496448589
MediterraneanCoin,MED,226,0.0277397,0.00001120,232274.0,1378846.0,49706598.0,49706598.0,-0.97,106.19,97.46,1496448859
EuropeCoin,ERC,227,0.135191,0.00005457,1079.31,1331837.0,9851521.0,9851521.0,1.03,0.93,16.5,1496448565
TagCoin,TAG,228,0.237796,0.00009601,223287.0,1306210.0,5492984.0,5492984.0,10.83,21.64,34.16,1496448843
Voxels,VOX,229,0.0406545,0.00001641,535789.0,1280617.0,31500000.0,210000000.0,-2.63,33.14,39.4,1496448572
CacheCoin,CACH,230,0.346746,0.00014,24624.2,1249689.0,3604046.0,3604046.0,40.88,364.53,,1496448848
Renos,RNS,231,0.037387,0.00001509,677434.0,1246944.0,33352346.0,33352346.0,-3.58,21.73,144.22,1496448586
SecureCoin,SRC,232,0.159705,0.00006448,220200.0,1243443.0,7785871.0,7785871.0,13.07,25.95,36.57,1496448842
Qwark,QWARK,233,0.06959,0.00002809,31609.3,1228910.0,17659296.0,250377576.0,-1.28,26.69,70.55,1496448572
LiteDoge,LDOGE,234,0.0000818942,0.00000003,8798.75,1209963.0,14774708659.0,14774708659.0,1.14,39.9,-44.82,1496448562
Dynamic,DYN,235,0.743193,0.00029999,4731.73,1201509.0,1616685.0,4370589.0,0.81,14.11,22.36,1496448588
VeriumReserve,VRM,236,1.06012,0.00042792,101131.0,1181140.0,1114157.0,1114157.0,-2.84,40.62,27.21,1496448578
Creativecoin,CREA,237,0.110736,0.00004470,7603.92,1169283.0,10559193.0,12270921.0,0.77,25.94,19.01,1496448592
Yocoin,YOC,238,0.0109496,0.00000442,66205.8,1156484.0,105618830.0,200000000.0,8.01,1.13,36.06,1496448569
Stealthcoin,XST,239,0.0426002,0.00001720,1990.06,1115217.0,26178677.0,26178677.0,3.02,-4.65,7.89,1496448854
HTMLCOIN,HTML5,240,0.0000273709,0.00000001,3458.44,1112874.0,40659020000.0,40659020000.0,1.11,31.19,26.44,1496448857
Inpay,INPAY,241,0.109645,0.00004426,22082.7,1096450.0,10000000.0,10000000.0,0.85,-2.51,-14.93,1496448589
ChainCoin,CHC,242,0.0737379,0.00002976,10188.6,1082930.0,14686203.0,14686203.0,-2.41,-20.12,-15.73,1496448565
Ixcoin,IXC,243,0.0513773,0.00002074,1725.74,1078876.0,20999088.0,20999088.0,1.99,0.1,3.93,1496448845
WhiteCoin,XWC,244,0.00433433,0.00000175,17945.7,1075159.0,248056637.0,248056637.0,0.63,4.81,64.86,1496448850
DopeCoin,DOPE,245,0.00941168,0.00000380,21625.7,1045503.0,111085648.0,111085648.0,6.99,26.02,3.86,1496448848
Hacker Gold,HKG,246,0.063347,0.00002557,2245.66,1020577.0,16110893.0,16110893.0,0.96,15.47,7.62,1496448583
DIBCOIN,DIBC,247,0.202718,0.00008183,4973.28,1013590.0,5000000.0,5000000000.0,5.56,14.5,33.29,1496448588
Triggers,TRIG,248,0.031562,0.00001274,5576.59,1013317.0,32105593.0,100000000.0,0.73,0.89,4.44,1496448580
Mercury,MER,249,0.0100122,0.00000404,1636.58,1001220.0,100000000.0,100000000.0,0.56,-1.42,-3.96,1496448588
AudioCoin,ADC,250,0.0012541,0.00000051,4748.54,994750.0,793198644.0,793198644.0,0.82,-0.62,-5.44,1496448564
CannabisCoin,CANN,251,0.0128509,0.00000519,56431.5,992490.0,77231176.0,91859176.0,0.72,3.93,57.38,1496448855
PepeCoin,PEPE,252,0.0699214,0.00002822,21120.5,963478.0,13779439.0,13779439.0,2.88,9.16,49.7,1496448570
PutinCoin,PUT,253,0.00475266,0.00000192,4207.21,952517.0,200417616.0,200417616.0,1.07,-2.85,36.91,1496448575
Syndicate,SYNX,254,0.0844416,0.00003408,13444.2,951561.0,11268860.0,11268860.0,8.25,-7.91,65.08,1496448576
HiCoin,XHI,255,0.00492082,0.00000199,127666.0,933627.0,189729990.0,10189729990.0,2.08,-1.74,-2.1,1496448573
Centurion,CNT,256,0.0342602,0.00001383,33112.1,885636.0,25850279.0,63389078.0,10.74,5.8,14.82,1496448585
ArcticCoin,ARC,257,0.0375654,0.00001516,21212.9,877594.0,23361751.0,23361751.0,-2.9,-13.37,-21.04,1496448580
Pesetacoin,PTC,258,0.00658967,0.00000266,2247.16,860298.0,130552449.0,130552449.0,1.09,8.25,4.0,1496448849
Hush,HUSH,259,0.772326,0.00031175,45103.0,850244.0,1100888.0,1222363.0,-8.59,9.27,66.74,1496448581
Woodcoin,LOG,260,0.105091,0.00004242,586.423,844426.0,8035193.0,8035193.0,0.69,3.76,7.77,1496448563
EverGreenCoin,EGC,261,0.0621045,0.00002507,13221.9,827313.0,13321301.0,13321301.0,-2.22,-2.69,3.58,1496448569
Unitus,UIS,262,0.0175387,0.00000708,25921.8,820563.0,46785866.0,46785866.0,3.46,9.04,-0.81,1496448561
ShadowCash,SDC,263,0.119104,0.00004809,527.58,794100.0,6667279.0,6667279.0,0.63,-2.92,-9.28,1496448856
ExclusiveCoin,EXCL,264,0.193336,0.00007806,5875.93,790551.0,4089000.0,4089000.0,9.08,17.4,4.44,1496448858
e-Gulden,EFL,265,0.0512129,0.00002068,1870.41,785913.0,15345994.0,20385334.0,0.63,4.44,-20.16,1496448849
Version,V,266,0.00173418,0.00000070,724.719,758633.0,437459392.0,437459392.0,0.91,12.32,,1496448593
GeoCoin,GEO,267,0.307803,0.00012424,5464.27,755681.0,2455079.0,2455079.0,-1.46,18.38,34.45,1496448561
BlueCoin,BLU,268,0.00130947,0.00000053,1637.54,752531.0,574683675.0,574683675.0,-5.56,-20.42,200.34,1496448851
HempCoin,THC,269,0.00351671,0.00000142,16053.2,744920.0,211823061.0,211823061.0,3.96,14.59,-4.67,1496448853
ProCurrency,PROC,270,0.258036,0.00010416,1185.48,726424.0,2815205.0,15000053805.0,1.06,12.68,16.62,1496448591
Fantomcoin,FCN,271,0.123838,0.00005000,5329.05,726082.0,5863157.0,5863157.0,0.23,2.77,9.74,1496448853
Ripto Bux,RBX,272,0.00211734,0.00000085,3290.65,724342.0,342100100.0,1000000000.0,-1.23,11.42,49.51,1496448589
Tokes,TKS,273,1.09535,0.00044214,9473.0,709375.0,647624.0,50000000.0,0.81,10.77,11.12,1496448588
DT Token,DRACO,274,0.00779378,0.00000315,90898.1,692780.0,88888888.0,88888888.0,2.23,42.1,80.76,1496448575
Synergy,SNRG,275,0.241677,0.00009755,1151.88,671025.0,2776535.0,2776535.0,0.69,11.75,31.83,1496448564
Altcoin,ALT,276,5.45351,0.00220131,2104.06,666284.0,122175.0,134063.0,0.33,1.44,31.74,1496448591
BTSR,BTSR,277,0.175289,0.00007076,18718.9,580350.0,3310819.0,3310819.0,-2.52,17.14,43.15,1496448572
Magi,XMG,278,0.0812566,0.00003281,4142.8,573394.0,7056582.0,7056582.0,0.08,1.24,-6.96,1496448857
Deutsche eMark,DEM,279,0.0206299,0.00000833,775.653,573375.0,27793416.0,27793416.0,0.67,-2.5,13.62,1496448843
Moin,MOIN,280,0.0810839,0.00003273,2096.14,563551.0,6950227.0,6950227.0,-1.04,21.08,27.68,1496448568
NuShares,NSR,281,0.000207132,0.00000008,895.276,559726.0,2702268334.0,3317183581.0,7.83,-12.6,-46.57,1496448858
TrustPlus,TRUST,282,0.0173621,0.00000701,1550.21,557091.0,32086595.0,32086595.0,0.77,0.62,22.4,1496448854
Canada eCoin,CDN,283,0.0054855,0.00000221,761.34,534373.0,97415544.0,97415544.0,0.63,8.18,27.0,1496448852
FujiCoin,FJC,284,0.000547404,0.00000022,3750.83,527402.0,963460105.0,963460105.0,2.18,-24.73,14.99,1496448565
1337,1337,285,0.0000230522,0.000000009,5066.5,526498.0,22839362345.0,22839362345.0,0.22,23.9,67.83,1496448568
UniBURST,UNIBURST,286,0.518639,0.00020935,8505.17,518638.0,999999.0,1000000.0,-4.41,-7.12,192.87,1496448586
TileCoin,XTC,287,0.00515225,0.00000208,8594.72,515225.0,100000000.0,100000000.0,-3.97,-1.6,-0.97,1496448859
Elcoin,EL,288,0.0456353,0.00001842,3108.02,511525.0,11208967.0,20935289.0,9.69,32.62,-2.15,1496448573
Wyvern,WYV,289,0.457079,0.0001845,1888.95,498505.0,1090631.0,1090631.0,45.29,51.91,32.48,1496448589
IncaKoin,NKA,290,0.0000598581,0.00000002,11951.9,451150.0,7536997093.0,7536997093.0,0.74,6.01,133.88,1496448859
KoreCoin,KORE,291,0.245199,0.00009900,3018.45,448947.0,1830949.0,1830949.0,0.63,-3.27,4.86,1496448854
TrumpCoin,TRUMP,292,0.0684305,0.00002762,5913.24,447505.0,6539551.0,6539551.0,0.81,16.65,18.89,1496448570
Capricoin,CPC,293,0.45025,0.00018174,54447.2,443426.0,984844.0,200984844.0,-1.69,-0.78,25.67,1496448565
BitBar,BTB,294,13.3946,0.00540812,807.987,436569.0,32593.0,32593.0,0.67,16.2,19.08,1496448841
I0Coin,I0C,295,0.0197893,0.00000799,1061.69,415070.0,20974459.0,20974459.0,0.73,3.3,12.29,1496448843
CasinoCoin,CSC,296,0.0104121,0.00000420,516.616,401919.0,38601187.0,38601187.0,-2.76,-11.52,-17.66,1496448843
NobleCoin,NOBL,297,0.000172079,0.00000007,10903.4,394352.0,2291693930.0,2291693930.0,0.63,-19.02,-14.88,1496448846
Newbium,NEWB,298,0.0163508,0.00000660,45461.4,392419.0,24000000.0,51000000.0,0.81,54.38,287.2,1496448574
Cryptojacks,CJ,299,0.00095914,0.00000039,5190.86,389956.0,406568581.0,406568581.0,10.58,298.63,171.04,1496448575
PostCoin,POST,300,0.0240112,0.00000969,2587.33,378785.0,15775332.0,15775332.0,-0.71,0.53,7.78,1496448572
Terracoin,TRC,301,0.0185065,0.00000747,6744.0,372058.0,20104180.0,20104180.0,1.36,18.23,1.4,1496448840
GCoin,GCN,302,0.0000026454,0.000000001,2204.66,367795.0,139034060000,139034060000,0.71,21.52,70.14,1496448859
iTicoin,ITI,303,11.3432,0.00457869,52194.3,362982.0,32000.0,9999992.0,3.51,-6.03,21.12,1496448592
Virtacoinplus,XVP,304,0.0408103,0.00001647,1121.07,359976.0,8820722.0,10355315.0,1.44,1.48,-35.04,1496448587
Trollcoin,TROLL,305,0.000642474,0.00000026,948.795,355782.0,553769289.0,553769289.0,4.61,4.74,-4.48,1496448857
MazaCoin,MZC,306,0.000321995,0.00000013,1436.5,351818.0,1092618137.0,1092618137.0,12.1,20.59,29.43,1496448848
Jewels,JWL,307,0.0171931,0.00000694,3564.37,346895.0,20176409.0,20176409.0,0.69,7.45,8.07,1496448579
Master Swiscoin,MSCN,308,0.0328927,0.00001328,11100.0,337331.0,10255490.0,1002581481.0,-4.18,-5.33,-16.48,1496448586
Atomic Coin,ATOM,309,0.0320442,0.00001293,1290.78,322072.0,10050870.0,10050870.0,1.78,19.67,39.78,1496448579
Bytecent,BYC,310,0.198141,0.00008000,8712.08,321378.0,1621966.0,1621966.0,5.34,24.6,12.49,1496448859
Dotcoin,DOT,311,0.00137704,0.00000056,32545.5,309796.0,224972250.0,489972250.0,-0.8,-0.71,12.49,1496448860
ParkByte,PKB,312,0.0634648,0.00002562,2097.04,302348.0,4764026.0,4764026.0,0.64,16.09,19.94,1496448564
Joincoin,J,313,0.116512,0.00004704,692.996,285268.0,2448402.0,2448402.0,0.63,-70.53,-30.77,1496448855
Influxcoin,INFX,314,0.16665,0.00006727,8835.5,278869.0,1673383.0,1673383.0,0.63,7.01,-30.43,1496448567
Asiadigicoin,ADCN,315,0.0109005,0.00000440,925.16,271761.0,24931054.0,210000000.0,0.81,-5.5,-24.82,1496448570
8Bit,8BIT,316,0.232936,0.00009402,2729.44,271234.0,1164415.0,1164415.0,1.49,16.31,-24.39,1496448563
Quatloo,QTL,317,0.0352918,0.00001425,7847.23,262510.0,7438277.0,7438277.0,-0.05,-0.17,-9.97,1496448854
Rubies,RBIES,318,0.0247412,0.00000999,2148.05,256655.0,10373574.0,10373574.0,0.77,14.97,-0.34,1496448571
UltraCoin,UTC,319,0.00594422,0.00000240,3797.42,256216.0,43103386.0,43103386.0,-0.2,14.61,43.59,1496448846
Torcoin,TOR,320,0.930278,0.00037551,7685.53,244709.0,263050.0,1263050.0,0.85,18.61,26.31,1496448589
Sexcoin,SXC,321,0.0019967,0.00000081,2572.61,244687.0,122545514.0,122545514.0,0.42,-3.74,-6.45,1496448842
Karbowanec,KRB,322,0.0689857,0.00002785,4799.67,244368.0,3542295.0,3542295.0,-9.1,-10.92,-6.39,1496448576
PRCoin,PRC,323,0.0241563,0.00000975,44502.2,228775.0,9470600.0,789470600.0,0.81,4.92,-0.26,1496448586
Flycoin,FLY,324,1.03671,0.00041847,1964.55,218544.0,210806.0,210806.0,0.69,23.64,217.21,1496448567
GoldBlocks,GB,325,0.0135515,0.00000547,902.118,201482.0,14867849.0,14867849.0,9.87,2.98,29.88,1496448574
NuBits,USNBT,326,1.00365,0.00040523,74880.2,197490.0,196772.0,838087.0,0.04,0.44,-3.16,1496448857
LiteBar,LTB,327,0.303019,0.00012234,863.98,195811.0,646199.0,646199.0,0.62,-23.83,-8.84,1496448849
KibiCoin,KIC,328,0.012701,0.00000513,608.004,186171.0,14657950.0,14657950.0,-1.08,-30.46,,1496448593
TEKcoin,TEK,329,0.000130667,0.00000005,1885.06,184770.0,1414054562.0,1414054562.0,0.95,65.78,355.64,1496448852
UnbreakableCoin,UNB,330,0.0746955,0.00003016,3467.33,170168.0,2278150.0,2278150.0,0.64,3.73,13.14,1496448852
Tattoocoin (Standard Edition),TSE,331,0.00147332,0.00000059,1047.21,168539.0,114393790.0,604393790.0,0.81,-3.44,27.71,1496448584
bitBTC,BITBTC,332,2600.47,1.04995,68962.4,167938.0,65.0,65.0,7.06,7.3,12.49,1496448857
LanaCoin,LANA,333,0.000224062,0.00000009,530.415,167757.0,748708469.0,748708469.0,0.76,37.72,104.53,1496448573
Netko,NETKO,334,0.0682715,0.00002756,1221.07,167734.0,2456874.0,2456874.0,-1.17,4.01,-10.17,1496448587
Fastcoin,FST,335,0.00123719,0.00000050,1466.29,156832.0,126764507.0,126764507.0,0.64,-6.14,36.79,1496448841
Bottlecaps,CAP,336,0.0010455,0.00000042,668.28,145323.0,138998699.0,138998699.0,0.66,-66.09,57.64,1496448845
Pascal Lite,PASL,337,0.072216,0.00002915,2931.6,143157.0,1982350.0,1982350.0,-0.49,23.26,-23.77,1496448587
TheGCCcoin,GCC,338,0.0198439,0.00000801,2517.03,139738.0,7041873.0,867041873.0,-2.71,-7.76,-15.85,1496448585
BERNcash,BERN,339,0.00188996,0.00000076,856.078,134630.0,71234301.0,71234301.0,5.05,-9.2,4.49,1496448572
Truckcoin,TRK,340,0.00108977,0.00000044,628.798,134175.0,123122078.0,123122078.0,0.63,-10.51,45.76,1496448855
Chronos,CRX,341,0.0017677,0.00000071,1413.66,130332.0,73729962.0,73729962.0,45.36,135.43,180.86,1496448575
PipCoin,PIP,342,0.0197944,0.00000799,518.489,130112.0,6573177.0,6999979.0,0.81,-6.79,-3.45,1496448579
Piggycoin,PIGGY,343,0.000253273,0.00000010,968.201,122537.0,483813746.0,483813746.0,3.53,-13.72,-38.17,1496448854
Machinecoin,MAC,344,0.00619348,0.00000250,2454.42,121145.0,19560025.0,19560025.0,1.71,0.61,-2.16,1496448562
Phoenixcoin,PXC,345,0.00208012,0.00000084,656.918,120421.0,57891550.0,57891550.0,0.67,19.31,76.54,1496448841
HoboNickels,HBN,346,0.00242722,0.00000098,610.003,117922.0,48583027.0,48583027.0,12.06,-1.34,88.55,1496448845
Rimbit,RBT,347,0.00101677,0.00000041,749.314,117437.0,115499623.0,393459356.0,2.02,8.23,13.37,1496448858
MojoCoin,MOJO,348,0.0096818,0.00000391,2612.7,116727.0,12056286.0,12056286.0,0.13,6.89,-23.63,1496448571
bitEUR,BITEUR,349,1.13993,0.00046013,19695.7,116387.0,102100.0,102100.0,-0.77,0.98,-12.75,1496448564
Sumokoin,SUMO,350,0.247888,0.00010006,7597.49,115593.0,466311.0,9355200.0,0.91,2.37,,1496448592
bitSilver,BITSILVER,351,20.4129,0.0082418,10781.6,115059.0,5637.0,5637.0,-0.32,1.36,11.12,1496448860
Emerald Crypto,EMD,352,0.00564707,0.00000228,2942.91,107956.0,19117129.0,19117129.0,-1.07,46.88,105.99,1496448842
CHNCoin,CNC,353,0.00412954,0.00000167,13310.4,104313.0,25260247.0,170109984.0,-4.43,0.48,-0.81,1496448857
Eryllium,ERY,354,0.0220338,0.00000889,4135.04,95952.0,4354779.0,14354779.0,0.66,0.39,-37.42,1496448585
bitGold,BITGOLD,355,1570.88,0.634247,4023.77,87993.0,56.0,56.0,-0.28,3.44,-1.91,1496448859
Freicoin,FRC,356,0.00272443,0.00000110,18274.5,76031.0,27906966.0,100000000.0,0.67,3.73,15.54,1496448841
Greencoin,GREV2,357,0.0000247676,0.00000001,631.837,75793.0,3060148641.0,3060148641.0,0.63,3.73,10.38,1496448853
PetroDollar,XPD,358,0.00109223,0.00000044,1433.6,69895.0,63993275.0,63993275.0,2.5,26.83,23.87,1496448850
Kurrent,KURT,359,0.00671868,0.00000271,2079.2,66646.0,9919485.0,21319485.0,-5.23,-3.01,4.18,1496448582
Gapcoin,GAP,360,0.00609448,0.00000246,9978.7,66343.0,10885789.0,10885789.0,-9.34,-4.79,19.76,1496448858
MCAP,MCAP,361,6.55416,0.00264559,109882.0,65574.0,10005.0,100000000.0,0.81,3.28,,1496448593
CrevaCoin,CREVA,362,0.00178372,0.00000072,13476.9,64911.0,36390750.0,6240390800.0,2.66,4.55,0.61,1496448566
Wexcoin,WEX,363,0.351732,0.00014198,6056.26,59035.0,167841.0,10000167841.0,0.35,-2.06,17.25,1496448578
Argentum,ARG,364,0.00743027,0.00000300,840.723,55786.0,7507888.0,7507888.0,0.67,-3.02,3.07,1496448842
Acoin,ACOIN,365,0.0434176,0.00001753,11825.0,52973.0,1220085.0,1220085.0,-0.08,3.15,-20.75,1496448856
Philosopher Stones,PHS,366,0.0199874,0.00000807,2933.23,48554.0,2429219.0,2429219.0,0.45,3.6,11.94,1496448845
PonziCoin,PONZI,367,0.055122,0.00002225,744.284,47465.0,861099.0,861099.0,0.81,0.37,22.81,1496448573
Prime-XI,PXI,368,0.00309971,0.00000125,695.219,45881.0,14801600.0,14801600.0,-1.19,4.21,66.86,1496448858
Bolivarcoin,BOLI,369,0.00616339,0.00000249,839.494,39990.0,6488375.0,6488375.0,6.01,16.6,53.15,1496448567
Independent Money System,IMS,370,0.00655411,0.00000265,863.652,35189.0,5368934.0,5368934.0,-3.39,-3.15,-6.8,1496448571
LevoPlus,LVPS,371,0.0791712,0.00003196,3143.91,32719.0,413272.0,91413272.0,0.81,74.48,-41.11,1496448587
Rawcoin,XRC,372,0.0433544,0.00001750,1470.34,30560.0,704882.0,704882.0,-2.04,-10.49,142.52,1496448582
BeaverCoin,BVC,373,0.00931261,0.00000376,653.315,29011.0,3115258.0,3115258.0,2.42,5.97,-0.77,1496448858
Marijuanacoin,MAR,374,0.0514555,0.00002077,10750.2,26895.0,522690.0,522690.0,0.34,-14.79,3.95,1496448586
PIECoin,PIE,375,0.000370244,0.00000015,539.427,26683.0,72069313.0,72069313.0,0.81,3.37,3.14,1496448586
Eurocoin,EUC,376,0.00163508,0.00000066,1333.3,19180.0,11730350.0,11730350.0,-1.55,11.66,-21.53,1496448566
Bitvolt,VOLT,377,0.00081754,0.00000033,913.57,12355.0,15112554.0,60132654.0,0.91,18.07,1.08,1496448591
Beatcoin,XBTS,378,0.00647036,0.00000261,1424.61,9865.0,1524686.0,2524686.0,3.89,2.1,25.89,1496448578
Ebittree Coin,EBT,379,0.0105289,0.00000425,1119.78,9187.0,872570.0,810872570.0,0.81,-10.01,3.46,1496448590
BenjiRolls,BENJI,380,0.000470705,0.00000019,5450.87,8919.0,18948836.0,18948836.0,2.97,4.9,-4.5,1496448584
Argus,ARGUS,381,0.00583528,0.00000236,710.248,6701.0,1148324.0,5194373.0,0.74,12.74,15.66,1496448586
AllSafe,ASAFE,382,0.0000094212,0.000000004,864.054,6689.0,710000000.0,710000000.0,-1.04,-50.87,63.49,1496448580
Digital Money Bits,DMB,383,0.0157065,0.00000634,10456.7,4938.0,314400.0,10314400.0,-2.76,26.57,158.27,1496448593
Environ,ENV,384,0.0000247964,0.00000001,3729.54,3252.0,131129509.0,931129509.0,0.81,-45.81,,1496448591
Powercoin,PWR,385,0.0000247739,0.00000001,1322.77,1238.0,49983870.0,49983870.0,0.81,3.76,10.31,1496448574
Gold Pressed Latinum,GPL,386,0.182262,0.00007357,7280.9,,,204123.0,0.5,-5.13,-10.39,1496448592
SnakeEyes,SNAKE,387,0.147812,0.00005966,686.736,,,10000000.0,-4.41,5.95,44.92,1496448591
Arcade Token,ARC,388,3.74133,0.00167261,,10773690.0,2879642.0,2879642.0,,,50.43,1496180681
Ethbits,ETB,389,7.05863,0.00284922,461.237,9507873.0,1346986.0,1634691.0,237.0,377.53,,1496448593
Scotcoin,SCOT,390,0.00774289,0.00000321,,7742890.0,1000000000.0,1000000000.0,,-7.37,70.73,1496426352
Jinn,JINN,391,56.0427,0.0228523,,3289875.0,58703.0,1000000.0,,22.13,-27.4,1496444660
XCurrency,XC,392,0.522472,0.00021095,210.524,3033939.0,5806893.0,5806893.0,0.63,21.54,12.71,1496448853
AsiaCoin,AC,393,0.00303506,0.00000123,4.70042,2550130.0,840224056.0,840224056.0,0.92,10.28,-7.38,1496448850
Bitpark Coin,BPC,394,0.0187291,0.00000756,129.853,1404683.0,75000000.0,100000000.0,0.81,18.49,10.29,1496448583
InsaneCoin,INSANE,395,0.074788,0.00003019,347.78,1371687.0,18341004.0,18341004.0,1.35,6.37,57.37,1496448581
NewYorkCoin,NYC,396,0.0000226665,0.000000009,386.168,1353642.0,59719935819.0,59719935819.0,0.61,-5.07,4.86,1496448852
Devcoin,DVC,397,0.0000635277,0.00000003,14.3256,889745.0,14005627500.0,14005627500.0,0.92,397.7,79.33,1496448840
GlobalCoin,GLC,398,0.0132754,0.00000536,2.54291,865171.0,65171010.0,65171010.0,0.63,-7.33,-51.33,1496448842
Pandacoin,PND,399,0.0000247676,0.00000001,204.453,805316.0,32514916898.0,32514916898.0,0.63,3.71,10.38,1496448848
Ultimate Secure Cash,USC,400,0.0751615,0.00003034,96.376,777404.0,10343113.0,38602656.0,0.81,-4.47,15.08,1496448589
DubaiCoin,DBIC,401,0.150065,0.00006057,301.585,769685.0,5129014.0,6146942.0,0.76,-7.83,-1.51,1496448570
Carboncoin,CARBON,402,0.0000495352,0.00000002,16.9855,762443.0,15391934044.0,15391934044.0,0.63,3.7,10.38,1496448855
Tao,XTO,403,0.0220533,0.00000890,220.521,668587.0,30316880.0,32316880.0,0.73,43.39,15.68,1496448578
Cryptofund,FUND,404,0.5588,0.0002553,,558800.0,1000000.0,1000000.0,,,-8.06,1495948164
CageCoin,CAGE,405,0.0000054507,0.000000002,326.237,551438.0,101168328395,101168328395,1.04,15.51,-6.49,1496448848
E-Currency Coin ,ECC,406,0.0000247676,0.00000001,3.96531,546388.0,22060603799.0,22060603799.0,0.63,3.71,10.38,1496448850
Colossuscoin V2,CV2,407,0.0000235504,0.000000010,159.336,522609.0,22191080273.0,22191080273.0,0.56,58.64,-30.28,1496448562
SmileyCoin,SMLY,408,0.0000183093,0.000000007,135.378,475314.0,25960250000.0,25960250000.0,0.83,-13.62,1.1,1496448860
Dashcoin,DSH,409,0.0271334,0.00001096,269.595,469179.0,17291579.0,17291579.0,4.86,11.89,15.5,1496448858
PayCoin,XPY,410,0.0388382,0.00001568,120.63,454521.0,11702936.0,11752936.0,0.63,431.37,140.13,1496448859
ReeCoin,REE,411,0.0360059,0.00001453,352.871,445310.0,12367704.0,6662367704.0,0.76,-13.7,50.57,1496448576
Happycoin,HPC,412,0.0383996,0.00001550,248.987,436448.0,11365954.0,11365954.0,0.81,5.1,167.94,1496448589
SmartCoin,SMC,413,0.0172893,0.00000698,273.948,395820.0,22893902.0,22893902.0,28.05,49.26,37.8,1496448846
YashCoin,YASH,414,0.0383996,0.00001550,227.893,384000.0,10000117.0,10000117.0,0.81,-19.4,10.99,1496448583
FuelCoin,FC2,415,0.00376467,0.00000152,159.466,381786.0,101412865.0,101412865.0,0.63,5.82,,1496448853
Orbitcoin,ORB,416,0.124542,0.00005028,245.023,368133.0,2955896.0,2955896.0,0.73,0.76,10.79,1496448844
LTBcoin,LTBC,417,0.000742106,0.00000032,,366499.0,493863915.0,493863915.0,,,,1496287754
TeslaCoin,TES,418,0.00509494,0.00000206,363.74,365685.0,71774059.0,71774059.0,-0.88,24.35,4.05,1496448845
Mineum,MNM,419,0.0385474,0.00001556,145.397,363747.0,9436367.0,9586367.0,0.83,-0.12,-7.81,1496448574
RussiaCoin,RC,420,0.0437508,0.00001766,0.875015,359476.0,8216446.0,8216446.0,1.05,3.64,14.41,1496448568
SuperCoin,SUPER,421,0.00853223,0.00000350,,351149.0,41155630.0,41155630.0,,2.1,,1496441051
HOdlcoin,HODL,422,0.00374086,0.00000151,247.866,347183.0,92808330.0,250000000.0,0.81,20.52,38.83,1496448571
MTMGaming,MTM,423,0.115397,0.00004658,488.592,346191.0,3000000.0,5000000.0,-4.41,71.49,216.54,1496448587
Casino,CASINO,424,0.32415,0.00013084,3.8898,324150.0,1000000.0,1000000.0,-59.77,-27.45,-41.84,1496448587
Rare Pepe Party,RAREPEPEPRTY,425,16.1275,0.0067095,,290295.0,18000.0,100000.0,,,14.99,1496315982
Shorty,SHORTY,426,0.00289855,0.00000117,0.289855,289855.0,100000000.0,100000000.0,0.81,-42.19,-17.96,1496448582
HitCoin,HTC,427,0.0000247739,0.00000001,14.9733,272422.0,10996318099.0,20996318099.0,0.81,-28.83,-44.84,1496448572
Kobocoin,KOBO,428,0.0107767,0.00000435,1.03632,266187.0,24700248.0,24700248.0,0.69,48.28,-38.01,1496448561
Crypto Bullion,CBX,429,0.264316,0.00010672,312.199,263225.0,995871.0,995871.0,0.67,-18.73,-40.23,1496448842
Neutron,NTRN,430,0.0195797,0.00000790,268.998,247050.0,12617684.0,12617684.0,0.81,-4.48,274.95,1496448563
Zoin,ZOI,431,0.0221452,0.00000894,438.655,238307.0,10761100.0,10761100.0,0.81,-7.73,-9.87,1496448580
BTCtalkcoin,TALK,432,0.00357833,0.00000161,,233631.0,65290635.0,65290635.0,,,-25.82,1496191750
The Cypherfunks,FUNK,433,0.0000050582,0.000000002,175.081,223387.0,44163645000.0,44163645000.0,-18.23,16.41,-36.61,1496448564
AgrolifeCoin,AGLC,434,0.0472658,0.00001990,,216885.0,4588630.0,204588630.0,,,,1496301878
VirtualCoin,VC,435,0.0213734,0.00000888,,215108.0,10064287.0,10064287.0,,0.79,0.59,1496433855
BritCoin,BRIT,436,0.00988226,0.00000399,167.224,210177.0,21268092.0,21268092.0,0.63,3.7,8.75,1496448854
Vault Coin,VLTC,437,0.00701799,0.00000283,31.6305,208623.0,29726840.0,529726840.0,0.81,40.84,-24.26,1496448582
SwagBucks,BUCKS,438,0.994608,0.00040147,2.07765,204632.0,205741.0,205741.0,0.63,3.12,-19.47,1496448569
42-coin,42,439,4730.52,1.90996,175.344,198682.0,42.0,42.0,0.48,9.75,30.24,1496448845
Pesobit,PSB,440,0.00602007,0.00000243,412.099,196691.0,32672587.0,32672587.0,0.81,-0.74,5.68,1496448578
Coin(O),CNO,441,0.00175772,0.00000071,410.659,181254.0,103118906.0,103118906.0,8.3,75.31,106.36,1496448849
BillaryCoin,BLRY,442,0.0200917,0.00000811,23.7913,180487.0,8983158.0,8983158.0,0.81,-2.14,-9.69,1496448573
Bitz,BITZ,443,0.0892373,0.00003720,,177662.0,1990891.0,1990891.0,,,6.66,1496351362
Zero,ZER,444,0.235526,0.00009507,438.617,176108.0,747720.0,747720.0,0.81,3.83,1.99,1496448587
Veltor,VLT,445,0.317082,0.00012799,314.575,175935.0,554855.0,554855.0,0.81,-18.3,-18.49,1496448577
NetCoin,NET,446,0.000222531,0.00000009,27.7491,175160.0,787126712.0,787126712.0,13.05,-0.83,2.18,1496448844
Bitstar,BITS,447,0.00755411,0.00000305,324.704,174347.0,23079737.0,23079737.0,-10.78,-29.86,37.57,1496448851
Tristar Coin,TSTR,448,0.0343849,0.00001500,,172882.0,5027857.0,255027857.0,,,-14.89,1496271895
DigitalPrice,DP,449,0.00740297,0.00000299,492.377,167751.0,22659980.0,22659980.0,1.23,42.76,90.1,1496448858
LottoCoin,LOT,450,0.0000104537,0.000000004,11.463,151485.0,14491014421.0,14491014421.0,2.79,4.76,20.4,1496448845
Titcoin,TIT,451,0.00301964,0.00000122,127.932,150675.0,49898202.0,49898202.0,2.39,4.47,-26.75,1496448855
PureVidz,VIDZ,452,0.00117965,0.00000048,31.7537,147674.0,125185012.0,125185012.0,17.71,-10.48,19.11,1496448584
Crave,CRAVE,453,0.115694,0.00004670,269.512,144582.0,1249695.0,1249695.0,0.69,,144.5,1496448562
GAIA,GAIA,454,0.00594422,0.00000240,59.4422,143264.0,24101381.0,24101381.0,0.63,,20.26,1496448857
Stress,STS,455,0.000247739,0.00000010,2.47739,140006.0,565134332.0,565134332.0,0.81,3.76,0.29,1496448570
Bitcurrency,BTCR,456,0.000759503,0.00000031,112.032,127833.0,168310913.0,168310913.0,0.81,7.87,40.58,1496448581
GameUnits,UNITS,457,0.036841,0.00001487,10.6468,127704.0,3466345.0,3466345.0,0.81,70.28,36.44,1496448583
Digital Rupees,DRS,458,0.000247739,0.00000010,180.576,126546.0,510802961.0,510802961.0,0.81,48.22,-26.43,1496448584
Xiaomicoin,MI,459,0.00029362,0.00000012,274.849,119251.0,406141855.0,406141855.0,2.01,17.23,13.85,1496448566
MetalCoin,METAL,460,0.00154592,0.00000064,,118921.0,76925527.0,76925527.0,,1.16,-15.43,1496430259
BitcoinTX,BTX,461,0.00146166,0.00000059,60.218,118487.0,81063008.0,81063008.0,0.69,-43.84,-66.96,1496448563
GlobalBoost-Y,BSTY,462,0.0101686,0.00000411,430.736,115906.0,11398430.0,11398430.0,4.83,23.36,37.06,1496448857
Universal Currency,UNIT,463,0.00886907,0.00000358,8.18439,115710.0,13046431.0,13046431.0,0.81,238.3,26.9,1496448563
HyperStake,HYP,464,0.00029525,0.00000012,326.949,113906.0,385796097.0,385796097.0,-6.49,11.2,43.07,1496448855
QuazarCoin,QCN,465,0.0198141,0.00000800,92.4687,113209.0,5713576.0,5713576.0,3.21,6.48,35.0,1496448852
TittieCoin,TTC,466,0.0000896381,0.00000004,104.275,112928.0,1259816434.0,1259816434.0,0.63,26.95,24.58,1496448858
Swing,SWING,467,0.0468723,0.00001892,49.8409,106814.0,2278839.0,2278839.0,0.81,3.99,2.83,1496448567
Pakcoin,PAK,468,0.00283817,0.00000115,262.329,104035.0,36655700.0,36655700.0,1.46,8.76,6.4,1496448570
BigUp,BIGUP,469,0.0000495479,0.00000002,210.239,101804.0,2054664478.0,2054664478.0,0.69,3.76,41.61,1496448571
BunnyCoin,BUN,470,0.0000009947,0.0000000004,23.7752,100872.0,101412605005,101412605005,1.16,18.11,16.36,1496448856
Dollarcoin,DLC,471,0.0109749,0.00000443,0.274371,99945.0,9106714.0,9106714.0,0.69,3.52,22.17,1496448580
Sterlingcoin,SLG,472,0.025729,0.00001039,353.885,99858.0,3881156.0,3881156.0,-2.42,4.12,1.62,1496448857
ChessCoin,CHESS,473,0.00182056,0.00000073,63.6392,98250.0,53966723.0,53966723.0,0.82,64.14,71.19,1496448574
RedCoin,RED,474,0.00130234,0.00000053,122.819,96514.0,74107896.0,74107896.0,-29.07,109.78,38.17,1496448845
Coin2.1,C2,475,0.000953067,0.00000038,307.556,95284.0,99976323.0,99976323.0,0.74,0.72,-14.27,1496448853
Cannacoin,CCN,476,0.0198388,0.00000801,48.6407,93196.0,4697674.0,4697674.0,0.63,-30.58,-29.18,1496448850
FlutterCoin,FLT,477,0.000286657,0.00000012,56.8507,92365.0,322214524.0,322214524.0,0.88,7.34,-9.51,1496448849
CorgiCoin,CORG,478,0.0000730937,0.00000003,0.924818,91503.0,1251855418.0,1251855418.0,0.67,16.54,-62.92,1496448847
C-Bit,XCT,479,0.00069367,0.00000028,61.9388,91424.0,131798250.0,131798250.0,0.69,-17.0,-0.36,1496448571
NoLimitCoin,NLC2,480,0.000445931,0.00000018,72.0406,89391.0,200458858.0,200458858.0,0.81,33.4,5.78,1496448578
WayGuide,WAY,481,0.000891862,0.00000036,2.76388,89223.0,100040708.0,100040708.0,0.81,,15.47,1496448577
KiloCoin,KLC,482,0.000421157,0.00000017,4.21157,82672.0,196297971.0,10025186872.0,0.81,3.76,25.02,1496448570
Elementrem,ELE,483,0.0032423,0.00000131,45.958,81123.0,25020240.0,25020240.0,0.81,13.97,16.47,1496448576
AmberCoin,AMBER,484,0.0018328,0.00000074,2.82194,79989.0,43643263.0,43643263.0,0.63,,11.74,1496448860
KushCoin,KUSH,485,0.0147653,0.00000596,103.357,79642.0,5393888.0,5393888.0,0.81,49.64,34.18,1496448585
UFO Coin,UFO,486,0.0000229521,0.00000001,,75452.0,3287348762.0,3287348762.0,,,2.29,1496273048
Triangles,TRI,487,1.02813,0.00041511,0.130215,74942.0,72891.0,72891.0,0.63,3.63,-12.55,1496448855
MiloCoin,MILO,488,0.00704088,0.00000284,12.869,72468.0,10292451.0,10292451.0,0.81,34.4,141.86,1496448587
CCMiner,CCM100,489,0.0296921,0.00001199,68.2028,71747.0,2416354.0,6000000.0,-4.41,15.57,47.88,1496448585
Valorbit,VAL,490,0.0000247739,0.00000001,4.21157,71161.0,2872423835.0,922340072423835,0.69,3.76,10.31,1496448572
SproutsExtreme,SPEX,491,0.0000247739,0.00000001,22.5443,71017.0,2866607586.0,2866607586.0,0.69,3.76,10.31,1496448571
Darsek,KED,492,0.00715967,0.00000289,58.4609,70616.0,9862976.0,9862976.0,-2.56,-6.29,-24.78,1496448589
Blakecoin,BLC,493,0.0057202,0.00000231,205.226,68132.0,11910789.0,11910789.0,2.4,-1.02,-0.25,1496448847
Guncoin,GUN,494,0.000371514,0.00000015,27.5587,67664.0,182130478.0,182130478.0,0.63,3.73,41.5,1496448851
HempCoin,HMP,495,0.0000495479,0.00000002,125.108,67218.0,1356621470.0,2856621470.0,0.81,3.76,15.97,1496448570
Yacoin,YAC,496,0.000569654,0.00000023,78.6379,66149.0,116120657.0,116120657.0,0.54,3.71,2.99,1496448855
Zayedcoin,ZYD,497,0.0104051,0.00000420,79.5343,64968.0,6243840.0,6243840.0,0.81,30.08,16.12,1496448578
Spots,SPT,498,0.00281773,0.00000114,488.006,63134.0,22406021.0,22406021.0,0.67,-37.42,59.01,1496448842
Ratecoin,XRA,499,0.000594546,0.00000024,115.668,63084.0,106104715.0,106104715.0,0.69,-1.72,-6.95,1496448565
MarteXcoin,MXT,500,0.0226081,0.00000913,0.121255,61679.0,2728161.0,2728161.0,2.05,2.75,-9.77,1496448573
Bitcloud,BTD,501,0.00540268,0.00000222,,60182.0,11139232.0,11139232.0,,1.92,-19.42,1496440775
DigiCube,CUBE,502,0.0000247739,0.00000001,10.7768,60179.0,2429126009.0,2429126009.0,0.81,28.57,10.31,1496448567
Debitcoin,DBTC,503,0.00330505,0.00000133,50.8661,59465.0,17992080.0,25992080.0,0.83,3.64,8.04,1496448574
Artex Coin,ATX,504,0.00312613,0.00000126,289.549,58453.0,18698330.0,268698330.0,0.69,-16.12,44.84,1496448578
RevolverCoin,XRE,505,0.00267558,0.00000108,40.9556,58313.0,21794700.0,21794700.0,0.81,24.51,18.56,1496448575
Nyancoin,NYAN,506,0.000194367,0.00000008,73.0495,57900.0,297891209.0,297891209.0,0.84,3.26,8.28,1496448847
AquariusCoin,ARCO,507,0.0447513,0.00001806,78.6563,54715.0,1222642.0,1222642.0,4.17,5.77,30.8,1496448573
Lex4All,LEX,508,0.0518639,0.00002093,22.4571,51866.0,1000043.0,5000000.0,-4.41,16.08,17.26,1496448587
Evotion,EVO,509,0.0203675,0.00000822,73.6111,50292.0,2469220.0,2469220.0,1.22,19.46,-35.36,1496448568
AmsterdamCoin,AMS,510,0.00520253,0.00000210,51.6278,49964.0,9603707.0,16803707.0,0.69,11.63,54.41,1496448566
SatoshiMadness,MAD,511,0.0000247739,0.00000001,10.1573,49565.0,2000683485.0,2000683485.0,0.91,3.76,10.31,1496448566
NevaCoin,NEVA,512,0.0268955,0.00001086,99.1829,48823.0,1815295.0,1815295.0,1.15,-4.93,15.47,1496448571
AurumCoin,AU,513,0.163788,0.00006613,110.462,48517.0,296216.0,296216.0,-0.16,-2.34,-12.33,1496448858
CoExistCoin,COXST,514,0.00177631,0.00000072,49.8258,48207.0,27138905.0,27138905.0,0.78,40.49,-3.36,1496448573
Eternity,ENT,515,0.0156301,0.00000631,208.708,47974.0,3069349.0,3069349.0,1.57,-3.12,-26.06,1496448582
PayCon,CON,516,0.00207769,0.00000084,129.905,47875.0,23042604.0,23042604.0,0.69,56.81,54.77,1496448561
808Coin,808,517,0.000223975,0.00000009,480.499,46641.0,208243690.0,208243690.0,0.71,3.96,55.96,1496448577
Tigercoin,TGC,518,0.00104024,0.00000042,0.893818,45289.0,43536800.0,43536800.0,10.05,-3.18,49.69,1496448844
Aricoin,ARI,519,0.000321978,0.00000013,39.5124,45161.0,140262505.0,140262505.0,0.63,-11.14,18.32,1496448847
ICOBID,ICOB,520,0.000432091,0.00000017,34.2613,44878.0,103862796.0,103862796.0,0.81,11.3,29.94,1496448584
Jin Coin,JIN,521,0.00443453,0.00000179,67.5132,43673.0,9848485.0,9848485.0,0.81,-57.31,,1496448577
UniCoin,UNIC,522,0.0147403,0.00000595,92.7087,42923.0,2911959.0,2911959.0,1.98,1.36,19.44,1496448565
Joulecoin,XJO,523,0.0013097,0.00000053,15.9412,42256.0,32264040.0,32264040.0,0.95,-9.41,16.49,1496448843
BurstOcean,OCEAN,524,0.195786,0.00007903,7.83145,41473.0,211827.0,1000000.0,-4.41,-2.08,-3.57,1496448587
UCoin,U,525,0.0153807,0.00000621,176.716,41371.0,2689812.0,2689812.0,0.63,3.88,9.33,1496448860
Francs,FRN,526,0.0235312,0.00000950,192.823,40335.0,1714100.0,1714100.0,0.81,-27.27,17.99,1496448569
Sativacoin,STV,527,0.00568834,0.00000230,0.758745,40256.0,7076885.0,7076885.0,0.63,,4.81,1496448858
Franko,FRK,528,0.0616217,0.00002488,7.54507,39250.0,636950.0,636950.0,0.63,10.48,-40.35,1496448841
FlavorCoin,FLVR,529,0.00173429,0.00000070,200.803,36243.0,20898106.0,20898106.0,-0.12,22.31,45.67,1496448570
SpaceCoin,SPACE,530,0.00203146,0.00000082,49.9328,36165.0,17802491.0,17802491.0,0.81,-8.83,7.75,1496448566
OctoCoin,888,531,0.000743027,0.00000030,31.353,35952.0,48385228.0,48385228.0,0.63,-2.14,39.42,1496448849
WMCoin,WMC,532,0.00311404,0.00000128,,35897.0,11527489.0,911527489.0,,1.89,38.51,1496438372
Cypher,CYP,533,0.00559891,0.00000226,247.739,35639.0,6365285.0,6365285.0,0.69,3.76,-12.57,1496448563
HealthyWormCoin,WORM,534,0.00218011,0.00000088,169.538,34964.0,16037783.0,16037783.0,0.81,30.43,-35.35,1496448589
Dobbscoin,BOB,535,0.00688539,0.00000278,3.03316,34843.0,5060382.0,5060382.0,0.63,5.75,13.04,1496448856
PopularCoin,POP,536,0.0000102130,0.000000004,4.59261,34140.0,3342776076.0,3342776076.0,1.05,-1.31,-0.45,1496448851
Allion,ALL,537,0.00540701,0.00000218,140.288,33520.0,6199359.0,7323359.0,0.66,-4.16,-28.59,1496448586
Evil Coin,EVIL,538,0.0015465,0.00000062,0.1366,32508.0,21020383.0,21020383.0,0.31,5.14,9.25,1496448569
CryptoWorldX Token,CWXT,539,0.000593131,0.00000024,2.18315,32446.0,54703210.0,54703210.0,0.81,3.5,6.15,1496448585
Uro,URO,540,0.0266747,0.00001077,63.2337,32205.0,1207310.0,1207310.0,0.63,1.63,0.85,1496448853
Creatio,XCRE,541,0.00156385,0.00000063,239.386,32091.0,20520514.0,20520514.0,2.31,109.71,27.06,1496448582
GoldPieces,GP,542,0.0259531,0.00001048,340.867,31667.0,1220161.0,1220161.0,-5.32,12.91,-17.4,1496448859
NeuCoin,NEU,543,0.0000158903,0.000000006,0.862011,31634.0,1990764588.0,2014638413.0,2.05,11.94,,1496448566
RonPaulCoin,RPC,544,0.0399523,0.00001613,21.0114,31540.0,789437.0,789437.0,0.99,3.48,52.83,1496448846
Universe,UNI,545,0.010306,0.00000416,94.3628,30758.0,2984504.0,14184504.0,-15.71,-12.87,-2.56,1496448588
Grantcoin,GRT,546,0.000743218,0.00000030,127.696,30719.0,41332566.0,10041332566.0,0.81,24.51,32.38,1496448565
Solarflarecoin,SFC,547,0.00222965,0.00000090,156.751,30596.0,13722200.0,13722200.0,0.81,3.76,-26.09,1496448585
MACRON,MCRN,548,0.0000750216,0.00000003,230.411,30115.0,401421401.0,401421401.0,0.91,2.45,37.33,1496448590
LeaCoin,LEA,549,0.000108286,0.00000004,78.8145,29916.0,276267489.0,276267489.0,1.66,65.94,8.56,1496448563
Hexx,HXX,550,0.0220317,0.00000889,247.605,29827.0,1353842.0,1353842.0,0.98,-4.63,-32.77,1496448564
SixEleven,611,551,0.0715967,0.00002890,9.28896,29507.0,412129.0,412129.0,0.69,,-62.35,1496448574
Zurcoin,ZUR,552,0.000371609,0.00000015,63.1676,29358.0,79001433.0,79001433.0,-41.84,11.17,18.44,1496448573
Dreamcoin,DRM,553,0.0120275,0.00000503,,29311.0,2436996.0,2436996.0,,,0.95,1496330352
Hommalicoin,HMC,554,11.7946,0.00496011,,28528.0,2419.0,1000000000.0,,,133.79,1496299177
ParallelCoin,DUO,555,0.0981475,0.00003962,344.039,28216.0,287489.0,287489.0,1.21,32.45,23.69,1496448567
PlatinumBAR,XPTX,556,0.161031,0.00006500,10.0063,28172.0,174946.0,174946.0,0.81,21.23,7.08,1496448573
Bitzeny,ZNY,557,0.000371609,0.00000015,61.0782,28099.0,75614500.0,75614500.0,0.69,3.76,17.1,1496448565
Unrealcoin,URC,558,0.00393906,0.00000159,20.8617,27670.0,7024402.0,7024402.0,0.69,4.41,5.41,1496448563
Honey,HONEY,559,0.400688,0.00016174,393.167,27369.0,68306.0,68306.0,1.5,66.41,-34.2,1496448588
BumbaCoin,BUMBA,560,0.0012387,0.00000050,2.30286,27185.0,21946500.0,21946500.0,0.69,3.76,-26.12,1496448571
PX,PX,561,0.000346835,0.00000014,57.4264,26653.0,76845548.0,76845548.0,0.81,-36.84,-18.72,1496448577
Cannation,CNNC,562,0.0103803,0.00000419,86.4833,25484.0,2454991.0,2454991.0,0.81,99.66,-4.3,1496448592
Firecoin,FIRE,563,0.257707,0.00010405,0.772996,25361.0,98412.0,98412.0,0.63,79.61,-5.74,1496448854
Photon,PHO,564,0.0000014022,0.0000000006,35.0949,25022.0,17844816530.0,17844816530.0,0.69,-11.57,5.08,1496448848
CryptoEscudo,CESC,565,0.000173373,0.00000007,31.9284,24984.0,144105100.0,594105100.0,0.63,3.73,10.38,1496448849
ARbit,ARB,566,0.00357811,0.00000149,,23164.0,6473745.0,6473745.0,,0.59,-4.14,1496362165
Ride My Car,RIDE,567,0.000227508,0.00000009,95.715,23001.0,101098649.0,101098649.0,-6.8,-2.96,-9.12,1496448586
AntiBitcoin,ANTI,568,0.00131302,0.00000053,212.505,22932.0,17465159.0,17465159.0,0.69,-5.19,8.82,1496448569
BiosCrypto,BIOS,569,0.00106528,0.00000043,0.272489,22091.0,20737003.0,20737003.0,0.81,-17.08,4.79,1496448565
Theresa May Coin,MAY,570,0.00143689,0.00000058,16.5572,21971.0,15290400.0,15290400.0,0.81,-14.03,,1496448593
SoonCoin,SOON,571,0.0017094,0.00000069,3.70958,21304.0,12462620.0,12462620.0,0.69,-20.45,-23.57,1496448561
X-Coin,XCO,572,0.0017094,0.00000069,4.41536,21171.0,12384976.0,12384976.0,0.69,-20.47,-17.39,1496448562
Flaxscript,FLAX,573,0.00374086,0.00000151,2.72633,20562.0,5496674.0,5496674.0,0.81,3.76,6.84,1496448566
Prototanium,PR,574,0.104484,0.00004217,48.6314,20318.0,194462.0,194462.0,0.78,4.45,8.4,1496448567
MindCoin,MND,575,0.00161031,0.00000065,21.878,20204.0,12546625.0,12546625.0,0.81,0.66,2.43,1496448568
Sprouts,SPRTS,576,0.0000001143,0.00000000005,89.0982,20045.0,175324067951,175324067951,2.09,-23.29,2.75,1496448566
Halcyon,HAL,577,0.00423526,0.00000171,11.5684,19699.0,4651260.0,4651260.0,-4.4,17.92,-3.13,1496448855
Destiny,DES,578,0.0120154,0.00000485,207.991,19225.0,1600000.0,1600000.0,0.81,-21.37,10.09,1496448570
B3Coin,B3,579,0.0623215,0.00002516,97.1642,19159.0,307418.0,307418.0,0.81,-12.68,8.49,1496448578
IslaCoin,ISL,580,0.0126271,0.00000510,326.411,19114.0,1513704.0,1513704.0,0.81,,-26.83,1496448567
Magnum,MGM,581,0.00516496,0.00000225,,18735.0,3627405.0,253627405.0,,,70.36,1496272491
Luna Coin,LUNA,582,0.0151987,0.00000613,233.085,18655.0,1227386.0,1227386.0,0.84,4.29,14.76,1496448583
VIP Tokens,VIP,583,0.000222965,0.00000009,2.47749,18607.0,83450403.0,83450403.0,0.69,-6.62,-9.74,1496448571
Alexium,AUM,584,0.000916636,0.00000037,0.458318,18605.0,20297336.0,20297336.0,0.69,3.75,10.31,1496448566
BTCDragon,DRAGON,585,0.045381,0.00001832,181.524,18341.0,404146.0,1000000.0,-4.41,-49.22,-51.51,1496448586
BipCoin,BIP,586,0.0134027,0.00000541,55.1311,18012.0,1343889.0,1343889.0,1.49,5.78,-32.24,1496448580
SongCoin,SONG,587,0.000551953,0.00000022,27.9099,17975.0,32565300.0,32565300.0,0.69,-9.17,16.88,1496448562
SecretCoin,SCRT,588,0.00424808,0.00000177,,17964.0,4228672.0,4228672.0,,0.52,13.76,1496414965
Vector,VEC2,589,0.00111483,0.00000045,27.1395,17664.0,15844340.0,15844340.0,0.81,6.11,-47.52,1496448569
Litecred,LTCR,590,0.000581277,0.00000023,131.977,17571.0,30227750.0,30227750.0,0.81,-12.68,56.63,1496448569
GameBet Coin,GBT,591,0.00081754,0.00000033,0.40877,17383.0,21262780.0,22262780.0,0.81,-2.17,5.18,1496448572
DAPPSTER,DLISK,592,0.000173418,0.00000007,0.822346,17342.0,100000000.0,100000000.0,0.81,-9.21,-20.8,1496448575
GPU Coin,GPU,593,0.000420923,0.00000017,235.695,17038.0,40477042.0,51530001.0,1.67,43.42,61.73,1496448574
PLNcoin,PLNC,594,0.000990703,0.00000040,1.58512,16931.0,17089600.0,19089600.0,0.63,-9.82,-15.8,1496448851
Shilling,SH,595,0.00522053,0.00000211,179.383,16866.0,3230800.0,3230800.0,-3.5,80.04,154.13,1496448578
Sling,SLING,596,0.0155085,0.00000626,10.8746,16658.0,1074095.0,1074095.0,0.69,3.59,27.98,1496448563
Steps,STEPS,597,0.00089215,0.00000037,,16616.0,18625017.0,18625017.0,,1.0,9.67,1496434766
1CRedit,1CR,598,0.185805,0.00007500,9.90957,16390.0,88213.0,88213.0,0.69,83.27,69.97,1496448571
Impact,IMX,599,0.000148644,0.00000006,2.47739,16249.0,109314611.0,109314611.0,0.91,-11.07,-17.14,1496448588
VapersCoin,VPRC,600,0.0000207548,0.000000008,92.9303,16191.0,780124964.0,1635124964.0,0.71,28.64,11.15,1496448578
Orlycoin,ORLY,601,0.000431634,0.00000018,,15818.0,36646779.0,36646779.0,,0.43,15.6,1496410470
Blackstar,BSTAR,602,0.0000247739,0.00000001,47.0705,15627.0,630795971.0,630795971.0,0.81,3.76,10.31,1496448583
AnarchistsPrime,ACP,603,0.0035179,0.00000142,6.0605,15461.0,4394874.0,4394874.0,0.69,3.67,-17.14,1496448565
BowsCoin,BSC,604,0.00277468,0.00000112,16.9256,15400.0,5550102.0,5550102.0,0.69,3.75,68.83,1496448565
FuzzBalls,FUZZ,605,0.00317106,0.00000128,326.677,15316.0,4829945.0,4829945.0,1.29,10.05,11.58,1496448572
BitQuark,BTQ,606,0.00208048,0.00000084,17.4501,14887.0,7155671.0,7155671.0,0.63,10.27,-35.34,1496448853
BlazeCoin,BLZ,607,0.0000244124,0.000000010,0.212897,14856.0,608557394.0,608557394.0,0.83,11.73,29.22,1496448854
OsmiumCoin,OS76,608,0.0163012,0.00000658,1.77964,14574.0,894026.0,894026.0,0.91,10.65,24.62,1496448567
GuccioneCoin,GCC,609,0.000700961,0.00000029,,14219.0,20285537.0,23775537.0,,1.23,-10.11,1496435363
Metal Music Coin,MTLMC3,610,0.000172317,0.00000007,33.3656,13737.0,79719140.0,79719140.0,0.69,-9.02,38.55,1496448565
BitTokens,BXT,611,0.0260126,0.00001050,33.3911,13520.0,519756.0,519756.0,0.91,3.75,170.63,1496448576
Kittehcoin,MEOW,612,0.0000005602,0.0000000002,260.424,13391.0,23905669976.0,23905669976.0,-32.12,1.87,10.76,1496448846
JobsCoin,JOBS,613,0.00012387,0.00000005,71.1147,13133.0,106019270.0,200019300.0,0.81,3.76,37.89,1496448580
TajCoin,TAJ,614,0.00226576,0.00000091,76.4611,13082.0,5773930.0,5773930.0,0.82,14.61,42.83,1496448577
Crypto,CTO,615,0.00131302,0.00000053,161.823,13037.0,9928969.0,9928969.0,0.69,7.37,-35.04,1496448564
MustangCoin,MST,616,0.0199316,0.00000805,0.2681,12532.0,628729.0,628729.0,0.14,-12.81,-52.12,1496448580
TAGRcoin,TAGR,617,0.000322061,0.00000013,1.61028,12454.0,38669634.0,38669634.0,0.69,-1.31,-11.61,1496448565
WARP,WARP,618,0.0105936,0.00000443,,11602.0,1095224.0,1095224.0,,0.15,12.26,1496415568
Bitcoin 21,XBTC21,619,0.0145198,0.00000655,,11516.0,793108.0,7093108.0,,,-39.33,1496220571
Solaris,XLR,620,0.0675158,0.00002725,144.684,11481.0,170049.0,270049.0,0.81,-6.08,-36.21,1496448588
Comet,CMT,621,0.0130354,0.00000526,4.19612,11378.0,872830.0,872830.0,0.81,5.56,17.06,1496448575
Money,$$$,622,0.000244272,0.00000010,69.0358,11209.0,45887218.0,45887218.0,0.91,2.3,-21.01,1496448568
Abncoin,ABN,623,0.161602,0.00006523,13.0063,10940.0,67700.0,4734367.0,0.81,-1.46,98.33,1496448584
Iconic,ICON,624,0.0178372,0.00000720,0.497956,10576.0,592894.0,592894.0,0.81,,-6.2,1496448585
Cabbage,CAB,625,0.000990957,0.00000040,268.058,10405.0,10499996.0,10499996.0,-1.76,-9.78,-28.36,1496448572
DPAY,DPAY,626,0.00012387,0.00000005,25.138,9853.0,79541001.0,79541001.0,0.81,29.69,37.89,1496448581
Zonecoin,ZNE,627,0.00381519,0.00000154,59.5766,9851.0,2581970.0,2581970.0,0.81,4.43,30.09,1496448576
Cashcoin,CASH,628,0.000272443,0.00000011,1.91486,9762.0,35831128.0,35831128.0,0.63,,10.38,1496448847
G3N,G3N,629,0.00128824,0.00000052,0.407878,9742.0,7561891.0,7561891.0,0.69,3.75,6.23,1496448564
LetItRide,LIR,630,0.000272513,0.00000011,68.296,9611.0,35269736.0,35269736.0,0.81,-23.91,-6.08,1496448575
Xonecoin,XOC,631,0.0228416,0.00000922,2.92595,9593.0,420000.0,420000.0,0.81,3.87,10.28,1496448577
Coinonat,CXT,632,0.0042603,0.00000172,377.568,9143.0,2146002.0,8146002.0,-2.96,60.29,43.45,1496448590
High Voltage,HVCO,633,0.00611441,0.00000256,,9136.0,1494171.0,1694171.0,,,19.23,1496333672
EGO,EGO,634,0.000148644,0.00000006,10.2234,8919.0,60000001.0,60000001.0,0.81,-11.07,-5.45,1496448579
JIO Token,JIO,635,0.00458318,0.00000185,130.964,8745.0,1908128.0,8888888.0,0.81,26.28,92.75,1496448583
iBank,IBANK,636,0.00188531,0.00000079,,8534.0,4526324.0,4526324.0,,,7.5,1496357683
Speedcash,SCS,637,0.0311408,0.00001257,304.039,8130.0,261061.0,476148.0,0.81,-36.69,-24.04,1496448591
Scorecoin,SCORE,638,0.000482,0.00000019,17.79,8026.0,16652010.0,16652010.0,1.39,-43.6,-50.51,1496448589
Qibuck Asset,QBK,639,0.00544571,0.00000220,2.17829,7930.0,1456187.0,2000000.0,-4.41,62.51,17.25,1496448593
Hirocoin,HIRO,640,0.0000247676,0.00000001,2.47676,7716.0,311540251.0,311540251.0,0.63,3.71,10.38,1496448851
PosEx,PEX,641,0.00289855,0.00000117,8.22031,7111.0,2453240.0,2453240.0,0.81,4.01,-3.93,1496448571
Dix Asset,DIX,642,0.0000000684,0.00000000003,,6844.0,100000000000,100000000000,,6.08,-13.37,1496417087
Future Digital Currency,FDC,643,0.00247739,0.00000100,64.4122,6403.0,2584401.0,1002584401.0,0.91,-9.78,5.06,1496448583
Printerium,PRX,644,0.00066403,0.00000027,286.239,6026.0,9074428.0,9074428.0,0.81,3.0,-15.43,1496448585
SydPak,SDP,645,0.0348074,0.00001405,0.85755,5518.0,158537.0,158537.0,0.81,-13.07,12.39,1496448567
ImpulseCoin,IMPS,646,0.000272513,0.00000011,1.60822,5517.0,20245510.0,20245510.0,0.81,-23.91,-19.1,1496448580
BioBar,BIOB,647,0.0053264,0.00000215,111.098,4718.0,885756.0,985756.0,-21.11,18.74,20.01,1496448587
Save and Gain,SANDG,648,0.00141989,0.00000064,,4352.0,3064800.0,3064800.0,,,-4.2,1496226272
Concoin,CONX,649,0.00619348,0.00000250,102.763,4260.0,687849.0,1538849.0,0.91,-16.13,40.94,1496448590
Antilitecoin,ALTC,650,0.00012387,0.00000005,8.32152,3903.0,31512613.0,31512613.0,0.81,-25.89,-31.05,1496448571
GeertCoin,GEERT,651,0.000766025,0.00000031,12.3142,3899.0,5090239.0,5090239.0,3.58,-5.66,-20.41,1496448587
NodeCoin,NODC,652,0.00221639,0.00000097,,3720.0,1678439.0,5878439.0,,,2.8,1496270080
Revenu,REV,653,0.00282423,0.00000114,30.727,3376.0,1195525.0,1195525.0,0.81,,,1496448571
Elysium,ELS,654,0.000842314,0.00000034,54.8968,3373.0,4005012.0,4005012.0,0.81,-39.16,-25.39,1496448586
Pulse,PULSE,655,0.000217358,0.00000009,114.466,3108.0,14298972.0,14298972.0,1.84,1.67,-57.92,1496448571
Selfiecoin,SLFI,656,0.0000247739,0.00000001,2.22965,2671.0,107829281.0,107829281.0,0.81,3.76,10.31,1496448562
Californium,CF,657,0.0201164,0.00000812,29.0372,2235.0,111110.0,111110.0,0.69,-13.9,9.13,1496448563
Doubloon,BOAT,658,0.000519568,0.00000021,130.617,1843.0,3547845.0,18547845.0,0.85,-0.63,-26.65,1496448585
P7Coin,P7C,659,0.0000495479,0.00000002,0.718023,1745.0,35220238.0,35220238.0,0.69,-30.83,10.31,1496448563
Enigma,XNG,660,0.0976341,0.00003941,45.7328,1623.0,16627.0,66627.0,-23.08,-25.41,11.9,1496448572
GanjaCoin,420G,661,0.00193195,0.00000078,28.8989,1300.0,672975.0,1741116.0,0.63,-73.04,-93.81,1496448858
Dollar Online,DOLLAR,662,0.0120154,0.00000485,225.221,1062.0,88379.0,10088379.0,-0.77,-20.19,-7.5,1496448582
23 Skidoo,CHAO,663,3988.68,1.61003,124.442,1007.0,0.0,0.0,0.69,10.63,-29.01,1496448566
Impeachcoin,IMPCH,664,0.002849,0.00000115,5.94792,878.0,308179.0,2501512.0,-8.63,-2.99,-55.44,1496448585
Digital Credits,DGCS,665,0.000148644,0.00000006,76.4527,866.0,5826388.0,201284316.0,-13.59,46.44,10.31,1496448568
SwapToken,TOKEN,666,0.0000242202,0.000000010,9.27475,850.0,35110531.0,35110531.0,0.88,93.85,4932.36,1496448576
Zcashshare,ZHS,667,0.000216504,0.00000009,,612.0,2826000.0,2826000.0,,0.75,-31.14,1496411380
CRTCoin,CRT,668,0.00495352,0.00000200,0.0000000248,393.0,79270.0,10079270.0,0.63,3.7,10.38,1496448851
PizzaCoin,PIZZA,669,0.000247739,0.00000010,69.2678,341.0,1377917.0,10127917.0,0.81,39.9,57.59,1496448577
Xenixcoin,XEN,670,0.0272513,0.00001100,37.1609,275.0,10100.0,10010100.0,0.81,75.59,-57.41,1496448581
CaliphCoin,CALC,671,0.00101887,0.00000041,15.2173,89.0,87140.0,148587140.0,4.64,20.21,-40.98,1496448579
MikeTheMug,MUG,672,0.0000051456,0.000000002,,5.0,999279.0,1000000.0,,,-99.45,1496047185
BTCGold,XBG,673,0.140121,0.00005656,28.4269,,,99000001.0,0.81,14.14,-39.42,1496448592
Soarcoin,SOAR,674,0.0185309,0.00000748,142.67,,,5000000000.0,0.35,4.31,-29.32,1496448588
Project-X,NANOX,675,312152.0,126.0,1229.83,,,1.0,-31.67,-47.29,,1496448593
Internet of Things,XOT,676,1220.7,0.492737,1555.27,,,21000000.0,0.19,8.5,21.05,1496448591
AMIS,AMIS,677,277.548,0.115061,,,,,,0.17,,1496391890
Bitcoin Unlimited (Futures),BTU,678,122.136,0.0493,804.884,,,,-6.3,-6.32,-22.89,1496448588
Malcoin,MALC,679,32.29,0.0130339,43601.5,,,1000000000.0,0.81,26.14,10.46,1496448591
GoldUnionCoin,GUC,680,23.0573,0.0093071,20045.2,,,210000000.0,0.81,19.24,20.78,1496448590
Qtum (Pre-Launch),QTUM,681,13.3888,0.00540439,54150700.0,,,100000000.0,6.78,68.69,236.52,1496448592
ZenCash,ZEN,682,9.09335,0.00367053,23415.5,,,1393363.0,-7.83,-19.41,,1496448593
Fargocoin,FRGC,683,7.04896,0.00284531,632166.0,,,443923962.0,0.17,3.71,6.98,1496448583
EcoCoin,ECO,684,3.70989,0.0014975,45882.1,,,1093895.0,-7.55,-9.12,17.83,1496448593
DECENT (Pre-Launch),DCT,685,3.51413,0.00141848,5081.6,,,73290000.0,15.98,24.28,-7.95,1496448583
Internet of People,IOP,686,3.46514,0.00139871,2391.52,,,2139406.0,0.83,-5.19,42.4,1496448581
PRIZM,PZM,687,1.13688,0.0004589,35113.3,,,,0.74,9.68,17.41,1496448592
Bitcore,BTX,688,1.07781,0.00043506,18136.1,,,16361366.0,0.84,4.35,-36.6,1496448591
DynamicCoin,DMC,689,0.99811,0.00040289,426750.0,,,10541442931.0,-0.01,-0.01,0.05,1496448580
OBITS.WARRANT,WARRANT,690,0.997308,0.00040256,1969.87,,,,-0.79,,,1496448594
Databits,DTB,691,0.843828,0.00034061,136322.0,,,,-2.72,3.46,8.32,1496448588
Aeternity (Pre-Launch),AE,692,0.743218,0.0003,1802.55,,,,-6.64,7.33,,1496448594
GAY Money,GAY,693,0.636715,0.00025701,182.538,,,5603060979.0,0.81,30.41,64.81,1496448579
TechShares,THS,694,0.63617,0.00025679,5.94171,,,646359158.0,0.81,7.54,8.08,1496448578
XDE II,XDE2,695,0.594335,0.0002399,1.32997,,,42249.0,0.88,4.4,11.82,1496448588
Bitgem,BTG,696,0.558757,0.0002256,26.1498,,,,0.54,-29.15,-36.19,1496448855
LEOcoin,LEO,697,0.498079,0.00020105,273695.0,,,92922603.0,-0.24,7.11,20.05,1496448565
InvisibleCoin,IVZ,698,0.438499,0.000177,226.12,,,,0.69,147.99,304.14,1496448568
WA Space,WA,699,0.379636,0.00015324,44555.0,,,,0.81,-3.67,34.16,1496448581
ZenGold,ZENGOLD,700,0.31028,0.00012525,1672.05,,,,-12.07,4.25,,1496448593
ClubCoin,CLUB,701,0.285623,0.00011529,14778.0,,,90899180.0,0.94,0.52,-1.01,1496448568
TeslaCoilCoin,TESLA,702,0.275907,0.00011137,171.114,,,100000000.0,0.69,-49.74,20.44,1496448574
Yogold,YOG,703,0.272687,0.00011007,32.946,,,100000000.0,0.81,3.88,21.3,1496448588
TROPTIONS,TROPTIONS,704,0.248173,0.00010598,,,,1000000001.0,,,,1496287780
Topaz Coin,TOPAZ,705,0.248057,0.00010013,25374.3,,,38228.0,-1.32,181.85,112.1,1496448592
Zilbercoin,ZBC,706,0.241502,0.00009748,99308.0,,,9009266.0,2.63,2.53,-22.04,1496448585
Pabyosi Coin (Special),PCS,707,0.170664,0.00006889,3167.45,,,30993751760.0,0.91,7.46,34.37,1496448582
Golos Gold,GBG,708,0.16762,0.00006766,4392.99,,,,4.21,2.98,2.0,1496448586
AlpaCoin,APC,709,0.158206,0.00006386,692.137,,,,0.81,8.26,28.41,1496448569
EquiTrader,EQT,710,0.131302,0.00005300,76011.4,,,7670160.0,0.91,3.75,16.91,1496448592
InsaneCoin,INSN,711,0.114517,0.00004622,4242.16,,,18528336.0,1.4,35.53,119.7,1496448592
LandCoin,LDCN,712,0.108422,0.00004376,25452.7,,,19003881978.0,0.81,20.34,294.2,1496448584
Wowecoin,WEC,713,0.104,0.00004198,11333.4,,,8901692.0,-0.0,-0.0,4.0,1496448576
Tattoocoin (Limited Edition),TLE,714,0.0956244,0.00003860,18.0671,,,975532.0,0.91,-10.24,-34.23,1496448590
DeusCoin,DEUS,715,0.0898798,0.00003628,6973.34,,,,0.81,6.91,-15.29,1496448590
Omicron,OMC,716,0.0764276,0.00003085,0.247739,,,10134122.0,0.81,6.69,10.25,1496448579
WavesGo,WGO,717,0.0715959,0.00002890,1618.33,,,10000000.0,-13.31,76.39,86.33,1496448590
Quartz,QRZ,718,0.0665923,0.00002688,2568.16,,,21000000.0,0.81,-50.41,,1496448593
Fazzcoin,FAZZ,719,0.0545704,0.00002203,897.019,,,1022577370.0,-7.11,38.85,-25.75,1496448590
Elacoin,ELC,720,0.0445816,0.00001800,37.886,,,,0.63,,51.82,1496448842
International Diamond,XID,721,0.038234,0.00001588,,,,,,0.84,,1496373575
CryptoBuck,BUK,722,0.0325011,0.00001351,,,,,,3.93,8.11,1496420359
DeltaCredits,DCRE,723,0.0293185,0.00001217,,,,,,0.91,1.16,1496419764
President Johnson,GARY,724,0.029269,0.00001181,119.446,,,57968072167.0,0.81,3.63,74.24,1496448577
IvugeoCoin,IEC,725,0.0246501,0.00000995,1.06749,,,,0.81,3.85,,1496448564
RHFCoin,RHFC,726,0.0245517,0.00000991,9082.57,,,200157080.0,0.81,-13.73,-3.64,1496448590
EDRCoin,EDRC,727,0.0231957,0.00000936,13948.5,,,3407292.0,1.17,-0.88,-19.84,1496448572
Lepaoquan,HLB,728,0.0205503,0.00000830,1102720.0,,,935398764.0,0.81,7.92,8.61,1496448583
ShellPay,SHELL,729,0.0196696,0.00000794,11498.6,,,,1.11,-6.39,-11.73,1496448564
Gycoin,GYC,730,0.0174417,0.00000704,5030.79,,,22213403.0,-1.84,7.12,-8.13,1496448576
KolschCoin,TP1,731,0.0147961,0.00000620,,,,,,,40.48,1496357661
Avoncoin,ACN,732,0.0142698,0.00000576,2250.33,,,,-4.9,-22.35,-26.83,1496448585
PiCoin,PI,733,0.0132349,0.00000549,,,,1378369.0,,-7.62,35.9,1496432391
Digitalfund,DTF,734,0.0132109,0.00000533,18509.1,,,54000053.0,-7.36,-6.39,-29.96,1496448577
Mind Gene,MG,735,0.0128824,0.00000520,5353.9,,,,2.79,-2.79,-3.97,1496448579
Sharkcoin,SAK,736,0.0100382,0.00000405,3408.08,,,,1.33,2.74,34.82,1496448562
Tyrocoin,TYC,737,0.0081754,0.00000330,7.43218,,,50134500.0,0.81,9.39,-74.0,1496448590
First Bitcoin,BIT,738,0.00786573,0.00000318,1027.8,,,20706894539.0,0.81,0.95,-23.24,1496448575
Goldpay Coin,GP,739,0.00713389,0.00000288,34853.2,,,,-0.04,13.64,-1.83,1496448592
Opal,OPAL,740,0.00694373,0.00000280,2478.12,,,,-0.36,-3.47,16.1,1496448857
9COIN,9COIN,741,0.00676328,0.00000273,258.612,,,350050250.0,0.81,-24.75,46.16,1496448592
GBCGoldCoin,GBC,742,0.00649,0.00000262,34.9231,,,,,29.8,2.91,1496448568
Helleniccoin,HNC,743,0.00644122,0.00000260,592.308,,,,1.08,1.1,,1496448565
Psilocybin,PSY,744,0.00594574,0.00000240,16.9536,,,,0.81,,-0.09,1496448571
Xaucoin,XAU,745,0.00594574,0.00000240,46.035,,,,0.69,3.32,-10.86,1496448562
EggCoin,EGG,746,0.00562322,0.00000237,,,,,,,5.65,1496295864
Slimcoin,SLM,747,0.00507866,0.00000205,128.824,,,13925626.0,0.69,-21.22,,1496448562
Axiom,AXIOM,748,0.00490524,0.00000198,8.17513,,,,0.81,2.72,6.55,1496448565
Dashs,DASHS,749,0.00448408,0.00000181,13.5583,,,,0.81,6.94,-58.73,1496448591
GoldReserve,XGR,750,0.00438386,0.00000177,1452.2,,,17162239.0,-0.39,0.86,6.44,1496448854
BagCoin,BGC,751,0.00429061,0.00000173,86354.7,,,497214120.0,-2.49,3.77,1.02,1496448575
netBit,NBIT,752,0.00418679,0.00000169,4.18679,,,,0.69,-0.37,33.16,1496448582
AvatarCoin,AV,753,0.00393906,0.00000159,0.0984764,,,,0.81,,10.31,1496448569
Bitcoin Scrypt,BTCS,754,0.00391328,0.00000158,39.9941,,,,0.63,-1.94,-17.27,1496448849
SportsCoin,SPORT,755,0.00346835,0.00000140,3487.17,,,19800001.0,0.81,,368.0,1496448577
President Trump,PRES,756,0.00315439,0.00000127,396.0,,,57968072167.0,0.81,39.81,21.09,1496448576
Quotient,XQN,757,0.00272513,0.00000110,72.6571,,,,0.69,3.76,,1496448561
ZSEcoin,ZSE,758,0.00263729,0.00000106,25.7459,,,6382835.0,-14.98,0.71,-63.61,1496448588
RoyalCoin 2,RYCN,759,0.00259892,0.00000105,1773.61,,,2500124.0,0.81,,-3.26,1496448581
BitcoinFast,BCF,760,0.00249299,0.00000101,66.4133,,,,0.62,5.29,-18.56,1496448859
TrickyCoin,TRICK,761,0.0022792,0.00000092,0.497708,,,,0.81,4.9,-8.57,1496448563
OCOW,OCOW,762,0.00227517,0.00000099,,,,,,,2.33,1496142268
GameLeagueCoin,GML,763,0.00220431,0.00000089,0.551079,,,,0.63,,-4.62,1496448853
Condensate,RAIN,764,0.00213235,0.00000086,1282.48,,,42978123.0,1.34,33.19,14.5,1496448592
RichCoin,RICHX,765,0.00210122,0.00000093,,,,5925522.0,,,0.61,1496167172
Neptune Classic,NTCC,766,0.00200669,0.00000081,1494.79,,,,0.81,-17.61,74.61,1496448586
Digital Bullion Gold,DBG,767,0.00183327,0.00000074,161.206,,,24523275.0,91.29,61.65,36.05,1496448574
MMXVI,MMXVI,768,0.00168463,0.00000068,334.377,,,,0.33,28.09,-34.58,1496448570
Clinton,CLINT,769,0.00168463,0.00000068,32.8652,,,,0.81,-34.67,-30.54,1496448573
Mavro,MAVRO,770,0.00168043,0.00000070,,,,15005722.0,,,-24.42,1496349588
Advanced Internet Blocks,AIB,771,0.00152934,0.00000062,106.555,,,31411917763.0,0.81,10.66,-34.98,1496448563
TodayCoin,TODAY,772,0.00136257,0.00000055,16.852,,,,0.81,24.05,47.98,1496448576
UR,UR,773,0.00133779,0.00000054,211.409,,,,0.81,1.87,6.26,1496448587
BestChain,BEST,774,0.00114651,0.00000046,9.27459,,,20042911.0,0.87,7.71,-0.33,1496448589
Skeincoin,SKC,775,0.000990703,0.00000040,0.643957,,,,0.63,-3.5,,1496448851
RoyalCoin,ROYAL,776,0.000948222,0.00000038,21.6221,,,2500124.0,0.91,-20.43,0.92,1496448579
RubleBit,RUBIT,777,0.000941409,0.00000038,0.916636,,,,0.81,-3.84,23.29,1496448569
The Aladin,ADT,778,0.000892522,0.00000032,,,,,,,,1495722585
Donationcoin,DON,779,0.000891633,0.00000036,11696.3,,,,0.63,8.75,,1496448853
Bitcedi,BXC,780,0.000867088,0.00000035,12.6033,,,,0.69,-10.9,,1496448574
Braincoin,BRAIN,781,0.000842028,0.00000035,,,,,,0.76,29.29,1496420372
IrishCoin,IRL,782,0.00081754,0.00000033,285.686,,,,2.25,2.72,,1496448565
Dubstep,DUB,783,0.000817313,0.00000034,,,,,,0.68,7.04,1496411064
FrankyWillCoin,FRWC,784,0.000745197,0.00000031,,,,,,0.68,3.69,1496411075
Lazaruscoin,LAZ,785,0.000745197,0.00000031,,,,,,0.68,44.27,1496411078
Motocoin,MOTO,786,0.000743027,0.00000030,16.8272,,,,0.63,-50.89,1.33,1496448852
True Investment Coin,TIC,787,0.000718444,0.00000029,21.8966,,,,0.81,-30.03,-41.53,1496448586
KashhCoin,KASHH,788,0.000713382,0.00000029,1886.05,,,,0.81,-2.26,151.81,1496448586
WeAreSatoshi,WSX,789,0.000693492,0.00000028,7.36032,,,,0.63,-9.25,-9.1,1496448856
Opescoin,OPES,790,0.000674759,0.00000028,,,,,,0.93,7.31,1496432667
Quebecoin,QBC,791,0.000668725,0.00000027,1.77415,,,,0.63,9.83,3.96,1496448850
CBD Crystals,CBD,792,0.00057525,0.00000023,11.9447,,,,0.81,13.88,-31.25,1496448581
Vsync,XVS,793,0.000570229,0.00000023,377.084,,,103334172.0,0.84,10.33,-30.0,1496448590
BitAlphaCoin,BAC,794,0.000503264,0.00000020,47.4927,,,,0.69,18.39,-24.04,1496448570
BlazerCoin,BLAZR,795,0.000495479,0.00000020,21.1421,,,,0.81,19.62,100.57,1496448589
T-coin,TCOIN,796,0.000470705,0.00000019,1658.43,,,,0.81,3.75,15.98,1496448582
Alphabet Coin Fund,FUN,797,0.000445931,0.00000018,65.4219,,,20742012.0,0.81,-61.1,-73.87,1496448574
GoldMaxCoin,GMX,798,0.000396383,0.00000016,2.32875,,,84078950.0,0.69,,-11.75,1496448572
UGAIN,GAIN,799,0.000371609,0.00000015,18.1624,,,,0.81,3.76,25.48,1496448576
PrismChain,PRM,800,0.000371609,0.00000015,88.1046,,,,0.81,11.17,-77.72,1496448573
MarxCoin,MARX,801,0.000361544,0.00000015,107.183,,,29332120.0,0.81,-16.52,-23.81,1496448587
Gambleo,GMB,802,0.000346835,0.00000014,1.2382,,,,0.81,,-53.15,1496448587
Sakuracoin,SKR,803,0.000321818,0.00000013,125.217,,,,-5.0,0.47,19.42,1496448580
Cubits,QBT,804,0.000295806,0.00000012,0.00325386,,,,0.94,-41.01,-44.36,1496448580
VGINA,VGINA,805,0.000295805,0.00000012,0.00295805,,,11603228.0,0.93,,-62.37,1496448591
Operand,OP,806,0.000290011,0.00000012,,,,36309296.0,,1.22,-13.91,1496423371
TeraCoin,TERA,807,0.000272513,0.00000011,3915.97,,,,0.81,26.81,30.24,1496448586
DarkLisk,DISK,808,0.000272513,0.00000011,37.168,,,17888425.0,0.81,-28.67,-13.32,1496448572
Cycling Coin,CYC,809,0.000272513,0.00000011,5.30985,,,,0.81,-4.89,10.31,1496448564
The Vegan Initiative,XVE,810,0.000271566,0.00000011,360.047,,,,0.81,2.23,27.28,1496448590
Happy Creator Coin,HCC,811,0.000251787,0.00000010,23.1027,,,,0.81,-4.34,16.7,1496448575
Grumfork,GMF,812,0.000247739,0.00000010,4.95479,,,,0.81,3.77,,1496448590
MobileCash,MBL,813,0.000222965,0.00000009,10.5464,,,1068669648.0,0.81,3.76,41.8,1496448579
President Sanders,BURN,814,0.000222965,0.00000009,143.214,,,57968072167.0,0.81,-6.62,-38.47,1496448584
AsicCoin,ASC,815,0.000215273,0.00000009,24.7111,,,,0.83,,,1496448844
LAthaan,LTH,816,0.000198191,0.00000008,165.44,,,,0.81,18.58,38.85,1496448579
Moneta,MONETA,817,0.000173418,0.00000007,159.844,,,,-2.77,-9.21,-3.99,1496448568
Halloween Coin,HALLO,818,0.00012211,0.00000005,346.082,,,264606176.0,0.73,45.72,-2.28,1496448592
TeamUp,TEAM,819,0.0000990957,0.00000004,0.260225,,,301004896.0,0.81,3.75,47.09,1496448580
PayPeer,PAYP,820,0.0000990957,0.00000004,125.796,,,,0.81,107.51,120.63,1496448571
LinkedCoin,LKC,821,0.0000990957,0.00000004,13.3773,,,,0.81,3.75,-10.53,1496448576
Wowcoin,WOW,822,0.0000964807,0.00000004,,,,,,1.02,114.81,1496426381
TheCreed,TCR,823,0.0000743218,0.00000003,10.4472,,,,0.81,-37.75,-33.83,1496448572
FireFlyCoin,FFC,824,0.0000743027,0.00000003,1.57294,,,,0.63,211.19,231.15,1496448858
LePen,LEPEN,825,0.0000698019,0.00000003,103.702,,,,0.82,26.53,79.81,1496448585
InflationCoin,IFLT,826,0.0000497600,0.00000002,2390.99,,,3294766250.0,1.14,1.17,40.41,1496448583
PokeCoin,POKE,827,0.0000495479,0.00000002,6.16626,,,,0.81,3.76,-26.46,1496448576
PinkDog,PDG,828,0.0000495479,0.00000002,0.0000247739,,,,0.81,3.76,120.63,1496448586
CyberCoin,CC,829,0.0000495479,0.00000002,49.5478,,,549267534.0,0.81,3.76,120.63,1496448562
Rcoin,RCN,830,0.0000495479,0.00000002,102.318,,,,0.81,34.59,16.83,1496448580
X2,X2,831,0.0000495479,0.00000002,8.03605,,,,0.81,107.51,120.63,1496448568
MoneyCoin,MONEY,832,0.0000495479,0.00000002,1328.98,,,,0.81,3.76,-23.0,1496448582
Tellurion,TELL,833,0.0000495479,0.00000002,4.95476,,,,0.81,3.76,69.58,1496448578
VegasCoin,VGC,834,0.0000495352,0.00000002,2.47676,,,,0.63,81.83,4.73,1496448851
Cashme,CME,835,0.0000491969,0.00000002,,,,,0.1,3.02,9.53,1496446166
UNCoin,UNC,836,0.0000403954,0.00000002,1210.42,,,,0.49,-4.08,12.93,1496448562
SuperTurboStake,STRB,837,0.0000247739,0.00000001,0.247739,,,,0.69,3.76,10.31,1496448570
President Clinton,HILL,838,0.0000247739,0.00000001,3.96383,,,57968072167.0,0.69,,-44.84,1496448577
Aces,ACES,839,0.0000247739,0.00000001,1.48733,,,,0.81,3.76,-13.62,1496448576
Global Business Revolution,GBRC,840,0.0000247739,0.00000001,683.562,,,900096049.0,0.81,-48.12,10.31,1496448581
Safe Trade Coin,XSTC,841,0.0000247739,0.00000001,371.609,,,604880000.0,0.91,3.76,10.31,1496448583
ChoofCoin,CHOOF,842,0.0000247739,0.00000001,5.20253,,,,0.81,-48.12,-17.15,1496448580
SoulCoin,SOUL,843,0.0000247739,0.00000001,1.74681,,,,0.81,3.76,10.31,1496448573
Yescoin,YES,844,0.0000247730,0.000000010,993.674,,,,0.69,4.2,19.13,1496448585
FedoraShare,FEDS,845,0.0000240717,0.000000010,3244.01,,,499001351054,0.05,-0.6,-28.75,1496448577
Victoriouscoin,VTY,846,0.0000111643,0.000000005,6.90872,,,10263290326.0,1.89,-52.57,17.32,1496448579
Virtacoin,VTA,847,0.0000097987,0.000000004,73.7927,,,12423206610.0,5.83,-39.47,-12.77,1496448856
Dimecoin,DIME,848,0.0000076213,0.000000003,405.685,,,527135500240,3.24,1796.54,144.0,1496448845
XP,XP,849,0.0000016498,0.0000000007,392.757,,,133635560466,0.77,1.73,44.48,1496448577
BatCoin,BAT,850,0.0000008250,0.0000000003,603.37,,,,0.83,10.6,,1496448849
BitCentavo,NBE,851,0.0000005705,0.0000000002,,,,,,9.73,130.07,1496398156
RabbitCoin,RBBT,852,0.0000004316,0.0000000002,19.6729,,,,0.97,-16.59,45.82,1496448856
StrongHands,SHND,853,0.0000002120,0.00000000009,203.649,,,,0.5,86.33,,1496448571
Paccoin,PAC,854,0.0000000769,0.00000000003,988.245,,,,-1.76,5.46,71.99,1496448568
Bond,BOND,855,,,,,1349.0,1349.0,,,,
bitRUBLE,BITRUBLE,856,,,,,,,,,,
