Name,Symbol,Rank,Price(BTC),Price(USD),24HVolume,MarketCap,%Change_1h,%Change_24h,%Change_7d,LastUpdated
Bitcoin,BTC,1,2486.17,1.0,1297180000.0,40693754869.0,16368050.0,16368050.0,-0.16,4.01,13.43,1496452450
Ethereum,ETH,2,224.216,0.0907245,443619000.0,20663065090.0,92156961.0,92156961.0,0.25,-1.3,39.15,1496452465
Ripple,XRP,3,0.307258,0.00012433,281208000.0,11866824434.0,38621693933.0,99994661895.0,1.62,-5.4,14.78,1496452443
NEM,XEM,4,0.230316,0.00009319,12740900.0,2072844000.0,8999999999.0,8999999999.0,1.45,1.28,28.25,1496452462
Ethereum Classic,ETC,5,17.5334,0.00709455,71718000.0,1616950031.0,92221134.0,92221134.0,0.81,1.78,23.59,1496452477
Litecoin,LTC,6,28.7085,0.0116163,333617000.0,1475246054.0,51387082.0,51387082.0,-1.24,0.55,19.6,1496452440
Dash,DASH,7,147.812,0.0598093,40134800.0,1084052811.0,7333997.0,7333997.0,1.45,7.13,29.68,1496452447
Stratis,STRAT,8,9.0248,0.0036517,62141500.0,888123658.0,98409234.0,98409234.0,4.62,47.01,204.21,1496452476
Bytecoin,BCN,9,0.0036101,0.00000146,23971300.0,660545659.0,182971568384,182971568384,-2.69,37.88,47.72,1496452453
Monero,XMR,10,43.9952,0.0178018,9312550.0,640782362.0,14564824.0,14564824.0,0.1,0.9,14.51,1496452452
Waves,WAVES,11,4.64815,0.00188078,5203400.0,464815000.0,100000000.0,100000000.0,-0.26,31.9,85.04,1496452474
Golem,GNT,12,0.485529,0.00019646,9512180.0,400499277.0,824872000.0,1000000000.0,0.7,4.34,34.48,1496452482
Stellar Lumens,XLM,13,0.040031,0.00001620,14076500.0,386893699.0,9664852216.0,102940435314,0.29,-4.01,-0.23,1496452455
Zcash,ZEC,14,242.564,0.0981488,15800400.0,349102657.0,1439219.0,1439219.0,0.71,-2.74,24.19,1496452480
Dogecoin,DOGE,15,0.00300175,0.00000121,34062100.0,329092092.0,109633411214,109633411214,-0.66,4.14,26.37,1496452446
Gnosis,GNO,16,254.186,0.102851,1753270.0,280771314.0,1104590.0,10000000.0,-0.09,1.83,28.23,1496452491
Steem,STEEM,17,1.19158,0.00048215,5882390.0,279260740.0,234361722.0,251335816.0,-8.42,16.14,24.74,1496452473
Augur,REP,18,25.0697,0.010144,4834680.0,275766700.0,11000000.0,11000000.0,0.65,6.61,16.09,1496452467
Siacoin,SC,19,0.0101477,0.00000411,40207000.0,269148447.0,26523098505.0,26523098505.0,-0.78,18.35,46.66,1496452465
DigiByte,DGB,20,0.0311261,0.00001259,100447000.0,252340286.0,8107031908.0,8107031908.0,-3.35,43.57,125.86,1496452446
BitShares,BTS,21,0.0911392,0.00003688,23360700.0,237164249.0,2602220000.0,2602220000.0,1.65,11.22,55.44,1496452455
GameCredits,GAME,22,2.88089,0.00116569,2205020.0,181596844.0,63034980.0,63034980.0,-0.04,10.13,17.59,1496452456
MaidSafeCoin,MAID,23,0.399743,0.00016175,3226670.0,180904659.0,452552412.0,452552412.0,0.06,0.66,6.7,1496452451
Basic Attention Token,BAT,24,0.173414,0.00007017,3430290.0,173414000.0,1000000000.0,1500000000.0,11.2,2.3,,1496452493
DigixDAO,DGD,25,84.3201,0.0341184,1332360.0,168640200.0,2000000.0,2000000.0,3.57,2.67,35.28,1496452473
BitConnect,BCC,26,24.173,0.00978113,1498390.0,155677374.0,6440135.0,6440135.0,0.67,8.18,56.74,1496452484
Lisk,LSK,27,1.40539,0.00056866,2980350.0,151502377.0,107800950.0,107800950.0,1.87,4.75,27.68,1496452471
Decred,DCR,28,29.5205,0.0119449,3936020.0,148424360.0,5027840.0,5447840.0,-2.38,18.43,39.65,1496452470
Ardor,ARDR,29,0.138005,0.00005584,3065210.0,137866925.0,998999495.0,998999495.0,-0.1,7.84,34.35,1496452476
Factom,FCT,30,14.9141,0.00603467,2482530.0,130546383.0,8753219.0,8753219.0,0.42,14.93,24.06,1496452468
SingularDTV,SNGLS,31,0.20215,0.00008180,218363.0,121290000.0,600000000.0,1000000000.0,0.67,6.11,30.25,1496452479
Byteball,GBYTE,32,618.22,0.25015,626654.0,117019074.0,189284.0,1000000.0,-2.61,21.79,115.02,1496452483
Iconomi,ICN,33,1.24237,0.0005027,813795.0,108086190.0,87000000.0,100000000.0,0.56,3.57,14.95,1496452479
Tether,USDT,34,1.02729,0.00041567,48869000.0,107858968.0,104993690.0,124951468.0,-0.15,-0.52,-1.9,1496452460
Komodo,KMD,35,0.90958,0.00036804,1384190.0,91818017.0,100945510.0,100945510.0,-1.06,68.49,97.83,1496452484
Round,ROUND,36,0.107808,0.00004362,368531.0,91636800.0,850000000.0,1000000000.0,0.18,1.77,-16.84,1496452481
PIVX,PIVX,37,1.63181,0.00066028,992054.0,87369524.0,53541481.0,53541481.0,-1.05,-3.46,41.12,1496452469
FirstBlood,1ST,38,0.949642,0.00038425,5362070.0,81249822.0,85558371.0,93468691.0,3.67,13.97,60.01,1496452479
SysCoin,SYS,39,0.144329,0.00005840,5680460.0,75798990.0,525181982.0,525181982.0,1.5,33.94,26.9,1496452457
Aragon,ANT,40,2.15871,0.00087348,768116.0,72543810.0,33605167.0,39609523.0,0.36,4.52,11.48,1496452492
Nxt,NXT,41,0.0680255,0.00002753,4215150.0,67957473.0,998999983.0,998999983.0,0.09,13.55,30.68,1496452444
Ubiq,UBQ,42,1.81694,0.00073519,1758160.0,67411169.0,37101483.0,37101483.0,6.63,72.38,249.48,1496452456
iExec RLC,RLC,43,0.858964,0.00034756,788208.0,67060001.0,78070793.0,86999785.0,0.28,38.45,61.81,1496452490
AntShares,ANS,44,1.33347,0.00053956,7336730.0,66673500.0,50000000.0,100000000.0,-1.62,6.31,66.45,1496452480
BitcoinDark,BTCD,45,38.1878,0.0154519,817551.0,49218811.0,1288862.0,1288862.0,2.21,59.04,81.92,1496452455
ReddCoin,RDD,46,0.00167938,0.00000068,3019620.0,47905653.0,28525797263.0,28525797263.0,4.59,42.25,32.05,1496452447
Wings,WINGS,47,0.51864,0.00020986,1560340.0,46526330.0,89708333.0,100000000.0,5.83,19.48,94.38,1496452483
Peercoin,PPC,48,1.71163,0.00069258,1342420.0,41294518.0,24125844.0,24125844.0,1.24,6.88,15.06,1496452441
Lykke,LKK,49,0.274748,0.00011117,512795.0,37790893.0,137547474.0,1285690000.0,-1.02,6.17,13.36,1496452481
Ark,ARK,50,0.395547,0.00016005,691639.0,37704744.0,95323044.0,126573044.0,0.56,28.21,53.05,1496452488
Emercoin,EMC,51,0.889967,0.00036011,948120.0,35742201.0,40161266.0,40161266.0,-0.91,-1.85,14.67,1496452456
Melon,MLN,52,56.7522,0.0229636,280353.0,34017269.0,599400.0,749400.0,-0.5,4.6,-2.38,1496452486
Storjcoin X,SJCX,53,0.66374,0.00026857,421260.0,33965663.0,51173144.0,500000000.0,0.69,5.2,26.12,1496452457
Omni,OMNI,54,56.0894,0.0226955,9003160.0,31353228.0,558987.0,615303.0,1.35,3.27,226.76,1496452446
Counterparty,XCP,55,11.3649,0.00459856,528000.0,29761754.0,2618743.0,2618743.0,-0.44,2.38,14.81,1496452447
Xaurum,XAUR,56,0.260311,0.00010533,315199.0,29598482.0,113704306.0,113704306.0,-2.64,8.04,27.45,1496452462
Blocknet,BLOCK,57,7.04348,0.00285,217577.0,27543644.0,3910516.0,3910516.0,0.68,16.06,131.19,1496452458
Namecoin,NMC,58,1.83168,0.00074115,749389.0,26992369.0,14736400.0,14736400.0,0.32,4.81,16.81,1496452467
Gulden,NLG,59,0.0770741,0.00003119,136431.0,26712661.0,346584145.0,448604300.0,1.03,6.49,15.87,1496452450
Nexus,NXS,60,0.518942,0.00020998,83939.0,25879577.0,49869883.0,49869883.0,1.69,-0.45,14.44,1496452461
Synereo,AMP,61,0.304905,0.00012337,537854.0,25080364.0,82256324.0,949291063.0,1.7,10.84,32.43,1496452468
WeTrust,TRST,62,0.270385,0.00010941,476498.0,24915302.0,92147500.0,100000000.0,-3.22,15.88,7.43,1496452490
XtraBYtes,XBY,63,0.0359255,0.00001454,910045.0,23351575.0,650000000.0,650000000.0,17.13,55.77,502.39,1496452491
EarthCoin,EAC,64,0.00243285,0.00000098,6281100.0,22738555.0,9346468332.0,9346468332.0,0.29,2.17,39.75,1496452446
Verge,XVG,65,0.00165548,0.00000067,3537820.0,22199113.0,13409472280.0,13409472280.0,5.22,45.23,62.48,1496452458
YbCoin,YBC,66,7.25806,0.00293683,2880920.0,21921309.0,3020271.0,3020271.0,-1.91,0.57,25.97,1496452445
Burst,BURST,67,0.0122533,0.00000496,4285610.0,21817462.0,1780537682.0,1780537682.0,-5.42,8.61,33.5,1496452456
Matchpool,GUP,68,0.287838,0.00011647,348956.0,21587850.0,75000000.0,98855150.0,1.53,8.08,21.46,1496452489
NAV Coin,NAV,69,0.33436,0.00013529,1225020.0,20507228.0,61332779.0,61332779.0,-1.14,14.28,14.31,1496452454
Edgeless,EDG,70,0.252903,0.00010233,427407.0,20088702.0,79432438.0,132046997.0,1.33,4.45,1.33,1496452488
BlackCoin,BLK,71,0.257894,0.00010435,1337250.0,19643749.0,76169855.0,76169855.0,0.0,1.99,49.94,1496452448
BitBay,BAY,72,0.0193838,0.00000784,75593.8,19529652.0,1007524419.0,1007524419.0,1.97,8.54,14.93,1496452459
Humaniq,HMQ,73,0.156666,0.00006339,901275.0,19479021.0,124334708.0,184190414.0,1.08,30.57,-11.39,1496452491
PotCoin,POT,74,0.0886952,0.00003589,534178.0,19242345.0,216949114.0,216949114.0,-2.44,5.66,7.91,1496452446
OBITS,OBITS,75,1.2985,0.00052541,637191.0,19151449.0,14748902.0,16443700.0,2.1,23.57,56.49,1496452467
TokenCard,TKN,76,0.807463,0.00032672,322372.0,19091700.0,23644056.0,39406760.0,-1.67,-6.71,-12.61,1496452491
E-Dinar Coin,EDR,77,0.0282545,0.00001143,479834.0,18665905.0,660634755.0,785634755.0,0.08,-5.27,18.81,1496452479
BCAP,BCAP,78,1.79713,0.00072717,182023.0,17971300.0,10000000.0,10000000.0,-3.84,4.81,-14.01,1496452492
Nexium,NXC,79,0.265511,0.00010743,1248260.0,17662213.0,66521586.0,66521586.0,1.75,-3.89,57.47,1496452483
Expanse,EXP,80,2.3904,0.00096723,444802.0,17321292.0,7246190.0,16246190.0,0.45,0.38,20.76,1496452466
Shift,SHIFT,81,1.59777,0.00064651,439807.0,17307580.0,10832335.0,10832335.0,6.4,49.84,196.67,1496452465
Bankcoin,B@,82,4.04227,0.00163562,10172.9,17240605.0,4265080.0,25000000.0,3.63,25.17,48.07,1496452488
TaaS,TAAS,83,2.05955,0.00083335,225617.0,16777096.0,8146001.0,8146001.0,2.02,19.19,48.02,1496452487
SuperNET,UNITY,84,20.2597,0.00819766,25306.7,16533151.0,816061.0,816061.0,-1.08,57.95,257.77,1496452457
Unity Ingot,UNY,85,0.0817262,0.00003307,134897.0,16508692.0,202000000.0,10000000000.0,-1.01,0.02,87.89,1496452491
Infinitecoin,IFC,86,0.000181711,0.00000007,2617800.0,16462340.0,90596274910.0,90596274910.0,-0.65,-2.28,31.92,1496452442
Agoras Tokens,AGRS,87,0.389171,0.00015747,26501.6,16345182.0,42000000.0,42000000.0,-0.1,6.28,17.28,1496452467
LBRY Credits,LBC,88,0.237447,0.00009608,942913.0,16270943.0,68524524.0,466424524.0,-0.57,13.73,31.97,1496452475
ZCoin,XZC,89,7.23681,0.00292823,1069640.0,16189346.0,2237083.0,2237083.0,-0.82,-3.19,40.84,1496452480
Chronobank,TIME,90,22.4117,0.00906845,503717.0,15914835.0,710113.0,710113.0,0.01,14.99,29.24,1496452487
Swarm City,SWT,91,2.37101,0.00095938,47839.5,15749731.0,6642625.0,6642625.0,-5.86,1.63,-12.4,1496452486
Mooncoin,MOON,92,0.0000688854,0.00000003,107288.0,15288966.0,221947846813,221947846813,38.46,54.78,50.54,1496452445
Radium,RADS,93,4.68589,0.00189605,436839.0,15216020.0,3247200.0,3247200.0,1.99,14.47,50.07,1496452469
GridCoin,GRC,94,0.0384712,0.00001557,243786.0,15015800.0,390312753.0,390312753.0,1.96,6.67,31.47,1496452462
I/O Coin,IOC,95,0.905882,0.00036655,47529.2,14798876.0,16336428.0,16336428.0,1.6,10.01,19.87,1496452456
Pepe Cash,PEPECASH,96,0.0209661,0.00000848,31715.1,14715770.0,701884009.0,701884009.0,0.49,-5.42,-0.54,1496452479
Waves Community Token,WCT,97,2.77031,0.00112095,138331.0,13851550.0,5000000.0,10000000.0,0.47,-1.78,35.67,1496452485
E-coin,ECN,98,4.71436,0.00190757,132143.0,13166897.0,2792934.0,211081826.0,-0.15,4.39,11.64,1496452489
Vertcoin,VTC,99,0.39318,0.00015909,544177.0,13148522.0,33441481.0,33441481.0,0.62,8.17,32.45,1496452450
MonaCoin,MONA,100,0.257817,0.00010432,36524.6,13036826.0,50566200.0,50566200.0,-0.34,-5.47,10.01,1496452451
MergeCoin,MGC,101,0.129161,0.00005226,3529660.0,12778028.0,98931010.0,103931010.0,0.36,18.79,30.1,1496452490
Golos,GOLOS,102,0.101694,0.00004115,54964.7,12517792.0,123092725.0,123092725.0,-5.13,9.98,73.94,1496452482
Bitland,CADASTRAL,103,0.41262,0.00016696,23969.0,12378600.0,30000000.0,30000000.0,1.78,0.14,65.31,1496452475
DigitalNote,XDN,104,0.00178417,0.00000072,3136750.0,12277866.0,6881556269.0,6881556269.0,-3.22,13.34,18.09,1496452454
LuckChain,BASH,105,0.0167234,0.00000677,836039.0,12108923.0,724070664.0,724070664.0,-8.48,22.62,90.56,1496452482
Clams,CLAM,106,5.21017,0.00210819,676124.0,11998649.0,2302928.0,16208294.0,-0.63,14.24,17.47,1496452455
Etheroll,DICE,107,1.62597,0.00065792,59021.3,11384428.0,7001623.0,7001623.0,5.33,-12.37,-14.38,1496452492
Bitcrystals,BCY,108,0.463937,0.00018772,361384.0,10805752.0,23291422.0,23291422.0,1.24,17.05,24.67,1496452466
Pluton,PLU,109,12.5228,0.00506711,104366.0,10644374.0,850000.0,20000000.0,-1.72,-5.14,52.12,1496452478
Viacoin,VIA,110,0.447712,0.00018116,311599.0,10139567.0,22647521.0,22647521.0,3.75,13.79,19.14,1496452454
FlorinCoin,FLO,111,0.0750632,0.00003037,320960.0,10059595.0,134014998.0,134014998.0,0.43,6.54,20.84,1496452443
DNotes,NOTE,112,0.0751936,0.00003043,331834.0,9315057.0,123880987.0,123880987.0,1.56,13.6,38.45,1496452448
vSlice,VSL,113,0.276535,0.00011189,132510.0,9233641.0,33390496.0,33390496.0,-1.68,3.3,2.64,1496452483
Energycoin,ENRG,114,0.0750563,0.00003037,5380.72,9077542.0,120943102.0,120943102.0,-0.1,4.43,26.7,1496452452
Primecoin,XPM,115,0.469368,0.00018992,5068620.0,9074611.0,19333681.0,19333681.0,-1.81,15.58,42.47,1496452455
Crown,CRW,116,0.652122,0.00026387,20151.5,9041770.0,13865151.0,13865151.0,-0.17,11.22,3.17,1496452461
Rubycoin,RBY,117,0.367061,0.00014852,29206.7,8954568.0,24395314.0,24395314.0,-0.11,3.52,13.59,1496452449
VeriCoin,VRC,118,0.287374,0.00011628,531551.0,8682190.0,30212161.0,30212161.0,-0.11,2.5,13.3,1496452451
Skycoin,SKY,119,1.56736,0.0006342,34799.3,8566878.0,5465801.0,100000000.0,6.39,-3.97,-14.71,1496452490
FedoraCoin,TIPS,120,0.0000193125,0.000000008,57939.2,8558686.0,443168182458,443168182458,2.48,-5.94,0.67,1496452449
NeosCoin,NEOS,121,2.55565,0.00103409,597956.0,8555575.0,3347710.0,3347710.0,1.34,7.05,16.8,1496452456
HEAT,HEAT,122,0.313816,0.00012698,38859.3,8274976.0,26368880.0,26368880.0,-8.75,-8.17,-9.56,1496452476
Blitzcash,BLITZ,123,2.0117,0.000814,352133.0,8175923.0,4064186.0,4064186.0,1.58,62.01,494.88,1496452459
Pascal Coin,PASC,124,0.812915,0.00032893,186650.0,8146546.0,10021400.0,10021400.0,0.08,5.59,15.68,1496452482
SolarCoin,SLR,125,0.22739,0.00009201,102683.0,7996097.0,35164680.0,98034181411.0,-3.59,4.22,17.98,1496452452
VPNCoin,VASH,126,0.0198275,0.00000802,1987770.0,7937736.0,400339746.0,400339746.0,-1.85,4.58,28.5,1496452461
SaluS,SLS,127,7.76024,0.00314002,32524.3,7787044.0,1003454.0,1003454.0,-0.43,-13.41,74.19,1496452469
BelaCoin,BELA,128,0.222469,0.00009002,489554.0,7782221.0,34981150.0,34981150.0,0.98,8.84,15.63,1496452449
Bitcoin Plus,XBC,129,78.5943,0.0318016,190823.0,7618469.0,96934.0,96934.0,2.71,11.21,14.49,1496452467
Incent,INCNT,130,0.326688,0.00013219,158788.0,7516539.0,23008312.0,46016625.0,-0.41,12.62,55.16,1496452482
Einsteinium,EMC2,131,0.0352486,0.00001426,409685.0,7450327.0,211365194.0,211365194.0,-0.71,12.85,15.27,1496452448
Global Currency Reserve,GCR,132,0.0691736,0.00002799,26111.6,7103672.0,102693397.0,102693397.0,-0.56,5.24,10.92,1496452465
Creditbit,CRB,133,0.596051,0.00024118,263785.0,7077713.0,11874342.0,11874342.0,-2.13,-4.41,-6.0,1496452469
Asch,XAS,134,0.0923296,0.00003736,62425.6,6924720.0,75000000.0,100000000.0,2.68,3.82,30.56,1496452489
Aeon,AEON,135,0.467029,0.00018897,23965.0,6647308.0,14233181.0,14233181.0,2.1,-1.58,6.39,1496452466
Lunyr,LUN,136,2.84924,0.00115289,159663.0,6547135.0,2297853.0,2703356.0,0.53,3.25,-0.53,1496452491
Novacoin,NVC,137,3.76603,0.00152385,58064.6,6538918.0,1736290.0,1736290.0,0.53,1.21,-4.18,1496452440
WorldCoin,WDC,138,0.0564503,0.00002284,362179.0,6469514.0,114605487.0,114605487.0,4.41,18.83,51.81,1496452442
FirstCoin,FRST,139,2.00498,0.00081128,127703.0,6389278.0,3186704.0,110000000.0,0.49,14.4,21.36,1496452485
Feathercoin,FTC,140,0.0389432,0.00001576,108122.0,6382104.0,163882360.0,163882360.0,0.09,1.18,30.7,1496452444
MonetaryUnit,MUE,141,0.0517877,0.00002095,86112.9,6295897.0,121571280.0,121571280.0,2.83,21.71,27.04,1496452460
RouletteToken,RLT,142,0.620111,0.00025091,146358.0,6258291.0,10092211.0,10092934.0,-0.1,36.82,28.43,1496452492
Safe Exchange Coin,SAFEX,143,0.00281741,0.00000114,32458.9,6050342.0,2147483647.0,2147483647.0,-1.31,5.79,16.67,1496452470
ZClassic,ZCL,144,4.01136,0.00162312,287599.0,5939520.0,1480675.0,1480675.0,0.21,-3.37,39.69,1496452481
PinkCoin,PINK,145,0.0183265,0.00000742,2039640.0,5883135.0,321017900.0,371017900.0,1.08,20.49,24.26,1496452453
Darcrus,DAR,146,0.430814,0.00017432,43795.7,5869307.0,13623762.0,13623762.0,3.6,31.33,54.57,1496452483
ION,ION,147,0.425055,0.00017199,46324.7,5850959.0,13765180.0,19665180.0,7.38,16.54,-1.16,1496452474
SIBCoin,SIB,148,0.398946,0.00016143,31410.7,5846977.0,14656062.0,14656062.0,1.02,1.6,33.31,1496452469
Gambit,GAM,149,4.59269,0.00185834,44582.5,5438325.0,1184126.0,1184126.0,-0.53,6.23,15.64,1496452464
FoldingCoin,FLDC,150,0.0110869,0.00000449,451796.0,5429720.0,489741985.0,1000000000.0,-1.22,10.09,20.03,1496452458
Auroracoin,AUR,151,0.613552,0.00024826,10070.7,5312219.0,8658139.0,8658139.0,-0.2,5.27,12.72,1496452447
Vcash,XVC,152,0.336291,0.00013607,209972.0,5129100.0,15251971.0,15251971.0,0.69,12.4,11.88,1496452461
Janus,JNS,153,0.238495,0.00009650,4905.64,5037513.0,21122091.0,25201489.0,-0.42,4.97,7.77,1496452485
Quark,QRK,154,0.0197531,0.00000799,238067.0,4940271.0,250101047.0,250101047.0,-3.41,54.54,62.49,1496452456
Ethereum Movie Venture,EMV,155,0.698914,0.0002828,5003.13,4659426.0,6666666.0,6666666.0,0.31,154.94,25.17,1496452490
Sphere,SPHR,156,1.51062,0.00061124,17006.9,4657151.0,3082940.0,3082940.0,-0.11,13.1,138.71,1496452463
Rise,RISE,157,0.0433343,0.00001753,256208.0,4653550.0,107387215.0,107387215.0,-5.46,86.53,109.27,1496452474
SpreadCoin,SPR,158,0.563529,0.00022802,42612.6,4585751.0,8137560.0,8137560.0,-19.95,23.91,72.36,1496452458
ICO OpenLedger,ICOO,159,9.62897,0.00389617,12959.6,4542899.0,471795.0,471795.0,0.58,26.64,61.23,1496452475
OKCash,OK,160,0.0628675,0.00002544,138173.0,4500268.0,71583379.0,71583379.0,-3.52,-14.06,139.43,1496452459
APX,APX,161,4.86852,0.00196995,237898.0,4381668.0,900000.0,1000000.0,1.79,15.15,22.29,1496452492
FairCoin,FAIR,162,0.0823716,0.00003333,3300.96,4374422.0,53105947.0,53105947.0,-0.88,1.81,32.14,1496452449
LoMoCoin,LMC,163,0.0209164,0.00000846,422746.0,4362427.0,208564888.0,293564888.0,0.11,15.24,26.56,1496452478
ArtByte,ABY,164,0.00560796,0.00000227,148728.0,4334828.0,772977650.0,772977650.0,5.36,30.11,51.9,1496452453
CloakCoin,CLOAK,165,0.859296,0.0003477,25338.4,4299672.0,5003715.0,5003715.0,0.81,3.16,34.37,1496452452
BitSend,BSD,166,0.277358,0.00011223,40188.4,4232587.0,15260375.0,15260375.0,26.63,43.82,79.81,1496452452
Minereum,MNE,167,10.4032,0.00420946,426940.0,4188940.0,402659.0,402659.0,-6.14,56.36,394.9,1496452492
bitCNY,BITCNY,168,0.140573,0.00005688,445249.0,4166570.0,29639900.0,29639900.0,0.53,3.47,-2.62,1496452457
Bitmark,BTM,169,1.05257,0.0004259,162035.0,4106265.0,3901180.0,3901180.0,1.19,4.23,37.95,1496452456
Unobtanium,UNO,170,20.7597,0.00839998,83808.0,4104721.0,197725.0,197725.0,2.38,6.91,5.02,1496452444
NautilusCoin,NAUT,171,0.245565,0.00009936,367781.0,3973242.0,16180000.0,16180000.0,-0.45,-1.43,19.44,1496452451
Riecoin,RIC,172,0.113669,0.00004599,739514.0,3888841.0,34211972.0,34211972.0,-0.12,15.42,61.12,1496452449
PoSW Coin,POSW,173,0.0921695,0.00003729,74430.7,3778950.0,41000000.0,70000000.0,-2.9,27.35,70.23,1496452483
HunterCoin,HUC,174,0.209574,0.00008480,5968780.0,3698964.0,17649920.0,17649920.0,3.86,79.0,103.01,1496452446
Circuits of Value,COVAL,175,0.00919359,0.00000372,122661.0,3677436.0,400000000.0,1200000000.0,1.86,21.6,19.11,1496452459
DubaiCoin,DBIX,176,4.15768,0.00168232,35655.6,3617608.0,870103.0,870103.0,0.05,-5.72,60.73,1496452488
BitBean,BITB,177,0.00175032,0.00000071,205075.0,3429708.0,1959475000.0,1959475000.0,6.65,36.6,12.41,1496452461
Megacoin,MEC,178,0.10271,0.00004156,650915.0,3377767.0,32886450.0,32886450.0,0.81,24.28,37.76,1496452445
Wild Beast Block,WBB,179,1.44117,0.00058314,15159.0,3351403.0,2325474.0,2325474.0,-2.02,14.6,-10.28,1496452462
Zennies,ZENI,180,0.00318889,0.00000129,6102.15,3191061.0,1000680743.0,1000680743.0,-0.11,4.81,11.16,1496452490
Musicoin,MUSIC,181,0.0183832,0.00000744,84334.5,3172539.0,172578168.0,172578168.0,0.98,10.28,17.1,1496452487
Diamond,DMD,182,1.45217,0.00058759,7156.89,3085571.0,2124800.0,2124800.0,-0.1,1.59,3.77,1496452445
Zetacoin,ZET,183,0.0184059,0.00000745,276123.0,3058310.0,166159198.0,166159198.0,4.62,8.07,61.03,1496452445
Curecoin,CURE,184,0.128104,0.00005183,18490.4,3037140.0,23708397.0,23708397.0,0.29,12.09,10.4,1496452452
Ethbits,ETB,185,2.19009,0.00088617,2161.99,2950020.0,1346986.0,1634691.0,-68.97,276.23,,1496452493
RaiBlocks,XRB,186,0.0377715,0.00001528,45786.1,2838937.0,75160827.0,340282367.0,0.57,14.76,53.15,1496452487
Cryptonite,XCN,187,0.00861375,0.00000349,785917.0,2824978.0,327961421.0,327961421.0,-2.89,27.23,40.72,1496452455
Myriad,XMY,188,0.00189492,0.00000077,152702.0,2816284.0,1486228250.0,1486228250.0,3.72,22.14,-17.41,1496452448
ZcCoin,ZCC,189,0.044059,0.00001783,2088230.0,2716548.0,61657044.0,61657044.0,-1.66,23.72,42.8,1496452455
InstantDEX,DEX,190,2.70964,0.0010964,3384.35,2709640.0,1000000.0,1000000.0,-1.08,18.18,,1496452457
Atmos,ATMS,191,0.0269366,0.00001090,156757.0,2695651.0,100073925.0,110073925.0,-0.87,12.81,21.89,1496452489
Steem Dollars,SBD,192,1.79914,0.00072799,273869.0,2563322.0,1424749.0,1424749.0,-1.58,14.0,20.87,1496452476
Bata,BTA,193,0.517521,0.0002094,65041.1,2562474.0,4951439.0,4951439.0,3.5,35.35,76.52,1496452463
Zeitcoin,ZEIT,194,0.0000700295,0.00000003,8156.02,2544058.0,36328374542.0,36328374542.0,-0.44,5.31,46.58,1496452450
Digitalcoin,DGC,195,0.0731589,0.00002960,261630.0,2515919.0,34389793.0,34389793.0,0.76,14.15,49.77,1496452441
Mintcoin,MINT,196,0.0000995490,0.00000004,14998.5,2423909.0,24348900803.0,24348900803.0,-0.11,5.41,4.33,1496452448
Adzcoin,ADZ,197,0.044075,0.00001783,13768.1,2417406.0,54847560.0,54847560.0,-5.41,17.67,25.22,1496452468
Espers,ESP,198,0.000118071,0.00000005,6346.31,2376631.0,20128827113.0,20128827113.0,4.39,18.52,-3.16,1496452473
Veros,VRS,199,0.0275559,0.00001115,93228.4,2355670.0,85486938.0,10000000000.0,0.33,-2.27,5.44,1496452483
BoostCoin,BOST,200,0.197893,0.00008007,201549.0,2346118.0,11855487.0,11855487.0,1.51,9.86,44.03,1496452453
Spectrecoin,XSPEC,201,0.114859,0.00004648,174803.0,2342827.0,20397421.0,20397421.0,-0.35,0.15,4.28,1496452484
bitUSD,BITUSD,202,1.00861,0.00040811,293748.0,2225569.0,2206570.0,2206570.0,0.9,2.6,-1.14,1496452457
BlockPay,BLOCKPAY,203,0.401466,0.00016244,16416.9,2179278.0,5428300.0,98928316.0,1.0,2.19,70.03,1496452479
iCash,ICASH,204,0.00971044,0.00000393,14708.7,2145429.0,220940496.0,220940496.0,0.14,10.23,15.52,1496452462
Groestlcoin,GRS,205,0.0313844,0.00001270,9019.03,2122313.0,67623193.0,67623193.0,-0.99,8.41,18.19,1496452450
FUNCoin,FUNC,206,0.365626,0.00014794,38488.7,2112188.0,5776909.0,100000000.0,0.22,3.41,37.01,1496452491
MaxCoin,MAX,207,0.0383115,0.00001550,204526.0,2085781.0,54442678.0,54442678.0,-4.68,10.34,64.23,1496452446
Breakout Stake,BRX,208,0.331019,0.00013394,18656.8,2074854.0,6268082.0,6268082.0,-4.9,13.31,42.03,1496452476
Project Decorum,PDC,209,0.0384796,0.00001557,2641.91,1923980.0,50000000.0,50000000.0,-0.24,3.62,4.61,1496452475
Tickets,TIX,210,0.0000281686,0.00000001,39060.7,1883811.0,66876281414.0,66876281414.0,3.17,-1.66,14.02,1496452442
Anoncoin,ANC,211,0.879817,0.000356,259158.0,1856693.0,2110317.0,2110317.0,4.98,94.74,103.08,1496452444
CacheCoin,CACH,212,0.494279,0.0002,31113.6,1781555.0,3604351.0,3604351.0,13.54,591.15,,1496452448
GoldCoin,GLD,213,0.0440207,0.00001781,19784.7,1772075.0,40255484.0,40255484.0,-3.01,-8.4,-5.45,1496452455
TransferCoin,TX,214,0.295505,0.00011957,6482.38,1765545.0,5974670.0,5974670.0,-4.56,-0.38,-20.39,1496452466
CryptoCarbon,CCRB,215,0.483348,0.00019558,18694.3,1721739.0,3562111.0,10000150.0,-0.17,11.13,30.03,1496452484
DeepWebCash,DWC,216,1.18101,0.00047787,18641.5,1580369.0,1338150.0,1338150.0,0.13,-6.35,-15.34,1496452482
vTorrent,VTR,217,0.144156,0.00005833,13333.2,1559186.0,10815966.0,10815966.0,5.88,-2.03,32.5,1496452459
Startcoin,START,218,0.0340466,0.00001378,51156.1,1534813.0,45079785.0,70782220.0,-2.31,4.31,-16.39,1496452453
Bitswift,SWIFT,219,0.377802,0.00015287,10569.9,1534222.0,4060914.0,4060914.0,-5.08,30.49,112.52,1496452458
Sequence,SEQ,220,0.0338334,0.00001369,2835.66,1512421.0,44702018.0,44702018.0,-0.11,7.6,39.6,1496452479
Boolberry,XBB,221,0.157487,0.00006372,7365.02,1501242.0,9532480.0,9532480.0,0.52,16.77,6.36,1496452454
2GIVE,2GIVE,222,0.00291632,0.00000118,16347.7,1496071.0,512999678.0,512999678.0,2.05,12.53,-24.1,1496452473
Breakout,BRK,223,0.0813089,0.00003290,8109.28,1456754.0,17916287.0,17916287.0,-0.11,15.16,19.39,1496452475
Visio,VISIO,224,0.028754,0.00001163,4634.85,1455012.0,50602087.0,62602087.0,-0.11,14.27,1.27,1496452486
Pangea Poker,PANGEA,225,1.42292,0.00057575,866.844,1421998.0,999352.0,1000000.0,-1.08,59.37,93.97,1496452459
EB3 Coin,EB3,226,0.296592,0.00012001,39857.3,1389686.0,4685515.0,786000000.0,-0.11,7.48,20.69,1496452489
MediterraneanCoin,MED,227,0.0266911,0.00001080,228957.0,1326724.0,49706598.0,49706598.0,0.44,92.34,95.88,1496452458
EuropeCoin,ERC,228,0.134394,0.00005438,979.567,1323986.0,9851529.0,9851529.0,-0.46,0.42,18.09,1496452464
Renos,RNS,229,0.0386799,0.00001565,694125.0,1290066.0,33352360.0,33352360.0,5.0,20.17,156.14,1496452486
TagCoin,TAG,230,0.230457,0.00009325,219895.0,1265897.0,5492984.0,5492984.0,-0.13,16.78,31.05,1496452443
Qwark,QWARK,231,0.0716457,0.00002899,31791.9,1265213.0,17659296.0,250377576.0,3.09,28.82,76.98,1496452472
Voxels,VOX,232,0.0401029,0.00001623,529307.0,1263241.0,31500000.0,210000000.0,-1.38,30.89,41.28,1496452471
Dynamic,DYN,233,0.741394,0.00029999,4775.28,1198642.0,1616740.0,4370644.0,-0.11,14.02,23.16,1496452487
Creativecoin,CREA,234,0.111798,0.00004524,7737.14,1180558.0,10559739.0,12271467.0,0.92,27.46,18.24,1496452492
VeriumReserve,VRM,235,1.05799,0.00042809,100261.0,1178836.0,1114222.0,1114222.0,-5.2,37.43,27.12,1496452478
SecureCoin,SRC,236,0.14943,0.00006046,203877.0,1163446.0,7785891.0,7785891.0,-3.51,16.59,31.57,1496452444
Stealthcoin,XST,237,0.0433236,0.00001753,2061.11,1134165.0,26178921.0,26178921.0,2.31,-3.23,10.3,1496452454
Yocoin,YOC,238,0.0106366,0.00000430,63592.8,1123425.0,105618830.0,200000000.0,-5.26,2.26,35.2,1496452469
ChainCoin,CHC,239,0.0761432,0.00003081,10380.4,1118279.0,14686523.0,14686523.0,2.47,-12.08,-12.71,1496452465
Inpay,INPAY,240,0.11113,0.00004497,20695.2,1111300.0,10000000.0,10000000.0,1.92,-1.91,-13.36,1496452490
Ixcoin,IXC,241,0.0512727,0.00002075,1716.08,1076680.0,20999088.0,20999088.0,-0.15,-9.41,4.29,1496452443
HTMLCOIN,HTML5,242,0.0000264119,0.00000001,3434.92,1073882.0,40659020000.0,40659020000.0,-3.41,22.82,26.39,1496452456
WhiteCoin,XWC,243,0.00427551,0.00000173,17754.0,1060569.0,248056749.0,248056749.0,-0.96,4.22,62.55,1496452452
DopeCoin,DOPE,244,0.00934187,0.00000378,21290.0,1037748.0,111085648.0,111085648.0,-0.11,25.83,4.86,1496452448
Triggers,TRIG,245,0.0314856,0.00001274,5538.43,1010864.0,32105593.0,100000000.0,-0.11,1.94,3.46,1496452480
Mercury,MER,246,0.00998054,0.00000404,1634.37,998054.0,100000000.0,100000000.0,-0.04,2.02,-4.99,1496452488
AudioCoin,ADC,247,0.00125234,0.00000051,3488.09,993354.0,793198644.0,793198644.0,-0.01,1.43,-4.33,1496452463
CannabisCoin,CANN,248,0.0128173,0.00000519,56336.2,989895.0,77231176.0,91859176.0,-0.15,3.81,58.48,1496452456
LiteDoge,LDOGE,249,0.0000658402,0.00000003,8795.63,972771.0,14774733159.0,14774733159.0,-19.5,2.81,-46.44,1496452461
DIBCOIN,DIBC,250,0.194218,0.00007859,4691.24,971090.0,5000000.0,5000000000.0,1.03,17.95,32.92,1496452489
PepeCoin,PEPE,251,0.0697547,0.00002822,20649.9,961240.0,13780294.0,13780294.0,-0.11,5.32,50.81,1496452471
PutinCoin,PUT,252,0.00473871,0.00000192,4124.17,949721.0,200417616.0,200417616.0,-0.16,4.7,38.18,1496452475
Hacker Gold,HKG,253,0.0576139,0.00002331,1979.36,928211.0,16110893.0,16110893.0,-8.93,6.28,-1.24,1496452482
HiCoin,XHI,254,0.00487408,0.00000197,126400.0,924759.0,189729990.0,10189729990.0,-0.09,-0.86,-3.08,1496452473
Syndicate,SYNX,255,0.0816591,0.00003304,11902.5,920205.0,11268860.0,11268860.0,-3.17,-11.18,63.54,1496452475
ArcticCoin,ARC,256,0.0390098,0.00001578,11254.5,911359.0,23362297.0,23362297.0,2.48,-10.53,-16.54,1496452481
EverGreenCoin,EGC,257,0.0656614,0.00002657,12864.4,874695.0,13321301.0,13321301.0,5.87,3.43,9.99,1496452469
Pesetacoin,PTC,258,0.00657312,0.00000266,2133.2,858141.0,130553039.0,130553039.0,0.07,10.42,5.01,1496452449
Hush,HUSH,259,0.776153,0.00031405,43581.5,854457.0,1100888.0,1222363.0,0.37,8.94,68.23,1496452482
Woodcoin,LOG,260,0.104837,0.00004242,585.004,842386.0,8035193.0,8035193.0,-0.11,3.67,8.2,1496452462
ExclusiveCoin,EXCL,261,0.199318,0.00008065,5766.16,815022.0,4089054.0,4089054.0,3.2,22.15,9.5,1496452457
Centurion,CNT,262,0.0311346,0.00001260,32510.4,804838.0,25850279.0,63389078.0,-7.73,-4.48,5.76,1496452487
Unitus,UIS,263,0.0169944,0.00000688,25299.7,795098.0,46785866.0,46785866.0,-3.08,6.22,-4.5,1496452461
ShadowCash,SDC,264,0.118846,0.00004809,526.438,792381.0,6667292.0,6667292.0,-0.11,-2.95,-10.15,1496452455
e-Gulden,EFL,265,0.051102,0.00002068,1866.27,784214.0,15346048.0,20385388.0,-0.1,4.67,-23.52,1496452452
HempCoin,THC,266,0.00358311,0.00000145,16085.9,758985.0,211823061.0,211823061.0,2.43,16.76,-1.64,1496452454
Version,V,267,0.00172998,0.00000070,645.413,756808.0,437466514.0,437466514.0,-0.11,2.95,,1496452493
GeoCoin,GEO,268,0.307067,0.00012425,5416.82,753874.0,2455079.0,2455079.0,-0.09,18.44,34.91,1496452462
ProCurrency,PROC,269,0.257403,0.00010415,1177.54,724642.0,2815205.0,15000053805.0,-0.12,13.81,16.61,1496452490
Fantomcoin,FCN,270,0.12357,0.00005000,5240.33,724529.0,5863307.0,5863307.0,-0.1,-0.16,10.61,1496452453
Ripto Bux,RBX,271,0.00211191,0.00000085,3281.53,722485.0,342100100.0,1000000000.0,-0.07,8.89,37.55,1496452489
Tokes,TKS,272,1.11304,0.00045037,9443.59,720831.0,647624.0,50000000.0,1.75,13.76,18.34,1496452487
BlueCoin,BLU,273,0.00121477,0.00000049,1597.0,698108.0,574683675.0,574683675.0,-7.13,-26.33,178.33,1496452451
Synergy,SNRG,274,0.240952,0.00009750,1028.99,669036.0,2776635.0,2776635.0,-0.16,10.77,32.57,1496452463
Altcoin,ALT,275,5.44817,0.00220449,2101.89,665632.0,122175.0,134063.0,-0.04,1.06,37.28,1496452490
DT Token,DRACO,276,0.00703601,0.00000285,89619.9,625423.0,88888888.0,88888888.0,-9.37,23.77,65.16,1496452476
Moin,MOIN,277,0.0859114,0.00003476,2255.15,597110.0,6950305.0,6950305.0,4.25,23.82,36.04,1496452468
BTSR,BTSR,278,0.179822,0.00007276,19193.4,595358.0,3310819.0,3310819.0,1.02,16.88,54.13,1496452471
TrustPlus,TRUST,279,0.0182636,0.00000739,1553.48,586017.0,32086595.0,32086595.0,5.3,4.93,27.82,1496452454
Deutsche eMark,DEM,280,0.0205696,0.00000832,787.591,571699.0,27793416.0,27793416.0,-0.19,0.28,16.15,1496452443
Magi,XMG,281,0.0804651,0.00003256,4090.04,567811.0,7056614.0,7056614.0,-0.48,1.95,-6.87,1496452458
NuShares,NSR,282,0.000206612,0.00000008,892.247,558321.0,2702268334.0,3317185381.0,-0.14,-8.08,-40.37,1496452460
UniBURST,UNIBURST,283,0.54875,0.00022204,8724.58,548749.0,999999.0,1000000.0,5.81,-2.39,196.28,1496452487
TileCoin,XTC,284,0.00538378,0.00000218,8734.43,538378.0,100000000.0,100000000.0,3.48,-0.39,7.38,1496452460
FujiCoin,FJC,285,0.000552118,0.00000022,3747.92,531967.0,963502755.0,963502755.0,1.29,-25.49,16.3,1496452464
1337,1337,286,0.0000231611,0.000000009,5568.92,529025.0,22841087325.0,22841087325.0,0.27,18.7,69.32,1496452467
Canada eCoin,CDN,287,0.00540383,0.00000219,759.091,526417.0,97415544.0,97415544.0,-1.38,6.61,25.57,1496452451
Elcoin,EL,288,0.0448103,0.00001813,3026.68,502277.0,11208967.0,20935289.0,-0.09,12.51,-4.7,1496452473
Wyvern,WYV,289,0.455972,0.0001845,1884.38,497297.0,1090631.0,1090631.0,-0.11,51.79,33.16,1496452489
IncaKoin,NKA,290,0.0000632893,0.00000003,4355.9,477011.0,7536997513.0,7536997513.0,5.95,-1.9,183.85,1496452460
Capricoin,CPC,291,0.459981,0.00018612,53481.6,453021.0,984870.0,200984870.0,2.3,1.37,29.82,1496452465
KoreCoin,KORE,292,0.244668,0.00009900,2963.56,447975.0,1830949.0,1830949.0,-0.11,-3.31,4.37,1496452454
TrumpCoin,TRUMP,293,0.0678107,0.00002744,5119.61,443452.0,6539554.0,6539554.0,-0.78,21.05,19.6,1496452470
BitBar,BTB,294,13.3614,0.00540642,950.038,435502.0,32594.0,32594.0,-0.14,15.99,19.35,1496452441
I0Coin,I0C,295,0.0198205,0.00000802,1021.61,415724.0,20974462.0,20974462.0,0.47,3.61,13.25,1496452442
Cryptojacks,CJ,296,0.000984753,0.00000040,5361.96,400370.0,406568581.0,406568581.0,1.85,313.35,184.11,1496452476
CasinoCoin,CSC,297,0.0102917,0.00000416,506.826,397272.0,38601187.0,38601187.0,-4.61,-12.25,-18.0,1496452443
NobleCoin,NOBL,298,0.000171705,0.00000007,10879.3,393496.0,2291697430.0,2291697430.0,-0.16,-19.8,-14.4,1496452446
Newbium,NEWB,299,0.0163112,0.00000660,45351.3,391469.0,24000000.0,51000000.0,-0.11,46.1,291.91,1496452474
PostCoin,POST,300,0.024097,0.00000975,2680.36,380138.0,15775332.0,15775332.0,0.04,1.03,8.71,1496452472
Terracoin,TRC,301,0.0187531,0.00000759,6914.65,377025.0,20104680.0,20104680.0,1.41,20.0,3.96,1496452441
Trollcoin,TROLL,302,0.000641049,0.00000026,946.669,354995.0,553772720.0,553772720.0,-0.12,3.57,-3.86,1496452457
Virtacoinplus,XVP,303,0.0400015,0.00001619,1126.14,352850.0,8820929.0,10355522.0,-0.9,-0.45,-34.12,1496452487
Master Swiscoin,MSCN,304,0.0342027,0.00001384,11473.5,350785.0,10256060.0,1002582100.0,2.09,0.04,-12.63,1496452486
MazaCoin,MZC,305,0.000320198,0.00000013,1049.78,349854.0,1092618137.0,1092618137.0,-0.45,9.69,29.95,1496452449
Jewels,JWL,306,0.0171515,0.00000694,3520.56,346056.0,20176438.0,20176438.0,-0.11,4.49,9.2,1496452478
iTicoin,ITI,307,10.4369,0.00422308,46032.5,333981.0,32000.0,9999992.0,-7.05,-13.15,15.05,1496452492
Atomic Coin,ATOM,308,0.0326338,0.00001320,1304.39,328002.0,10050980.0,10050980.0,0.64,24.51,43.33,1496452480
Bytecent,BYC,309,0.201419,0.00008150,9042.93,326706.0,1622020.0,1622020.0,1.76,26.89,15.07,1496452459
Dotcoin,DOT,310,0.00139268,0.00000056,33493.5,313322.0,224978000.0,489978000.0,0.1,1.37,14.29,1496452460
GCoin,GCN,311,0.0000022466,0.0000000009,1923.59,312350.0,139034360000,139034360000,-14.92,3.35,47.63,1496452459
ParkByte,PKB,312,0.0633114,0.00002562,2081.29,301617.0,4764026.0,4764026.0,-0.12,13.48,18.71,1496452463
Joincoin,J,313,0.116197,0.00004702,703.534,284497.0,2448402.0,2448402.0,-0.16,-70.43,-30.49,1496452455
Influxcoin,INFX,314,0.165639,0.00006702,8895.52,277178.0,1673383.0,1673383.0,-0.49,6.52,-29.02,1496452467
Asiadigicoin,ADCN,315,0.0108741,0.00000440,922.92,271103.0,24931054.0,210000000.0,-0.11,-5.57,-26.21,1496452470
8Bit,8BIT,316,0.232366,0.00009402,2692.34,270570.0,1164415.0,1164415.0,-0.11,16.21,-23.84,1496452462
Quatloo,QTL,317,0.0363676,0.00001472,6912.16,270515.0,7438350.0,7438350.0,3.16,-0.63,-6.61,1496452454
Zoin,ZOI,318,0.0245846,0.00000995,563.523,264576.0,10761850.0,10761850.0,11.31,0.53,1.61,1496452481
Karbowanec,KRB,319,0.0726729,0.00002941,5126.64,257459.0,3542714.0,3542714.0,1.84,-4.79,-0.21,1496452477
Sexcoin,SXC,320,0.00201693,0.00000082,2609.62,247167.0,122546276.0,122546276.0,1.71,-3.55,-5.17,1496452444
Torcoin,TOR,321,0.926964,0.00037508,7664.94,243887.0,263104.0,1263104.0,-0.31,21.28,28.22,1496452489
Rubies,RBIES,322,0.0232857,0.00000942,2114.72,241556.0,10373575.0,10373575.0,-5.76,7.94,-5.2,1496452470
UltraCoin,UTC,323,0.00546178,0.00000221,3323.48,235423.0,43103632.0,43103632.0,-8.55,4.06,31.37,1496452446
PRCoin,PRC,324,0.0240979,0.00000975,44394.6,228255.0,9472000.0,789472000.0,-0.11,6.51,-0.99,1496452486
Flycoin,FLY,325,0.988879,0.00040013,1963.54,208461.0,210806.0,210806.0,-4.48,26.6,211.73,1496452469
GoldBlocks,GB,326,0.0135182,0.00000547,900.323,200987.0,14867913.0,14867913.0,-0.11,2.79,30.99,1496452475
LiteBar,LTB,327,0.309155,0.00012509,1313.37,199784.0,646227.0,646227.0,2.14,-23.45,-6.31,1496452450
NuBits,USNBT,328,0.999744,0.00040453,75365.0,196721.0,196772.0,838087.0,-0.28,0.24,-3.6,1496452457
TEKcoin,TEK,329,0.000130387,0.00000005,1880.3,184374.0,1414054562.0,1414054562.0,-0.11,50.43,414.53,1496452451
Netko,NETKO,330,0.0700373,0.00002834,913.937,172109.0,2457392.0,2457392.0,2.72,7.06,-6.71,1496452487
UnbreakableCoin,UNB,331,0.0750227,0.00003036,3209.46,170913.0,2278150.0,2278150.0,0.55,3.71,15.02,1496452452
Tattoocoin (Standard Edition),TSE,332,0.00146976,0.00000059,1044.67,168132.0,114393866.0,604393866.0,-0.11,-3.52,27.66,1496452485
DigitalPrice,DP,333,0.00738687,0.00000299,566.276,167387.0,22660116.0,22660116.0,-0.11,32.26,91.82,1496452458
LanaCoin,LANA,334,0.000222498,0.00000009,544.738,166603.0,748784157.0,748784157.0,-0.57,55.61,116.47,1496452474
bitBTC,BITBTC,335,2509.62,1.01547,74427.5,162071.0,65.0,65.0,-2.74,4.19,9.28,1496452457
Fastcoin,FST,336,0.00123471,0.00000050,1463.08,156517.0,126764507.0,126764507.0,-0.09,-6.33,37.52,1496452443
Pascal Lite,PASL,337,0.0736229,0.00002979,2945.1,146002.0,1983100.0,1983100.0,1.27,25.62,-20.26,1496452487
BERNcash,BERN,338,0.00199475,0.00000081,899.18,142095.0,71234301.0,71234301.0,2.37,9.75,8.24,1496452471
TheGCCcoin,GCC,339,0.0197959,0.00000801,2510.94,139406.0,7042154.0,867042154.0,-0.11,-7.83,-15.99,1496452485
Bottlecaps,CAP,340,0.000994956,0.00000040,618.499,138303.0,139004625.0,139004625.0,-4.78,-63.87,50.22,1496452444
Truckcoin,TRK,341,0.00108741,0.00000044,627.437,133891.0,123128421.0,123128421.0,-0.11,-9.06,47.98,1496452454
Sumokoin,SUMO,342,0.283617,0.00011476,7816.52,132281.0,466407.0,9355296.0,14.56,11.91,,1496452493
Piggycoin,PIGGY,343,0.000261757,0.00000011,750.571,126642.0,483813966.0,483813966.0,3.52,-8.65,-34.35,1496452453
Phoenixcoin,PXC,344,0.00207561,0.00000084,655.566,120162.0,57892375.0,57892375.0,-0.11,21.57,77.27,1496452442
Machinecoin,MAC,345,0.00612906,0.00000248,2420.83,119885.0,19560050.0,19560050.0,-0.91,0.87,-1.2,1496452460
Rimbit,RBT,346,0.00101448,0.00000041,797.498,117172.0,115499623.0,393459356.0,-0.12,8.16,13.56,1496452458
bitEUR,BITEUR,347,1.14058,0.00046151,20105.9,116453.0,102100.0,102100.0,-0.26,1.89,-11.66,1496452463
MojoCoin,MOJO,348,0.00965836,0.00000391,2606.38,116444.0,12056302.0,12056302.0,-0.11,7.03,-23.23,1496452471
bitSilver,BITSILVER,349,20.4177,0.00826161,10787.9,115086.0,5637.0,5637.0,0.97,1.03,15.3,1496452460
PipCoin,PIP,350,0.0170526,0.00000690,542.673,112090.0,6573177.0,6999979.0,-13.74,-19.57,-15.27,1496452480
Emerald Crypto,EMD,351,0.00563485,0.00000228,2936.48,107722.0,19117129.0,19117129.0,-0.46,38.71,107.73,1496452442
HoboNickels,HBN,352,0.00215011,0.00000087,540.837,104462.0,48584572.0,48584572.0,-9.47,-12.47,68.31,1496452444
CHNCoin,CNC,353,0.00408859,0.00000165,14455.9,103279.0,25260247.0,170109984.0,-2.1,-3.62,-0.6,1496452454
Eryllium,ERY,354,0.0219381,0.00000888,4106.58,95536.0,4354779.0,14354779.0,0.07,0.99,-36.7,1496452485
bitGold,BITGOLD,355,1573.66,0.63675,3856.43,88149.0,56.0,56.0,0.97,0.49,0.57,1496452460
Chronos,CRX,356,0.00117488,0.00000048,1175.03,86624.0,73729962.0,73729962.0,-18.15,49.92,88.13,1496452477
Freicoin,FRC,357,0.00271853,0.00000110,18234.9,75866.0,27907104.0,100000000.0,-0.16,3.67,16.16,1496452441
Greencoin,GREV2,358,0.0000247139,0.00000001,630.469,75631.0,3060272641.0,3060272641.0,-0.11,3.7,10.88,1496452453
Gapcoin,GAP,359,0.00634942,0.00000257,10101.3,69120.0,10886068.0,10886068.0,4.29,-2.1,25.54,1496452458
Kurrent,KURT,360,0.00669961,0.00000271,2063.32,66457.0,9919485.0,21319485.0,-1.2,-12.03,4.88,1496452482
MCAP,MCAP,361,6.53846,0.00264565,109466.0,65417.0,10005.0,100000000.0,-0.11,1.42,,1496452493
CrevaCoin,CREVA,362,0.00177302,0.00000072,12981.8,64522.0,36390750.0,6240390800.0,-0.47,7.63,0.61,1496452464
PetroDollar,XPD,363,0.000926394,0.00000037,1960.65,59283.0,63993275.0,63993275.0,-15.09,7.68,3.89,1496452450
Wexcoin,WEX,364,0.351367,0.00014217,6047.62,58982.0,167864.0,10000167864.0,-0.05,-2.03,18.77,1496452480
Argentum,ARG,365,0.00741418,0.00000300,834.871,55666.0,7508095.0,7508095.0,-0.17,3.47,3.61,1496452442
Acoin,ACOIN,366,0.0436448,0.00001766,11992.0,53250.0,1220085.0,1220085.0,0.46,3.08,-19.97,1496452456
Philosopher Stones,PHS,367,0.0199689,0.00000808,2832.26,48509.0,2429219.0,2429219.0,-0.13,3.72,13.88,1496452445
PonziCoin,PONZI,368,0.0549885,0.00002225,742.482,47351.0,861099.0,861099.0,-0.11,0.29,23.47,1496452473
Prime-XI,PXI,369,0.00304688,0.00000123,684.483,45101.0,14802270.0,14802270.0,-0.62,6.84,66.46,1496452458
Bolivarcoin,BOLI,370,0.00625192,0.00000253,870.076,40566.0,6488600.0,6488600.0,2.09,19.24,58.67,1496452466
Rawcoin,XRC,371,0.0518499,0.00002098,1789.57,36548.0,704882.0,704882.0,19.75,8.7,191.56,1496452482
Independent Money System,IMS,372,0.00658709,0.00000267,847.712,35366.0,5368934.0,5368934.0,1.7,-3.01,-2.25,1496452471
LevoPlus,LVPS,373,0.0789801,0.00003196,3155.28,32646.0,413347.0,91413347.0,-0.11,74.35,-40.34,1496452486
Marijuanacoin,MAR,374,0.054865,0.00002220,11792.1,28677.0,522690.0,522690.0,2.64,-14.37,11.42,1496452485
BeaverCoin,BVC,375,0.00889702,0.00000360,607.374,27717.0,3115258.0,3115258.0,-4.61,3.38,-4.98,1496452459
PIECoin,PIE,376,0.000369347,0.00000015,538.121,26619.0,72069617.0,72069617.0,-0.11,-0.05,4.62,1496452486
Eurocoin,EUC,377,0.0017794,0.00000072,1480.89,20873.0,11730350.0,11730350.0,5.15,21.88,-12.41,1496452465
Bitvolt,VOLT,378,0.000840274,0.00000034,911.618,12699.0,15112554.0,60132654.0,2.92,17.99,4.64,1496452492
Beatcoin,XBTS,379,0.00645261,0.00000261,1396.7,9838.0,1524686.0,2524686.0,2.72,1.5,26.39,1496452479
Ebittree Coin,EBT,380,0.0105034,0.00000425,1117.07,9166.0,872670.0,810872670.0,-0.11,-10.08,3.51,1496452490
AllSafe,ASAFE,381,0.0000127783,0.000000005,1100.14,9073.0,710000000.0,710000000.0,36.19,-33.53,143.32,1496452481
BenjiRolls,BENJI,382,0.000469565,0.00000019,5083.27,8898.0,18948836.0,18948836.0,-0.11,5.52,-3.59,1496452484
Argus,ARGUS,383,0.00663311,0.00000268,855.477,7617.0,1148324.0,5194373.0,13.82,29.35,33.06,1496452486
Digital Money Bits,DMB,384,0.015882,0.00000643,9113.39,5003.0,315000.0,10315000.0,0.68,11.87,130.74,1496452492
Environ,ENV,385,0.0000247051,0.000000010,3629.39,3240.0,131129509.0,931129509.0,-0.21,-24.64,,1496452491
Gold Pressed Latinum,GPL,386,0.183402,0.00007421,7288.06,,,204129.0,0.55,-4.39,-9.18,1496452491
SnakeEyes,SNAKE,387,0.139017,0.00005625,646.289,,,10000000.0,-5.94,-0.96,37.98,1496452491
Arcade Token,ARC,388,3.74133,0.00167261,,10773690.0,2879642.0,2879642.0,,,50.15,1496180681
Scotcoin,SCOT,389,0.00774289,0.00000321,,7742890.0,1000000000.0,1000000000.0,,-7.09,73.19,1496426352
MUSE,MUSE,390,0.00524764,0.00000212,459.243,7214668.0,1374840478.0,1524840478.0,34.97,28.64,101.79,1496452463
Jinn,JINN,391,56.0427,0.0228523,,3289875.0,58703.0,1000000.0,,20.13,-26.28,1496444660
XCurrency,XC,392,0.521341,0.00021095,210.069,3027374.0,5806897.0,5806897.0,-0.11,21.53,17.13,1496452452
AsiaCoin,AC,393,0.00302604,0.00000122,4.68582,2542858.0,840325238.0,840325238.0,-0.2,10.15,-5.84,1496452450
Bitpark Coin,BPC,394,0.0186837,0.00000756,129.538,1401278.0,75000000.0,100000000.0,-0.11,21.92,13.46,1496452483
InsaneCoin,INSANE,395,0.0719708,0.00002912,344.461,1320017.0,18341004.0,18341004.0,-2.96,1.99,50.71,1496452481
NewYorkCoin,NYC,396,0.0000188641,0.000000008,138.551,1126563.0,59719935819.0,59719935819.0,-16.68,-20.86,-12.16,1496452452
Devcoin,DVC,397,0.0000632343,0.00000003,14.2594,885636.0,14005627500.0,14005627500.0,-0.2,394.41,92.94,1496452441
GlobalCoin,GLC,398,0.0132467,0.00000536,2.53741,863301.0,65171010.0,65171010.0,-0.11,-7.39,-51.04,1496452445
Pandacoin,PND,399,0.0000247139,0.00000001,179.358,803570.0,32514916898.0,32514916898.0,-0.11,3.67,10.84,1496452448
Ultimate Secure Cash,USC,400,0.0749796,0.00003034,96.1426,775522.0,10343113.0,38602656.0,-0.11,-3.46,15.25,1496452489
DubaiCoin,DBIC,401,0.149444,0.00006047,297.975,766500.0,5129014.0,6146942.0,-0.24,-8.19,-1.49,1496452470
Carboncoin,CARBON,402,0.0000494279,0.00000002,16.9487,760791.0,15391934086.0,15391934086.0,-0.11,3.64,10.84,1496452455
Tao,XTO,403,0.0238438,0.00000965,229.495,722870.0,30316911.0,32316911.0,4.73,39.29,27.5,1496452479
Cryptofund,FUND,404,0.5588,0.0002553,,558800.0,1000000.0,1000000.0,,,-6.39,1495948164
CageCoin,CAGE,405,0.0000054302,0.000000002,328.285,549367.0,101168328395,101168328395,-0.22,15.15,-14.34,1496452447
E-Currency Coin ,ECC,406,0.0000247139,0.00000001,3.95673,545204.0,22060603799.0,22060603799.0,-0.11,3.64,10.88,1496452449
Colossuscoin V2,CV2,407,0.0000235291,0.000000010,159.193,522140.0,22191230273.0,22191230273.0,-0.11,47.34,-28.7,1496452461
SmileyCoin,SMLY,408,0.0000182247,0.000000007,134.753,473118.0,25960250000.0,25960250000.0,-0.2,-33.81,2.06,1496452460
PayCoin,XPY,409,0.0387541,0.00001568,120.369,453539.0,11702989.0,11752989.0,-0.11,431.19,147.81,1496452459
Happycoin,HPC,410,0.0395423,0.00001600,247.858,449436.0,11365954.0,11365954.0,3.03,7.02,161.39,1496452490
ReeCoin,REE,411,0.036015,0.00001457,349.838,445423.0,12367704.0,6662367704.0,-2.58,-14.44,50.31,1496452476
Dashcoin,DSH,412,0.0244074,0.00000988,142.988,422042.0,17291579.0,17291579.0,-9.95,2.44,5.31,1496452458
SmartCoin,SMC,413,0.0173831,0.00000703,277.272,397967.0,22893902.0,22893902.0,4.39,48.35,39.46,1496452446
YashCoin,YASH,414,0.0383066,0.00001550,227.341,383070.0,10000117.0,10000117.0,-0.11,-19.47,10.6,1496452483
FuelCoin,FC2,415,0.00375652,0.00000152,159.121,380960.0,101412949.0,101412949.0,-0.11,5.79,,1496452453
Orbitcoin,ORB,416,0.124139,0.00005023,245.203,366946.0,2955932.0,2955932.0,-0.16,0.72,11.18,1496452445
LTBcoin,LTBC,417,0.000742106,0.00000032,,366499.0,493863915.0,493863915.0,,,,1496287754
TeslaCoin,TES,418,0.00508391,0.00000206,362.953,364893.0,71774059.0,71774059.0,-0.49,36.55,4.37,1496452447
Mineum,MNM,419,0.0384541,0.00001556,145.045,362867.0,9436367.0,9586367.0,-0.11,-0.2,-7.65,1496452475
RussiaCoin,RC,420,0.0436448,0.00001766,0.872897,358605.0,8216446.0,8216446.0,-0.11,3.55,14.94,1496452469
SuperCoin,SUPER,421,0.00853223,0.00000350,,351149.0,41155630.0,41155630.0,,2.26,,1496441051
HOdlcoin,HODL,422,0.00373181,0.00000151,247.266,346395.0,92822245.0,250000000.0,-0.11,20.42,53.4,1496452471
MTMGaming,MTM,423,0.108531,0.00004391,459.519,325593.0,3000000.0,5000000.0,-5.94,47.21,201.28,1496452487
Casino,CASINO,424,0.304861,0.00012336,3.65833,304861.0,1000000.0,1000000.0,-5.94,-32.18,-44.65,1496452487
Rare Pepe Party,RAREPEPEPRTY,425,16.1275,0.0067095,,290295.0,18000.0,100000.0,,,16.73,1496315982
Shorty,SHORTY,426,0.00289153,0.00000117,0.289153,289153.0,100000000.0,100000000.0,-0.11,-42.32,-17.0,1496452483
HitCoin,HTC,427,0.0000247139,0.00000001,14.4427,271762.0,10996318099.0,20996318099.0,-0.11,-34.5,-44.58,1496452471
Kobocoin,KOBO,428,0.0107506,0.00000435,1.03381,265542.0,24700248.0,24700248.0,-0.11,48.2,-39.35,1496452460
Crypto Bullion,CBX,429,0.263744,0.00010672,311.523,262656.0,995873.0,995873.0,-0.16,-18.83,-39.73,1496452441
Neutron,NTRN,430,0.0195377,0.00000791,188.173,246521.0,12617684.0,12617684.0,-0.08,-2.3,264.87,1496452463
SwagBucks,BUCKS,431,1.15586,0.00046769,1.2463,237825.0,205756.0,205756.0,16.5,8.43,-5.61,1496452469
BTCtalkcoin,TALK,432,0.00357833,0.00000161,,233631.0,65290635.0,65290635.0,,,-25.33,1496191750
The Cypherfunks,FUNK,433,0.0000050265,0.000000002,171.414,221987.0,44163645000.0,44163645000.0,-0.78,10.45,-35.65,1496452463
AgrolifeCoin,AGLC,434,0.0472658,0.00001990,,216888.0,4588683.0,204588683.0,,,,1496301878
VirtualCoin,VC,435,0.0213734,0.00000888,,215108.0,10064287.0,10064287.0,,0.97,1.22,1496433855
BritCoin,BRIT,436,0.00986087,0.00000399,166.862,209722.0,21268092.0,21268092.0,-0.1,3.67,9.2,1496452455
Vault Coin,VLTC,437,0.00701874,0.00000284,29.8113,208647.0,29727090.0,529727090.0,0.14,40.54,-17.92,1496452483
42-coin,42,438,4714.64,1.90768,266.511,198015.0,42.0,42.0,-0.22,9.63,30.63,1496452446
Pesobit,PSB,439,0.00600549,0.00000243,411.101,196216.0,32672808.0,32672808.0,-0.11,-0.62,6.94,1496452479
Coin(O),CNO,440,0.00175392,0.00000071,409.731,180864.0,103119606.0,103119606.0,-5.19,83.19,107.91,1496452449
BillaryCoin,BLRY,441,0.020043,0.00000811,23.7337,180049.0,8983158.0,8983158.0,-0.11,-1.58,-9.03,1496452474
KibiCoin,KIC,442,0.0121899,0.00000493,495.722,178694.0,14659150.0,14659150.0,-4.17,-24.77,,1496452493
Bitz,BITZ,443,0.0892373,0.00003720,,177662.0,1990891.0,1990891.0,,,7.44,1496351362
Zero,ZER,444,0.235227,0.00009518,454.015,175959.0,748040.0,748040.0,0.01,3.87,4.34,1496452487
Veltor,VLT,445,0.316314,0.00012799,313.813,175508.0,554855.0,554855.0,-0.11,-20.89,-25.49,1496452477
NetCoin,NET,446,0.000222039,0.00000009,27.6887,174773.0,787126712.0,787126712.0,-0.11,1.12,0.01,1496452445
Bitstar,BITS,447,0.00753775,0.00000305,324.001,173969.0,23079737.0,23079737.0,-0.1,-30.36,37.94,1496452452
Tristar Coin,TSTR,448,0.0343849,0.00001500,,172882.0,5027857.0,255027857.0,,,-14.3,1496271895
Titcoin,TIT,449,0.00312077,0.00000126,131.189,155721.0,49898202.0,49898202.0,3.19,7.0,-24.77,1496452456
LottoCoin,LOT,450,0.0000103851,0.000000004,11.3827,150491.0,14491014421.0,14491014421.0,-0.71,4.49,21.31,1496452444
PureVidz,VIDZ,451,0.00115935,0.00000047,28.0043,145133.0,125185064.0,125185064.0,-1.59,5.19,17.96,1496452484
Crave,CRAVE,452,0.115414,0.00004670,268.86,144232.0,1249695.0,1249695.0,-0.11,,145.67,1496452462
GAIA,GAIA,453,0.00593135,0.00000240,59.3135,142954.0,24101381.0,24101381.0,-0.11,,,1496452458
Stress,STS,454,0.000247139,0.00000010,2.4714,139667.0,565134332.0,565134332.0,-0.11,3.67,0.77,1496452471
Bitcurrency,BTCR,455,0.000757664,0.00000031,111.76,127529.0,168318724.0,168318724.0,-0.11,7.78,48.88,1496452481
GameUnits,UNITS,456,0.0367518,0.00001487,10.621,127395.0,3466364.0,3466364.0,-0.11,70.21,35.3,1496452484
Dollarcoin,DLC,457,0.0135497,0.00000548,6.1773,123393.0,9106714.0,9106714.0,12.91,28.02,51.91,1496452478
Xiaomicoin,MI,458,0.000292934,0.00000012,274.223,118973.0,406141855.0,406141855.0,-0.11,17.07,13.13,1496452466
MetalCoin,METAL,459,0.00154592,0.00000064,,118921.0,76925527.0,76925527.0,,1.33,-16.67,1496430259
BitcoinTX,BTX,460,0.00145812,0.00000059,60.0722,118200.0,81063122.0,81063122.0,-0.11,-43.87,-66.8,1496452462
C-Bit,XCT,461,0.000889702,0.00000036,80.563,117262.0,131799000.0,131799000.0,28.43,6.63,27.71,1496452471
Universal Currency,UNIT,462,0.00884759,0.00000358,8.16457,115429.0,13046431.0,13046431.0,-0.11,238.03,27.37,1496452463
QuazarCoin,QCN,463,0.0197712,0.00000800,92.8485,112968.0,5713770.0,5713770.0,-0.1,13.09,35.63,1496452454
TittieCoin,TTC,464,0.0000894395,0.00000004,103.999,112677.0,1259816434.0,1259816434.0,-0.12,26.94,20.82,1496452458
HyperStake,HYP,465,0.000276215,0.00000011,320.799,106563.0,385796097.0,385796097.0,-6.65,4.22,32.85,1496452455
Swing,SWING,466,0.0466846,0.00001889,45.0201,106394.0,2279006.0,2279006.0,-0.32,7.08,2.24,1496452466
Pakcoin,PAK,467,0.0028348,0.00000115,258.631,103918.0,36658100.0,36658100.0,0.01,9.27,4.06,1496452467
BigUp,BIGUP,468,0.0000494279,0.00000002,209.73,101559.0,2054696064.0,2054696064.0,-0.11,3.64,42.29,1496452470
BunnyCoin,BUN,469,0.0000010010,0.0000000004,23.1206,101514.0,101412778846,101412778846,0.56,18.58,21.8,1496452457
Sterlingcoin,SLG,470,0.0256726,0.00001039,353.11,99639.0,3881156.0,3881156.0,-0.11,4.16,3.77,1496452457
GlobalBoost-Y,BSTY,471,0.00865102,0.00000350,440.474,98608.0,11398430.0,11398430.0,-14.84,5.86,14.21,1496452458
RedCoin,RED,472,0.00129746,0.00000052,122.472,96152.0,74107896.0,74107896.0,0.17,109.28,38.58,1496452446
Coin2.1,C2,473,0.000951003,0.00000038,306.89,95078.0,99976323.0,99976323.0,-0.07,-3.61,-14.46,1496452452
Cannacoin,CCN,474,0.0197959,0.00000801,48.5354,92995.0,4697675.0,4697675.0,-0.11,-30.63,-27.95,1496452451
CorgiCoin,CORG,475,0.0000738887,0.00000003,4.4191,92498.0,1251855418.0,1251855418.0,1.2,17.9,-62.44,1496452447
FlutterCoin,FLT,476,0.000285737,0.00000012,56.9489,92069.0,322214524.0,322214524.0,-0.16,7.17,-8.79,1496452449
ChessCoin,CHESS,477,0.00165325,0.00000067,75.0186,89221.0,53967112.0,53967112.0,-9.07,49.22,54.28,1496452475
NoLimitCoin,NLC2,478,0.000444851,0.00000018,71.8662,89174.0,200458874.0,200458874.0,-0.11,33.29,7.2,1496452479
WayGuide,WAY,479,0.000889702,0.00000036,2.75719,89006.0,100040708.0,100040708.0,-0.11,,13.64,1496452478
KiloCoin,KLC,480,0.000420137,0.00000017,4.20137,82472.0,196297971.0,10025186872.0,-0.11,3.67,25.62,1496452470
Elementrem,ELE,481,0.00326441,0.00000132,41.6005,81677.0,25020582.0,25020582.0,0.81,4.46,18.61,1496452476
AmberCoin,AMBER,482,0.00182883,0.00000074,2.81583,79816.0,43643263.0,43643263.0,-0.11,,12.21,1496452460
KushCoin,KUSH,483,0.0147295,0.00000596,73.6476,79449.0,5393902.0,5393902.0,-0.11,50.7,34.76,1496452485
Digital Rupees,DRS,484,0.000148284,0.00000006,199.426,75744.0,510802961.0,510802961.0,-40.07,-11.14,-51.45,1496452484
UFO Coin,UFO,485,0.0000229521,0.00000001,,75452.0,3287383762.0,3287383762.0,,,2.98,1496273048
Triangles,TRI,486,1.0259,0.00041511,0.129933,74779.0,72891.0,72891.0,-0.11,3.65,-10.84,1496452455
MiloCoin,MILO,487,0.00702384,0.00000284,12.8379,72294.0,10292611.0,10292611.0,-0.11,34.33,122.27,1496452487
Valorbit,VAL,488,0.0000247139,0.00000001,4.20137,70989.0,2872425705.0,922340072425705,-0.11,3.67,10.84,1496452472
SproutsExtreme,SPEX,489,0.0000247139,0.00000001,22.4897,70845.0,2866607586.0,2866607586.0,-0.11,3.67,10.84,1496452470
Darsek,KED,490,0.00714233,0.00000289,58.3193,70448.0,9863462.0,9863462.0,-0.11,-6.36,-22.73,1496452489
Blakecoin,BLC,491,0.00580669,0.00000235,208.956,69162.0,11910789.0,11910789.0,1.63,0.5,1.88,1496452451
Guncoin,GUN,492,0.000370709,0.00000015,27.0397,67519.0,182133928.0,182133928.0,-0.1,3.69,41.85,1496452453
HempCoin,HMP,493,0.0000494279,0.00000002,124.805,67055.0,1356621578.0,2856621578.0,-0.11,3.67,16.56,1496452471
Yacoin,YAC,494,0.000568421,0.00000023,77.6838,66006.0,116121911.0,116121911.0,-0.11,3.67,4.12,1496452441
Zayedcoin,ZYD,495,0.0103799,0.00000420,79.3417,64810.0,6243840.0,6243840.0,-0.11,29.98,16.68,1496452478
Ratecoin,XRA,496,0.000593079,0.00000024,115.034,62930.0,106106715.0,106106715.0,-0.12,2.45,-7.07,1496452464
CCMiner,CCM100,497,0.0258644,0.00001047,59.2554,62498.0,2416354.0,6000000.0,-12.88,0.25,38.18,1496452485
Spots,SPT,498,0.00277171,0.00000112,481.8,62103.0,22406021.0,22406021.0,-1.58,-38.44,54.24,1496452444
Bitcloud,BTD,499,0.00540268,0.00000222,,60182.0,11139267.0,11139267.0,,2.09,-18.74,1496440775
DigiCube,CUBE,500,0.0000247139,0.00000001,10.7507,60033.0,2429126009.0,2429126009.0,-0.11,28.79,10.88,1496452466
MarteXcoin,MXT,501,0.0216483,0.00000876,0.116107,59060.0,2728161.0,2728161.0,-3.36,-4.29,-12.9,1496452474
Artex Coin,ATX,502,0.00311856,0.00000126,288.848,58312.0,18698470.0,268698470.0,-0.11,-16.19,36.3,1496452477
RevolverCoin,XRE,503,0.00266911,0.00000108,40.8564,58173.0,21794820.0,21794820.0,-0.11,24.41,18.9,1496452475
Nyancoin,NYAN,504,0.000193383,0.00000008,72.6745,57607.0,297891209.0,297891209.0,-0.54,2.94,8.45,1496452446
Debitcoin,DBTC,505,0.00301689,0.00000122,25.6545,54280.0,17992085.0,25992085.0,-8.6,14.76,-1.12,1496452475
AquariusCoin,ARCO,506,0.043112,0.00001744,83.1476,52713.0,1222699.0,1222699.0,-3.63,-0.07,28.96,1496452473
Evotion,EVO,507,0.0203916,0.00000825,73.1225,50351.0,2469220.0,2469220.0,0.25,19.87,-33.51,1496452468
AmsterdamCoin,AMS,508,0.00518993,0.00000210,51.5028,49843.0,9603707.0,16803707.0,-0.11,16.11,52.83,1496452465
SatoshiMadness,MAD,509,0.0000247139,0.00000001,10.1327,49445.0,2000683485.0,2000683485.0,-0.11,3.67,10.88,1496452466
CoExistCoin,COXST,510,0.00181862,0.00000074,48.2784,49355.0,27138905.0,27138905.0,2.5,35.72,0.43,1496452473
Lex4All,LEX,511,0.0487778,0.00001974,21.1208,48780.0,1000043.0,5000000.0,-5.94,8.44,4.44,1496452488
AurumCoin,AU,512,0.163928,0.00006633,108.287,48558.0,296216.0,296216.0,-0.16,2.88,-11.16,1496452458
Eternity,ENT,513,0.0155932,0.00000631,206.579,47869.0,3069867.0,3069867.0,-0.1,-3.32,-25.61,1496452483
PayCon,CON,514,0.00207274,0.00000084,129.559,47761.0,23042604.0,23042604.0,-0.1,56.66,54.93,1496452460
808Coin,808,515,0.00022344,0.00000009,479.344,46540.0,208287380.0,208287380.0,-0.11,3.88,55.41,1496452476
Tigercoin,TGC,516,0.00103799,0.00000042,0.891882,45191.0,43536800.0,43536800.0,-0.1,-3.24,50.17,1496452448
NevaCoin,NEVA,517,0.0248757,0.00001007,99.178,45159.0,1815380.0,1815380.0,-7.39,-7.93,7.58,1496452471
Aricoin,ARI,518,0.000321281,0.00000013,39.4268,45064.0,140262505.0,140262505.0,-0.11,-11.28,18.91,1496452447
ICOBID,ICOB,519,0.000431237,0.00000017,33.5859,44789.0,103862796.0,103862796.0,-0.07,8.26,29.14,1496452485
Jin Coin,JIN,520,0.0044238,0.00000179,67.3497,43568.0,9848485.0,9848485.0,-0.11,-47.03,,1496452480
Sativacoin,STV,521,0.0060179,0.00000244,0.879875,42588.0,7076887.0,7076887.0,5.91,,11.29,1496452458
UniCoin,UNIC,522,0.0144892,0.00000586,95.5658,42193.0,2912015.0,2912015.0,-1.61,4.16,18.12,1496452464
Joulecoin,XJO,523,0.00130686,0.00000053,15.9067,42165.0,32264648.0,32264648.0,-0.1,-9.5,16.3,1496452444
UCoin,U,524,0.0153474,0.00000621,176.333,41282.0,2689812.0,2689812.0,-0.1,3.84,9.78,1496452461
Francs,FRN,525,0.0237651,0.00000962,214.149,40736.0,1714100.0,1714100.0,1.13,-26.46,19.74,1496452469
HealthyWormCoin,WORM,526,0.00244668,0.00000099,222.239,39344.0,16080652.0,16080652.0,9.64,46.62,-30.82,1496452488
Franko,FRK,527,0.0614883,0.00002488,7.52873,39165.0,636950.0,636950.0,-0.1,10.42,-40.08,1496452444
BurstOcean,OCEAN,528,0.184136,0.00007451,7.36545,39005.0,211827.0,1000000.0,-5.94,-8.36,0.97,1496452487
OctoCoin,888,529,0.000766132,0.00000031,32.605,37070.0,48386028.0,48386028.0,3.23,0.5,41.35,1496452450
FlavorCoin,FLVR,530,0.00173004,0.00000070,200.312,36155.0,20898106.0,20898106.0,-0.11,18.83,43.95,1496452469
SpaceCoin,SPACE,531,0.00202654,0.00000082,49.8119,36079.0,17803115.0,17803115.0,-0.11,-3.38,7.89,1496452466
WMCoin,WMC,532,0.00311404,0.00000128,,35897.0,11527489.0,911527489.0,,2.05,39.61,1496438372
Cypher,CYP,533,0.00558535,0.00000226,247.139,35552.0,6365285.0,6365285.0,-0.11,3.67,-14.16,1496452462
Dobbscoin,BOB,534,0.00687048,0.00000278,3.02659,34767.0,5060382.0,5060382.0,-0.1,5.9,13.31,1496452457
PopularCoin,POP,535,0.0000101967,0.000000004,9.63463,34085.0,3342784986.0,3342784986.0,0.05,-0.46,2.2,1496452452
Allion,ALL,536,0.00546806,0.00000221,135.719,33898.0,6199359.0,7323359.0,1.26,-11.72,-29.32,1496452486
GoldPieces,GP,537,0.0265883,0.00001076,341.026,32442.0,1220161.0,1220161.0,0.34,16.58,-14.62,1496452461
Evil Coin,EVIL,538,0.00154262,0.00000062,0.136245,32426.0,21020383.0,21020383.0,-0.12,5.04,8.97,1496452469
CryptoWorldX Token,CWXT,539,0.000591697,0.00000024,2.17783,32369.0,54704730.0,54704730.0,-0.11,3.45,10.61,1496452485
Uro,URO,540,0.0266169,0.00001077,63.0968,32135.0,1207310.0,1207310.0,-0.1,1.6,1.33,1496452454
Creatio,XCRE,541,0.00156007,0.00000063,238.807,32013.0,20520514.0,20520514.0,-0.11,115.0,28.52,1496452482
RonPaulCoin,RPC,542,0.0398636,0.00001613,20.4957,31471.0,789465.0,789465.0,-0.11,3.46,53.8,1496452446
Solarflarecoin,SFC,543,0.00224897,0.00000091,163.51,30861.0,13722200.0,13722200.0,1.0,4.8,-23.7,1496452484
Universe,UNI,544,0.010281,0.00000416,94.1344,30696.0,2985733.0,14185733.0,-3.9,-13.05,-4.22,1496452489
Grantcoin,GRT,545,0.000741418,0.00000030,127.387,30645.0,41333056.0,10041333056.0,-0.11,24.41,33.01,1496452465
NeuCoin,NEU,546,0.0000152156,0.000000006,0.825414,30291.0,1990764588.0,2014638413.0,-3.36,4.34,,1496452466
MACRON,MCRN,547,0.0000748399,0.00000003,229.854,30042.0,401421401.0,401421401.0,-0.11,2.36,63.27,1496452491
LeaCoin,LEA,548,0.000108511,0.00000004,78.4053,29979.0,276274489.0,276274489.0,-0.01,64.11,0.62,1496452463
Hexx,HXX,549,0.0220128,0.00000891,196.061,29804.0,1353933.0,1353933.0,0.05,-1.26,-32.12,1496452464
SixEleven,611,550,0.0714233,0.00002890,9.26647,29436.0,412133.0,412133.0,-0.11,,-63.13,1496452473
Dreamcoin,DRM,551,0.0120275,0.00000503,,29311.0,2436996.0,2436996.0,,,1.62,1496330352
Zurcoin,ZUR,552,0.000370709,0.00000015,62.9991,29287.0,79003008.0,79003008.0,-0.11,6.94,17.47,1496452473
Hommalicoin,HMC,553,11.7946,0.00496011,,28528.0,2419.0,1000000000.0,,,137.33,1496299177
PlatinumBAR,XPTX,554,0.160641,0.00006500,9.98204,28108.0,174973.0,174973.0,-0.11,20.88,7.59,1496452473
Bitzeny,ZNY,555,0.000370709,0.00000015,60.9303,28031.0,75614500.0,75614500.0,-0.11,3.67,14.74,1496452464
ParallelCoin,DUO,556,0.0972183,0.00003934,339.425,27949.0,287489.0,287489.0,-0.34,31.49,22.9,1496452466
Unrealcoin,URC,557,0.00392952,0.00000159,20.8112,27603.0,7024402.0,7024402.0,-0.11,4.33,6.03,1496452462
BumbaCoin,BUMBA,558,0.0012357,0.00000050,2.29728,27119.0,21946626.0,21946626.0,-0.11,3.67,-25.27,1496452472
Honey,HONEY,559,0.391041,0.00015823,388.908,26710.0,68306.0,68306.0,-1.86,68.6,-36.26,1496452487
PX,PX,560,0.000345995,0.00000014,47.3615,26589.0,76848949.0,76848949.0,-0.11,-36.9,-18.33,1496452477
Cannation,CNNC,561,0.0103551,0.00000419,86.2739,25422.0,2454992.0,2454992.0,-0.11,98.66,-3.84,1496452492
Firecoin,FIRE,562,0.257149,0.00010405,0.771322,25307.0,98412.0,98412.0,-0.11,79.59,-4.63,1496452454
Photon,PHO,563,0.0000013988,0.0000000006,34.8509,24962.0,17845701266.0,17845701266.0,-0.0,-25.35,9.49,1496452449
CryptoEscudo,CESC,564,0.000172998,0.00000007,31.8592,24930.0,144105100.0,594105100.0,-0.11,3.64,10.88,1496452450
ARbit,ARB,565,0.00357811,0.00000149,,23165.0,6474045.0,6474045.0,,,-3.45,1496362165
SoonCoin,SOON,566,0.00185355,0.00000075,4.20719,23100.0,12462620.0,12462620.0,8.58,-13.61,-14.08,1496452460
Ride My Car,RIDE,567,0.000226957,0.00000009,95.4833,22945.0,101098780.0,101098780.0,-0.11,8.56,-11.04,1496452485
AntiBitcoin,ANTI,568,0.00130984,0.00000053,211.991,22877.0,17465159.0,17465159.0,-0.11,-5.29,7.89,1496452468
BiosCrypto,BIOS,569,0.0010627,0.00000043,0.271829,22037.0,20737003.0,20737003.0,-0.11,-8.46,12.62,1496452465
Theresa May Coin,MAY,570,0.00143341,0.00000058,16.5171,21919.0,15291650.0,15291650.0,-0.11,-14.08,,1496452493
X-Coin,XCO,571,0.00170526,0.00000069,4.40467,21120.0,12384976.0,12384976.0,-0.11,-20.52,-16.93,1496452461
Flaxscript,FLAX,572,0.00373181,0.00000151,2.71973,20513.0,5496730.0,5496730.0,-0.11,2.66,8.23,1496452465
Prototanium,PR,573,0.104278,0.00004219,48.5508,20278.0,194462.0,194462.0,-0.07,4.55,8.97,1496452468
MindCoin,MND,574,0.00160641,0.00000065,21.825,20155.0,12546625.0,12546625.0,-0.11,0.58,2.93,1496452469
Kittehcoin,MEOW,575,0.0000008283,0.0000000003,386.216,19801.0,23905669976.0,23905669976.0,48.25,50.5,65.55,1496452445
Halcyon,HAL,576,0.00422609,0.00000171,11.3109,19657.0,4651446.0,4651446.0,-0.11,17.44,-3.67,1496452456
Sprouts,SPRTS,577,0.0000001095,0.00000000004,70.8805,19205.0,175421739944,175421739944,-3.36,6.48,11.2,1496452464
Destiny,DES,578,0.0119863,0.00000485,207.488,19178.0,1600000.0,1600000.0,-0.11,-21.44,10.65,1496452470
B3Coin,B3,579,0.0621706,0.00002516,96.9289,19114.0,307438.0,307438.0,-0.11,-12.75,8.44,1496452478
IslaCoin,ISL,580,0.0125965,0.00000510,325.621,19067.0,1513704.0,1513704.0,-0.11,,-26.47,1496452466
Magnum,MGM,581,0.00516496,0.00000225,,18735.0,3627420.0,253627420.0,,,71.59,1496272491
Luna Coin,LUNA,582,0.0151593,0.00000613,227.79,18606.0,1227386.0,1227386.0,-0.13,4.19,15.94,1496452484
VIP Tokens,VIP,583,0.000222426,0.00000009,2.47149,18562.0,83450403.0,83450403.0,-0.11,-6.7,-9.31,1496452471
Alexium,AUM,584,0.000914416,0.00000037,0.457208,18560.0,20297336.0,20297336.0,-0.11,3.67,10.84,1496452465
BipCoin,BIP,585,0.0134444,0.00000544,55.4206,18068.0,1343889.0,1343889.0,0.44,6.81,-31.63,1496452481
SongCoin,SONG,586,0.000554606,0.00000022,35.7979,18061.0,32565300.0,32565300.0,0.6,-8.61,18.21,1496452461
SecretCoin,SCRT,587,0.00424808,0.00000177,,17964.0,4228672.0,4228672.0,,0.68,14.66,1496414965
GPU Coin,GPU,588,0.000442602,0.00000018,148.911,17915.0,40477042.0,51530001.0,2.13,59.09,69.74,1496452474
Vector,VEC2,589,0.00111213,0.00000045,27.0738,17621.0,15844490.0,15844490.0,-0.11,6.03,-48.58,1496452468
Litecred,LTCR,590,0.000577414,0.00000023,128.836,17454.0,30227750.0,30227750.0,-0.53,-12.7,51.9,1496452469
GameBet Coin,GBT,591,0.00081556,0.00000033,0.40778,17341.0,21262780.0,22262780.0,-0.11,-0.83,5.05,1496452473
DAPPSTER,DLISK,592,0.000172998,0.00000007,0.820355,17300.0,100000000.0,100000000.0,-0.11,-9.29,-21.88,1496452476
BTCDragon,DRAGON,593,0.0426806,0.00001727,170.722,17249.0,404146.0,1000000.0,-5.94,-52.56,-54.26,1496452486
PLNcoin,PLNC,594,0.000988558,0.00000040,1.58169,16894.0,17089600.0,19089600.0,-0.11,-9.83,-14.41,1496452450
Sling,SLING,595,0.0154709,0.00000626,10.8483,16617.0,1074095.0,1074095.0,-0.11,3.51,22.77,1496452462
Steps,STEPS,596,0.00089215,0.00000037,,16616.0,18625017.0,18625017.0,,1.12,9.37,1496434766
Shilling,SH,597,0.00510909,0.00000207,183.891,16508.0,3231050.0,3231050.0,-2.71,76.88,148.58,1496452479
1CRedit,1CR,598,0.185355,0.00007500,9.88558,16351.0,88213.0,88213.0,-0.11,83.12,87.78,1496452470
Impact,IMX,599,0.000148284,0.00000006,2.4714,16210.0,109314611.0,109314611.0,-0.11,-11.16,-16.87,1496452488
VapersCoin,VPRC,600,0.0000207005,0.000000008,92.7458,16149.0,780124964.0,1635124964.0,-0.1,28.57,12.2,1496452478
Orlycoin,ORLY,601,0.000431634,0.00000018,,15818.0,36646779.0,36646779.0,,0.59,15.19,1496410470
Blackstar,BSTAR,602,0.0000247139,0.00000001,46.9565,15589.0,630795971.0,630795971.0,-0.11,3.67,10.84,1496452483
AnarchistsPrime,ACP,603,0.00350938,0.00000142,6.04582,15423.0,4394874.0,4394874.0,-0.11,3.58,-28.13,1496452464
BowsCoin,BSC,604,0.00276796,0.00000112,16.8846,15362.0,5550102.0,5550102.0,-0.11,3.67,69.18,1496452465
BitQuark,BTQ,605,0.00207597,0.00000084,17.4123,14855.0,7155671.0,7155671.0,-0.11,10.23,-34.98,1496452452
FuzzBalls,FUZZ,606,0.0030151,0.00000122,305.629,14563.0,4829945.0,4829945.0,-5.09,3.58,6.89,1496452472
OsmiumCoin,OS76,607,0.0162618,0.00000658,1.77533,14538.0,894026.0,894026.0,-0.1,10.56,24.96,1496452470
GuccioneCoin,GCC,608,0.000700961,0.00000029,,14219.0,20285537.0,23775537.0,,1.39,-9.46,1496435363
BlazeCoin,BLZ,609,0.0000229190,0.000000009,0.251934,13948.0,608557394.0,608557394.0,-5.91,4.82,24.73,1496452454
Metal Music Coin,MTLMC3,610,0.000171899,0.00000007,33.2848,13704.0,79719140.0,79719140.0,-0.11,-9.1,42.17,1496452464
BitTokens,BXT,611,0.0259496,0.00001050,33.3103,13489.0,519810.0,519810.0,-0.11,3.67,171.93,1496452477
JobsCoin,JOBS,612,0.00012357,0.00000005,70.9425,13101.0,106019270.0,200019300.0,-0.11,3.67,38.55,1496452481
Crypto,CTO,613,0.00130984,0.00000053,161.431,13006.0,9929504.0,9929504.0,-0.11,70.33,-34.73,1496452463
TajCoin,TAJ,614,0.00222752,0.00000090,79.052,12862.0,5774128.0,5774128.0,-0.83,7.06,41.24,1496452477
MustangCoin,MST,615,0.0200526,0.00000810,,12608.0,628730.0,628730.0,0.67,-12.22,-51.62,1496450376
TAGRcoin,TAGR,616,0.000321281,0.00000013,1.25488,12424.0,38669634.0,38669634.0,-0.11,2.68,-12.98,1496452464
WARP,WARP,617,0.0105936,0.00000443,,11602.0,1095224.0,1095224.0,,0.31,12.98,1496415568
Bitcoin 21,XBTC21,618,0.0145198,0.00000655,,11516.0,793108.0,7093108.0,,,-34.35,1496220571
Solaris,XLR,619,0.0673527,0.00002725,142.647,11460.0,170150.0,270150.0,-0.11,-6.23,-33.14,1496452489
Comet,CMT,620,0.0130038,0.00000526,4.18596,11350.0,872830.0,872830.0,-0.11,5.47,17.01,1496452475
Money,$$$,621,0.000244225,0.00000010,67.3993,11207.0,45887218.0,45887218.0,0.09,5.62,-15.74,1496452469
Iconic,ICON,622,0.017794,0.00000720,0.49675,10550.0,592894.0,592894.0,-0.11,,-5.65,1496452485
Cabbage,CAB,623,0.000988558,0.00000040,267.409,10380.0,10499996.0,10499996.0,-0.11,-9.85,-25.82,1496452472
DPAY,DPAY,624,0.00012357,0.00000005,25.0771,9829.0,79541001.0,79541001.0,-0.11,29.59,38.55,1496452480
Zonecoin,ZNE,625,0.00380595,0.00000154,59.4324,9827.0,2581970.0,2581970.0,-0.11,4.35,30.54,1496452478
Cashcoin,CASH,626,0.000271853,0.00000011,1.91071,9741.0,35831128.0,35831128.0,-0.11,,10.88,1496452447
G3N,G3N,627,0.00128513,0.00000052,0.40689,9718.0,7561891.0,7561891.0,-0.11,3.64,6.74,1496452463
LetItRide,LIR,628,0.000271853,0.00000011,31.2413,9588.0,35270008.0,35270008.0,-0.11,-23.97,-9.43,1496452476
Xonecoin,XOC,629,0.0227863,0.00000922,2.91887,9570.0,420000.0,420000.0,-0.11,3.78,10.91,1496452477
High Voltage,HVCO,630,0.00611441,0.00000256,,9136.0,1494171.0,1694171.0,,,20.18,1496333672
EGO,EGO,631,0.000148284,0.00000006,10.1986,8897.0,60000001.0,60000001.0,-0.11,-11.14,-4.99,1496452479
Coinonat,CXT,632,0.00414143,0.00000168,381.566,8890.0,2146702.0,8146702.0,-0.34,50.24,37.55,1496452489
JIO Token,JIO,633,0.00457208,0.00000185,130.647,8724.0,1908128.0,8888888.0,-0.11,26.18,96.0,1496452483
iBank,IBANK,634,0.00188531,0.00000079,,8534.0,4526324.0,4526324.0,,,7.05,1496357683
Abncoin,ABN,635,0.12357,0.00005000,3.08924,8366.0,67700.0,4734367.0,-10.97,-24.57,52.71,1496452484
Speedcash,SCS,636,0.0310654,0.00001257,303.303,8110.0,261061.0,476148.0,-0.11,-36.76,-23.17,1496452490
Scorecoin,SCORE,637,0.000480833,0.00000019,17.7469,8007.0,16652010.0,16652010.0,-0.11,-43.63,-47.38,1496452488
Hirocoin,HIRO,638,0.0000247139,0.00000001,2.4714,7699.0,311540251.0,311540251.0,-0.1,3.67,10.84,1496452451
Qibuck Asset,QBK,639,0.00512167,0.00000207,2.04867,7458.0,1456187.0,2000000.0,-5.94,51.81,11.59,1496452492
PosEx,PEX,640,0.00289153,0.00000117,8.20041,7094.0,2453240.0,2453240.0,-0.11,3.67,-5.25,1496452472
Dix Asset,DIX,641,0.0000000684,0.00000000003,,6844.0,100000000000,100000000000,,4.3,-11.81,1496417087
Future Digital Currency,FDC,642,0.00247139,0.00000100,64.2563,6387.0,2584401.0,1002584401.0,-0.11,-9.87,5.56,1496452483
Printerium,PRX,643,0.000662422,0.00000027,285.546,6011.0,9074428.0,9074428.0,-0.11,2.94,-19.92,1496452484
BioBar,BIOB,644,0.00659862,0.00000267,111.396,5845.0,885756.0,985756.0,12.93,32.09,50.85,1496452487
SydPak,SDP,645,0.0347231,0.00001405,0.855473,5505.0,158538.0,158538.0,-0.11,-13.14,12.93,1496452466
ImpulseCoin,IMPS,646,0.000271853,0.00000011,1.60433,5504.0,20245510.0,20245510.0,-0.11,-23.97,-15.35,1496452481
Save and Gain,SANDG,647,0.00141989,0.00000064,,4352.0,3064800.0,3064800.0,,,-3.51,1496226272
Concoin,CONX,648,0.00617849,0.00000250,102.514,4250.0,687849.0,1538849.0,-0.11,-18.43,44.06,1496452490
Antilitecoin,ALTC,649,0.00012357,0.00000005,8.30137,3894.0,31512613.0,31512613.0,-0.11,-25.95,-30.72,1496452472
GeertCoin,GEERT,650,0.000763934,0.00000031,12.2815,3889.0,5090239.0,5090239.0,-0.16,-5.76,-20.08,1496452487
NodeCoin,NODC,651,0.00221639,0.00000097,,3720.0,1678439.0,5878439.0,,,3.55,1496270080
Revenu,REV,652,0.00281739,0.00000114,30.6526,3368.0,1195525.0,1195525.0,-0.11,,,1496452471
Elysium,ELS,653,0.000840274,0.00000034,54.7639,3365.0,4005012.0,4005012.0,-0.11,-39.21,-24.63,1496452485
Pulse,PULSE,654,0.000212203,0.00000009,111.017,3034.0,14298972.0,14298972.0,-1.83,-2.37,-58.27,1496452470
Selfiecoin,SLFI,655,0.0000247139,0.00000001,1.97712,2665.0,107829281.0,107829281.0,-0.11,3.67,10.84,1496452462
Californium,CF,656,0.0200677,0.00000812,29.2428,2230.0,111110.0,111110.0,-0.11,-1.32,9.68,1496452463
Doubloon,BOAT,657,0.000518297,0.00000021,127.83,1839.0,3547845.0,18547845.0,-0.11,-0.69,-26.38,1496452486
P7Coin,P7C,658,0.0000494279,0.00000002,0.716284,1741.0,35220238.0,35220238.0,-0.11,-30.89,10.84,1496452463
Enigma,XNG,659,0.0973977,0.00003941,45.622,1619.0,16627.0,66627.0,-0.11,-25.47,12.44,1496452472
GanjaCoin,420G,660,0.00192777,0.00000078,28.8363,1297.0,672975.0,1741116.0,-0.1,-73.04,-93.8,1496452459
Powercoin,PWR,661,0.0000247139,0.00000001,77.6896,1235.0,49983870.0,49983870.0,-0.11,3.67,10.84,1496452474
Dollar Online,DOLLAR,662,0.0119863,0.00000485,224.676,1059.0,88379.0,10088379.0,-0.11,-21.19,-9.97,1496452483
23 Skidoo,CHAO,663,3979.02,1.61003,123.008,1005.0,0.0,0.0,-0.11,10.54,-28.66,1496452464
Impeachcoin,IMPCH,664,0.0028421,0.00000115,5.93352,876.0,308179.0,2501512.0,-0.11,-10.6,-49.18,1496452486
Digital Credits,DGCS,665,0.000148284,0.00000006,36.5848,864.0,5826388.0,201284316.0,-0.11,52.32,10.84,1496452467
SwapToken,TOKEN,666,0.0000241596,0.000000010,9.25334,848.0,35110531.0,35110531.0,-0.11,96.16,4955.43,1496452475
Zcashshare,ZHS,667,0.000216504,0.00000009,,612.0,2826000.0,2826000.0,,0.91,-29.34,1496411380
CRTCoin,CRT,668,0.00494279,0.00000200,0.0000000247,392.0,79270.0,10079270.0,-0.11,3.67,10.88,1496452451
PizzaCoin,PIZZA,669,0.000247139,0.00000010,69.1001,341.0,1377917.0,10127917.0,-0.11,21.98,60.22,1496452478
Xenixcoin,XEN,670,0.0271853,0.00001100,37.0709,275.0,10100.0,10010100.0,-0.11,75.44,-53.71,1496452482
CaliphCoin,CALC,671,0.00101641,0.00000041,15.1804,89.0,87140.0,148587140.0,-0.11,20.11,-39.79,1496452479
MikeTheMug,MUG,672,0.0000051456,0.000000002,,5.0,999279.0,1000000.0,,,-99.44,1496047185
BTCGold,XBG,673,0.139782,0.00005656,28.358,,,99000001.0,-0.11,6.75,-39.13,1496452492
Soarcoin,SOAR,674,0.0185116,0.00000749,142.384,,,5000000000.0,-0.05,3.94,-22.49,1496452488
Project-X,NANOX,675,311396.0,126.0,1226.85,,,1.0,-0.11,-47.33,,1496452493
Internet of Things,XOT,676,1220.01,0.493654,1553.61,,,21000000.0,-0.03,3.97,21.47,1496452489
AMIS,AMIS,677,277.548,0.115061,,,,,,-1.01,,1496391890
Bitcoin Unlimited (Futures),BTU,678,122.149,0.0494251,804.048,,,,0.02,-1.2,-22.65,1496452488
Malcoin,MALC,679,32.2118,0.0130339,43496.0,,,1000000000.0,-0.11,10.6,11.02,1496452490
GoldUnionCoin,GUC,680,23.0015,0.0093071,19996.7,,,210000000.0,-0.11,19.12,21.51,1496452490
Qtum (Pre-Launch),QTUM,681,13.2561,0.00536383,53444600.0,,,100000000.0,-0.38,55.73,234.51,1496452492
ZenCash,ZEN,682,9.8864,0.00400033,23724.6,,,1393550.0,5.11,-10.27,,1496452493
Fargocoin,FRGC,683,7.05213,0.0028535,662689.0,,,443930225.0,0.05,3.79,7.16,1496452483
EcoCoin,ECO,684,3.7016,0.00149778,44932.5,,,1093895.0,-1.93,-5.51,19.06,1496452493
Internet of People,IOP,685,3.58373,0.00145009,2410.39,,,2139406.0,3.56,-1.66,50.51,1496452482
DECENT (Pre-Launch),DCT,686,3.50559,0.00141847,5066.36,,,73290000.0,-0.11,24.19,-7.51,1496452482
PRIZM,PZM,687,1.13416,0.00045891,35029.4,,,,-0.11,9.56,18.35,1496452492
Bitcore,BTX,688,1.06609,0.00043137,17042.8,,,16361491.0,-0.83,3.38,-37.06,1496452491
OBITS.WARRANT,WARRANT,689,1.0004,0.00040479,1975.98,,,,0.8,,,1496452493
DynamicCoin,DMC,690,0.998439,0.000404,426600.0,,,10541442931.0,0.03,0.05,0.07,1496452481
Databits,DTB,691,0.808141,0.000327,137046.0,,,,-3.92,0.87,3.94,1496452488
Aeternity (Pre-Launch),AE,692,0.741418,0.0003,1798.18,,,,-0.11,7.25,,1496452493
GAY Money,GAY,693,0.635173,0.00025701,182.096,,,5603061744.0,-0.11,28.31,66.08,1496452479
TechShares,THS,694,0.634629,0.00025679,5.92732,,,646359158.0,-0.11,7.08,8.6,1496452478
XDE II,XDE2,695,0.591559,0.00023936,1.32176,,,42249.0,-0.29,3.96,12.11,1496452488
Bitgem,BTG,696,0.557547,0.0002256,26.0932,,,,-0.16,-29.18,-35.92,1496452441
LEOcoin,LEO,697,0.522748,0.00021152,275584.0,,,92924074.0,3.64,10.6,25.22,1496452466
InvisibleCoin,IVZ,698,0.437437,0.000177,165.865,,,,-0.11,92.92,329.15,1496452468
WA Space,WA,699,0.378717,0.00015324,44447.1,,,,-0.11,-3.75,29.3,1496452481
ZenGold,ZENGOLD,700,0.350358,0.00014176,1893.51,,,,8.95,26.87,,1496452493
ClubCoin,CLUB,701,0.284911,0.00011528,15034.8,,,90899180.0,0.33,0.62,0.55,1496452469
TeslaCoilCoin,TESLA,702,0.275239,0.00011137,170.699,,,100000000.0,-0.11,-49.78,21.01,1496452475
Yogold,YOG,703,0.272026,0.00011007,32.8662,,,100000000.0,-0.11,3.79,21.88,1496452488
TROPTIONS,TROPTIONS,704,0.248173,0.00010598,,,,1000000001.0,,,,1496287780
Topaz Coin,TOPAZ,705,0.247423,0.00010011,25314.1,,,38239.0,-0.12,327.43,113.04,1496452492
Zilbercoin,ZBC,706,0.228224,0.00009235,93950.4,,,9009284.0,-5.37,-3.41,-25.41,1496452485
Pabyosi Coin (Special),PCS,707,0.17025,0.00006889,3159.78,,,30993751760.0,-0.11,7.28,30.95,1496452483
Golos Gold,GBG,708,0.167215,0.00006766,4305.47,,,,-0.11,2.95,3.1,1496452485
AlpaCoin,APC,709,0.157823,0.00006386,690.461,,,,-0.11,6.54,29.32,1496452469
EquiTrader,EQT,710,0.130984,0.00005300,93810.9,,,7670440.0,-0.11,3.67,17.49,1496452493
LandCoin,LDCN,711,0.108193,0.00004378,25351.8,,,19003881978.0,-0.08,15.7,329.8,1496452484
Wowecoin,WEC,712,0.104,0.00004208,11333.4,,,8901692.0,-0.0,-0.0,4.0,1496452476
Tattoocoin (Limited Edition),TLE,713,0.0953929,0.00003860,18.0233,,,975532.0,-0.11,-25.9,-21.69,1496452490
DeusCoin,DEUS,714,0.0896622,0.00003628,6956.45,,,,-0.11,5.64,-14.47,1496452490
InsaneCoin,INSN,715,0.0776914,0.00003144,3530.18,,,18528338.0,-31.85,-9.36,50.67,1496452492
Omicron,OMC,716,0.0762425,0.00003085,0.247139,,,10134122.0,-0.11,6.61,10.81,1496452480
WavesGo,WGO,717,0.0713773,0.00002888,1613.14,,,10000000.0,0.04,32.95,75.01,1496452491
Quartz,QRZ,718,0.0664311,0.00002688,2561.94,,,21000000.0,-0.11,-61.55,,1496452492
Fazzcoin,FAZZ,719,0.0544383,0.00002203,894.847,,,1022577370.0,-0.11,39.03,-25.69,1496452490
Elacoin,ELC,720,0.0444851,0.00001800,37.804,,,,-0.11,,52.44,1496452442
CryptoBuck,BUK,721,0.0408224,0.00001652,1.03992,,,,,27.16,39.29,1496452459
International Diamond,XID,722,0.038234,0.00001588,,,,,,1.0,,1496373575
DeltaCredits,DCRE,723,0.0293185,0.00001217,,,,,,1.03,1.93,1496419764
President Johnson,GARY,724,0.0291986,0.00001181,119.162,,,57968072167.0,-0.11,3.65,75.08,1496452477
IvugeoCoin,IEC,725,0.0245904,0.00000995,0.248307,,,,-0.11,3.74,,1496452463
RHFCoin,RHFC,726,0.0244922,0.00000991,9060.58,,,200157080.0,-0.11,-1.82,-4.03,1496452490
EDRCoin,EDRC,727,0.0234891,0.00000950,14093.6,,,3407292.0,1.52,1.2,-17.78,1496452472
ShellPay,SHELL,728,0.0208439,0.00000843,13202.8,,,,5.19,-0.11,-2.84,1496452464
Lepaoquan,HLB,729,0.0204035,0.00000826,1101830.0,,,935398772.0,-1.33,6.32,10.21,1496452483
Gycoin,GYC,730,0.0191088,0.00000773,5675.04,,,22213403.0,3.86,12.42,0.9,1496452476
Avoncoin,ACN,731,0.0170526,0.00000690,2701.5,,,,10.68,-10.47,-11.61,1496452485
KolschCoin,TP1,732,0.0147961,0.00000620,,,,,,,41.49,1496357661
Digitalfund,DTF,733,0.0146788,0.00000594,21129.5,,,54000053.0,8.46,2.67,-18.96,1496452478
PiCoin,PI,734,0.0132349,0.00000549,,,,1378369.0,,-7.47,-1.47,1496432391
Mind Gene,MG,735,0.0121098,0.00000490,5786.77,,,,-5.51,-7.57,-9.91,1496452479
Sharkcoin,SAK,736,0.00999145,0.00000404,3341.54,,,,0.98,4.1,35.94,1496452461
Tyrocoin,TYC,737,0.0081556,0.00000330,7.41418,,,50134500.0,-0.11,9.3,-73.87,1496452491
First Bitcoin,BIT,738,0.00784668,0.00000318,1025.31,,,20706894545.0,-0.11,0.87,-26.59,1496452477
Goldpay Coin,GP,739,0.00714123,0.00000289,37397.4,,,,0.05,13.43,0.28,1496452492
Opal,OPAL,740,0.00697723,0.00000282,2474.73,,,,1.3,-3.51,17.78,1496452457
9COIN,9COIN,741,0.00674691,0.00000273,257.986,,,350050250.0,-0.11,-28.71,46.89,1496452492
GBCGoldCoin,GBC,742,0.00649,0.00000263,34.9231,,,,,29.8,11.27,1496452468
Helleniccoin,HNC,743,0.00642563,0.00000260,590.874,,,,-0.11,2.1,76.69,1496452464
Psilocybin,PSY,744,0.00593135,0.00000240,16.9126,,,,-0.11,,0.39,1496452471
Xaucoin,XAU,745,0.00593135,0.00000240,45.9235,,,,-0.11,3.27,-10.13,1496452461
EggCoin,EGG,746,0.00562322,0.00000237,,,,,,,6.41,1496295864
Slimcoin,SLM,747,0.00506636,0.00000205,128.513,,,13925626.0,-0.11,-21.31,,1496452460
Axiom,AXIOM,748,0.00489336,0.00000198,8.15533,,,,-0.11,2.63,7.06,1496452464
GoldReserve,XGR,749,0.00462151,0.00000187,1497.35,,,17162278.0,5.41,7.26,14.39,1496452454
Dashs,DASHS,750,0.00447322,0.00000181,13.5254,,,,-0.11,12.36,-62.11,1496452491
BagCoin,BGC,751,0.00432731,0.00000175,86560.6,,,497214120.0,0.17,3.01,2.39,1496452475
netBit,NBIT,752,0.00417666,0.00000169,4.17666,,,,-0.11,-0.45,33.8,1496452481
AvatarCoin,AV,753,0.00392952,0.00000159,0.0982379,,,,-0.11,,10.84,1496452468
Bitcoin Scrypt,BTCS,754,0.0039048,0.00000158,39.9075,,,,-0.1,-3.08,-3.87,1496452450
SportsCoin,SPORT,755,0.00343524,0.00000139,3485.6,,,19800001.0,-0.82,,366.88,1496452478
President Trump,PRES,756,0.00314676,0.00000127,395.042,,,57968072167.0,-0.11,25.13,21.67,1496452477
Quotient,XQN,757,0.00271853,0.00000110,72.4812,,,,-0.11,3.64,,1496452459
ZSEcoin,ZSE,758,0.00263679,0.00000107,25.7273,,,6382985.0,0.07,-7.31,-63.42,1496452488
RoyalCoin 2,RYCN,759,0.00259263,0.00000105,1769.32,,,2500124.0,-0.11,,-3.02,1496452480
BitcoinFast,BCF,760,0.00248743,0.00000101,66.2632,,,,-0.12,4.5,-17.19,1496452459
OCOW,OCOW,761,0.00227517,0.00000099,,,,,,,3.07,1496142268
TrickyCoin,TRICK,762,0.00227368,0.00000092,0.496503,,,,-0.11,4.84,-8.76,1496452461
GameLeagueCoin,GML,763,0.00219954,0.00000089,0.549885,,,,-0.11,,-4.22,1496452454
Condensate,RAIN,764,0.00214651,0.00000087,1419.01,,,42978123.0,0.84,34.76,16.11,1496452491
RichCoin,RICHX,765,0.00210122,0.00000093,,,,5925522.0,,,1.33,1496167172
Neptune Classic,NTCC,766,0.00200183,0.00000081,1491.17,,,,-0.11,-17.67,71.12,1496452486
Digital Bullion Gold,DBG,767,0.00182883,0.00000074,146.148,,,24523275.0,-0.11,37.94,36.71,1496452475
Clinton,CLINT,768,0.00168055,0.00000068,32.7856,,,,-0.11,-34.73,-30.21,1496452473
MMXVI,MMXVI,769,0.00168055,0.00000068,332.029,,,,-0.11,27.6,-34.06,1496452470
Mavro,MAVRO,770,0.00168043,0.00000070,,,,15005722.0,,,-23.87,1496349588
Advanced Internet Blocks,AIB,771,0.00152563,0.00000062,106.297,,,31411917820.0,-0.11,10.57,-38.52,1496452463
TodayCoin,TODAY,772,0.00135927,0.00000055,16.8112,,,,-0.11,23.95,48.69,1496452478
BestChain,BEST,773,0.00112854,0.00000046,5.09802,,,20042911.0,-0.92,7.37,0.24,1496452488
UR,UR,774,0.00111213,0.00000045,243.128,,,,-16.76,-15.16,-10.42,1496452486
Skeincoin,SKC,775,0.000988558,0.00000040,0.642563,,,,-0.1,-3.56,,1496452450
True Investment Coin,TIC,776,0.000988558,0.00000040,30.8873,,,,12.25,-3.56,-18.37,1496452486
RoyalCoin,ROYAL,777,0.000945926,0.00000038,21.5698,,,2500124.0,-0.11,-20.49,0.52,1496452480
The Aladin,ADT,778,0.000892522,0.00000032,,,,,,,,1495722585
Bitcedi,BXC,779,0.000864988,0.00000035,12.5728,,,,-0.11,-10.94,,1496452474
Donationcoin,DON,780,0.000864988,0.00000035,11066.6,,,,-2.88,6.46,,1496452454
Braincoin,BRAIN,781,0.000842028,0.00000035,,,,,,0.92,30.22,1496420372
Dubstep,DUB,782,0.000817313,0.00000034,,,,,,0.84,7.81,1496411064
IrishCoin,IRL,783,0.00081556,0.00000033,279.484,,,,-0.71,2.13,,1496452464
FrankyWillCoin,FRWC,784,0.000745197,0.00000031,,,,,,0.84,4.44,1496411075
Lazaruscoin,LAZ,785,0.000745197,0.00000031,,,,,,0.84,45.31,1496411078
Motocoin,MOTO,786,0.000741418,0.00000030,16.7907,,,,-0.11,-50.9,0.21,1496452453
KashhCoin,KASHH,787,0.000711168,0.00000029,1716.96,,,,-0.19,-1.57,156.6,1496452485
WeAreSatoshi,WSX,788,0.000691991,0.00000028,7.34438,,,,-0.11,-9.29,-8.69,1496452456
Quebecoin,QBC,789,0.000691991,0.00000028,2.59645,,,,3.59,11.68,13.62,1496452450
Opescoin,OPES,790,0.000674759,0.00000028,,,,,,1.09,8.08,1496432667
RubleBit,RUBIT,791,0.000667277,0.00000027,43.6101,,,,-29.03,-31.73,-11.98,1496452468
CBD Crystals,CBD,792,0.000573857,0.00000023,11.9158,,,,-0.11,13.93,-41.27,1496452481
Vsync,XVS,793,0.000568373,0.00000023,375.866,,,103334172.0,-0.18,9.83,-28.1,1496452489
BitAlphaCoin,BAC,794,0.000502045,0.00000020,47.3777,,,,-0.11,19.97,-23.63,1496452470
BlazerCoin,BLAZR,795,0.000494279,0.00000020,17.5333,,,,-0.11,10.97,77.65,1496452489
T-coin,TCOIN,796,0.000469565,0.00000019,1654.42,,,,-0.11,3.67,18.43,1496452483
Alphabet Coin Fund,FUN,797,0.000444851,0.00000018,65.2635,,,20742012.0,-0.11,,-73.75,1496452474
GoldMaxCoin,GMX,798,0.000395423,0.00000016,2.32311,,,84078950.0,-0.11,,-11.33,1496452471
UGAIN,GAIN,799,0.000370709,0.00000015,18.1184,,,,-0.11,3.67,38.21,1496452476
PrismChain,PRM,800,0.000370709,0.00000015,87.8913,,,,-0.11,11.08,-77.51,1496452474
MarxCoin,MARX,801,0.000360668,0.00000015,106.923,,,29332120.0,-0.11,-17.25,-19.62,1496452487
Gambleo,GMB,802,0.000345995,0.00000014,1.2352,,,,-0.11,3.46,-45.68,1496452487
Sakuracoin,SKR,803,0.000321034,0.00000013,126.268,,,,-3.08,-0.23,19.99,1496452480
Cubits,QBT,804,0.000293744,0.00000012,0.00323118,,,,-0.82,-41.32,-41.75,1496452480
VGINA,VGINA,805,0.000293742,0.00000012,0.00293742,,,11603228.0,-0.82,,-62.36,1496452491
Operand,OP,806,0.000290011,0.00000012,,,,36309296.0,,1.38,-13.29,1496423371
TeraCoin,TERA,807,0.000271853,0.00000011,3906.49,,,,-0.11,26.71,31.62,1496452487
DarkLisk,DISK,808,0.000271853,0.00000011,37.078,,,17888425.0,-0.11,-28.73,-12.91,1496452473
Cycling Coin,CYC,809,0.000271853,0.00000011,5.29699,,,,-0.11,-4.97,10.84,1496452465
The Vegan Initiative,XVE,810,0.000270868,0.00000011,344.169,,,,-0.12,-7.49,23.52,1496452489
Happy Creator Coin,HCC,811,0.000251177,0.00000010,23.0467,,,,-0.11,-4.45,17.52,1496452475
Grumfork,GMF,812,0.000247139,0.00000010,4.94279,,,,-0.11,3.7,,1496452490
MobileCash,MBL,813,0.000222426,0.00000009,10.5209,,,1068669648.0,-0.11,3.67,42.51,1496452480
President Sanders,BURN,814,0.000222426,0.00000009,142.867,,,57968072167.0,-0.11,-6.7,-36.77,1496452484
AsicCoin,ASC,815,0.000214279,0.00000009,24.597,,,,-0.2,,,1496452444
LAthaan,LTH,816,0.000197712,0.00000008,165.039,,,,-0.11,18.48,25.57,1496452480
Moneta,MONETA,817,0.000172998,0.00000007,159.457,,,,-0.11,-9.29,-3.01,1496452468
Halloween Coin,HALLO,818,0.00012181,0.00000005,345.237,,,264606185.0,-0.11,45.37,3.09,1496452492
TeamUp,TEAM,819,0.0000988558,0.00000004,0.259595,,,301004896.0,-0.11,3.67,47.79,1496452480
PayPeer,PAYP,820,0.0000988558,0.00000004,125.491,,,,-0.11,107.34,121.69,1496452472
Wowcoin,WOW,821,0.0000964807,0.00000004,,,,,,1.18,116.36,1496426381
TheCreed,TCR,822,0.0000741418,0.00000003,9.43336,,,,-0.11,-30.25,-33.49,1496452473
FireFlyCoin,FFC,823,0.0000741418,0.00000003,1.56953,,,,-0.11,211.1,232.64,1496452458
LinkedCoin,LKC,824,0.0000741418,0.00000003,14.1112,,,,-21.15,-22.25,-30.07,1496452476
LePen,LEPEN,825,0.0000696225,0.00000003,103.475,,,,-0.12,26.53,100.33,1496452485
InflationCoin,IFLT,826,0.0000496024,0.00000002,2367.21,,,3296308941.0,-0.16,8.24,31.11,1496452484
PokeCoin,POKE,827,0.0000494279,0.00000002,6.15133,,,,-0.11,3.67,-26.11,1496452477
PinkDog,PDG,828,0.0000494279,0.00000002,0.0000247139,,,,-0.11,3.67,121.69,1496452486
CyberCoin,CC,829,0.0000494279,0.00000002,49.4278,,,549267534.0,-0.11,3.67,121.76,1496452461
VegasCoin,VGC,830,0.0000494279,0.00000002,2.4714,,,,-0.11,82.16,23.64,1496452451
X2,X2,831,0.0000494279,0.00000002,8.01659,,,,-0.11,107.34,121.69,1496452469
Rcoin,RCN,832,0.0000494279,0.00000002,101.798,,,,-0.11,107.34,27.44,1496452480
MoneyCoin,MONEY,833,0.0000494279,0.00000002,1314.86,,,,-0.11,3.67,-17.46,1496452483
Tellurion,TELL,834,0.0000494279,0.00000002,4.94277,,,,-0.11,3.67,99.74,1496452479
Cashme,CME,835,0.0000491969,0.00000002,,,,,,3.19,10.32,1496446166
UNCoin,UNC,836,0.0000400707,0.00000002,1178.21,,,,-0.73,27.48,1.57,1496452461
SuperTurboStake,STRB,837,0.0000247139,0.00000001,0.247139,,,,-0.11,3.67,10.84,1496452469
President Clinton,HILL,838,0.0000247139,0.00000001,3.95423,,,57968072167.0,-0.11,,-39.23,1496452477
Aces,ACES,839,0.0000247139,0.00000001,1.23659,,,,-0.11,3.64,1.14,1496452477
Global Business Revolution,GBRC,840,0.0000247139,0.00000001,681.907,,,900096049.0,-0.11,-48.16,10.88,1496452481
Safe Trade Coin,XSTC,841,0.0000247139,0.00000001,370.709,,,604880000.0,-0.11,3.67,10.84,1496452484
ChoofCoin,CHOOF,842,0.0000247139,0.00000001,5.18993,,,,-0.11,-45.9,-6.02,1496452481
SoulCoin,SOUL,843,0.0000247139,0.00000001,1.25077,,,,-0.11,3.67,10.84,1496452474
Yescoin,YES,844,0.0000247130,0.000000010,1001.88,,,,-0.11,3.89,19.69,1496452484
FedoraShare,FEDS,845,0.0000240717,0.000000010,2950.44,,,499001351334,0.0,1.81,-40.72,1496452478
Victoriouscoin,VTY,846,0.0000107468,0.000000004,6.62533,,,10263290326.0,-2.95,-54.25,12.6,1496452480
Virtacoin,VTA,847,0.0000104360,0.000000004,62.4721,,,12423206610.0,9.09,-5.46,-6.86,1496452455
Dimecoin,DIME,848,0.0000077205,0.000000003,398.291,,,527136793680,4.22,1777.77,109.21,1496452446
XP,XP,849,0.0000016550,0.0000000007,388.683,,,133635560466,0.5,-9.42,-39.87,1496452478
BatCoin,BAT,850,0.0000008216,0.0000000003,637.186,,,,-0.15,12.69,,1496452448
BitCentavo,NBE,851,0.0000005705,0.0000000002,,,,,,11.89,133.32,1496398156
RabbitCoin,RBBT,852,0.0000005205,0.0000000002,24.4404,,,,20.67,-1.27,78.54,1496452457
StrongHands,SHND,853,0.0000002115,0.00000000009,203.774,,,,-0.4,73.18,,1496452467
Paccoin,PAC,854,0.0000000705,0.00000000003,709.202,,,,-8.42,-3.59,60.42,1496452467
Bond,BOND,855,,,,,1349.0,1349.0,,,,
bitRUBLE,BITRUBLE,856,,,,,,,,,,
