Name,Symbol,Rank,Price(BTC),Price(USD),24HVolume,MarketCap,%Change_1h,%Change_24h,%Change_7d,LastUpdated
Bitcoin,BTC,1,2484.73,1.0,1289850000.0,40670495468.0,16368175.0,16368175.0,-0.11,3.67,13.87,1496456049
Ethereum,ETH,2,224.929,0.0911766,433183000.0,20729036416.0,92158132.0,92158132.0,0.42,-1.3,40.73,1496456064
Ripple,XRP,3,0.305197,0.00012371,267025000.0,11787225123.0,38621693933.0,99994661895.0,-0.27,-5.98,14.74,1496456045
NEM,XEM,4,0.228954,0.00009281,12518600.0,2060586000.0,8999999999.0,8999999999.0,-0.5,0.18,29.47,1496456060
Ethereum Classic,ETC,5,17.4246,0.00706378,68625600.0,1606916371.0,92221134.0,92221134.0,-0.51,0.37,23.57,1496455774
Litecoin,LTC,6,28.611,0.0115977,333756000.0,1470255126.0,51387757.0,51387757.0,-0.49,-0.09,19.73,1496456041
Dash,DASH,7,145.969,0.0591696,40486400.0,1070546246.0,7334066.0,7334066.0,-1.18,5.24,29.18,1496456048
Stratis,STRAT,8,9.17717,0.00372035,60493500.0,903118741.0,98409285.0,98409285.0,0.96,44.42,209.35,1496455775
Bytecoin,BCN,9,0.00355708,0.00000144,24152000.0,650845095.0,182971733858,182971733858,-1.46,36.42,44.62,1496456052
Monero,XMR,10,44.05,0.017856,9389400.0,641590299.0,14565047.0,14565047.0,-0.07,0.19,15.21,1496456052
Waves,WAVES,11,4.69653,0.00190377,5319650.0,469653000.0,100000000.0,100000000.0,0.83,32.6,88.91,1496456072
Golem,GNT,12,0.495653,0.00020093,9926210.0,408850281.0,824872000.0,1000000000.0,1.9,6.19,38.71,1496455780
Stellar Lumens,XLM,13,0.0404245,0.00001639,15450000.0,390697000.0,9664856716.0,102940435314,0.97,-2.12,2.09,1496456055
Zcash,ZEC,14,243.248,0.0986106,15606800.0,350166138.0,1439544.0,1439544.0,0.32,-3.26,25.36,1496455779
Dogecoin,DOGE,15,0.00295941,0.00000120,33994200.0,324450213.0,109633411214,109633411214,-1.23,2.29,26.38,1496456045
Steem,STEEM,16,1.22897,0.00049817,6167130.0,288026760.0,234364354.0,251338448.0,2.61,18.11,30.64,1496456070
Gnosis,GNO,17,254.01,0.102974,1627070.0,280576906.0,1104590.0,10000000.0,0.03,1.34,29.24,1496455791
Augur,REP,18,25.1198,0.0101825,4889840.0,276317800.0,11000000.0,11000000.0,0.21,5.56,17.47,1496456069
Siacoin,SC,19,0.00996182,0.00000404,40400500.0,264237483.0,26525020800.0,26525020800.0,-1.38,15.09,46.53,1496456065
DigiByte,DGB,20,0.0308542,0.00001251,101323000.0,250135984.0,8107031908.0,8107031908.0,-0.16,39.62,128.42,1496456047
BitShares,BTS,21,0.0893361,0.00003621,22102300.0,232473080.0,2602230000.0,2602230000.0,-1.53,6.98,52.75,1496456054
GameCredits,GAME,22,2.91788,0.00118278,2177160.0,183929838.0,63035436.0,63035436.0,1.18,12.42,19.98,1496456055
MaidSafeCoin,MAID,23,0.401153,0.00016261,3252370.0,181542758.0,452552412.0,452552412.0,0.79,0.47,7.59,1496456051
DigixDAO,DGD,24,83.6825,0.0339213,1184040.0,167365000.0,2000000.0,2000000.0,0.03,0.11,33.17,1496456072
Basic Attention Token,BAT,25,0.165999,0.00006729,3655000.0,165999000.0,1000000000.0,1500000000.0,-3.56,-2.23,,1496455793
BitConnect,BCC,26,24.2769,0.00984166,1605930.0,156349355.0,6440252.0,6440252.0,0.46,8.11,57.76,1496455784
Lisk,LSK,27,1.40931,0.00057127,3020370.0,151927494.0,107802750.0,107802750.0,0.53,3.87,29.51,1496456070
Decred,DCR,28,29.6586,0.0120223,3938730.0,149129810.0,5028215.0,5448215.0,0.35,18.72,41.15,1496456069
Ardor,ARDR,29,0.13403,0.00005433,2581270.0,133895902.0,998999495.0,998999495.0,-2.83,1.59,32.58,1496455775
Factom,FCT,30,15.0457,0.00609889,2525720.0,131698307.0,8753219.0,8753219.0,1.0,15.27,26.49,1496456066
Byteball,GBYTE,31,680.436,0.275843,704059.0,128795559.0,189284.0,1000000.0,7.83,32.46,138.02,1496455782
SingularDTV,SNGLS,32,0.205598,0.00008335,214377.0,123358800.0,600000000.0,1000000000.0,2.2,10.16,32.11,1496455778
Iconomi,ICN,33,1.24045,0.00050287,767551.0,107919150.0,87000000.0,100000000.0,-0.12,2.84,15.25,1496455779
Tether,USDT,34,1.02454,0.0004153,48440600.0,107570235.0,104993690.0,124951468.0,-0.36,-0.84,-2.69,1496456061
Komodo,KMD,35,0.947991,0.00038431,1431160.0,95695435.0,100945510.0,100945510.0,4.19,74.89,106.41,1496455784
Round,ROUND,36,0.107593,0.00004362,365543.0,91454050.0,850000000.0,1000000000.0,-0.14,0.56,-15.98,1496455780
PIVX,PIVX,37,1.68095,0.00068138,990628.0,90000998.0,53541746.0,53541746.0,2.71,-1.04,49.6,1496456068
SysCoin,SYS,38,0.154648,0.00006269,6577540.0,81218488.0,525182916.0,525182916.0,7.65,41.27,38.13,1496456055
FirstBlood,1ST,39,0.928524,0.00037642,5382950.0,79443000.0,85558371.0,93468691.0,-2.31,10.59,58.57,1496455778
Aragon,ANT,40,2.17554,0.00088195,773663.0,73109385.0,33605167.0,39609523.0,0.56,5.27,13.71,1496455792
iExec RLC,RLC,41,0.874049,0.00035433,805565.0,68237699.0,78070793.0,86999785.0,1.54,40.82,67.04,1496455790
Nxt,NXT,42,0.0679065,0.00002753,4209280.0,67838592.0,998999983.0,998999983.0,-0.16,10.09,32.0,1496456043
Ubiq,UBQ,43,1.80078,0.00072996,1955480.0,66812488.0,37101971.0,37101971.0,-1.81,71.58,235.83,1496456056
AntShares,ANS,44,1.28972,0.00052284,6990880.0,64486000.0,50000000.0,100000000.0,-3.44,-0.86,61.64,1496455776
BitcoinDark,BTCD,45,39.8302,0.0161455,915771.0,51335639.0,1288862.0,1288862.0,4.79,64.0,92.25,1496456055
ReddCoin,RDD,46,0.00167747,0.00000068,3113850.0,47851351.0,28525905619.0,28525905619.0,0.16,42.25,37.2,1496456046
Wings,WINGS,47,0.514645,0.00020863,1565870.0,46167945.0,89708333.0,100000000.0,-0.86,17.67,94.7,1496455783
Peercoin,PPC,48,1.7064,0.0006917,1383250.0,41168349.0,24125849.0,24125849.0,0.12,6.43,15.73,1496456046
Ark,ARK,49,0.405138,0.00016424,704311.0,38619353.0,95323946.0,126573946.0,2.31,31.41,57.93,1496455787
Lykke,LKK,50,0.274712,0.00011137,517591.0,37785392.0,137545474.0,1285690000.0,-0.12,6.04,13.32,1496455780
Emercoin,EMC,51,0.88229,0.00035764,918115.0,35433902.0,40161287.0,40161287.0,-0.74,-2.94,18.0,1496456055
Storjcoin X,SJCX,52,0.671019,0.000272,426030.0,34338152.0,51173144.0,500000000.0,1.48,5.5,28.82,1496456056
Melon,MLN,53,56.7464,0.0230045,282442.0,34013792.0,599400.0,749400.0,-0.01,3.96,-2.07,1496455787
Omni,OMNI,54,57.4479,0.0232869,9039640.0,32112612.0,558987.0,615303.0,2.1,9.47,235.07,1496456047
Counterparty,XCP,55,11.2515,0.00456089,526779.0,29464783.0,2618743.0,2618743.0,-0.76,1.62,14.93,1496456047
Xaurum,XAUR,56,0.255184,0.00010344,315088.0,29015520.0,113704306.0,113704306.0,-1.48,4.95,22.16,1496456061
Blocknet,BLOCK,57,7.07991,0.00286989,208778.0,27686104.0,3910516.0,3910516.0,0.03,10.81,132.67,1496456058
Gulden,NLG,58,0.0770263,0.00003122,134372.0,26696248.0,346586145.0,448606300.0,-0.03,5.4,16.58,1496456049
Namecoin,NMC,59,1.80383,0.0007312,753527.0,26581960.0,14736400.0,14736400.0,-1.13,3.15,16.71,1496456044
Synereo,AMP,60,0.309487,0.00012545,543745.0,25457263.0,82256324.0,949291063.0,1.57,11.5,36.19,1496456067
Nexus,NXS,61,0.508215,0.00020601,70831.1,25344623.0,49869883.0,49869883.0,-1.69,-0.83,13.01,1496456059
WeTrust,TRST,62,0.271995,0.00011027,459075.0,25063659.0,92147500.0,100000000.0,0.42,17.05,9.89,1496455790
Verge,XVG,63,0.00172638,0.00000070,3635740.0,23149845.0,13409472280.0,13409472280.0,3.18,52.62,74.78,1496456058
EarthCoin,EAC,64,0.00233408,0.00000095,6086870.0,21815405.0,9346468332.0,9346468332.0,-3.23,-2.74,33.53,1496456045
YbCoin,YBC,65,7.15247,0.0028993,2949880.0,21602402.0,3020272.0,3020272.0,-2.15,-0.92,25.39,1496456045
Burst,BURST,66,0.0121145,0.00000491,4271190.0,21570569.0,1780557922.0,1780557922.0,-2.5,4.81,34.55,1496456055
Matchpool,GUP,67,0.287586,0.00011658,346866.0,21568950.0,75000000.0,98855150.0,0.0,6.84,21.57,1496455788
Edgeless,EDG,68,0.256962,0.00010417,438772.0,20411118.0,79432438.0,132046997.0,1.43,5.38,4.11,1496455789
NAV Coin,NAV,69,0.330984,0.00013417,1253230.0,20300238.0,61332988.0,61332988.0,-1.23,12.19,13.83,1496456053
XtraBYtes,XBY,70,0.0308686,0.00001251,920826.0,20064590.0,650000000.0,650000000.0,-2.52,32.85,419.14,1496455791
TokenCard,TKN,71,0.823883,0.000334,327580.0,19479936.0,23644056.0,39406760.0,2.23,-4.61,-10.77,1496455790
OBITS,OBITS,72,1.31848,0.00053445,648068.0,19446132.0,14748902.0,16443700.0,1.51,25.1,57.9,1496456066
BlackCoin,BLK,73,0.25269,0.00010243,1215680.0,19247382.0,76169941.0,76169941.0,-1.75,-2.38,49.56,1496456049
BitBay,BAY,74,0.0190044,0.00000770,73698.7,19147399.0,1007524498.0,1007524498.0,-1.92,5.93,13.49,1496456059
Humaniq,HMQ,75,0.152501,0.00006182,909825.0,18961167.0,124334708.0,184190414.0,-2.17,27.13,-12.77,1496455791
E-Dinar Coin,EDR,76,0.0286945,0.00001163,499247.0,18956584.0,660634755.0,785634755.0,1.35,-4.2,21.87,1496455777
PotCoin,POT,77,0.0832277,0.00003374,652637.0,18056176.0,216949120.0,216949120.0,-4.73,-1.84,2.18,1496456046
BCAP,BCAP,78,1.78485,0.00072356,183126.0,17848500.0,10000000.0,10000000.0,-0.58,3.82,-14.39,1496455791
Expanse,EXP,79,2.41958,0.00098079,444903.0,17533452.0,7246486.0,16246486.0,1.31,0.93,23.02,1496456065
Nexium,NXC,80,0.263015,0.00010662,1210070.0,17496175.0,66521586.0,66521586.0,-0.85,-3.88,57.95,1496455781
Shift,SHIFT,81,1.58159,0.00064111,444781.0,17132521.0,10832467.0,10832467.0,-2.14,49.25,195.9,1496456067
Bankcoin,B@,82,4.00742,0.00162457,10611.9,17091967.0,4265080.0,25000000.0,-0.48,20.18,49.13,1496455787
Unity Ingot,UNY,83,0.083877,0.00003400,135379.0,16943154.0,202000000.0,10000000000.0,2.54,2.48,93.0,1496455791
Agoras Tokens,AGRS,84,0.400733,0.00016244,31779.4,16830786.0,42000000.0,42000000.0,2.92,9.06,24.0,1496456065
SuperNET,UNITY,85,20.2776,0.00821968,25329.2,16547758.0,816061.0,816061.0,-0.12,53.84,259.03,1496456057
Infinitecoin,IFC,86,0.000182432,0.00000007,2641970.0,16527660.0,90596274910.0,90596274910.0,0.24,-1.68,34.59,1496456042
TaaS,TAAS,87,2.02854,0.00082235,228515.0,16524488.0,8146001.0,8146001.0,-0.2,16.08,45.67,1496455787
LBRY Credits,LBC,88,0.237265,0.00009619,901322.0,16258471.0,68524524.0,466424524.0,-0.5,12.21,33.07,1496455774
Chronobank,TIME,89,22.5256,0.00913169,508039.0,15995717.0,710113.0,710113.0,0.62,15.54,30.51,1496455786
ZCoin,XZC,90,7.05972,0.00286195,1058910.0,15794946.0,2237333.0,2237333.0,-2.15,-5.64,37.32,1496455779
Swarm City,SWT,91,2.35676,0.00095541,54488.7,15655073.0,6642625.0,6642625.0,-0.67,-0.85,-13.26,1496455786
Mooncoin,MOON,92,0.0000691592,0.00000003,109638.0,15349739.0,221947900531,221947900531,12.75,53.79,49.97,1496456045
I/O Coin,IOC,93,0.925022,0.00037496,47256.5,15111566.0,16336440.0,16336440.0,2.15,11.41,22.99,1496456055
GridCoin,GRC,94,0.0385653,0.00001563,253361.0,15052528.0,390312753.0,390312753.0,-0.14,5.41,33.33,1496456060
Radium,RADS,95,4.56089,0.00184879,413516.0,14810312.0,3247242.0,3247242.0,-2.74,12.18,47.57,1496456067
Pepe Cash,PEPECASH,96,0.0202646,0.00000822,32767.7,14223399.0,701884009.0,701884009.0,-4.46,-9.99,-2.77,1496455777
Waves Community Token,WCT,97,2.78187,0.00112775,142718.0,13909350.0,5000000.0,10000000.0,0.83,-0.92,42.08,1496455784
Golos,GOLOS,98,0.10726,0.00004348,55268.4,13203104.0,123094388.0,123094388.0,3.97,15.55,84.25,1496455782
E-coin,ECN,99,4.70388,0.00190691,131860.0,13138743.0,2793171.0,211082063.0,-0.35,3.88,11.81,1496455788
MonaCoin,MONA,100,0.257305,0.0001043,31787.6,13011296.0,50567600.0,50567600.0,-0.48,-5.34,11.2,1496456049
Vertcoin,VTC,101,0.388977,0.00015767,541450.0,13007986.0,33441531.0,33441531.0,-0.87,7.52,32.39,1496456047
DigitalNote,XDN,102,0.00188176,0.00000076,3097620.0,12949442.0,6881558519.0,6881558519.0,4.49,17.0,28.49,1496456053
Etheroll,DICE,103,1.77635,0.00072012,61887.0,12437332.0,7001623.0,7001623.0,9.39,-4.53,-4.2,1496455793
LuckChain,BASH,104,0.0168285,0.00000682,878856.0,12184926.0,724064874.0,724064874.0,-1.63,24.09,91.78,1496455780
MergeCoin,MGC,105,0.121532,0.00004927,3358160.0,12023524.0,98932990.0,103932990.0,-5.51,11.51,21.93,1496455790
Clams,CLAM,106,5.15844,0.00209101,676631.0,11879828.0,2302988.0,16208354.0,-0.32,11.75,17.84,1496456053
Bitland,CADASTRAL,107,0.390127,0.00015815,22390.9,11703810.0,30000000.0,30000000.0,-5.3,-2.36,52.55,1496455774
Bitcrystals,BCY,108,0.454495,0.00018423,365242.0,10585835.0,23291422.0,23291422.0,-2.09,13.95,23.37,1496456065
Pluton,PLU,109,12.3442,0.00500425,112530.0,10492564.0,850000.0,20000000.0,-1.64,-6.32,50.74,1496455778
Viacoin,VIA,110,0.443969,0.00017997,326792.0,10054838.0,22647613.0,22647613.0,-1.24,11.43,18.68,1496456054
FlorinCoin,FLO,111,0.0749307,0.00003037,323520.0,10041899.0,134015823.0,134015823.0,-0.52,5.77,21.99,1496456044
DNotes,NOTE,112,0.076734,0.00003110,342380.0,9505987.0,123882338.0,123882338.0,1.6,15.27,43.43,1496456050
HEAT,HEAT,113,0.350357,0.00014203,38902.4,9238864.0,26369856.0,26369856.0,11.55,2.58,1.45,1496455774
vSlice,VSL,114,0.276282,0.000112,133360.0,9225193.0,33390496.0,33390496.0,-0.03,3.03,2.74,1496455782
Energycoin,ENRG,115,0.0749216,0.00003037,5790.78,9061258.0,120943197.0,120943197.0,-0.14,3.89,27.49,1496456052
Primecoin,XPM,116,0.465243,0.00018859,5026500.0,8995138.0,19334280.0,19334280.0,-0.91,14.45,40.65,1496456044
Rubycoin,RBY,117,0.366655,0.00014863,26297.9,8944723.0,24395474.0,24395474.0,-0.07,3.06,13.93,1496456049
Crown,CRW,118,0.633996,0.00025699,20086.9,8790787.0,13865682.0,13865682.0,-3.7,9.48,0.82,1496456058
Skycoin,SKY,119,1.56238,0.00063338,32698.6,8539658.0,5465801.0,100000000.0,-0.44,1.7,-14.16,1496455790
Blitzcash,BLITZ,120,2.09937,0.000851,367890.0,8532263.0,4064202.0,4064202.0,4.14,69.37,533.57,1496456058
VeriCoin,VRC,121,0.28158,0.00011414,534304.0,8507147.0,30212186.0,30212186.0,-1.85,-0.83,10.97,1496456052
NeosCoin,NEOS,122,2.48807,0.00100856,600777.0,8329484.0,3347769.0,3347769.0,-3.18,4.06,14.47,1496456055
SolarCoin,SLR,123,0.236667,0.00009593,92045.0,8322325.0,35164703.0,98034181434.0,4.2,9.67,22.51,1496456049
FedoraCoin,TIPS,124,0.0000187601,0.000000008,56591.4,8313879.0,443168182458,443168182458,-0.64,-7.98,-0.02,1496456047
Pascal Coin,PASC,125,0.821904,0.00033319,188290.0,8237040.0,10021900.0,10021900.0,0.93,7.0,18.18,1496455782
SaluS,SLS,126,7.7631,0.00314683,29935.7,7789918.0,1003454.0,1003454.0,0.07,-16.45,77.89,1496456069
VPNCoin,VASH,127,0.0192365,0.00000780,1889060.0,7701136.0,400339746.0,400339746.0,-3.67,-0.41,24.83,1496456059
BelaCoin,BELA,128,0.219386,0.00008893,487828.0,7674375.0,34981150.0,34981150.0,-1.36,7.3,15.19,1496456049
Bitcoin Plus,XBC,129,78.2285,0.0317105,192007.0,7583071.0,96935.0,96935.0,0.57,10.59,15.09,1496456050
Incent,INCNT,130,0.325762,0.00013206,155976.0,7495234.0,23008312.0,46016625.0,-0.17,12.34,55.42,1496455781
Einsteinium,EMC2,131,0.0353876,0.00001434,410204.0,7479707.0,211365194.0,211365194.0,0.26,12.75,16.43,1496456049
Creditbit,CRB,132,0.61148,0.00024787,268793.0,7260923.0,11874342.0,11874342.0,0.85,0.67,-3.3,1496456067
Global Currency Reserve,GCR,133,0.0698137,0.00002830,32286.1,7169415.0,102693522.0,102693522.0,2.39,7.21,13.56,1496456064
ION,ION,134,0.518017,0.00021,53994.2,7131055.0,13766064.0,19666064.0,21.72,44.19,21.62,1496455772
Asch,XAS,135,0.0910085,0.00003689,59901.4,6825638.0,75000000.0,100000000.0,-0.56,1.66,31.16,1496455788
MonetaryUnit,MUE,136,0.054919,0.00002226,95606.6,6676760.0,121574680.0,121574680.0,5.24,29.75,36.35,1496456058
Lunyr,LUN,137,2.86214,0.00116029,162637.0,6576777.0,2297853.0,2703356.0,0.34,3.61,0.54,1496455791
Novacoin,NVC,138,3.77873,0.00153173,58977.0,6560969.0,1736290.0,1736290.0,0.54,1.24,-3.37,1496456040
FirstCoin,FRST,139,2.02134,0.00081943,128971.0,6441577.0,3186785.0,110000000.0,0.21,15.55,22.78,1496455784
Aeon,AEON,140,0.450115,0.00018246,23929.8,6406691.0,14233454.0,14233454.0,-3.59,-4.91,3.06,1496456064
WorldCoin,WDC,141,0.0556648,0.00002256,384734.0,6379505.0,114605729.0,114605729.0,-1.56,15.82,54.32,1496456041
Feathercoin,FTC,142,0.0388948,0.00001577,110065.0,6374383.0,163887800.0,163887800.0,-0.51,1.6,31.54,1496456040
Safe Exchange Coin,SAFEX,143,0.0029602,0.00000120,32708.9,6356981.0,2147483647.0,2147483647.0,5.11,13.06,24.2,1496456068
RouletteToken,RLT,144,0.618997,0.00025094,146094.0,6247048.0,10092211.0,10092934.0,-0.26,36.13,28.95,1496455792
PinkCoin,PINK,145,0.0192276,0.00000779,2064650.0,6172556.0,321025800.0,371025800.0,4.71,26.3,31.31,1496456051
ZClassic,ZCL,146,3.95241,0.00160227,292447.0,5852581.0,1480763.0,1480763.0,-1.87,-6.29,38.12,1496455781
SIBCoin,SIB,147,0.393784,0.00015962,31618.4,5771574.0,14656701.0,14656701.0,-1.37,-0.17,31.93,1496456065
Darcrus,DAR,148,0.411182,0.00016669,44102.8,5601846.0,13623762.0,13623762.0,-4.64,23.36,47.97,1496455783
Gambit,GAM,149,4.58033,0.00185667,44554.8,5423732.0,1184136.0,1184136.0,-0.22,2.6,15.27,1496456063
FoldingCoin,FLDC,150,0.0110082,0.00000446,450365.0,5391178.0,489741985.0,1000000000.0,-1.03,8.11,20.88,1496456057
Auroracoin,AUR,151,0.611365,0.00024782,10794.0,5293283.0,8658139.0,8658139.0,-0.28,4.81,13.23,1496456048
Janus,JNS,152,0.238005,0.00009649,4895.38,5027163.0,21122091.0,25201489.0,-0.27,4.46,7.61,1496455783
Vcash,XVC,153,0.324463,0.00013152,212006.0,4948710.0,15252002.0,15252002.0,-3.44,8.08,9.22,1496456060
SpreadCoin,SPR,154,0.605137,0.0002453,46378.9,4924482.0,8137796.0,8137796.0,12.74,27.17,85.66,1496456058
Ethereum Movie Venture,EMV,155,0.703274,0.0002851,5034.34,4688493.0,6666666.0,6666666.0,0.58,154.69,26.93,1496455789
Sphere,SPHR,156,1.50791,0.00061124,16944.4,4648796.0,3082940.0,3082940.0,-0.14,11.3,137.96,1496456062
Rise,RISE,157,0.042959,0.00001742,240216.0,4613247.0,107387215.0,107387215.0,-3.37,78.79,108.8,1496455773
OKCash,OK,158,0.063901,0.00002590,130084.0,4574287.0,71583963.0,71583963.0,1.11,-10.89,143.63,1496456059
Quark,QRK,159,0.0182421,0.00000739,208765.0,4562368.0,250101047.0,250101047.0,-5.25,36.76,50.03,1496456055
ICO OpenLedger,ICOO,160,9.62438,0.00390165,12994.9,4540734.0,471795.0,471795.0,-0.09,24.24,62.18,1496455772
BitSend,BSD,161,0.291684,0.00011824,42925.5,4451317.0,15260750.0,15260750.0,4.36,50.77,87.44,1496456052
APX,APX,162,4.9335,0.002,242344.0,4440150.0,900000.0,1000000.0,1.47,16.75,20.89,1496455792
LoMoCoin,LMC,163,0.0210157,0.00000852,438019.0,4383142.0,208565129.0,293565129.0,0.45,13.71,27.61,1496455776
FairCoin,FAIR,164,0.0808917,0.00003279,3296.27,4295833.0,53105974.0,53105974.0,-1.76,-0.39,28.39,1496456049
bitCNY,BITCNY,165,0.143203,0.00005805,469173.0,4276027.0,29859900.0,29859900.0,1.9,5.06,-0.78,1496456057
Bitmark,BTM,166,1.08201,0.0004386,172506.0,4221116.0,3901180.0,3901180.0,2.94,8.89,33.57,1496456055
CloakCoin,CLOAK,167,0.843384,0.00034187,25737.7,4220059.0,5003722.0,5003722.0,-2.15,0.32,32.66,1496456052
Minereum,MNE,168,10.387,0.00421081,405075.0,4185567.0,402962.0,402962.0,-1.23,42.51,393.63,1496455792
Unobtanium,UNO,169,20.5853,0.0083444,84266.6,4070238.0,197725.0,197725.0,-0.5,5.71,4.67,1496456044
NautilusCoin,NAUT,170,0.247647,0.00010038,370466.0,4006928.0,16180000.0,16180000.0,0.8,-1.39,20.15,1496456051
ArtByte,ABY,171,0.0051687,0.00000210,144702.0,3995290.0,772977650.0,772977650.0,-6.9,12.04,45.3,1496456053
Riecoin,RIC,172,0.11148,0.00004519,719999.0,3814057.0,34212924.0,34212924.0,-2.07,12.05,58.49,1496456048
PoSW Coin,POSW,173,0.0909995,0.00003689,73580.3,3730980.0,41000000.0,70000000.0,-1.78,25.67,72.36,1496455783
Circuits of Value,COVAL,174,0.00922643,0.00000374,112932.0,3690572.0,400000000.0,1200000000.0,0.33,17.88,20.45,1496456059
DubaiCoin,DBIX,175,4.13679,0.00167702,34383.3,3599458.0,870109.0,870109.0,-0.01,-6.41,58.85,1496455788
HunterCoin,HUC,176,0.197447,0.00008004,6012910.0,3484999.0,17650300.0,17650300.0,-4.77,68.36,92.96,1496456046
Wild Beast Block,WBB,177,1.4389,0.00058327,15137.7,3346177.0,2325511.0,2325511.0,-0.12,14.04,-9.5,1496456059
Diamond,DMD,178,1.55416,0.00062999,7337.96,3302354.0,2124848.0,2124848.0,6.85,7.78,11.87,1496456046
BitBean,BITB,179,0.00167553,0.00000068,196469.0,3283270.0,1959541000.0,1959541000.0,-3.97,27.97,11.57,1496456061
Zennies,ZENI,180,0.00318292,0.00000129,5929.66,3185087.0,1000680778.0,1000680778.0,-0.27,2.82,11.25,1496455790
Megacoin,MEC,181,0.0964034,0.00003908,633187.0,3170366.0,32886450.0,32886450.0,-5.26,15.37,26.91,1496456043
Musicoin,MUSIC,182,0.0178147,0.00000722,83711.6,3075508.0,172638770.0,172638770.0,-3.59,5.82,15.84,1496455787
Curecoin,CURE,183,0.128707,0.00005217,18248.5,3051437.0,23708399.0,23708399.0,0.51,11.18,11.79,1496456052
Zetacoin,ZET,184,0.0181576,0.00000736,284329.0,3017055.0,166159355.0,166159355.0,-0.56,6.29,61.13,1496456045
Ethbits,ETB,185,2.20597,0.00089428,3154.7,2971410.0,1346986.0,1634691.0,7.17,407.24,,1496455793
Cryptonite,XCN,186,0.00837158,0.00000339,752690.0,2745808.0,327991603.0,327991603.0,-1.46,19.16,37.18,1496456054
Myriad,XMY,187,0.00184461,0.00000075,154690.0,2741541.0,1486244000.0,1486244000.0,-0.77,19.97,-18.41,1496456048
RaiBlocks,XRB,188,0.036244,0.00001469,44808.4,2724749.0,75177927.0,340282367.0,-3.1,8.61,51.97,1496455786
InstantDEX,DEX,189,2.71205,0.00109935,3387.35,2712050.0,1000000.0,1000000.0,-0.12,14.9,,1496456056
Atmos,ATMS,190,0.0270585,0.00001097,153129.0,2707852.0,100073979.0,110073979.0,0.28,12.12,23.32,1496455789
ZcCoin,ZCC,191,0.0428621,0.00001737,2034100.0,2642750.0,61657044.0,61657044.0,-2.26,18.58,38.04,1496456055
Bata,BTA,192,0.527557,0.00021385,67072.5,2612174.0,4951453.0,4951453.0,1.64,37.74,83.13,1496456062
Zeitcoin,ZEIT,193,0.0000689267,0.00000003,9002.82,2503998.0,36328423448.0,36328423448.0,-1.57,3.41,45.01,1496456049
Steem Dollars,SBD,194,1.75425,0.00071116,275821.0,2500337.0,1425302.0,1425302.0,-2.87,9.46,19.63,1496455775
Adzcoin,ADZ,195,0.044172,0.00001791,14092.8,2422726.0,54847560.0,54847560.0,-0.02,18.53,26.49,1496456068
Mintcoin,MINT,196,0.0000993017,0.00000004,16107.3,2417897.0,24348994067.0,24348994067.0,-0.2,4.8,5.57,1496456047
Spectrecoin,XSPEC,197,0.11563,0.00004688,171364.0,2358568.0,20397546.0,20397546.0,-0.96,-0.99,4.46,1496455783
Veros,VRS,198,0.0274994,0.00001115,92517.9,2350840.0,85486938.0,10000000000.0,-0.23,-1.28,6.01,1496455780
BoostCoin,BOST,199,0.190543,0.00007724,179125.0,2258980.0,11855487.0,11855487.0,-3.54,5.28,40.13,1496456052
Digitalcoin,DGC,200,0.0656769,0.00002662,240577.0,2258615.0,34389793.0,34389793.0,-9.5,1.68,31.44,1496456041
bitUSD,BITUSD,201,1.01586,0.00041179,295258.0,2251725.0,2216570.0,2216570.0,0.8,3.02,-0.33,1496456057
BlockPay,BLOCKPAY,202,0.402304,0.00016309,15492.1,2183827.0,5428300.0,98928316.0,0.21,2.79,69.91,1496455777
CacheCoin,CACH,203,0.604406,0.000245,34935.9,2178737.0,3604757.0,3604757.0,22.22,714.19,,1496456047
iCash,ICASH,204,0.00974207,0.00000395,14045.3,2152418.0,220940496.0,220940496.0,0.36,7.21,15.83,1496456061
Groestlcoin,GRS,205,0.0317945,0.00001289,9071.92,2150057.0,67623548.0,67623548.0,1.35,10.61,20.5,1496456050
Breakout Stake,BRX,206,0.33903,0.00013744,17198.6,2125068.0,6268082.0,6268082.0,2.27,10.43,48.38,1496455774
FUNCoin,FUNC,207,0.366789,0.00014869,37932.7,2118907.0,5776909.0,100000000.0,0.25,3.47,38.42,1496455791
Espers,ESP,208,0.000104464,0.00000004,6586.58,2102756.0,20129001531.0,20129001531.0,-11.47,1.78,-12.87,1496456071
MaxCoin,MAX,209,0.0381649,0.00001547,214813.0,2077799.0,54442678.0,54442678.0,-0.73,7.93,67.84,1496456047
Project Decorum,PDC,210,0.0384106,0.00001557,2637.17,1920530.0,50000000.0,50000000.0,-0.14,2.54,5.68,1496456073
Tickets,TIX,211,0.0000273759,0.00000001,36066.1,1830798.0,66876281414.0,66876281414.0,-2.69,-3.34,13.02,1496456043
TransferCoin,TX,212,0.30502,0.00012364,7649.83,1822413.0,5974732.0,5974732.0,1.02,0.99,-16.79,1496456064
GoldCoin,GLD,213,0.0439488,0.00001781,20368.3,1769184.0,40255572.0,40255572.0,-0.8,-10.22,-5.33,1496456043
Anoncoin,ANC,214,0.833473,0.00033785,250485.0,1758892.0,2110317.0,2110317.0,-5.31,86.97,90.53,1496456055
CryptoCarbon,CCRB,215,0.481569,0.00019522,18573.8,1715402.0,3562111.0,10000150.0,-0.36,9.46,31.4,1496455783
DeepWebCash,DWC,216,1.1922,0.00048331,18584.5,1595790.0,1338525.0,1338525.0,1.04,-6.13,-14.39,1496455782
Startcoin,START,217,0.0345369,0.00001400,49978.0,1556916.0,45079785.0,70782220.0,1.43,5.56,-15.86,1496456053
Bitswift,SWIFT,218,0.377124,0.00015287,10539.0,1531469.0,4060916.0,4060916.0,-0.14,29.81,113.89,1496456058
Sequence,SEQ,219,0.0337698,0.00001369,2759.58,1509582.0,44702130.0,44702130.0,-0.34,8.9,39.94,1496455777
Boolberry,XBB,220,0.157594,0.00006388,7313.76,1502262.0,9532480.0,9532480.0,-0.02,16.29,6.38,1496456053
2GIVE,2GIVE,221,0.00288655,0.00000117,16168.0,1480799.0,512999709.0,512999709.0,-0.98,11.3,-23.87,1496456072
vTorrent,VTR,222,0.1363,0.00005525,12283.5,1474216.0,10815966.0,10815966.0,-5.41,-8.9,31.67,1496456060
Visio,VISIO,223,0.0287,0.00001163,4625.24,1452288.0,50602370.0,62602370.0,-0.27,13.45,1.51,1496455787
Pangea Poker,PANGEA,224,1.42418,0.0005773,867.613,1423258.0,999352.0,1000000.0,-0.12,54.87,95.85,1496456060
MediterraneanCoin,MED,225,0.0283701,0.00001150,255222.0,1410181.0,49706598.0,49706598.0,8.59,92.41,109.71,1496456057
Breakout,BRK,226,0.0786893,0.00003190,6953.33,1409834.0,17916467.0,17916467.0,-3.37,10.42,16.4,1496455773
Qwark,QWARK,227,0.0789428,0.00003200,37852.1,1394074.0,17659296.0,250377576.0,10.69,39.22,95.94,1496456071
EB3 Coin,EB3,228,0.296035,0.00012001,39782.4,1387076.0,4685515.0,786000000.0,-0.34,7.62,18.85,1496455788
EuropeCoin,ERC,229,0.136127,0.00005518,1096.22,1341061.0,9851545.0,9851545.0,1.33,1.36,21.31,1496456062
Voxels,VOX,230,0.0405612,0.00001644,524907.0,1277678.0,31500000.0,210000000.0,1.21,31.94,47.78,1496456070
Renos,RNS,231,0.0372504,0.00001510,661168.0,1242389.0,33352366.0,33352366.0,-2.75,11.01,148.59,1496455786
LiteDoge,LDOGE,232,0.0000815027,0.00000003,8830.69,1204183.0,14774760159.0,14774760159.0,16.95,10.75,-28.41,1496456061
Dynamic,DYN,233,0.737928,0.00029915,5840.84,1193069.0,1616783.0,4370687.0,-0.62,13.16,23.26,1496455787
Creativecoin,CREA,234,0.110329,0.00004473,7792.87,1165046.0,10559742.0,12271470.0,-1.03,25.31,14.93,1496455793
VeriumReserve,VRM,235,1.0374,0.00042055,99495.4,1155977.0,1114302.0,1114302.0,-2.25,31.24,25.67,1496455777
TagCoin,TAG,236,0.205503,0.00008330,210623.0,1128825.0,5492984.0,5492984.0,-10.49,3.08,15.1,1496456043
Stealthcoin,XST,237,0.0423084,0.00001715,2138.69,1107602.0,26179257.0,26179257.0,-1.96,-6.61,8.13,1496456054
SecureCoin,SRC,238,0.14121,0.00005724,187273.0,1099446.0,7785896.0,7785896.0,-6.12,8.04,22.27,1496456043
Inpay,INPAY,239,0.109493,0.00004439,18725.3,1094930.0,10000000.0,10000000.0,-1.04,-3.71,-14.54,1496455790
ChainCoin,CHC,240,0.0744714,0.00003019,9802.12,1093750.0,14686843.0,14686843.0,-1.36,-13.37,-13.67,1496456063
Ixcoin,IXC,241,0.05119,0.00002075,1702.44,1074943.0,20999088.0,20999088.0,-0.17,-20.72,4.14,1496456044
HTMLCOIN,HTML5,242,0.0000263271,0.00000001,3424.78,1070434.0,40659020000.0,40659020000.0,-0.27,19.88,27.34,1496456056
Yocoin,YOC,243,0.0100565,0.00000408,56246.9,1062156.0,105618830.0,200000000.0,-5.48,1.18,28.34,1496456068
WhiteCoin,XWC,244,0.00419383,0.00000170,17776.2,1040308.0,248056851.0,248056851.0,-2.16,1.69,59.55,1496456051
Triggers,TRIG,245,0.0314264,0.00001274,5034.57,1008963.0,32105593.0,100000000.0,-0.34,1.86,2.53,1496455778
DopeCoin,DOPE,246,0.00900441,0.00000365,23124.6,1000261.0,111085648.0,111085648.0,-3.58,19.84,1.88,1496456050
AudioCoin,ADC,247,0.0012501,0.00000051,3480.57,991578.0,793198644.0,793198644.0,-0.14,0.56,-4.21,1496456062
CannabisCoin,CANN,248,0.0127997,0.00000519,56235.6,988536.0,77231176.0,91859176.0,-0.16,3.32,59.43,1496456054
Mercury,MER,249,0.00985674,0.00000400,1729.26,985674.0,100000000.0,100000000.0,-1.06,2.57,-6.9,1496455787
DIBCOIN,DIBC,250,0.19441,0.00007881,4441.37,972050.0,5000000.0,5000000000.0,-0.99,8.17,27.93,1496455788
PutinCoin,PUT,251,0.00474214,0.00000192,4197.62,950408.0,200417616.0,200417616.0,-0.01,9.79,39.47,1496455775
Hacker Gold,HKG,252,0.0576395,0.00002337,1987.05,928624.0,16110893.0,16110893.0,-2.48,6.46,-0.52,1496455781
PepeCoin,PEPE,253,0.0673516,0.00002730,21240.8,928176.0,13781057.0,13781057.0,-3.41,0.47,42.53,1496456069
Syndicate,SYNX,254,0.0815169,0.00003305,11506.0,918603.0,11268860.0,11268860.0,-0.24,-9.0,68.45,1496455774
HiCoin,XHI,255,0.00482098,0.00000195,122811.0,914684.0,189729990.0,10189729990.0,-1.05,-2.58,-2.59,1496456071
ArcticCoin,ARC,256,0.0380953,0.00001544,10967.2,890015.0,23362864.0,23362864.0,-1.06,-7.87,-16.81,1496455779
Pesetacoin,PTC,257,0.00651468,0.00000264,2099.46,850515.0,130553559.0,130553559.0,-0.63,11.26,5.75,1496456047
Woodcoin,LOG,258,0.104648,0.00004242,583.954,840867.0,8035193.0,8035193.0,-0.14,3.14,8.65,1496456060
EverGreenCoin,EGC,259,0.0629807,0.00002553,12822.7,838985.0,13321301.0,13321301.0,-4.05,-0.93,6.76,1496456068
Hush,HUSH,260,0.740689,0.00030027,40874.4,815415.0,1100888.0,1222363.0,-3.41,3.32,59.96,1496455780
ExclusiveCoin,EXCL,261,0.198393,0.00008042,5313.73,811240.0,4089054.0,4089054.0,-0.28,23.79,11.0,1496456056
ShadowCash,SDC,262,0.121188,0.00004912,526.53,807998.0,6667309.0,6667309.0,2.01,-1.07,-8.0,1496456054
BlueCoin,BLU,263,0.00139586,0.00000057,1754.59,802178.0,574683675.0,574683675.0,11.16,-15.5,218.32,1496456051
Centurion,CNT,264,0.0310222,0.00001258,31080.5,801933.0,25850279.0,63389078.0,-0.46,-6.18,6.28,1496455786
Unitus,UIS,265,0.0168989,0.00000685,25044.0,790630.0,46785866.0,46785866.0,-0.6,4.84,-6.31,1496456059
e-Gulden,EFL,266,0.0505915,0.00002051,1708.46,776382.0,15346088.0,20385428.0,-0.96,3.91,-27.49,1496456050
Version,V,267,0.00172672,0.00000070,597.007,755396.0,437474748.0,437474748.0,-0.27,-0.08,,1496455794
GeoCoin,GEO,268,0.3071,0.00012448,5711.48,753955.0,2455079.0,2455079.0,-0.0,18.27,36.61,1496456059
ProCurrency,PROC,269,0.256919,0.00010415,1175.33,723280.0,2815205.0,15000053805.0,-0.33,11.39,14.89,1496455790
Tokes,TKS,270,1.11258,0.00045103,9558.81,720534.0,647624.0,50000000.0,-0.19,10.44,21.46,1496455787
HempCoin,THC,271,0.00337966,0.00000137,17050.2,715890.0,211823061.0,211823061.0,-5.64,10.4,-6.36,1496456054
Ripto Bux,RBX,272,0.00209229,0.00000085,3007.98,715773.0,342100100.0,1000000000.0,-0.98,3.46,25.21,1496455789
Fantomcoin,FCN,273,0.120881,0.00004900,3627.8,708778.0,5863439.0,5863439.0,-1.15,-3.75,8.7,1496456053
Synergy,SNRG,274,0.240505,0.00009749,1016.49,667823.0,2776755.0,2776755.0,-0.15,7.1,32.84,1496456063
Altcoin,ALT,275,5.44405,0.00220697,2100.21,665128.0,122175.0,134063.0,-0.11,0.98,43.95,1496455790
BTSR,BTSR,276,0.17971,0.00007285,19181.4,594987.0,3310819.0,3310819.0,-0.06,15.1,54.2,1496456069
Deutsche eMark,DEM,277,0.0213092,0.00000864,880.446,592255.0,27793416.0,27793416.0,3.55,3.54,22.38,1496456044
DT Token,DRACO,278,0.00665437,0.00000270,85537.3,591500.0,88888888.0,88888888.0,-4.05,14.74,56.86,1496456073
TrustPlus,TRUST,279,0.0182308,0.00000739,1550.7,584964.0,32086595.0,32086595.0,-0.14,5.39,28.44,1496456053
Moin,MOIN,280,0.0835059,0.00003385,2049.08,580398.0,6950383.0,6950383.0,-2.9,8.1,36.63,1496456067
Magi,XMG,281,0.0803207,0.00003256,4082.7,566794.0,7056639.0,7056639.0,-0.19,0.78,-6.19,1496456056
IncaKoin,NKA,282,0.0000730818,0.00000003,4450.04,550817.0,7536997940.0,7536997940.0,14.77,1.03,229.38,1496456060
TileCoin,XTC,283,0.00536732,0.00000218,10410.2,536732.0,100000000.0,100000000.0,-0.25,-2.87,8.79,1496456057
Canada eCoin,CDN,284,0.00539408,0.00000219,753.536,525467.0,97415544.0,97415544.0,-0.14,5.89,25.0,1496456052
FujiCoin,FJC,285,0.000543504,0.00000022,3143.2,523695.0,963553082.0,963553082.0,-1.52,-27.13,14.87,1496456062
1337,1337,286,0.0000225603,0.000000009,5022.33,515341.0,22842814921.0,22842814921.0,-1.6,6.85,66.6,1496456067
Wyvern,WYV,287,0.455115,0.0001845,1880.84,496363.0,1090631.0,1090631.0,-0.27,51.0,33.47,1496455789
UniBURST,UNIBURST,288,0.482465,0.00019559,7559.25,482465.0,999999.0,1000000.0,-12.52,-13.84,153.88,1496455786
Elcoin,EL,289,0.0406542,0.00001648,2760.28,455692.0,11208967.0,20935289.0,-9.2,1.1,-15.22,1496456072
TrumpCoin,TRUMP,290,0.0686048,0.00002781,5049.14,448645.0,6539555.0,6539555.0,1.21,20.9,22.89,1496456070
NuShares,NSR,291,0.000165799,0.00000007,907.782,448033.0,2702268334.0,3317185701.0,-19.97,-23.21,-49.59,1496456057
KoreCoin,KORE,292,0.244229,0.00009900,2958.25,447171.0,1830949.0,1830949.0,-0.14,-3.81,4.27,1496456053
Capricoin,CPC,293,0.448351,0.00018174,53995.4,441578.0,984893.0,200984893.0,-2.49,-1.52,27.52,1496456064
I0Coin,I0C,294,0.0196863,0.00000798,1004.11,412910.0,20974465.0,20974465.0,-0.27,2.5,13.01,1496456043
BitBar,BTB,295,12.3564,0.00500874,947.679,402753.0,32595.0,32595.0,-7.49,6.88,10.44,1496456044
CasinoCoin,CSC,296,0.0102965,0.00000417,502.253,397457.0,38601187.0,38601187.0,-4.46,-12.73,-17.34,1496456045
NobleCoin,NOBL,297,0.000171546,0.00000007,12276.1,393132.0,2291702176.0,2291702176.0,-0.06,-20.19,-14.35,1496456047
Newbium,NEWB,298,0.0162819,0.00000660,45270.0,390766.0,24000000.0,51000000.0,-0.14,39.31,293.26,1496456073
Cryptojacks,CJ,299,0.000939844,0.00000038,5415.28,382111.0,406568581.0,406568581.0,-4.66,299.45,173.08,1496455775
PostCoin,POST,300,0.024082,0.00000976,2769.95,379902.0,15775332.0,15775332.0,0.32,0.6,9.04,1496456071
Terracoin,TRC,301,0.0188136,0.00000763,6796.98,378252.0,20105240.0,20105240.0,0.67,19.85,5.12,1496456040
Trollcoin,TROLL,302,0.000640227,0.00000026,939.151,354543.0,553776264.0,553776264.0,-0.1,3.25,-3.32,1496456057
Virtacoinplus,XVP,303,0.0392892,0.00001593,1125.62,346574.0,8821111.0,10355705.0,-1.88,-2.34,-33.02,1496455787
Jewels,JWL,304,0.0171192,0.00000694,3491.49,345405.0,20176463.0,20176463.0,-0.34,2.13,11.02,1496455776
Master Swiscoin,MSCN,305,0.0335626,0.00001361,10915.9,344235.0,10256510.0,1002582541.0,-2.67,-1.96,-13.18,1496455785
iTicoin,ITI,306,10.453,0.00423757,45847.0,334496.0,32000.0,9999992.0,-5.45,-12.73,17.45,1496455791
Bytecent,BYC,307,0.204758,0.00008300,8415.09,332135.0,1622084.0,1622084.0,1.7,28.51,17.63,1496456058
Atomic Coin,ATOM,308,0.032433,0.00001315,1287.0,325985.0,10051039.0,10051039.0,-1.07,33.99,43.37,1496455779
Dotcoin,DOT,309,0.00144547,0.00000059,35537.9,325210.0,224985750.0,489985750.0,2.75,4.7,19.26,1496456059
MazaCoin,MZC,310,0.000295351,0.00000012,970.778,322706.0,1092618137.0,1092618137.0,-4.1,-4.78,19.36,1496456048
GCoin,GCN,311,0.0000022342,0.0000000009,1912.83,310638.0,139036385000,139036385000,-0.3,2.56,45.63,1496456058
ParkByte,PKB,312,0.0631977,0.00002562,2083.4,301076.0,4764026.0,4764026.0,-0.14,11.95,19.31,1496456062
Joincoin,J,313,0.115988,0.00004702,702.272,283985.0,2448402.0,2448402.0,-0.14,-69.05,-30.3,1496456055
Influxcoin,INFX,314,0.162932,0.00006605,8786.19,272648.0,1673383.0,1673383.0,-1.6,4.75,-28.41,1496456065
8Bit,8BIT,315,0.233627,0.00009470,2701.43,272039.0,1164415.0,1164415.0,0.54,16.25,-22.01,1496456061
Asiadigicoin,ADCN,316,0.0108546,0.00000440,921.265,270617.0,24931054.0,210000000.0,-0.14,-6.06,-27.71,1496456069
Quatloo,QTL,317,0.036302,0.00001472,6624.1,270031.0,7438464.0,7438464.0,-0.14,-1.92,-6.27,1496456054
UltraCoin,UTC,318,0.00589604,0.00000239,3525.53,254143.0,43103946.0,43103946.0,6.29,11.39,42.08,1496456046
Rubies,RBIES,319,0.0236997,0.00000961,2183.64,245851.0,10373575.0,10373575.0,3.2,8.87,-2.65,1496456069
Karbowanec,KRB,320,0.0686118,0.00002781,4922.91,243094.0,3543034.0,3543034.0,-3.04,-10.65,-5.38,1496455776
Torcoin,TOR,321,0.922647,0.00037403,7620.28,242781.0,263136.0,1263136.0,-0.6,21.56,26.86,1496455789
Sexcoin,SXC,322,0.00193791,0.00000079,2526.64,237485.0,122547076.0,122547076.0,-1.5,-6.42,-8.45,1496456043
Zoin,ZOI,323,0.0220247,0.00000893,509.222,237052.0,10763000.0,10763000.0,-3.91,-10.24,-6.89,1496455779
PRCoin,PRC,324,0.0240527,0.00000975,44311.3,227880.0,9474200.0,789474200.0,-0.27,6.16,-1.1,1496455786
LiteBar,LTB,325,0.348419,0.00014123,1903.34,225158.0,646227.0,646227.0,12.76,-8.55,7.04,1496456049
Flycoin,FLY,326,0.987105,0.00040013,1472.45,208087.0,210806.0,210806.0,-0.19,48.59,220.57,1496456064
GoldBlocks,GB,327,0.0136588,0.00000554,912.054,203079.0,14867980.0,14867980.0,0.89,3.81,32.65,1496455773
TEKcoin,TEK,328,0.00013941,0.00000006,1941.99,197133.0,1414054562.0,1414054562.0,6.96,45.71,480.05,1496456051
NuBits,USNBT,329,1.00078,0.00040567,81484.2,196925.0,196772.0,838087.0,0.22,0.07,-3.36,1496456056
Netko,NETKO,330,0.0699057,0.00002834,912.219,171876.0,2458687.0,2458687.0,-0.34,6.66,-6.05,1496455787
UnbreakableCoin,UNB,331,0.0748437,0.00003034,2997.81,170505.0,2278150.0,2278150.0,-0.19,2.4,15.55,1496456052
Tattoocoin (Standard Edition),TSE,332,0.00146699,0.00000059,1042.71,167815.0,114393924.0,604393924.0,-0.27,-4.02,28.55,1496455784
bitBTC,BITBTC,333,2492.68,1.01043,74059.5,160977.0,65.0,65.0,-0.37,4.55,8.74,1496456057
Fastcoin,FST,334,0.00123269,0.00000050,1459.03,156261.0,126764507.0,126764507.0,-0.17,-6.72,37.93,1496456042
Pascal Lite,PASL,335,0.0730651,0.00002962,2921.1,144943.0,1983750.0,1983750.0,-1.2,24.87,-18.95,1496455786
BERNcash,BERN,336,0.0019767,0.00000080,922.315,140809.0,71234301.0,71234301.0,3.53,7.52,6.14,1496456071
TheGCCcoin,GCC,337,0.0197587,0.00000801,2506.22,139149.0,7042432.0,867042432.0,-0.27,-8.31,-16.7,1496455784
Bottlecaps,CAP,338,0.000992374,0.00000040,543.316,137952.0,139011616.0,139011616.0,-0.33,-40.67,49.66,1496456054
LanaCoin,LANA,339,0.000180089,0.00000007,501.757,134857.0,748834763.0,748834763.0,-19.03,25.53,86.48,1496456072
Truckcoin,TRK,340,0.00108546,0.00000044,625.226,133659.0,123135984.0,123135984.0,-0.14,-4.76,49.96,1496456054
Sumokoin,SUMO,341,0.283652,0.00011499,7889.91,132325.0,466503.0,9355392.0,-0.07,6.71,,1496455794
Machinecoin,MAC,342,0.00629075,0.00000255,2489.44,123049.0,19560325.0,19560325.0,3.41,5.46,3.38,1496456060
bitEUR,BITEUR,343,1.14934,0.00046589,20260.1,117922.0,102600.0,102600.0,0.81,2.54,-10.38,1496456062
Piggycoin,PIGGY,344,0.000243664,0.00000010,684.323,117888.0,483814143.0,483814143.0,-3.84,-11.87,-38.03,1496456053
Phoenixcoin,PXC,345,0.00202256,0.00000082,637.547,117094.0,57893775.0,57893775.0,-2.56,22.93,74.48,1496456042
Rimbit,RBT,346,0.00101258,0.00000041,843.629,116953.0,115499623.0,393459356.0,-0.15,7.58,13.71,1496456058
MojoCoin,MOJO,347,0.00964096,0.00000391,2595.54,116234.0,12056318.0,12056318.0,-0.14,4.69,-22.82,1496456070
bitSilver,BITSILVER,348,20.4048,0.00827124,10781.1,115013.0,5637.0,5637.0,-0.06,-1.05,17.89,1496456059
PipCoin,PIP,349,0.0170206,0.00000690,541.653,111879.0,6573177.0,6999979.0,-0.34,-19.99,-15.0,1496455778
HoboNickels,HBN,350,0.00214626,0.00000087,539.867,104278.0,48586038.0,48586038.0,-0.14,-15.64,68.52,1496456045
CHNCoin,CNC,351,0.00396675,0.00000161,14601.2,100201.0,25260247.0,170109984.0,-3.14,-6.92,-1.55,1496456054
Eryllium,ERY,352,0.0220091,0.00000892,4097.55,95845.0,4354780.0,14354780.0,0.45,2.31,-35.87,1496455784
bitGold,BITGOLD,353,1575.09,0.638473,3682.09,88229.0,56.0,56.0,0.1,1.37,2.89,1496456058
Freicoin,FRC,354,0.00271366,0.00000110,18202.2,75731.0,27907173.0,100000000.0,-0.14,3.14,16.48,1496456043
Greencoin,GREV2,355,0.0000246696,0.00000001,629.338,75498.0,3060380641.0,3060380641.0,-0.14,3.12,11.19,1496456054
Gapcoin,GAP,356,0.00626573,0.00000254,9890.66,68211.0,10886326.0,10886326.0,-0.54,-4.52,24.43,1496456058
Kurrent,KURT,357,0.00675751,0.00000274,2085.54,67031.0,9919485.0,21319485.0,0.71,-13.41,6.2,1496455781
MCAP,MCAP,358,6.52622,0.00264568,109207.0,65295.0,10005.0,100000000.0,-0.33,3.26,,1496455792
CrevaCoin,CREVA,359,0.00171166,0.00000069,12059.9,62289.0,36390750.0,6240390800.0,-2.86,5.12,-2.68,1496456062
Chronos,CRX,360,0.000814947,0.00000033,979.585,60086.0,73729962.0,73729962.0,-46.58,0.96,31.38,1496455774
PetroDollar,XPD,361,0.000924496,0.00000037,1958.72,59162.0,63993275.0,63993275.0,-0.16,-1.98,1.25,1496456050
Wexcoin,WEX,362,0.351085,0.00014233,6040.94,58943.0,167887.0,10000167887.0,-0.14,-2.22,20.23,1496455778
Argentum,ARG,363,0.00725286,0.00000294,878.156,54457.0,7508326.0,7508326.0,-2.14,1.19,1.84,1496456045
Acoin,ACOIN,364,0.0435419,0.00001765,11667.7,53125.0,1220085.0,1220085.0,0.11,2.11,-19.82,1496456056
Philosopher Stones,PHS,365,0.0199084,0.00000807,2728.96,48362.0,2429219.0,2429219.0,-0.27,3.03,15.53,1496456045
PonziCoin,PONZI,366,0.0548899,0.00002225,741.15,47266.0,861099.0,861099.0,-0.14,-0.23,24.05,1496456072
Prime-XI,PXI,367,0.0030247,0.00000123,676.654,44775.0,14802985.0,14802985.0,-0.05,8.64,68.06,1496456057
Bolivarcoin,BOLI,368,0.00577776,0.00000234,864.563,37491.0,6488825.0,6488825.0,-4.61,13.07,47.32,1496456064
Rawcoin,XRC,369,0.0517524,0.00002098,1777.25,36479.0,704882.0,704882.0,-0.34,8.63,191.93,1496455780
Independent Money System,IMS,370,0.00655062,0.00000266,833.073,35170.0,5368934.0,5368934.0,0.61,-4.16,-0.92,1496456070
LevoPlus,LVPS,371,0.0787342,0.00003192,3170.31,32554.0,413467.0,91413467.0,-0.39,80.38,-39.74,1496455786
Marijuanacoin,MAR,372,0.0556745,0.00002257,12182.8,29100.0,522690.0,522690.0,1.48,-18.46,13.5,1496455785
BeaverCoin,BVC,373,0.00888106,0.00000360,596.525,27667.0,3115258.0,3115258.0,-2.7,2.11,-4.2,1496456057
PIECoin,PIE,374,0.000368653,0.00000015,537.109,26569.0,72069866.0,72069866.0,-0.27,-6.14,5.74,1496455786
Eurocoin,EUC,375,0.00172687,0.00000070,1456.19,20257.0,11730350.0,11730350.0,0.97,16.94,-14.04,1496456064
Bitvolt,VOLT,376,0.000838695,0.00000034,907.675,12675.0,15112554.0,60132654.0,-0.34,14.59,4.9,1496455790
Beatcoin,XBTS,377,0.0062836,0.00000255,1416.3,9581.0,1524686.0,2524686.0,-1.79,-1.95,23.64,1496455777
Ebittree Coin,EBT,378,0.0104837,0.00000425,1114.97,9150.0,872790.0,810872790.0,-0.33,-10.55,3.79,1496455789
AllSafe,ASAFE,379,0.0000128428,0.000000005,1090.48,9118.0,710000000.0,710000000.0,16.28,-32.23,145.79,1496455780
BenjiRolls,BENJI,380,0.000468682,0.00000019,4854.32,8881.0,18948986.0,18948986.0,-0.27,4.5,-2.89,1496455784
Argus,ARGUS,381,0.00662065,0.00000268,853.846,7603.0,1148324.0,5194373.0,-0.27,32.1,33.87,1496455786
Digital Money Bits,DMB,382,0.0164772,0.00000668,8973.01,5199.0,315500.0,10315500.0,2.54,5.57,129.07,1496455792
Environ,ENV,383,0.0000246582,0.000000010,3422.76,3233.0,131129509.0,931129509.0,-0.27,3.11,,1496455793
Gold Pressed Latinum,GPL,384,0.182391,0.00007394,7088.59,,,204136.0,-0.29,-5.33,-9.28,1496455792
SnakeEyes,SNAKE,385,0.148451,0.00006018,650.956,,,10000000.0,6.25,2.96,49.32,1496455791
Arcade Token,ARC,386,3.74133,0.00167261,,10773690.0,2879642.0,2879642.0,,,51.49,1496180681
Scotcoin,SCOT,387,0.00774289,0.00000321,,7742890.0,1000000000.0,1000000000.0,,-6.79,75.69,1496426352
MUSE,MUSE,388,0.00492699,0.00000200,345.237,6773825.0,1374840478.0,1524840478.0,-6.09,57.37,100.33,1496456062
Jinn,JINN,389,56.0427,0.0228523,,3289875.0,58703.0,1000000.0,,16.9,-25.63,1496444660
XCurrency,XC,390,0.520405,0.00021095,202.291,3021943.0,5806906.0,5806906.0,-0.14,20.87,17.53,1496456052
AsiaCoin,AC,391,0.00301949,0.00000122,4.67498,2537531.0,840383902.0,840383902.0,-0.18,9.46,-2.84,1496456050
Bitpark Coin,BPC,392,0.0186486,0.00000756,72.9267,1398645.0,75000000.0,100000000.0,-0.27,25.4,15.95,1496455783
InsaneCoin,INSANE,393,0.0713931,0.00002894,342.41,1309421.0,18341005.0,18341005.0,-1.09,0.92,49.54,1496455779
NewYorkCoin,NYC,394,0.0000188532,0.000000008,138.126,1125912.0,59719935819.0,59719935819.0,-0.17,-21.18,-12.25,1496456050
Devcoin,DVC,395,0.0000627894,0.00000003,8.70311,879405.0,14005627500.0,14005627500.0,-0.16,104.97,106.53,1496456042
GlobalCoin,GLC,396,0.0132229,0.00000536,2.53285,861750.0,65171010.0,65171010.0,-0.19,-7.87,-49.37,1496456042
Pandacoin,PND,397,0.0000246696,0.00000001,216.046,802130.0,32514916898.0,32514916898.0,-0.14,3.09,11.19,1496456050
DubaiCoin,DBIC,398,0.149561,0.00006063,275.291,767100.0,5129014.0,6146942.0,0.13,-8.67,-1.11,1496456069
Carboncoin,CARBON,399,0.0000493392,0.00000002,16.9183,759426.0,15391934125.0,15391934125.0,-0.14,3.14,11.19,1496456054
Tao,XTO,400,0.023586,0.00000956,224.609,715055.0,30316934.0,32316934.0,-1.23,31.6,28.02,1496455777
Ultimate Secure Cash,USC,401,0.06848,0.00002776,14.5592,708296.0,10343113.0,38602656.0,-8.74,-8.5,3.3,1496455789
CageCoin,CAGE,402,0.0000063625,0.000000003,373.817,643685.0,101168328395,101168328395,8.66,34.37,-13.62,1496456048
Cryptofund,FUND,403,0.5588,0.0002553,,558800.0,1000000.0,1000000.0,,,-5.69,1495948164
E-Currency Coin ,ECC,404,0.0000246696,0.00000001,3.94963,544226.0,22060603799.0,22060603799.0,-0.14,3.12,11.19,1496456049
Colossuscoin V2,CV2,405,0.0000214913,0.000000009,169.387,476922.0,22191390273.0,22191390273.0,-8.49,20.56,-29.36,1496456060
SmileyCoin,SMLY,406,0.0000180965,0.000000007,126.127,469790.0,25960250000.0,25960250000.0,-0.15,-71.75,2.64,1496456060
PayCoin,XPY,407,0.0386845,0.00001568,120.153,452725.0,11703009.0,11753009.0,-0.14,428.46,153.55,1496456059
ReeCoin,REE,408,0.03637,0.00001474,363.767,449813.0,12367704.0,6662367704.0,0.87,-12.57,52.12,1496455774
Happycoin,HPC,409,0.039468,0.00001600,173.554,448592.0,11365955.0,11365955.0,-0.34,6.98,147.86,1496455789
Dashcoin,DSH,410,0.0242885,0.00000985,138.589,419987.0,17291579.0,17291579.0,-0.46,2.25,5.45,1496456057
Orbitcoin,ORB,411,0.132289,0.00005362,264.429,391041.0,2955963.0,2955963.0,6.47,7.07,19.06,1496456044
YashCoin,YASH,412,0.0382346,0.00001550,226.914,382350.0,10000117.0,10000117.0,-0.27,-19.89,9.36,1496455782
FuelCoin,FC2,413,0.00374978,0.00000152,158.836,380277.0,101413030.0,101413030.0,-0.14,5.21,,1496456054
LTBcoin,LTBC,414,0.000742106,0.00000032,,366499.0,493863915.0,493863915.0,,,,1496287754
TeslaCoin,TES,415,0.00507479,0.00000206,362.302,364238.0,71774059.0,71774059.0,-0.19,35.87,3.73,1496456046
Mineum,MNM,416,0.0385199,0.00001561,145.73,363488.0,9436367.0,9586367.0,0.08,-0.13,-7.28,1496456073
RussiaCoin,RC,417,0.0435665,0.00001766,0.871331,357962.0,8216446.0,8216446.0,-0.14,3.02,15.3,1496456068
SuperCoin,SUPER,418,0.00853223,0.00000350,,351149.0,41155630.0,41155630.0,,1.92,,1496441051
HOdlcoin,HODL,419,0.00372511,0.00000151,246.822,345827.0,92836765.0,250000000.0,-0.14,19.8,59.9,1496456070
SmartCoin,SMC,420,0.0148801,0.00000603,249.307,340671.0,22894382.0,22894382.0,-7.6,27.9,20.01,1496456047
Casino,CASINO,421,0.309272,0.00012538,3.71127,309272.0,1000000.0,1000000.0,0.94,-33.02,-42.97,1496455787
Rare Pepe Party,RAREPEPEPRTY,422,16.1275,0.0067095,,290295.0,18000.0,100000.0,,,18.23,1496315982
Shorty,SHORTY,423,0.0028861,0.00000117,0.28861,288610.0,100000000.0,100000000.0,-0.27,,-15.92,1496455782
HitCoin,HTC,424,0.0000246696,0.00000001,14.4168,271275.0,10996318099.0,20996318099.0,-0.14,-48.43,-44.41,1496456071
Kobocoin,KOBO,425,0.0107313,0.00000435,1.03195,265066.0,24700248.0,24700248.0,-0.14,47.4,-40.17,1496456059
Crypto Bullion,CBX,426,0.263271,0.00010672,310.964,262185.0,995875.0,995875.0,-0.14,-19.34,-39.26,1496456048
MTMGaming,MTM,427,0.0853591,0.00003460,361.069,256077.0,3000000.0,5000000.0,-21.74,-8.85,140.55,1496455787
SwagBucks,BUCKS,428,1.1543,0.0004679,1.24202,237511.0,205762.0,205762.0,-1.43,1.58,-4.6,1496456066
BTCtalkcoin,TALK,429,0.00357833,0.00000161,,233631.0,65290635.0,65290635.0,,,-24.99,1496191750
The Cypherfunks,FUNK,430,0.0000050189,0.000000002,168.158,221654.0,44163645000.0,44163645000.0,0.15,5.66,-34.38,1496456062
AgrolifeCoin,AGLC,431,0.0472658,0.00001990,,216890.0,4588727.0,204588727.0,,,,1496301878
VirtualCoin,VC,432,0.0213734,0.00000888,,215108.0,10064287.0,10064287.0,,0.61,1.72,1496433855
BritCoin,BRIT,433,0.00984318,0.00000399,166.562,209346.0,21268092.0,21268092.0,-0.14,3.14,9.54,1496456054
Vault Coin,VLTC,434,0.00699712,0.00000284,30.5574,208005.0,29727280.0,529727280.0,-0.44,39.19,-9.71,1496455781
Neutron,NTRN,435,0.0163579,0.00000663,166.288,206399.0,12617684.0,12617684.0,-16.24,-17.74,198.88,1496456062
42-coin,42,436,4706.16,1.90767,266.028,197659.0,42.0,42.0,-0.19,9.07,31.02,1496456045
Pesobit,PSB,437,0.0059942,0.00000243,410.328,195849.0,32673041.0,32673041.0,-0.27,-0.78,7.62,1496455779
Coin(O),CNO,438,0.00189871,0.00000077,439.004,195795.0,103120186.0,103120186.0,8.3,107.99,124.1,1496456049
BillaryCoin,BLRY,439,0.0200071,0.00000811,11.371,179727.0,8983158.0,8983158.0,-0.14,-0.86,-8.55,1496456073
Bitz,BITZ,440,0.0892373,0.00003720,,177662.0,1990891.0,1990891.0,,,8.12,1496351362
Zero,ZER,441,0.234785,0.00009518,453.162,175706.0,748370.0,748370.0,-0.27,3.32,5.88,1496455788
Veltor,VLT,442,0.315769,0.00012801,317.457,175206.0,554855.0,554855.0,-0.25,-27.47,-29.57,1496455778
NetCoin,NET,443,0.000221684,0.00000009,27.8006,174493.0,787126712.0,787126712.0,-0.17,3.14,-2.1,1496456044
Bitstar,BITS,444,0.00752423,0.00000305,321.49,173657.0,23079737.0,23079737.0,-0.19,-31.86,39.23,1496456050
Tristar Coin,TSTR,445,0.0343849,0.00001500,,172882.0,5027857.0,255027857.0,,,-13.9,1496271895
KibiCoin,KIC,446,0.011726,0.00000475,430.302,171895.0,14659300.0,14659300.0,-3.98,-20.88,,1496455793
DigitalPrice,DP,447,0.00730037,0.00000296,430.724,165427.0,22660116.0,22660116.0,-0.64,29.35,91.25,1496456057
Titcoin,TIT,448,0.00307639,0.00000125,125.916,153506.0,49898202.0,49898202.0,-0.3,5.01,-26.35,1496456054
LottoCoin,LOT,449,0.0000103495,0.000000004,11.32,149975.0,14491014421.0,14491014421.0,-0.62,4.2,22.43,1496456045
PureVidz,VIDZ,450,0.00115717,0.00000047,27.9516,144860.0,125185118.0,125185118.0,-0.27,14.44,18.02,1496455783
Crave,CRAVE,451,0.115207,0.00004670,268.377,143974.0,1249695.0,1249695.0,-0.14,,146.44,1496456060
GAIA,GAIA,452,0.00592071,0.00000240,59.2071,142697.0,24101381.0,24101381.0,-0.14,,,1496456058
RedCoin,RED,453,0.00190314,0.00000077,211.367,141038.0,74107896.0,74107896.0,47.22,206.02,104.26,1496456046
Stress,STS,454,0.000246696,0.00000010,2.46696,139416.0,565134332.0,565134332.0,-0.14,3.14,1.08,1496456068
Bitcurrency,BTCR,455,0.00075624,0.00000031,111.55,127296.0,168327356.0,168327356.0,-0.27,7.22,56.75,1496455781
GameUnits,UNITS,456,0.0366827,0.00001487,10.6011,127156.0,3466382.0,3466382.0,-0.34,69.32,33.84,1496455783
Dollarcoin,DLC,457,0.0135242,0.00000548,6.16569,123161.0,9106714.0,9106714.0,-0.27,27.34,52.49,1496455777
MetalCoin,METAL,458,0.00154592,0.00000064,,118921.0,76925527.0,76925527.0,,0.98,-17.89,1496430259
Xiaomicoin,MI,459,0.000292428,0.00000012,273.76,118767.0,406141855.0,406141855.0,-0.22,16.78,12.35,1496456064
BitcoinTX,BTX,460,0.00145551,0.00000059,59.9644,117988.0,81063247.0,81063247.0,-0.14,-44.17,-66.7,1496456061
C-Bit,XCT,461,0.000888106,0.00000036,80.4184,117051.0,131799000.0,131799000.0,-0.14,7.37,22.8,1496456070
Universal Currency,UNIT,462,0.00883172,0.00000358,8.14993,115222.0,13046431.0,13046431.0,-0.14,236.24,27.63,1496456063
HyperStake,HYP,463,0.000292505,0.00000012,349.368,112847.0,385796097.0,385796097.0,5.94,8.06,39.38,1496456055
TittieCoin,TTC,464,0.0000892791,0.00000004,103.813,112475.0,1259816434.0,1259816434.0,-0.14,26.25,16.57,1496456059
Emerald Crypto,EMD,465,0.00557585,0.00000226,434.926,106594.0,19117129.0,19117129.0,-1.05,34.06,106.1,1496456042
Swing,SWING,466,0.0466009,0.00001889,45.8935,106212.0,2279175.0,2279175.0,-0.14,8.33,1.73,1496456068
Pakcoin,PAK,467,0.00282929,0.00000115,243.941,103727.0,36662000.0,36662000.0,-0.14,8.97,2.09,1496456068
BunnyCoin,BUN,468,0.0000010017,0.0000000004,22.7466,101584.0,101413129974,101413129974,-0.16,17.9,25.99,1496456056
BigUp,BIGUP,469,0.0000493392,0.00000002,215.1,101378.0,2054717871.0,2054717871.0,-0.14,3.14,39.87,1496456070
Sterlingcoin,SLG,470,0.0256265,0.00001039,352.475,99460.0,3881156.0,3881156.0,-0.14,2.19,5.62,1496456056
QuazarCoin,QCN,471,0.0172687,0.00000700,80.8384,98671.0,5713892.0,5713892.0,-12.62,-1.01,16.44,1496456052
GlobalBoost-Y,BSTY,472,0.00863508,0.00000350,431.893,98426.0,11398430.0,11398430.0,-0.15,4.6,16.47,1496456057
Coin2.1,C2,473,0.000949297,0.00000038,306.34,94907.0,99976323.0,99976323.0,-0.14,-4.13,-14.82,1496456053
Cannacoin,CCN,474,0.0197604,0.00000801,48.4483,92828.0,4697675.0,4697675.0,-0.19,-30.98,-24.45,1496456050
CorgiCoin,CORG,475,0.0000737536,0.00000003,4.41086,92329.0,1251855418.0,1251855418.0,-0.14,17.16,-62.51,1496456048
FlutterCoin,FLT,476,0.000285447,0.00000012,63.3438,91975.0,322214524.0,322214524.0,0.14,6.41,-8.24,1496456051
NoLimitCoin,NLC2,477,0.000444015,0.00000018,71.7311,89007.0,200458892.0,200458892.0,-0.27,32.6,8.63,1496455777
WayGuide,WAY,478,0.00088803,0.00000036,2.752,88839.0,100040708.0,100040708.0,-0.27,,12.01,1496455776
KiloCoin,KLC,479,0.000419383,0.00000017,4.19383,82324.0,196297971.0,10025186872.0,-0.14,3.14,25.68,1496456068
Elementrem,ELE,480,0.00325827,0.00000132,41.5223,81525.0,25020977.0,25020977.0,-0.34,1.69,18.92,1496455775
AmberCoin,AMBER,481,0.00182555,0.00000074,2.81078,79673.0,43643263.0,43643263.0,-0.14,,13.04,1496456059
KushCoin,KUSH,482,0.0147018,0.00000596,73.5091,79300.0,5393924.0,5393924.0,-0.27,50.65,34.99,1496455785
Digital Rupees,DRS,483,0.000148005,0.00000006,206.99,75601.0,510802961.0,510802961.0,-0.27,-11.61,-47.01,1496455784
UFO Coin,UFO,484,0.0000229521,0.00000001,,75453.0,3287417512.0,3287417512.0,,,2.84,1496273048
Triangles,TRI,485,1.02406,0.00041511,0.1297,74645.0,72891.0,72891.0,-0.14,3.12,-9.24,1496456055
Valorbit,VAL,486,0.0000246696,0.00000001,6.66082,70862.0,2872433319.0,922340072433319,-0.14,3.14,11.19,1496456070
SproutsExtreme,SPEX,487,0.0000246696,0.00000001,22.4493,70718.0,2866607586.0,2866607586.0,-0.14,3.14,11.19,1496456069
Darsek,KED,488,0.00712891,0.00000289,58.2097,70317.0,9863619.0,9863619.0,-0.27,-6.85,-19.97,1496455788
Blakecoin,BLC,489,0.00579628,0.00000235,208.238,69038.0,11910789.0,11910789.0,-0.14,-0.17,3.26,1496456048
Guncoin,GUN,490,0.000370044,0.00000015,24.0911,67399.0,182138728.0,182138728.0,-0.14,3.15,41.98,1496456051
HempCoin,HMP,491,0.0000493392,0.00000002,169.194,66935.0,1356621638.0,2856621638.0,-0.14,3.14,17.04,1496456068
Ratecoin,XRA,492,0.000630317,0.00000026,181.838,66882.0,106108215.0,106108215.0,6.32,10.12,0.23,1496456064
ChessCoin,CHESS,493,0.0012371,0.00000050,84.1911,66763.0,53967177.0,53967177.0,-25.09,11.35,14.7,1496456073
Yacoin,YAC,494,0.000567401,0.00000023,77.5445,65888.0,116122254.0,116122254.0,-0.14,3.09,5.12,1496456047
Zayedcoin,ZYD,495,0.0103603,0.00000420,79.1926,64688.0,6243840.0,6243840.0,-0.34,29.29,16.97,1496455777
CCMiner,CCM100,496,0.0262387,0.00001064,60.1127,63402.0,2416354.0,6000000.0,0.94,-1.18,43.02,1496455785
Spots,SPT,497,0.00276667,0.00000112,480.677,61990.0,22406021.0,22406021.0,-0.19,-38.99,52.81,1496456043
Bitcloud,BTD,498,0.00540268,0.00000222,,60182.0,11139267.0,11139267.0,,1.75,-18.33,1496440775
DigiCube,CUBE,499,0.0000239932,0.000000010,12.9462,58283.0,2429126009.0,2429126009.0,-2.88,25.12,8.14,1496456066
Artex Coin,ATX,500,0.00311279,0.00000126,288.891,58205.0,18698540.0,268698540.0,-0.33,-16.6,30.52,1496455775
RevolverCoin,XRE,501,0.00266432,0.00000108,40.7831,58069.0,21794968.0,21794968.0,-0.14,23.76,19.08,1496456073
MarteXcoin,MXT,502,0.0212524,0.00000861,0.113984,57980.0,2728161.0,2728161.0,-1.76,-6.16,-14.07,1496456073
Nyancoin,NYAN,503,0.000192927,0.00000008,72.4598,57471.0,297891209.0,297891209.0,-0.39,-4.1,7.41,1496456048
Debitcoin,DBTC,504,0.00301122,0.00000122,25.6062,54178.0,17992091.0,25992091.0,-0.27,21.05,0.83,1496455774
MiloCoin,MILO,505,0.00518121,0.00000210,32.1911,53329.0,10292776.0,10292776.0,-26.34,-1.27,57.41,1496455787
AquariusCoin,ARCO,506,0.0428547,0.00001737,82.8237,52401.0,1222755.0,1222755.0,-0.56,-0.89,27.18,1496456072
Evotion,EVO,507,0.0204597,0.00000829,71.822,50520.0,2469220.0,2469220.0,0.29,19.84,-32.15,1496456066
AmsterdamCoin,AMS,508,0.00518062,0.00000210,51.4104,49753.0,9603707.0,16803707.0,-0.14,15.51,51.53,1496456064
Lex4All,LEX,509,0.0494712,0.00002006,16.375,49473.0,1000043.0,5000000.0,0.92,7.14,0.28,1496455787
SatoshiMadness,MAD,510,0.0000246696,0.00000001,12.5816,49356.0,2000683485.0,2000683485.0,-0.14,3.14,11.19,1496456065
CoExistCoin,COXST,511,0.00180606,0.00000073,48.5759,49014.0,27138905.0,27138905.0,-0.65,31.77,1.69,1496456071
AurumCoin,AU,512,0.163486,0.00006627,104.502,48427.0,296216.0,296216.0,-0.56,2.28,-10.81,1496456057
Eternity,ENT,513,0.0155692,0.00000631,208.525,47803.0,3070362.0,3070362.0,-0.24,-3.85,-25.46,1496455782
PayCon,CON,514,0.00206903,0.00000084,129.32,47676.0,23042604.0,23042604.0,-0.14,55.9,54.85,1496456060
ICOBID,ICOB,515,0.000457123,0.00000019,78.8136,47478.0,103862796.0,103862796.0,5.93,12.06,35.08,1496455784
808Coin,808,516,0.000222977,0.00000009,479.505,46443.0,208287380.0,208287380.0,-0.35,3.34,55.72,1496455775
Joulecoin,XJO,517,0.00140758,0.00000057,12.1669,45416.0,32265320.0,32265320.0,7.75,-1.29,25.02,1496456044
NevaCoin,NEVA,518,0.0250158,0.00001014,101.184,45416.0,1815490.0,1815490.0,-1.29,-7.98,8.73,1496456070
Tigercoin,TGC,519,0.00103612,0.00000042,0.890282,45109.0,43536800.0,43536800.0,-0.14,-3.75,50.64,1496456046
Aricoin,ARI,520,0.000320705,0.00000013,39.3561,44983.0,140262505.0,140262505.0,-0.14,-11.75,19.4,1496456047
Jin Coin,JIN,521,0.00441548,0.00000179,67.2231,43486.0,9848485.0,9848485.0,-0.27,-30.43,,1496455777
Sativacoin,STV,522,0.00600705,0.00000243,0.878294,42511.0,7076890.0,7076890.0,-0.14,,11.21,1496456058
UniCoin,UNIC,523,0.014247,0.00000578,105.768,41487.0,2912015.0,2912015.0,-0.81,2.07,16.72,1496456063
UCoin,U,524,0.0153198,0.00000621,176.017,41207.0,2689812.0,2689812.0,-0.14,3.3,10.12,1496456058
Francs,FRN,525,0.0237513,0.00000963,224.067,40712.0,1714100.0,1714100.0,-0.04,-24.32,19.95,1496456069
BurstOcean,OCEAN,526,0.1868,0.00007573,7.47202,39569.0,211827.0,1000000.0,0.94,-9.52,12.73,1496455786
HealthyWormCoin,WORM,527,0.00244208,0.00000099,221.821,39351.0,16113909.0,16113909.0,-0.34,45.85,-32.92,1496455788
Franko,FRK,528,0.061378,0.00002488,7.51523,39095.0,636950.0,636950.0,-0.14,9.8,-39.81,1496456043
OctoCoin,888,529,0.000764758,0.00000031,29.4562,37004.0,48386828.0,48386828.0,-0.14,-1.22,38.96,1496456050
FlavorCoin,FLVR,530,0.00172692,0.00000070,199.951,36089.0,20898106.0,20898106.0,-0.19,18.45,44.3,1496456067
SpaceCoin,SPACE,531,0.00202291,0.00000082,49.318,36015.0,17803763.0,17803763.0,-0.14,1.73,7.27,1496456064
WMCoin,WMC,532,0.00311404,0.00000128,,35897.0,11527489.0,911527489.0,,1.71,40.53,1496438372
Cypher,CYP,533,0.00557533,0.00000226,246.696,35489.0,6365285.0,6365285.0,-0.19,3.14,-15.96,1496456061
PopularCoin,POP,534,0.0000103963,0.000000004,9.82379,34753.0,3342796866.0,3342796866.0,2.51,2.25,8.17,1496456052
Dobbscoin,BOB,535,0.00685815,0.00000278,3.02116,34705.0,5060382.0,5060382.0,-0.14,4.98,13.45,1496456055
Allion,ALL,536,0.00535943,0.00000217,134.545,33225.0,6199359.0,7323359.0,-2.07,-14.06,-30.61,1496455785
PlatinumBAR,XPTX,537,0.186996,0.00007580,10.557,32725.0,175004.0,175004.0,16.45,,25.86,1496456072
CryptoWorldX Token,CWXT,538,0.000590586,0.00000024,2.17373,32309.0,54707040.0,54707040.0,-0.27,3.97,14.29,1496455785
GoldPieces,GP,539,0.0263186,0.00001067,325.419,32113.0,1220161.0,1220161.0,-3.05,15.69,-14.82,1496456060
Creatio,XCRE,540,0.00156348,0.00000063,321.882,32083.0,20520514.0,20520514.0,0.14,114.74,30.08,1496455781
Uro,URO,541,0.0265692,0.00001077,62.9836,32077.0,1207310.0,1207310.0,-0.14,1.07,1.64,1496456053
Evil Coin,EVIL,542,0.00152185,0.00000062,0.0604095,31990.0,21020383.0,21020383.0,-1.36,3.26,8.26,1496456067
RonPaulCoin,RPC,543,0.0397921,0.00001613,19.8863,31416.0,789509.0,789509.0,-0.19,2.96,54.65,1496456045
Solarflarecoin,SFC,544,0.00224474,0.00000091,167.992,30810.0,13725400.0,13725400.0,0.28,4.27,-23.23,1496455784
Universe,UNI,545,0.0102617,0.00000416,93.9574,30651.0,2986950.0,14186950.0,-0.27,-13.5,-5.14,1496455789
Grantcoin,GRT,546,0.000740088,0.00000030,127.158,30590.0,41333456.0,10041333456.0,-0.14,23.76,33.43,1496456064
MACRON,MCRN,547,0.0000747049,0.00000003,227.571,29988.0,401421401.0,401421401.0,-0.26,1.83,62.18,1496455791
Hexx,HXX,548,0.0220102,0.00000892,160.03,29802.0,1354014.0,1354014.0,-0.02,-3.73,-32.04,1496456063
LeaCoin,LEA,549,0.000107737,0.00000004,77.9401,29765.0,276278689.0,276278689.0,-0.16,60.79,-6.98,1496456061
NeuCoin,NEU,550,0.0000149374,0.000000006,0.81032,29737.0,1990764588.0,2014638413.0,-1.76,2.23,,1496456065
SixEleven,611,551,0.0712952,0.00002890,9.24985,29384.0,412139.0,412139.0,-0.14,,-63.84,1496456072
Dreamcoin,DRM,552,0.0120275,0.00000503,,29311.0,2436996.0,2436996.0,,,2.09,1496330352
Zurcoin,ZUR,553,0.000370044,0.00000015,62.8861,29235.0,79004793.0,79004793.0,-0.14,3.14,17.7,1496456072
Bitzeny,ZNY,554,0.000370044,0.00000015,60.821,27981.0,75614500.0,75614500.0,-0.14,3.14,12.55,1496456063
Unrealcoin,URC,555,0.00394714,0.00000160,24.6204,27726.0,7024402.0,7024402.0,0.49,4.44,7.13,1496456061
ParallelCoin,DUO,556,0.0963287,0.00003905,326.057,27693.0,287489.0,287489.0,-1.37,30.1,21.89,1496456065
BumbaCoin,BUMBA,557,0.00123348,0.00000050,2.29316,27071.0,21946730.0,21946730.0,-0.14,3.14,-24.02,1496456070
Honey,HONEY,558,0.393128,0.00015937,366.552,26853.0,68306.0,68306.0,0.37,60.67,-36.2,1496455788
PX,PX,559,0.000345345,0.00000014,47.2725,26541.0,76852934.0,76852934.0,-0.27,-37.45,-18.12,1496455776
Cannation,CNNC,560,0.0103357,0.00000419,86.1117,25374.0,2454992.0,2454992.0,-0.34,97.63,-3.6,1496455791
Firecoin,FIRE,561,0.256687,0.00010405,0.769939,25261.0,98412.0,98412.0,-0.14,78.62,-3.58,1496456054
CryptoEscudo,CESC,562,0.000172687,0.00000007,31.8021,24885.0,144105100.0,594105100.0,-0.14,3.09,11.19,1496456052
Photon,PHO,563,0.0000013898,0.0000000006,34.6215,24802.0,17846225554.0,17846225554.0,-0.16,-27.19,13.95,1496456048
SoonCoin,SOON,564,0.00192423,0.00000078,4.99214,23981.0,12462620.0,12462620.0,3.81,-10.62,-8.24,1496456059
ARbit,ARB,565,0.00357811,0.00000149,,23165.0,6474045.0,6474045.0,,,-2.85,1496362165
Ride My Car,RIDE,566,0.000226531,0.00000009,95.3038,22902.0,101098898.0,101098898.0,-0.27,6.84,-12.73,1496455785
AntiBitcoin,ANTI,567,0.00130749,0.00000053,211.61,22836.0,17465159.0,17465159.0,-0.14,-5.75,7.14,1496456068
BiosCrypto,BIOS,568,0.0010627,0.00000043,,22037.0,20737003.0,20737003.0,-0.13,1.3,20.68,1496452465
Theresa May Coin,MAY,569,0.00143071,0.00000058,16.486,21879.0,15292600.0,15292600.0,-0.27,-14.55,,1496455793
X-Coin,XCO,570,0.0017022,0.00000069,4.39677,21082.0,12384976.0,12384976.0,-0.14,-20.93,-16.53,1496456060
Prototanium,PR,571,0.104752,0.00004246,46.9171,20370.0,194462.0,194462.0,0.49,4.85,10.0,1496456066
Flaxscript,FLAX,572,0.00370044,0.00000150,3.11378,20340.0,5496762.0,5496762.0,-0.8,0.55,8.58,1496456063
MindCoin,MND,573,0.00160352,0.00000065,22.0614,20119.0,12546625.0,12546625.0,-0.14,0.06,3.24,1496456067
Kittehcoin,MEOW,574,0.0000008225,0.0000000003,381.476,19662.0,23905669976.0,23905669976.0,-0.16,48.57,66.17,1496456046
Destiny,DES,575,0.0119648,0.00000485,207.115,19144.0,1600000.0,1600000.0,-0.14,-21.84,11.03,1496456068
B3Coin,B3,576,0.0620538,0.00002516,96.7467,19079.0,307454.0,307454.0,-0.33,-13.18,8.53,1496455776
IslaCoin,ISL,577,0.0125739,0.00000510,325.037,19033.0,1513704.0,1513704.0,-0.14,,-26.1,1496456065
Sprouts,SPRTS,578,0.0000001075,0.00000000004,69.5843,18861.0,175489466073,175489466073,-1.76,33.74,11.91,1496456063
Magnum,MGM,579,0.00516496,0.00000225,,18735.0,3627420.0,253627420.0,,,72.35,1496272491
Luna Coin,LUNA,580,0.0151308,0.00000613,227.362,18571.0,1227386.0,1227386.0,-0.34,3.66,16.42,1496455782
Alexium,AUM,581,0.000912034,0.00000037,,18512.0,20297336.0,20297336.0,-0.22,3.05,11.1,1496454265
Halcyon,HAL,582,0.00392247,0.00000159,11.0897,18246.0,4651632.0,4651632.0,-7.15,8.6,-10.75,1496456055
BipCoin,BIP,583,0.0134191,0.00000544,55.3164,18034.0,1343889.0,1343889.0,-0.34,6.26,-31.54,1496455779
SongCoin,SONG,584,0.000552977,0.00000022,36.3143,18008.0,32565300.0,32565300.0,-0.23,-9.19,18.39,1496456060
SecretCoin,SCRT,585,0.00424808,0.00000177,,17964.0,4228672.0,4228672.0,,0.34,15.42,1496414965
Vector,VEC2,586,0.00111013,0.00000045,27.0252,17589.0,15844490.0,15844490.0,-0.19,5.48,-48.42,1496456064
BTCDragon,DRAGON,587,0.0432981,0.00001755,173.192,17499.0,404146.0,1000000.0,0.94,-53.08,-53.48,1496455785
Litecred,LTCR,588,0.000572852,0.00000023,124.759,17316.0,30227750.0,30227750.0,-0.55,-15.18,47.34,1496456068
GameBet Coin,GBT,589,0.000813435,0.00000033,,17296.0,21262780.0,22262780.0,-0.27,1.27,4.79,1496454270
DAPPSTER,DLISK,590,0.000172672,0.00000007,0.818813,17267.0,100000000.0,100000000.0,-0.34,-9.73,-22.22,1496455774
PLNcoin,PLNC,591,0.000986784,0.00000040,1.57886,16864.0,17089600.0,19089600.0,-0.14,-10.32,-12.99,1496456050
Steps,STEPS,592,0.00089215,0.00000037,,16616.0,18625017.0,18625017.0,,0.81,8.93,1496434766
Sling,SLING,593,0.0154432,0.00000626,10.8288,16587.0,1074095.0,1074095.0,-0.14,2.97,18.26,1496456061
Shilling,SH,594,0.00509949,0.00000207,183.545,16477.0,3231050.0,3231050.0,-0.27,76.19,144.45,1496455777
VIP Tokens,VIP,595,0.000197357,0.00000008,23.1898,16470.0,83450403.0,83450403.0,-11.24,-17.49,-19.14,1496456069
1CRedit,1CR,596,0.185022,0.00007500,9.86784,16321.0,88213.0,88213.0,-0.14,82.18,106.95,1496456069
Impact,IMX,597,0.000148005,0.00000006,2.46675,16179.0,109314611.0,109314611.0,-0.28,-11.6,-16.66,1496455788
VapersCoin,VPRC,598,0.0000206732,0.000000008,92.4541,16128.0,780124964.0,1635124964.0,-0.29,27.99,12.54,1496455775
Orlycoin,ORLY,599,0.000431634,0.00000018,,15818.0,36646779.0,36646779.0,,0.25,14.63,1496410470
Blackstar,BSTAR,600,0.0000246675,0.00000001,49.335,15560.0,630795971.0,630795971.0,-0.27,3.13,11.12,1496455782
AnarchistsPrime,ACP,601,0.00350308,0.00000142,6.03498,15396.0,4394874.0,4394874.0,-0.19,3.04,-35.37,1496456063
FuzzBalls,FUZZ,602,0.00318238,0.00000129,315.594,15371.0,4829945.0,4829945.0,4.73,8.35,13.35,1496456071
BowsCoin,BSC,603,0.002763,0.00000112,16.8543,15335.0,5550102.0,5550102.0,-0.19,3.14,69.8,1496456063
BitQuark,BTQ,604,0.00207225,0.00000084,17.3811,14828.0,7155671.0,7155671.0,-0.14,9.65,-34.72,1496456053
OsmiumCoin,OS76,605,0.0162326,0.00000658,1.77214,14512.0,894026.0,894026.0,-0.14,9.99,25.12,1496456066
GuccioneCoin,GCC,606,0.000700961,0.00000029,,14219.0,20285537.0,23775537.0,,1.05,-9.59,1496435363
BlazeCoin,BLZ,607,0.0000227577,0.000000009,0.320188,13849.0,608557394.0,608557394.0,-0.16,3.65,29.22,1496456053
Metal Music Coin,MTLMC3,608,0.000171591,0.00000007,33.2251,13679.0,79719140.0,79719140.0,-0.14,-9.57,45.82,1496456063
BitTokens,BXT,609,0.0259009,0.00001050,33.2476,13465.0,519855.0,519855.0,-0.27,3.14,172.61,1496455776
JobsCoin,JOBS,610,0.000123337,0.00000005,70.8092,13076.0,106019270.0,200019300.0,-0.34,3.14,38.9,1496455778
Crypto,CTO,611,0.00130749,0.00000053,161.141,12983.0,9930016.0,9930016.0,-0.14,95.22,-34.52,1496456062
TajCoin,TAJ,612,0.00223544,0.00000091,75.7548,12908.0,5774128.0,5774128.0,0.22,12.08,41.08,1496455775
MustangCoin,MST,613,0.0200526,0.00000810,,12608.0,628731.0,628731.0,,-12.54,-51.53,1496450376
TAGRcoin,TAGR,614,0.000320705,0.00000013,1.25262,12402.0,38669634.0,38669634.0,-0.14,3.14,-14.41,1496456063
GPU Coin,GPU,615,0.000298143,0.00000012,30.3031,12068.0,40477042.0,51530001.0,-32.97,-2.31,14.44,1496455772
WARP,WARP,616,0.0105936,0.00000443,,11602.0,1095224.0,1095224.0,,-0.03,13.44,1496415568
Bitcoin 21,XBTC21,617,0.0145198,0.00000655,,11516.0,793108.0,7093108.0,,,-29.25,1496220571
Solaris,XLR,618,0.0671301,0.00002721,133.436,11427.0,170223.0,270223.0,-0.41,-6.87,-32.16,1496455789
Comet,CMT,619,0.0129794,0.00000526,4.17809,11329.0,872830.0,872830.0,-0.27,4.92,16.79,1496455774
Money,$$$,620,0.00024423,0.00000010,65.7675,11207.0,45887218.0,45887218.0,0.06,10.6,-14.29,1496456066
Iconic,ICON,621,0.0177606,0.00000720,0.495817,10530.0,592894.0,592894.0,-0.27,,-5.33,1496455784
Cabbage,CAB,622,0.000986784,0.00000040,266.929,10361.0,10499996.0,10499996.0,-0.14,-10.32,-23.08,1496456070
DPAY,DPAY,623,0.000123337,0.00000005,25.03,9810.0,79541001.0,79541001.0,-0.34,28.91,38.9,1496455779
Zonecoin,ZNE,624,0.00379879,0.00000154,59.3206,9808.0,2581970.0,2581970.0,-0.34,3.81,30.72,1496455775
Cashcoin,CASH,625,0.000271366,0.00000011,1.90728,9723.0,35831128.0,35831128.0,-0.14,,11.19,1496456048
G3N,G3N,626,0.00128282,0.00000052,0.406161,9701.0,7561891.0,7561891.0,-0.19,3.14,7.07,1496456062
LetItRide,LIR,627,0.000271342,0.00000011,31.1826,9570.0,35270280.0,35270280.0,-0.27,-24.37,-12.16,1496455775
Xonecoin,XOC,628,0.0227434,0.00000922,2.91338,9552.0,420000.0,420000.0,-0.34,3.25,11.38,1496455776
High Voltage,HVCO,629,0.00611441,0.00000256,,9136.0,1494171.0,1694171.0,,,20.79,1496333672
EGO,EGO,630,0.000148005,0.00000006,10.1794,8880.0,60000001.0,60000001.0,-0.34,-11.61,-4.75,1496455778
Coinonat,CXT,631,0.00413397,0.00000168,380.574,8879.0,2147802.0,8147802.0,-0.52,47.21,34.98,1496455789
JIO Token,JIO,632,0.00456349,0.00000185,130.401,8708.0,1908128.0,8888888.0,-0.27,25.53,98.64,1496455782
iBank,IBANK,633,0.00188531,0.00000079,,8534.0,4526324.0,4526324.0,,,6.5,1496357683
Abncoin,ABN,634,0.123337,0.00005000,3.08344,8350.0,67700.0,4734367.0,-0.34,-24.94,52.7,1496455783
Speedcash,SCS,635,0.031007,0.00001257,302.733,8095.0,261061.0,476148.0,-0.27,-37.07,-22.65,1496455792
Scorecoin,SCORE,636,0.000479929,0.00000019,17.7136,7992.0,16652010.0,16652010.0,-0.28,-43.94,-45.1,1496455788
Hirocoin,HIRO,637,0.0000246696,0.00000001,2.46696,7686.0,311540251.0,311540251.0,-0.19,3.14,11.19,1496456049
Qibuck Asset,QBK,638,0.00519577,0.00000211,2.07831,7566.0,1456187.0,2000000.0,0.94,50.03,14.98,1496455792
Hommalicoin,HMC,639,2.92452,0.00118558,176.042,7074.0,2419.0,1000000000.0,,,-40.4,1496455773
PosEx,PEX,640,0.00286168,0.00000116,8.11159,7020.0,2453240.0,2453240.0,-1.0,2.25,-7.33,1496456070
Dix Asset,DIX,641,0.0000000684,0.00000000003,,6844.0,100000000000,100000000000,,1.49,-11.2,1496417087
Future Digital Currency,FDC,642,0.00246675,0.00000100,64.1355,6375.0,2584401.0,1002584401.0,-0.27,-10.32,5.83,1496455783
Printerium,PRX,643,0.000661177,0.00000027,285.009,6000.0,9074428.0,9074428.0,-0.34,2.38,-23.9,1496455784
SydPak,SDP,644,0.0346608,0.00001405,0.853939,5495.0,158538.0,158538.0,-0.19,-13.59,13.28,1496456064
ImpulseCoin,IMPS,645,0.000271342,0.00000011,1.60132,5493.0,20245510.0,20245510.0,-0.34,-24.37,-11.74,1496455780
BioBar,BIOB,646,0.00530351,0.00000215,111.733,4698.0,885756.0,985756.0,-12.98,6.84,27.18,1496455787
Save and Gain,SANDG,647,0.00141989,0.00000064,,4352.0,3064800.0,3064800.0,,,-3.04,1496226272
Concoin,CONX,648,0.00616687,0.00000250,102.321,4242.0,687849.0,1538849.0,-0.27,-18.85,44.53,1496455791
Antilitecoin,ALTC,649,0.000123348,0.00000005,2.00162,3887.0,31512613.0,31512613.0,-0.14,-26.33,-30.51,1496456069
GeertCoin,GEERT,650,0.000760618,0.00000031,12.0674,3872.0,5090239.0,5090239.0,-0.59,-6.47,-20.09,1496455786
NodeCoin,NODC,651,0.00221639,0.00000097,,3720.0,1678439.0,5878439.0,,,4.0,1496270080
Revenu,REV,652,0.00281234,0.00000114,30.5976,3362.0,1195525.0,1195525.0,-0.14,,,1496456069
Elysium,ELS,653,0.000838695,0.00000034,54.661,3359.0,4005012.0,4005012.0,-0.27,-39.53,-24.44,1496455786
Pulse,PULSE,654,0.000210046,0.00000009,109.567,3003.0,14298972.0,14298972.0,-0.96,3.86,-58.19,1496456070
Selfiecoin,SLFI,655,0.0000246696,0.00000001,1.97357,2660.0,107829281.0,107829281.0,-0.14,3.14,11.19,1496456060
Californium,CF,656,0.0200317,0.00000812,29.1967,2226.0,111110.0,111110.0,-0.14,-1.67,10.04,1496456061
P7Coin,P7C,657,0.0000493392,0.00000002,0.344955,1738.0,35220238.0,35220238.0,-0.14,-31.24,11.19,1496456061
Doubloon,BOAT,658,0.000468678,0.00000019,125.123,1663.0,3547845.0,18547845.0,-9.65,-10.49,-33.09,1496455785
Enigma,XNG,659,0.0972229,0.00003941,45.5402,1616.0,16627.0,66627.0,-0.14,-25.86,12.79,1496456070
GanjaCoin,420G,660,0.00192439,0.00000078,28.7846,1295.0,672975.0,1741116.0,-0.14,-73.18,-93.78,1496456058
Powercoin,PWR,661,0.0000246696,0.00000001,77.5503,1233.0,49983870.0,49983870.0,-0.14,3.14,11.19,1496456073
Dollar Online,DOLLAR,662,0.0119637,0.00000485,224.254,1057.0,88379.0,10088379.0,-0.34,-21.6,-6.76,1496455782
23 Skidoo,CHAO,663,3971.88,1.61003,120.062,1003.0,0.0,0.0,-0.14,9.97,-28.43,1496456064
Impeachcoin,IMPCH,664,0.00283676,0.00000115,3.55003,874.0,308179.0,2501512.0,-0.27,-23.93,-42.63,1496455785
Digital Credits,DGCS,665,0.000148018,0.00000006,36.5191,862.0,5826388.0,201284316.0,-0.14,54.7,11.19,1496456066
SwapToken,TOKEN,666,0.0000241158,0.000000010,9.23516,847.0,35110531.0,35110531.0,-0.33,96.54,4962.73,1496455774
Zcashshare,ZHS,667,0.000216504,0.00000009,,612.0,2826000.0,2826000.0,,0.57,-26.08,1496411380
CRTCoin,CRT,668,0.00493392,0.00000200,0.0000000247,391.0,79270.0,10079270.0,-0.14,3.14,11.19,1496456051
PizzaCoin,PIZZA,669,0.000246675,0.00000010,68.9702,340.0,1377917.0,10127917.0,-0.27,14.59,63.87,1496455777
Xenixcoin,XEN,670,0.0271342,0.00001100,37.0012,274.0,10100.0,10010100.0,-0.27,74.52,-48.99,1496455781
CaliphCoin,CALC,671,0.0010145,0.00000041,15.1519,88.0,87140.0,148587140.0,-0.27,19.48,-39.07,1496455778
MikeTheMug,MUG,672,0.0000051456,0.000000002,,5.0,999279.0,1000000.0,,,-99.43,1496047185
BTCGold,XBG,673,0.139519,0.00005656,28.3047,,,99000001.0,-0.27,3.13,-38.98,1496455792
Soarcoin,SOAR,674,0.0184967,0.00000750,142.163,,,5000000000.0,-0.12,2.08,-15.01,1496455788
Project-X,NANOX,675,310810.0,126.0,1224.55,,,1.0,-0.27,-37.26,,1496455793
Internet of Things,XOT,676,1219.48,0.494367,1552.33,,,21000000.0,-0.08,1.9,21.72,1496455789
AMIS,AMIS,677,277.548,0.115061,,,,,,-1.35,,1496391890
Bitcoin Unlimited (Futures),BTU,678,121.705,0.0493384,785.563,,,,-0.37,0.47,-22.41,1496455788
Malcoin,MALC,679,32.1512,0.0130339,43414.2,,,1000000000.0,-0.33,3.14,11.25,1496455790
GoldUnionCoin,GUC,680,22.9583,0.0093071,19959.1,,,210000000.0,-0.27,18.5,21.99,1496455792
Qtum (Pre-Launch),QTUM,681,12.9225,0.00523866,49982400.0,,,100000000.0,-3.02,45.53,224.63,1496455792
ZenCash,ZEN,682,9.05588,0.00367118,24819.2,,,1393963.0,-13.38,-15.06,,1496455793
Fargocoin,FRGC,683,7.05535,0.00286018,693254.0,,,443941425.0,0.03,3.76,7.29,1496455782
EcoCoin,ECO,684,3.69445,0.0014977,43500.7,,,1093895.0,-0.34,-2.91,19.99,1496455792
Internet of People,IOP,685,3.577,0.00145009,2405.85,,,2139406.0,-0.34,-2.14,53.59,1496455780
DECENT (Pre-Launch),DCT,686,3.49871,0.00141835,5034.37,,,73290000.0,-0.28,23.57,-7.29,1496455781
PRIZM,PZM,687,1.13205,0.00045892,34964.5,,,,-0.27,9.03,19.12,1496455792
Bitcore,BTX,688,1.06494,0.00043172,16273.9,,,16361628.0,-0.33,2.89,-34.51,1496455790
OBITS.WARRANT,WARRANT,689,0.99898,0.00040498,1973.18,,,,-0.02,,,1496455793
DynamicCoin,DMC,690,0.998143,0.00040464,426733.0,,,10541442931.0,-0.02,0.02,0.05,1496455779
Databits,DTB,691,0.858274,0.00034794,131624.0,,,,6.12,7.07,11.27,1496455789
Aeternity (Pre-Launch),AE,692,0.836228,0.000339,1915.67,,,,12.69,20.59,,1496455793
XDE II,XDE2,693,0.831179,0.00033695,255.725,,,42249.0,40.73,45.6,58.21,1496455788
GAY Money,GAY,694,0.633979,0.00025701,181.682,,,5603062110.0,-0.27,17.02,66.82,1496455778
TechShares,THS,695,0.633437,0.00025679,5.91618,,,646359158.0,-0.27,6.53,8.87,1496455777
Bitgem,BTG,696,0.556546,0.0002256,26.0464,,,,-0.14,-29.56,-35.72,1496456047
LEOcoin,LEO,697,0.517404,0.00020973,271595.0,,,92926204.0,-0.82,8.8,23.73,1496456063
InvisibleCoin,IVZ,698,0.436652,0.000177,165.567,,,,-0.19,82.55,353.67,1496456066
WA Space,WA,699,0.378005,0.00015324,44363.6,,,,-0.34,-4.25,21.48,1496455780
ZenGold,ZENGOLD,700,0.350333,0.00014202,1893.37,,,,2.37,36.12,,1496455794
ClubCoin,CLUB,701,0.284499,0.00011532,18211.3,,,90899180.0,-0.11,-0.09,1.37,1496456067
TeslaCoilCoin,TESLA,702,0.274745,0.00011137,170.393,,,100000000.0,-0.14,-50.04,21.39,1496456072
Yogold,YOG,703,0.271515,0.00011007,32.8044,,,100000000.0,-0.27,3.25,22.19,1496455788
TROPTIONS,TROPTIONS,704,0.248173,0.00010598,,,,1000000001.0,,,,1496287780
Zilbercoin,ZBC,705,0.240442,0.00009747,98840.3,,,9009306.0,5.27,1.99,-20.93,1496455784
Pabyosi Coin (Special),PCS,706,0.16993,0.00006889,3153.84,,,30993751760.0,-0.34,7.29,28.22,1496455782
Golos Gold,GBG,707,0.164236,0.00006658,4271.37,,,,-1.86,0.14,2.12,1496455786
AlpaCoin,APC,708,0.15754,0.00006386,689.222,,,,-0.14,4.87,30.1,1496456067
EquiTrader,EQT,709,0.130738,0.00005300,89615.1,,,7670680.0,-0.34,3.14,17.79,1496455792
Topaz Coin,TOPAZ,710,0.126709,0.00005137,25278.3,,,38250.0,-48.87,220.49,9.56,1496455791
LandCoin,LDCN,711,0.108013,0.00004379,25277.4,,,19003881978.0,-0.23,12.69,363.48,1496455783
Wowecoin,WEC,712,0.104,0.00004216,11333.4,,,8901692.0,,-0.0,4.0,1496455776
Tattoocoin (Limited Edition),TLE,713,0.0952135,0.00003860,17.9894,,,975532.0,-0.34,-26.28,-5.93,1496455790
DeusCoin,DEUS,714,0.0894937,0.00003628,6943.38,,,,-0.27,2.98,-13.67,1496455790
InsaneCoin,INSN,715,0.0774521,0.00003140,3497.3,,,18528343.0,-0.41,-9.91,50.35,1496455792
Omicron,OMC,716,0.0760992,0.00003085,0.246675,,,10134129.0,-0.27,6.05,11.08,1496455778
Quartz,QRZ,717,0.0663062,0.00002688,2557.12,,,21000000.0,-0.34,-65.35,,1496455792
WavesGo,WGO,718,0.0596855,0.00002420,891.766,,,10000000.0,-14.31,-9.33,42.13,1496455790
Fazzcoin,FAZZ,719,0.0534405,0.00002166,801.201,,,1022577370.0,-1.98,36.55,-26.5,1496455789
Elacoin,ELC,720,0.0510414,0.00002069,47.4079,,,,14.73,,74.54,1496456041
CryptoBuck,BUK,721,0.0400759,0.00001625,1.0209,,,,-1.76,24.68,40.72,1496456057
International Diamond,XID,722,0.038234,0.00001588,,,,,,0.66,,1496373575
DeltaCredits,DCRE,723,0.0293185,0.00001217,,,,,,0.72,2.43,1496419764
President Johnson,GARY,724,0.029144,0.00001181,118.941,,,57968072167.0,-0.34,3.15,75.51,1496455775
IvugeoCoin,IEC,725,0.0245463,0.00000995,0.247862,,,,-0.19,3.14,,1496456061
RHFCoin,RHFC,726,0.0244462,0.00000991,9043.55,,,200157080.0,-0.33,4.29,-5.04,1496455789
EDRCoin,EDRC,727,0.0234991,0.00000953,14992.7,,,3407292.0,0.04,-1.62,-16.88,1496456071
Lepaoquan,HLB,728,0.0197723,0.00000802,1076530.0,,,935398785.0,-3.3,1.48,4.81,1496455782
Gycoin,GYC,729,0.0192788,0.00000782,5420.27,,,22213403.0,0.89,7.87,-0.76,1496455774
ShellPay,SHELL,730,0.0182017,0.00000738,13734.7,,,,-12.98,-12.05,-10.46,1496456063
Avoncoin,ACN,731,0.0179826,0.00000729,2879.72,,,,8.11,-5.91,-6.65,1496455785
Digitalfund,DTF,732,0.0149724,0.00000607,21737.7,,,54000053.0,2.0,7.44,-14.14,1496455776
KolschCoin,TP1,733,0.0147961,0.00000620,,,,,,,42.19,1496357661
PiCoin,PI,734,0.0132349,0.00000549,,,,1378369.0,,-7.77,-19.32,1496432391
Mind Gene,MG,735,0.0123337,0.00000500,6222.87,,,,0.33,-5.38,-7.65,1496455778
Sharkcoin,SAK,736,0.00973134,0.00000394,3181.27,,,,-1.53,0.98,32.47,1496456060
Tyrocoin,TYC,737,0.00814027,0.00000330,7.40025,,,50134500.0,-0.33,8.74,-73.81,1496455790
First Bitcoin,BIT,738,0.00783193,0.00000318,1023.38,,,20706894558.0,-0.34,1.04,-23.45,1496455774
Goldpay Coin,GP,739,0.00689903,0.00000280,39722.9,,,,-3.27,8.77,-2.56,1496455792
9COIN,9COIN,740,0.00673423,0.00000273,257.501,,,350050250.0,-0.34,-29.08,47.26,1496455791
Opal,OPAL,741,0.00657738,0.00000267,2324.1,,,,-4.11,-10.39,12.8,1496456056
GBCGoldCoin,GBC,742,0.00649,0.00000263,34.9231,,,,,29.8,19.39,1496456067
Helleniccoin,HNC,743,0.00638943,0.00000259,702.942,,,,-0.53,1.18,77.15,1496456063
Psilocybin,PSY,744,0.00592071,0.00000240,16.8823,,,,-0.14,,0.7,1496456071
Xaucoin,XAU,745,0.00592071,0.00000240,45.8411,,,,-0.14,2.71,-8.18,1496456060
EggCoin,EGG,746,0.00562322,0.00000237,,,,,,,6.94,1496295864
Slimcoin,SLM,747,0.00505727,0.00000205,128.282,,,13925626.0,-0.14,-21.69,,1496456060
Axiom,AXIOM,748,0.00488458,0.00000198,8.1407,,,,-0.14,2.1,7.47,1496456064
Dashs,DASHS,749,0.00446482,0.00000181,13.5,,,,-0.27,11.77,-63.69,1496455790
GoldReserve,XGR,750,0.00431718,0.00000175,1363.24,,,17162319.0,-5.03,0.69,9.04,1496456053
netBit,NBIT,751,0.00416881,0.00000169,4.16881,,,,-0.27,-0.97,34.29,1496455780
BagCoin,BGC,752,0.00401171,0.00000163,79170.2,,,497214120.0,-0.11,-4.7,-4.81,1496455775
AvatarCoin,AV,753,0.00392247,0.00000159,0.0980617,,,,-0.19,,11.19,1496456067
Bitcoin Scrypt,BTCS,754,0.0038978,0.00000158,39.8359,,,,-0.14,-3.62,10.83,1496456051
President Trump,PRES,755,0.00314084,0.00000127,394.299,,,57968072167.0,-0.27,15.76,21.97,1496455775
Quotient,XQN,756,0.00271366,0.00000110,72.3511,,,,-0.14,3.14,,1496456058
ZSEcoin,ZSE,757,0.00263422,0.00000107,25.1929,,,6383120.0,-0.23,-14.01,-63.34,1496455787
RoyalCoin 2,RYCN,758,0.00258775,0.00000105,1765.99,,,2500124.0,-0.27,,-3.65,1496455780
SportsCoin,SPORT,759,0.00251608,0.00000102,3481.68,,,19800001.0,-26.87,,243.46,1496455777
BitcoinFast,BCF,760,0.00248294,0.00000101,66.1431,,,,-0.15,5.37,-16.05,1496456059
OCOW,OCOW,761,0.00227517,0.00000099,,,,,,,3.58,1496142268
TrickyCoin,TRICK,762,0.0022696,0.00000092,0.495613,,,,-0.14,4.27,-9.74,1496456062
GameLeagueCoin,GML,763,0.0021956,0.00000089,0.548899,,,,-0.14,,-3.93,1496456054
RichCoin,RICHX,764,0.00210122,0.00000093,,,,5925522.0,,,1.83,1496167172
Condensate,RAIN,765,0.00209809,0.00000085,1383.34,,,42978123.0,-3.96,29.54,13.97,1496455793
Neptune Classic,NTCC,766,0.00199807,0.00000081,1488.37,,,,-0.34,-18.1,67.8,1496455785
Digital Bullion Gold,DBG,767,0.00182539,0.00000074,145.874,,,24523275.0,-0.27,27.19,37.05,1496455773
Mavro,MAVRO,768,0.00168043,0.00000070,,,,15005722.0,,,-23.54,1496349588
Clinton,CLINT,769,0.00167753,0.00000068,32.7268,,,,-0.14,-35.06,-29.99,1496456072
MMXVI,MMXVI,770,0.00162819,0.00000066,331.878,,,,-3.08,19.67,-35.57,1496456069
Advanced Internet Blocks,AIB,771,0.0015229,0.00000062,106.107,,,31411917886.0,-0.14,10.0,-41.49,1496456062
TodayCoin,TODAY,772,0.00135671,0.00000055,16.7796,,,,-0.27,23.31,49.06,1496455776
UR,UR,773,0.00120871,0.00000049,263.038,,,,8.59,-8.12,-1.6,1496455786
BestChain,BEST,774,0.00112614,0.00000046,5.08727,,,20042911.0,-0.37,8.06,1.46,1496455788
Skeincoin,SKC,775,0.000986784,0.00000040,0.64141,,,,-0.14,-4.06,,1496456050
True Investment Coin,TIC,776,0.0009867,0.00000040,30.8292,,,,-0.34,-4.06,-18.09,1496455786
RoyalCoin,ROYAL,777,0.000959819,0.00000039,22.7626,,,2500124.0,1.39,-19.59,1.74,1496455779
The Aladin,ADT,778,0.000892522,0.00000032,,,,,,,,1495722585
Bitcedi,BXC,779,0.000863436,0.00000035,12.5503,,,,-0.14,-12.72,,1496456073
Donationcoin,DON,780,0.000863436,0.00000035,10237.6,,,,-0.85,4.38,,1496456053
Braincoin,BRAIN,781,0.000842028,0.00000035,,,,,,0.58,30.86,1496420372
Dubstep,DUB,782,0.000817313,0.00000034,,,,,,0.5,8.34,1496411064
IrishCoin,IRL,783,0.000814097,0.00000033,274.797,,,,1.4,2.5,,1496456063
KashhCoin,KASHH,784,0.000756348,0.00000031,1686.34,,,,6.2,3.92,175.91,1496455785
FrankyWillCoin,FRWC,785,0.000745197,0.00000031,,,,,,0.51,4.9,1496411075
Lazaruscoin,LAZ,786,0.000745197,0.00000031,,,,,,0.51,45.95,1496411078
Motocoin,MOTO,787,0.000740088,0.00000030,16.7606,,,,-0.14,-51.15,-0.57,1496456053
WeAreSatoshi,WSX,788,0.000690749,0.00000028,7.3312,,,,-0.14,-9.76,-8.44,1496456056
Quebecoin,QBC,789,0.000690749,0.00000028,2.59179,,,,-0.14,11.07,13.27,1496456050
Opescoin,OPES,790,0.000674759,0.00000028,,,,,,0.75,8.61,1496432667
RubleBit,RUBIT,791,0.00066608,0.00000027,43.5318,,,,-1.06,-32.08,-11.71,1496456067
Vsync,XVS,792,0.000567128,0.00000023,375.04,,,103334172.0,-0.3,9.17,-26.57,1496455790
BitAlphaCoin,BAC,793,0.000510072,0.00000021,48.2302,,,,1.64,22.81,-21.99,1496456068
CBD Crystals,CBD,794,0.000502718,0.00000020,11.5987,,,,-12.53,-1.16,-53.9,1496455780
T-coin,TCOIN,795,0.000468682,0.00000019,1651.31,,,,-0.27,3.13,18.93,1496455782
Alphabet Coin Fund,FUN,796,0.000444053,0.00000018,65.1464,,,20742012.0,-0.14,,-73.67,1496456072
GoldMaxCoin,GMX,797,0.000394714,0.00000016,2.31894,,,84078950.0,-0.14,,-11.05,1496456071
PrismChain,PRM,798,0.000370044,0.00000015,87.7336,,,,-0.14,10.5,-77.34,1496456072
UGAIN,GAIN,799,0.000370012,0.00000015,18.0844,,,,-0.34,3.17,49.55,1496455775
MarxCoin,MARX,800,0.000360659,0.00000015,104.936,,,29332120.0,-0.08,-18.92,-18.83,1496455787
Gambleo,GMB,801,0.000345025,0.00000014,,,,,-0.43,2.7,-36.87,1496454588
BlazerCoin,BLAZR,802,0.000320677,0.00000013,13.588,,,,-35.18,-31.88,7.85,1496455789
Sakuracoin,SKR,803,0.000320427,0.00000013,125.397,,,,-2.81,-1.02,20.28,1496455778
Cubits,QBT,804,0.000292933,0.00000012,0.00322226,,,,-0.62,-41.68,-39.4,1496455779
VGINA,VGINA,805,0.000292932,0.00000012,0.00292932,,,11603228.0,-0.62,,-62.3,1496455791
Operand,OP,806,0.000290011,0.00000012,,,,36309296.0,,1.04,-12.86,1496423371
DarkLisk,DISK,807,0.000271366,0.00000011,37.0114,,,17888425.0,-0.14,-29.09,-12.64,1496456071
Cycling Coin,CYC,808,0.000271366,0.00000011,5.28749,,,,-0.14,-5.46,11.19,1496456063
TeraCoin,TERA,809,0.000271342,0.00000011,3899.15,,,,-0.27,26.04,34.11,1496455787
The Vegan Initiative,XVE,810,0.000271211,0.00000011,210.702,,,,0.07,-12.07,22.17,1496455789
Happy Creator Coin,HCC,811,0.000250705,0.00000010,23.0034,,,,-0.34,-4.95,17.91,1496455773
Grumfork,GMF,812,0.000246675,0.00000010,4.9335,,,,-0.34,3.14,,1496455790
MobileCash,MBL,813,0.000222007,0.00000009,10.5011,,,1068669648.0,-0.34,3.14,42.87,1496455778
President Sanders,BURN,814,0.000222007,0.00000009,142.598,,,57968072167.0,-0.27,-7.19,-35.41,1496455784
AsicCoin,ASC,815,0.000212771,0.00000009,24.4239,,,,-0.16,,,1496456045
Moneta,MONETA,816,0.000172687,0.00000007,159.171,,,,-0.14,-9.76,-2.71,1496456065
LAthaan,LTH,817,0.000123337,0.00000005,167.596,,,,-37.67,-26.34,-27.14,1496455779
Halloween Coin,HALLO,818,0.000122493,0.00000005,392.056,,,264606187.0,0.48,41.96,8.17,1496455793
PayPeer,PAYP,819,0.0000986785,0.00000004,125.266,,,,-0.19,106.27,122.37,1496456069
TeamUp,TEAM,820,0.0000986700,0.00000004,0.259107,,,301004896.0,-0.34,3.14,48.16,1496455779
Wowcoin,WOW,821,0.0000964807,0.00000004,,,,,,0.85,117.3,1496426381
TheCreed,TCR,822,0.0000740088,0.00000003,9.41644,,,,-0.14,-22.66,-33.29,1496456072
FireFlyCoin,FFC,823,0.0000740088,0.00000003,1.56672,,,,-0.14,209.41,233.56,1496456058
LinkedCoin,LKC,824,0.0000740025,0.00000003,14.0847,,,,-0.27,-22.65,-27.77,1496455776
LePen,LEPEN,825,0.0000697295,0.00000003,101.905,,,,-0.02,26.39,121.11,1496455784
InflationCoin,IFLT,826,0.0000494401,0.00000002,2361.35,,,3299055146.0,-0.4,31.57,29.89,1496455783
CyberCoin,CC,827,0.0000493392,0.00000002,49.3392,,,549267534.0,-0.14,3.14,122.37,1496456062
VegasCoin,VGC,828,0.0000493392,0.00000002,2.46696,,,,-0.19,81.96,52.84,1496456051
X2,X2,829,0.0000493392,0.00000002,8.00221,,,,-0.14,106.27,122.37,1496456066
PokeCoin,POKE,830,0.0000493350,0.00000002,6.13976,,,,-0.27,3.14,-25.92,1496455775
PinkDog,PDG,831,0.0000493350,0.00000002,0.0000246675,,,,-0.27,3.13,122.24,1496455785
Rcoin,RCN,832,0.0000493350,0.00000002,101.607,,,,-0.34,106.27,39.01,1496455778
MoneyCoin,MONEY,833,0.0000493350,0.00000002,1324.72,,,,-0.27,-0.86,-12.64,1496455782
Tellurion,TELL,834,0.0000493350,0.00000002,4.93347,,,,-0.27,3.13,122.24,1496455777
Cashme,CME,835,0.0000491969,0.00000002,,,,,,2.84,10.87,1496446166
UNCoin,UNC,836,0.0000399812,0.00000002,1173.87,,,,-0.19,41.89,-2.41,1496456060
SuperTurboStake,STRB,837,0.0000246696,0.00000001,0.246696,,,,-0.14,3.14,11.19,1496456069
SoulCoin,SOUL,838,0.0000246696,0.00000001,3.96246,,,,-0.14,3.14,11.19,1496456072
President Clinton,HILL,839,0.0000246675,0.00000001,3.9468,,,57968072167.0,-0.27,,-34.05,1496455776
Aces,ACES,840,0.0000246675,0.00000001,3.70104,,,,-0.34,3.17,11.12,1496455775
Global Business Revolution,GBRC,841,0.0000246675,0.00000001,680.625,,,900096049.0,-0.34,-48.44,11.12,1496455780
Safe Trade Coin,XSTC,842,0.0000246675,0.00000001,394.68,,,604880000.0,-0.27,3.13,11.12,1496455783
ChoofCoin,CHOOF,843,0.0000246675,0.00000001,4.9335,,,,-0.34,-29.16,8.06,1496455780
Yescoin,YES,844,0.0000246666,0.000000010,1018.08,,,,-0.27,3.24,19.99,1496455784
FedoraShare,FEDS,845,0.0000195257,0.000000008,3111.9,,,499001351554,-18.89,-17.1,-56.83,1496455777
Victoriouscoin,VTY,846,0.0000105744,0.000000004,6.50836,,,10263290326.0,-2.07,-55.13,10.26,1496455778
Virtacoin,VTA,847,0.0000104173,0.000000004,62.4063,,,12423206610.0,-0.22,36.9,-6.52,1496456055
Dimecoin,DIME,848,0.0000080003,0.000000003,384.791,,,527137900176,1.03,1855.39,89.51,1496456046
XP,XP,849,0.0000016447,0.0000000007,389.353,,,133635560466,0.24,-38.63,-58.45,1496455776
BatCoin,BAT,850,0.0000008153,0.0000000003,592.965,,,,-0.36,8.46,,1496456048
BitCentavo,NBE,851,0.0000005705,0.0000000002,,,,,,14.7,136.33,1496398156
RabbitCoin,RBBT,852,0.0000004234,0.0000000002,20.3136,,,,-18.58,-20.46,47.5,1496456056
StrongHands,SHND,853,0.0000002101,0.00000000009,202.686,,,,-0.17,68.36,,1496456066
Paccoin,PAC,854,0.0000000761,0.00000000003,787.023,,,,6.59,3.99,74.24,1496456066
Bond,BOND,855,,,,,1349.0,1349.0,,,,
bitRUBLE,BITRUBLE,856,,,,,,,,,,
