Name,Symbol,Rank,Price(BTC),Price(USD),24HVolume,MarketCap,%Change_1h,%Change_24h,%Change_7d,LastUpdated
Bitcoin,BTC,1,2485.72,1.0,1287720000.0,40687040505.0,16368312.0,16368312.0,0.21,3.06,15.16,1496459352
Ethereum,ETH,2,225.812,0.0913008,431902000.0,20810658887.0,92159225.0,92159225.0,0.45,-1.1,43.6,1496459365
Ripple,XRP,3,0.303063,0.00012254,261741000.0,11704806428.0,38621693933.0,99994661895.0,-0.72,-7.83,16.78,1496459346
NEM,XEM,4,0.227732,0.00009208,12500700.0,2049588000.0,8999999999.0,8999999999.0,-0.6,-1.2,33.15,1496459362
Ethereum Classic,ETC,5,17.3898,0.00703108,66973000.0,1603707076.0,92221134.0,92221134.0,-0.2,-0.24,26.46,1496459375
Litecoin,LTC,6,28.393,0.0114799,332253000.0,1459078149.0,51388657.0,51388657.0,-0.61,-2.65,20.77,1496459341
Dash,DASH,7,145.853,0.0589716,40154600.0,1069709158.0,7334159.0,7334159.0,-0.41,4.85,30.83,1496459348
Stratis,STRAT,8,9.07358,0.00366865,60460800.0,892925022.0,98409340.0,98409340.0,-1.16,38.77,213.14,1496459377
Bytecoin,BCN,9,0.00358596,0.00000145,23677500.0,656129319.0,182971733858,182971733858,0.38,29.38,45.14,1496459353
Monero,XMR,10,44.1958,0.0178694,9196220.0,643720754.0,14565202.0,14565202.0,0.2,-0.17,17.51,1496459353
Waves,WAVES,11,4.87297,0.00197025,5542670.0,487297000.0,100000000.0,100000000.0,3.85,36.18,99.99,1496459373
Golem,GNT,12,0.490491,0.00019832,11413400.0,404592292.0,824872000.0,1000000000.0,-1.03,4.34,41.52,1496459381
Stellar Lumens,XLM,13,0.0404955,0.00001637,15316400.0,391383468.0,9664863216.0,102940435314,0.12,-2.54,5.71,1496459355
Zcash,ZEC,14,243.223,0.0983405,15285000.0,350212237.0,1439881.0,1439881.0,0.08,-4.44,27.99,1496459380
Dogecoin,DOGE,15,0.00295218,0.00000119,34084200.0,323657564.0,109633411214,109633411214,-0.59,1.35,30.79,1496459344
Steem,STEEM,16,1.27057,0.00051372,6613030.0,297779673.0,234366995.0,251341089.0,3.62,20.54,38.45,1496459371
Gnosis,GNO,17,254.578,0.102932,1618510.0,281204313.0,1104590.0,10000000.0,0.27,1.04,32.89,1496459392
Augur,REP,18,25.2833,0.0102226,4975290.0,278116300.0,11000000.0,11000000.0,0.91,4.58,20.41,1496459366
Siacoin,SC,19,0.010094,0.00000408,41019300.0,267749381.0,26525597469.0,26525597469.0,2.58,15.64,53.19,1496459365
DigiByte,DGB,20,0.0325414,0.00001316,102464000.0,263814168.0,8107031908.0,8107031908.0,5.03,44.51,147.93,1496459346
BitShares,BTS,21,0.0892211,0.00003607,22020400.0,232173823.0,2602230000.0,2602230000.0,0.23,7.03,58.02,1496459356
GameCredits,GAME,22,3.01773,0.00122014,2364540.0,190225266.0,63035880.0,63035880.0,3.24,15.65,26.84,1496459357
MaidSafeCoin,MAID,23,0.397813,0.00016085,3285330.0,180031233.0,452552412.0,452552412.0,-0.69,-0.67,8.17,1496459351
Basic Attention Token,BAT,24,0.168846,0.00006827,3734630.0,168846000.0,1000000000.0,1500000000.0,0.86,-0.69,,1496459393
DigixDAO,DGD,25,82.0171,0.0331614,1114210.0,164034200.0,2000000.0,2000000.0,-1.11,-2.69,33.23,1496459373
BitConnect,BCC,26,24.1905,0.00978076,1678990.0,155792969.0,6440254.0,6440254.0,0.11,6.82,57.8,1496459383
Decred,DCR,27,30.5438,0.0123495,4060020.0,153588333.0,5028462.0,5448462.0,2.9,22.04,47.41,1496459369
Lisk,LSK,28,1.39142,0.00056258,3108770.0,150001414.0,107804555.0,107804555.0,-0.7,1.18,31.6,1496459372
Ardor,ARDR,29,0.134511,0.00005439,2647300.0,134376421.0,998999495.0,998999495.0,0.39,2.08,38.97,1496459375
Factom,FCT,30,15.2462,0.00616439,2644070.0,133453328.0,8753219.0,8753219.0,1.27,15.89,30.91,1496459366
SingularDTV,SNGLS,31,0.207138,0.00008375,202649.0,124282800.0,600000000.0,1000000000.0,0.89,13.97,32.7,1496459378
Byteball,GBYTE,32,643.268,0.260088,720026.0,121760256.0,189284.0,1000000.0,-3.65,22.66,128.35,1496459384
Tether,USDT,33,1.02546,0.00041462,48699600.0,107666829.0,104993690.0,124951468.0,0.06,-0.7,-3.24,1496459361
Iconomi,ICN,34,1.22839,0.00049667,773985.0,106869930.0,87000000.0,100000000.0,-1.11,1.27,15.78,1496459379
Komodo,KMD,35,0.951481,0.0003847,1497880.0,96047735.0,100945510.0,100945510.0,-0.03,74.24,109.08,1496459385
Round,ROUND,36,0.108866,0.00004402,364475.0,92536100.0,850000000.0,1000000000.0,1.21,0.67,-13.36,1496459381
PIVX,PIVX,37,1.676,0.00067765,976269.0,89736411.0,53542012.0,53542012.0,-0.3,-1.92,55.21,1496459369
SysCoin,SYS,38,0.154605,0.00006251,6974580.0,81196057.0,525183899.0,525183899.0,-1.09,38.87,42.19,1496459356
FirstBlood,1ST,39,0.921839,0.00037272,5300500.0,78871043.0,85558371.0,93468691.0,0.28,10.0,65.05,1496459378
Aragon,ANT,40,2.19872,0.00088899,793483.0,73888353.0,33605167.0,39609523.0,0.85,5.78,17.31,1496459392
iExec RLC,RLC,41,0.888547,0.00035926,884707.0,69369569.0,78070793.0,86999785.0,1.78,38.79,73.52,1496459390
Nxt,NXT,42,0.0683706,0.00002764,4117030.0,68302228.0,998999983.0,998999983.0,0.75,9.41,37.73,1496459345
AntShares,ANS,43,1.2983,0.00052493,6378940.0,64915000.0,50000000.0,100000000.0,-0.12,-2.39,67.19,1496459377
Ubiq,UBQ,44,1.68795,0.00068248,2107300.0,62627178.0,37102508.0,37102508.0,3.89,53.4,212.0,1496459357
BitcoinDark,BTCD,45,43.984,0.0177837,1144290.0,56689314.0,1288862.0,1288862.0,10.39,77.4,117.29,1496459355
ReddCoin,RDD,46,0.00173092,0.00000070,3183810.0,49376107.0,28525932311.0,28525932311.0,2.43,46.2,47.95,1496459348
Wings,WINGS,47,0.513884,0.00020777,1570870.0,46099677.0,89708333.0,100000000.0,0.52,16.91,97.64,1496459383
Peercoin,PPC,48,1.71086,0.00069151,1428800.0,41275956.0,24125853.0,24125853.0,0.19,5.98,18.19,1496459640
Ark,ARK,49,0.405278,0.00016386,765175.0,38633063.0,95324846.0,126574846.0,0.6,31.37,61.94,1496459388
Lykke,LKK,50,0.275032,0.0001112,516568.0,37829407.0,137545474.0,1285690000.0,0.07,5.98,13.44,1496459380
Emercoin,EMC,51,0.867092,0.00035058,897422.0,34823567.0,40161329.0,40161329.0,-1.37,-4.76,22.5,1496459356
Storjcoin X,SJCX,52,0.67314,0.00027217,431210.0,34446690.0,51173144.0,500000000.0,0.64,5.98,32.39,1496459357
Melon,MLN,53,57.2859,0.023162,286850.0,34337168.0,599400.0,749400.0,0.91,4.21,-0.21,1496459387
Omni,OMNI,54,57.9176,0.0234174,8989340.0,32375168.0,558987.0,615303.0,0.01,14.04,242.82,1496459346
Xaurum,XAUR,55,0.258235,0.00010441,312005.0,29362431.0,113704305.0,113704305.0,0.85,3.96,24.84,1496459363
Counterparty,XCP,56,11.1511,0.00450865,533641.0,29201856.0,2618742.0,2618742.0,-1.02,0.39,16.45,1496459349
Gulden,NLG,57,0.0771734,0.00003120,133723.0,26747424.0,346588645.0,448608800.0,0.21,5.53,18.31,1496459350
Blocknet,BLOCK,58,6.78834,0.00274468,217267.0,26545914.0,3910516.0,3910516.0,-4.14,6.28,123.41,1496459359
Namecoin,NMC,59,1.80099,0.00072795,759605.0,26540109.0,14736400.0,14736400.0,-0.06,3.09,19.29,1496459640
WeTrust,TRST,60,0.282405,0.00011418,431531.0,26022915.0,92147500.0,100000000.0,3.93,20.8,19.32,1496459391
Synereo,AMP,61,0.309615,0.00012518,549322.0,25467792.0,82256324.0,949291063.0,1.17,10.43,39.53,1496459367
Nexus,NXS,62,0.509613,0.00020605,69177.2,25414341.0,49869883.0,49869883.0,-0.23,-0.43,14.84,1496459360
Verge,XVG,63,0.0017307,0.00000070,3672490.0,23207774.0,13409472280.0,13409472280.0,0.94,52.47,82.37,1496459359
Burst,BURST,64,0.0129324,0.00000523,4278980.0,23027292.0,1780589202.0,1780589202.0,5.85,11.14,47.99,1496459356
EarthCoin,EAC,65,0.00235624,0.00000095,6110320.0,22022523.0,9346468332.0,9346468332.0,0.95,-2.34,40.44,1496459346
Matchpool,GUP,66,0.289746,0.00011715,338177.0,21730950.0,75000000.0,98855150.0,0.68,6.81,23.98,1496459389
YbCoin,YBC,67,7.17853,0.00290244,2938040.0,21681110.0,3020272.0,3020272.0,0.41,-0.83,29.79,1496459348
XtraBYtes,XBY,68,0.0318329,0.00001287,930202.0,20691385.0,650000000.0,650000000.0,2.23,27.66,443.26,1496459391
Edgeless,EDG,69,0.258839,0.00010465,450523.0,20560213.0,79432438.0,132046997.0,0.84,6.22,7.79,1496459387
NAV Coin,NAV,70,0.327317,0.00013234,1260460.0,20075383.0,61333150.0,61333150.0,-1.12,10.36,14.22,1496459353
OBITS,OBITS,71,1.31253,0.00053069,644210.0,19358376.0,14748902.0,16443700.0,-0.12,23.48,56.05,1496459368
Humaniq,HMQ,72,0.155544,0.00006289,914953.0,19339518.0,124334708.0,184190414.0,1.73,29.57,-7.65,1496459391
BlackCoin,BLK,73,0.252625,0.00010214,1186900.0,19242451.0,76170019.0,76170019.0,-0.01,-1.93,55.88,1496459349
BitBay,BAY,74,0.019053,0.00000770,74249.8,19196366.0,1007524581.0,1007524581.0,-0.29,6.16,18.05,1496459360
E-Dinar Coin,EDR,75,0.0284759,0.00001151,499368.0,18812169.0,660634755.0,785634755.0,-1.0,-6.97,21.79,1496459377
BCAP,BCAP,76,1.87216,0.00075696,184570.0,18721600.0,10000000.0,10000000.0,4.84,7.48,-9.07,1496459391
TokenCard,TKN,77,0.788119,0.00031865,332366.0,18634330.0,23644056.0,39406760.0,-3.66,-7.19,-14.42,1496459392
Shift,SHIFT,78,1.70773,0.00069047,453697.0,18499158.0,10832601.0,10832601.0,7.63,59.56,221.95,1496459366
PotCoin,POT,79,0.0842738,0.00003407,664841.0,18283156.0,216949468.0,216949468.0,1.88,-1.42,4.94,1496459347
Bankcoin,B@,80,4.13214,0.00167072,10824.4,17623908.0,4265080.0,25000000.0,3.19,22.18,57.71,1496459388
Expanse,EXP,81,2.39089,0.00096669,471192.0,17326450.0,7246862.0,16246862.0,-1.09,-0.92,23.51,1496459366
Nexium,NXC,82,0.260017,0.00010513,1162350.0,17296743.0,66521586.0,66521586.0,-1.01,-4.08,58.82,1496459382
Agoras Tokens,AGRS,83,0.401585,0.00016237,31899.6,16866570.0,42000000.0,42000000.0,0.19,8.43,28.39,1496459365
SuperNET,UNITY,84,20.3442,0.00822563,25412.3,16602108.0,816061.0,816061.0,0.23,52.1,265.89,1496459358
Infinitecoin,IFC,85,0.000182259,0.00000007,2608340.0,16511986.0,90596274910.0,90596274910.0,-0.07,-1.75,42.55,1496459358
LBRY Credits,LBC,86,0.237468,0.00009601,903597.0,16272382.0,68524524.0,466424524.0,0.03,10.83,35.56,1496459374
TaaS,TAAS,87,1.99591,0.00080699,227463.0,16258684.0,8146001.0,8146001.0,-1.58,12.62,44.43,1496459387
Unity Ingot,UNY,88,0.0803817,0.00003250,129672.0,16237103.0,202000000.0,10000000000.0,-2.48,-1.66,86.49,1496459391
Swarm City,SWT,89,2.41908,0.00097809,55129.0,16069042.0,6642625.0,6642625.0,2.57,3.23,-8.48,1496459386
Chronobank,TIME,90,22.3007,0.00901668,499796.0,15836013.0,710113.0,710113.0,-0.64,15.46,30.39,1496459387
ZCoin,XZC,91,7.04535,0.00284859,1034660.0,15764205.0,2237533.0,2237533.0,-0.35,-5.81,40.04,1496459379
GridCoin,GRC,92,0.0391184,0.00001582,257333.0,15268410.0,390312753.0,390312753.0,1.14,5.4,37.49,1496459361
Radium,RADS,93,4.54129,0.00183615,403388.0,14746860.0,3247284.0,3247284.0,-0.97,10.8,49.87,1496459369
I/O Coin,IOC,94,0.890376,0.00036,49353.5,14545581.0,16336447.0,16336447.0,-3.38,6.47,19.61,1496459355
Waves Community Token,WCT,95,2.87749,0.00116343,146968.0,14387450.0,5000000.0,10000000.0,3.51,7.1,56.06,1496459385
Pepe Cash,PEPECASH,96,0.0198958,0.00000804,36206.5,13964544.0,701884009.0,701884009.0,-3.02,-11.23,-2.63,1496459380
Golos,GOLOS,97,0.108443,0.00004385,56894.8,13348942.0,123096388.0,123096388.0,1.68,15.55,88.45,1496459381
Vertcoin,VTC,98,0.392356,0.00015864,553032.0,13120985.0,33441531.0,33441531.0,0.71,8.45,37.13,1496459347
MonaCoin,MONA,99,0.258323,0.00010445,32876.5,13063342.0,50569800.0,50569800.0,1.61,-5.85,15.16,1496459350
E-coin,ECN,100,4.67137,0.00188874,118029.0,13051757.0,2793989.0,211082881.0,-0.73,2.32,13.01,1496459389
DigitalNote,XDN,101,0.00185055,0.00000075,2779870.0,12734671.0,6881560019.0,6881560019.0,-1.68,14.87,31.02,1496459355
Etheroll,DICE,102,1.78443,0.00072149,62168.4,12493906.0,7001623.0,7001623.0,0.47,-3.91,0.01,1496459393
LuckChain,BASH,103,0.0166841,0.00000675,871625.0,12080414.0,724067471.0,724067471.0,-0.94,22.84,99.41,1496459381
MergeCoin,MGC,104,0.121972,0.00004932,3483140.0,12067296.0,98934970.0,103934970.0,1.44,9.37,27.63,1496459391
Clams,CLAM,105,5.0744,0.0020517,703053.0,11686513.0,2303033.0,16208399.0,-1.7,9.21,19.38,1496459354
Mooncoin,MOON,106,0.0000506569,0.00000002,115907.0,11243194.0,221947918437,221947918437,-21.7,24.25,9.41,1496459347
Bitcrystals,BCY,107,0.464917,0.00018798,367340.0,10828578.0,23291422.0,23291422.0,1.99,16.03,28.14,1496459365
DNotes,NOTE,108,0.0865411,0.00003499,447164.0,10721064.0,123884074.0,123884074.0,10.58,29.59,67.17,1496459349
Pluton,PLU,109,12.4792,0.00504563,113542.0,10607314.0,850000.0,20000000.0,0.91,-5.62,54.09,1496459377
Bitland,CADASTRAL,110,0.343813,0.00013901,16241.7,10314390.0,30000000.0,30000000.0,-13.82,-10.96,31.63,1496459374
FlorinCoin,FLO,111,0.0759794,0.00003072,320294.0,10182556.0,134017324.0,134017324.0,0.96,6.34,26.76,1496459343
Viacoin,VIA,112,0.439687,0.00017777,328282.0,9957901.0,22647705.0,22647705.0,-0.7,7.95,19.17,1496459355
Energycoin,ENRG,113,0.080134,0.00003240,8995.5,9691671.0,120943307.0,120943307.0,6.93,10.35,35.43,1496459352
vSlice,VSL,114,0.278012,0.00011241,132582.0,9282959.0,33390496.0,33390496.0,0.69,3.52,4.12,1496459382
ION,ION,115,0.673716,0.0002724,57392.5,9274990.0,13766914.0,19666914.0,31.1,95.31,61.23,1496459373
HEAT,HEAT,116,0.351287,0.00014203,38970.2,9263747.0,26370880.0,26370880.0,0.23,2.49,4.1,1496459375
Skycoin,SKY,117,1.67815,0.00067851,32794.7,9172434.0,5465801.0,100000000.0,7.36,17.36,-6.18,1496459389
Primecoin,XPM,118,0.464386,0.00018776,5070080.0,8978847.0,19334879.0,19334879.0,-0.71,13.35,47.17,1496459345
Rubycoin,RBY,119,0.367561,0.00014861,29770.1,8966876.0,24395614.0,24395614.0,0.22,2.6,15.66,1496459350
Blitzcash,BLITZ,120,2.17647,0.00088,374362.0,8845660.0,4064223.0,4064223.0,3.64,74.28,565.88,1496459359
Crown,CRW,121,0.618211,0.00024996,20039.2,8572240.0,13866204.0,13866204.0,-2.52,7.1,-0.63,1496459359
VeriCoin,VRC,122,0.282612,0.00011427,539209.0,8538338.0,30212227.0,30212227.0,0.44,-1.99,13.4,1496459352
SolarCoin,SLR,123,0.239316,0.00009676,94441.3,8415482.0,35164730.0,98034181461.0,1.62,10.26,24.39,1496459350
FedoraCoin,TIPS,124,0.0000189254,0.000000008,57471.9,8387135.0,443168182458,443168182458,0.77,-7.62,6.47,1496459345
Pascal Coin,PASC,125,0.835105,0.00033765,204605.0,8370007.0,10022700.0,10022700.0,1.9,8.22,23.15,1496459382
NeosCoin,NEOS,126,2.48519,0.00100482,605254.0,8319984.0,3347826.0,3347826.0,-0.16,4.08,17.88,1496459356
SaluS,SLS,127,7.78296,0.00314683,27031.9,7809849.0,1003455.0,1003455.0,2.03,-11.71,82.34,1496459368
BelaCoin,BELA,128,0.222564,0.00008999,486808.0,7785545.0,34981150.0,34981150.0,0.71,7.75,19.53,1496459350
Bitcoin Plus,XBC,129,79.5917,0.0321807,194704.0,7715258.0,96935.0,96935.0,1.77,11.16,18.56,1496459352
VPNCoin,VASH,130,0.0190894,0.00000772,1846830.0,7642246.0,400339746.0,400339746.0,-0.01,-1.21,29.54,1496459360
Incent,INCNT,131,0.3234,0.00013076,164791.0,7440888.0,23008312.0,46016625.0,-0.52,11.97,56.23,1496459382
Creditbit,CRB,132,0.620734,0.00025098,270678.0,7370808.0,11874342.0,11874342.0,0.74,4.24,-1.75,1496459368
Einsteinium,EMC2,133,0.0348706,0.00001410,420426.0,7370431.0,211365194.0,211365194.0,-1.39,10.19,16.53,1496459350
Global Currency Reserve,GCR,134,0.0679908,0.00002749,32709.5,6982227.0,102693701.0,102693701.0,-2.64,4.48,11.73,1496459365
Asch,XAS,135,0.0907149,0.00003668,59344.0,6803618.0,75000000.0,100000000.0,-0.42,1.33,36.43,1496459388
MonetaryUnit,MUE,136,0.055601,0.00002248,102091.0,6759865.0,121578120.0,121578120.0,1.29,30.25,40.37,1496459359
Lunyr,LUN,137,2.91798,0.00117981,160285.0,6705089.0,2297853.0,2703356.0,1.89,4.83,3.87,1496459391
Aeon,AEON,138,0.462611,0.00018704,23967.0,6584552.0,14233454.0,14233454.0,2.75,-1.16,6.47,1496459365
Novacoin,NVC,139,3.76345,0.00152115,61126.9,6534439.0,1736290.0,1736290.0,-0.37,0.73,-2.35,1496459641
PinkCoin,PINK,140,0.0203045,0.00000821,2160920.0,6518327.0,321028700.0,371028700.0,5.69,32.2,41.9,1496459352
FirstCoin,FRST,141,2.02859,0.0008202,129404.0,6464681.0,3186785.0,110000000.0,0.59,15.59,24.05,1496459384
Feathercoin,FTC,142,0.0393455,0.00001591,110635.0,6448430.0,163892440.0,163892440.0,1.08,2.3,35.43,1496459351
WorldCoin,WDC,143,0.056056,0.00002266,396726.0,6424350.0,114605923.0,114605923.0,-0.23,15.27,62.61,1496459641
Safe Exchange Coin,SAFEX,144,0.00294319,0.00000119,32807.0,6320452.0,2147483647.0,2147483647.0,-0.6,11.4,26.7,1496459369
RouletteToken,RLT,145,0.620281,0.00025079,161957.0,6260008.0,10092214.0,10092937.0,2.5,35.46,30.13,1496459392
ZClassic,ZCL,146,4.17529,0.00168816,337484.0,6184701.0,1481263.0,1481263.0,5.61,-3.3,47.81,1496459380
Darcrus,DAR,147,0.431141,0.00017432,44421.7,5873762.0,13623762.0,13623762.0,4.82,28.66,56.69,1496459384
SIBCoin,SIB,148,0.393376,0.00015905,31144.2,5765687.0,14656936.0,14656936.0,-0.03,-2.34,32.88,1496459366
Janus,JNS,149,0.260429,0.0001053,5375.22,5500805.0,21122091.0,25201489.0,9.25,11.43,18.44,1496459384
Gambit,GAM,150,4.587,0.00185463,44225.6,5431680.0,1184147.0,1184147.0,0.12,-1.93,17.22,1496459363
FoldingCoin,FLDC,151,0.010991,0.00000444,454573.0,5382754.0,489741985.0,1000000000.0,-0.5,6.6,23.79,1496459357
Auroracoin,AUR,152,0.612464,0.00024763,10751.6,5302799.0,8658139.0,8658139.0,0.11,4.44,14.49,1496459349
Rise,RISE,153,0.0485308,0.00001962,273370.0,5211587.0,107387215.0,107387215.0,11.82,94.52,142.22,1496459374
Vcash,XVC,154,0.329715,0.00013331,215301.0,5028823.0,15252030.0,15252030.0,1.72,8.98,10.57,1496459361
Quark,QRK,155,0.0192744,0.00000779,223482.0,4820548.0,250101047.0,250101047.0,4.19,40.02,63.64,1496459343
Ethereum Movie Venture,EMV,156,0.706472,0.00028564,5057.23,4709813.0,6666666.0,6666666.0,0.47,155.36,29.97,1496459390
OKCash,OK,157,0.0656783,0.00002656,126340.0,4701536.0,71584319.0,71584319.0,2.29,-3.44,151.4,1496459361
Sphere,SPHR,158,1.51176,0.00061124,16916.1,4660666.0,3082940.0,3082940.0,0.23,9.56,139.64,1496459363
ICO OpenLedger,ICOO,159,9.6376,0.0038967,13133.2,4546971.0,471795.0,471795.0,0.14,23.38,65.28,1496459373
CloakCoin,CLOAK,160,0.863931,0.00034931,26172.2,4322877.0,5003730.0,5003730.0,1.01,1.4,37.65,1496459353
SpreadCoin,SPR,161,0.530396,0.00021445,48990.8,4316389.0,8138049.0,8138049.0,-11.0,10.48,63.83,1496459359
APX,APX,162,4.78578,0.001935,253730.0,4307202.0,900000.0,1000000.0,-2.56,12.9,16.91,1496459393
FairCoin,FAIR,163,0.0810986,0.00003279,3201.36,4306821.0,53105987.0,53105987.0,0.23,-0.9,30.38,1496459350
LoMoCoin,LMC,164,0.0205806,0.00000832,473003.0,4292396.0,208565176.0,293565176.0,-2.07,9.1,26.89,1496459377
bitCNY,BITCNY,165,0.14228,0.00005753,463607.0,4262837.0,29960900.0,29960900.0,-0.22,3.29,-2.24,1496459357
BitSend,BSD,166,0.27722,0.00011209,42123.8,4230724.0,15261250.0,15261250.0,-4.87,44.45,78.32,1496459353
Bitmark,BTM,167,1.06398,0.00043019,184535.0,4150777.0,3901180.0,3901180.0,-1.96,7.12,24.87,1496459357
Minereum,MNE,168,10.0743,0.00407328,383276.0,4062367.0,403241.0,403241.0,-2.11,24.77,366.53,1496459393
ArtByte,ABY,169,0.00524682,0.00000212,139972.0,4055792.0,773000050.0,773000050.0,0.52,7.85,55.32,1496459353
NautilusCoin,NAUT,170,0.247151,0.00009993,371082.0,3998903.0,16180000.0,16180000.0,-0.05,-2.8,20.91,1496459352
Unobtanium,UNO,171,20.1945,0.00816509,88385.7,3992968.0,197726.0,197726.0,-2.2,3.74,3.94,1496459344
Riecoin,RIC,172,0.11106,0.00004490,698112.0,3799876.0,34214625.0,34214625.0,-1.07,9.09,64.14,1496459349
Circuits of Value,COVAL,173,0.00939843,0.00000380,117933.0,3759372.0,400000000.0,1200000000.0,1.77,17.46,24.11,1496459360
PoSW Coin,POSW,174,0.0905336,0.00003660,73085.8,3711878.0,41000000.0,70000000.0,-0.81,25.07,76.63,1496459383
DubaiCoin,DBIX,175,4.15695,0.00168075,33893.1,3617131.0,870141.0,870141.0,0.53,-7.1,60.54,1496459388
HunterCoin,HUC,176,0.202027,0.00008168,6059250.0,3565956.0,17650890.0,17650890.0,2.26,69.91,102.48,1496459348
Wild Beast Block,WBB,177,1.49741,0.00060544,16152.4,3482293.0,2325544.0,2325544.0,4.04,17.8,-3.9,1496459361
BitBean,BITB,178,0.00169949,0.00000069,194629.0,3330326.0,1959603000.0,1959603000.0,1.09,29.3,19.07,1496459361
Diamond,DMD,179,1.55814,0.00062999,7323.87,3310898.0,2124904.0,2124904.0,0.29,7.48,13.88,1496459346
Megacoin,MEC,180,0.0997755,0.00004034,625145.0,3281262.0,32886450.0,32886450.0,3.94,16.66,35.62,1496459342
Zennies,ZENI,181,0.00326409,0.00000132,5772.57,3266312.0,1000680815.0,1000680815.0,2.51,3.6,15.18,1496459389
Ethbits,ETB,182,2.34794,0.00094932,3355.76,3162641.0,1346986.0,1634691.0,5.28,438.82,,1496459394
Musicoin,MUSIC,183,0.017877,0.00000723,82205.0,3087133.0,172687440.0,172687440.0,-0.55,4.65,19.92,1496459387
Zetacoin,ZET,184,0.0177837,0.00000719,269310.0,2954931.0,166159526.0,166159526.0,-0.73,3.17,66.87,1496459343
Curecoin,CURE,185,0.116405,0.00004707,17030.3,2759777.0,23708404.0,23708404.0,-9.8,-1.54,2.08,1496459352
Atmos,ATMS,186,0.027476,0.00001111,150564.0,2749634.0,100074025.0,110074025.0,0.9,12.95,26.78,1496459389
Myriad,XMY,187,0.00184987,0.00000075,152062.0,2749378.0,1486254500.0,1486254500.0,-0.39,21.78,-15.76,1496459351
InstantDEX,DEX,188,2.72095,0.00110014,3398.47,2720950.0,1000000.0,1000000.0,0.23,13.6,,1496459358
Bata,BTA,189,0.548226,0.00022166,67577.2,2714524.0,4951469.0,4951469.0,1.26,39.54,94.87,1496459363
RaiBlocks,XRB,190,0.0360648,0.00001458,42387.1,2711894.0,75195027.0,340282367.0,-1.82,6.93,54.4,1496459386
Cryptonite,XCN,191,0.00810907,0.00000328,723629.0,2659966.0,328023583.0,328023583.0,-2.46,13.1,40.49,1496459357
ZcCoin,ZCC,192,0.043014,0.00001739,2033890.0,2652116.0,61657044.0,61657044.0,-0.23,15.98,44.27,1496459355
Steem Dollars,SBD,193,1.80573,0.0007301,262750.0,2574854.0,1425935.0,1425935.0,2.83,10.27,26.49,1496459375
Adzcoin,ADZ,194,0.046184,0.00001867,14990.6,2533080.0,54847560.0,54847560.0,3.94,20.84,33.5,1496459368
Zeitcoin,ZEIT,195,0.0000690213,0.00000003,8955.35,2507437.0,36328446358.0,36328446358.0,0.1,2.62,44.98,1496459349
Spectrecoin,XSPEC,196,0.121174,0.00004899,176836.0,2471666.0,20397662.0,20397662.0,4.1,2.41,10.18,1496459383
Mintcoin,MINT,197,0.0000995543,0.00000004,16116.4,2424059.0,24349111009.0,24349111009.0,0.23,8.42,10.0,1496459348
Veros,VRS,198,0.0274951,0.00001112,92774.7,2350472.0,85486938.0,10000000000.0,-0.03,-1.91,7.48,1496459381
Breakout Stake,BRX,199,0.37386,0.00015116,16884.0,2343385.0,6268082.0,6268082.0,10.24,16.14,68.28,1496459374
Digitalcoin,DGC,200,0.0674321,0.00002726,234734.0,2318976.0,34389793.0,34389793.0,1.27,2.51,40.67,1496459341
bitUSD,BITUSD,201,1.03383,0.000418,294539.0,2291557.0,2216570.0,2216570.0,2.21,4.28,1.01,1496459358
BoostCoin,BOST,202,0.190525,0.00007703,168539.0,2258767.0,11855487.0,11855487.0,-0.01,4.63,45.48,1496459353
Espers,ESP,203,0.000110526,0.00000004,6599.48,2224785.0,20129062749.0,20129062749.0,5.71,3.35,-6.79,1496459373
BlockPay,BLOCKPAY,204,0.40306,0.00016297,22991.3,2187931.0,5428300.0,98928316.0,0.3,10.76,71.54,1496459377
MaxCoin,MAX,205,0.0394829,0.00001596,221091.0,2149555.0,54442678.0,54442678.0,3.06,10.46,82.88,1496459348
iCash,ICASH,206,0.00966844,0.00000391,14001.3,2136281.0,220954076.0,220954076.0,-0.78,6.47,15.03,1496459362
FUNCoin,FUNC,207,0.368388,0.00014895,37667.7,2128144.0,5776909.0,100000000.0,0.47,3.38,41.05,1496459391
Groestlcoin,GRS,208,0.0299557,0.00001211,10249.1,2025719.0,67623839.0,67623839.0,-3.19,-0.45,14.14,1496459352
Project Decorum,PDC,209,0.0385088,0.00001557,2643.92,1925440.0,50000000.0,50000000.0,0.23,2.09,7.56,1496459373
Anoncoin,ANC,210,0.890948,0.00036023,271686.0,1880183.0,2110317.0,2110317.0,0.19,97.94,106.46,1496459342
Tickets,TIX,211,0.0000278897,0.00000001,36534.6,1865159.0,66876281414.0,66876281414.0,1.88,-0.99,21.73,1496459345
TransferCoin,TX,212,0.300985,0.0001217,7593.8,1798322.0,5974790.0,5974790.0,-4.7,-3.17,-16.8,1496459365
GoldCoin,GLD,213,0.0442297,0.00001788,20451.0,1780496.0,40255664.0,40255664.0,0.61,-9.74,-3.06,1496459357
CryptoCarbon,CCRB,214,0.482523,0.0001951,18589.8,1718800.0,3562111.0,10000150.0,0.11,9.01,34.73,1496459384
CacheCoin,CACH,215,0.469922,0.00019,35380.7,1693957.0,3604762.0,3604762.0,21.87,550.14,,1496459348
Bitswift,SWIFT,216,0.410563,0.000166,11115.3,1667263.0,4060918.0,4060918.0,7.19,40.49,137.72,1496459359
DeepWebCash,DWC,217,1.1802,0.00047718,17961.0,1580126.0,1338863.0,1338863.0,-0.39,-7.83,-17.49,1496459382
Startcoin,START,218,0.0346473,0.00001401,50180.0,1561893.0,45079785.0,70782220.0,0.08,6.45,-14.58,1496459354
Qwark,QWARK,219,0.0865645,0.00003500,42670.8,1528668.0,17659296.0,250377576.0,13.17,50.05,117.33,1496459372
vTorrent,VTR,220,0.141249,0.00005711,12240.0,1527744.0,10815966.0,10815966.0,-0.46,-6.8,44.43,1496459360
Sequence,SEQ,221,0.0338591,0.00001369,2766.88,1513577.0,44702236.0,44702236.0,0.23,7.21,41.71,1496459378
Boolberry,XBB,222,0.158441,0.00006406,7298.04,1510336.0,9532480.0,9532480.0,0.45,14.55,8.43,1496459354
Voxels,VOX,223,0.0478215,0.00001934,573043.0,1506377.0,31500000.0,210000000.0,18.4,51.35,79.63,1496459371
2GIVE,2GIVE,224,0.00291853,0.00000118,15779.2,1497205.0,512999865.0,512999865.0,0.65,10.69,-20.2,1496459373
Breakout,BRK,225,0.0825083,0.00003336,7704.91,1478264.0,17916547.0,17916547.0,4.82,15.1,23.74,1496459373
Visio,VISIO,226,0.0287759,0.00001163,4637.24,1456136.0,50602611.0,62602611.0,0.23,12.81,2.84,1496459387
Pangea Poker,PANGEA,227,1.42886,0.00057772,870.462,1427935.0,999352.0,1000000.0,0.23,53.12,99.91,1496459360
MediterraneanCoin,MED,228,0.0281953,0.00001140,254415.0,1401492.0,49706598.0,49706598.0,2.25,75.96,120.24,1496459359
EB3 Coin,EB3,229,0.296817,0.00012001,39887.6,1390740.0,4685515.0,786000000.0,0.23,7.15,17.25,1496459389
EuropeCoin,ERC,230,0.136475,0.00005518,1071.09,1344491.0,9851557.0,9851557.0,0.74,1.47,24.0,1496459363
Renos,RNS,231,0.038485,0.00001556,683616.0,1283566.0,33352375.0,33352375.0,4.66,8.36,158.27,1496459386
LiteDoge,LDOGE,232,0.0000818298,0.00000003,8729.39,1209018.0,14774788159.0,14774788159.0,0.33,8.16,-27.24,1496459361
Dynamic,DYN,233,0.739879,0.00029915,5856.28,1196256.0,1616826.0,4370730.0,0.23,12.5,25.17,1496459387
Creativecoin,CREA,234,0.110146,0.00004453,8086.8,1163115.0,10559754.0,12271482.0,-0.42,19.51,12.37,1496459392
TagCoin,TAG,235,0.211375,0.00008546,231414.0,1161080.0,5492984.0,5492984.0,-0.69,5.15,23.52,1496459343
VeriumReserve,VRM,236,1.02437,0.00041417,101664.0,1141529.0,1114372.0,1114372.0,-1.44,26.85,26.33,1496459377
ChainCoin,CHC,237,0.0762637,0.00003084,9682.49,1120099.0,14687179.0,14687179.0,1.31,-12.04,-9.11,1496459364
Stealthcoin,XST,238,0.0424413,0.00001716,2727.91,1111093.0,26179520.0,26179520.0,0.29,-6.04,9.45,1496459355
SecureCoin,SRC,239,0.142091,0.00005745,184108.0,1106306.0,7785896.0,7785896.0,-1.83,6.31,27.8,1496459344
Inpay,INPAY,240,0.109852,0.00004442,19054.7,1098520.0,10000000.0,10000000.0,0.69,-3.88,-14.02,1496459389
Ixcoin,IXC,241,0.051321,0.00002075,1706.79,1077694.0,20999088.0,20999088.0,0.26,-20.86,3.1,1496459344
HTMLCOIN,HTML5,242,0.0000264687,0.00000001,3416.81,1076191.0,40659020000.0,40659020000.0,0.53,22.27,28.72,1496459357
Yocoin,YOC,243,0.0101214,0.00000409,55430.4,1069010.0,105618830.0,200000000.0,0.66,1.06,29.73,1496459368
WhiteCoin,XWC,244,0.00430349,0.00000174,15619.5,1067511.0,248056955.0,248056955.0,2.59,3.37,65.21,1496459351
Triggers,TRIG,245,0.0316579,0.00001280,4931.54,1016396.0,32105593.0,100000000.0,0.7,3.05,3.08,1496459380
Mercury,MER,246,0.0100009,0.00000404,1744.78,1000090.0,100000000.0,100000000.0,1.47,3.63,-5.83,1496459387
AudioCoin,ADC,247,0.00125331,0.00000051,3484.47,994124.0,793198644.0,793198644.0,0.23,-0.52,-2.76,1496459363
CannabisCoin,CANN,248,0.0128299,0.00000519,56340.6,990868.0,77231176.0,91859176.0,0.2,2.8,61.63,1496459356
DopeCoin,DOPE,249,0.00890378,0.00000360,23108.8,989082.0,111085648.0,111085648.0,-1.14,16.64,2.87,1496459350
DIBCOIN,DIBC,250,0.196479,0.00007944,4375.26,982395.0,5000000.0,5000000000.0,2.12,5.83,31.94,1496459388
PepeCoin,PEPE,251,0.0675788,0.00002732,20540.7,931310.0,13781097.0,13781097.0,0.31,-0.1,40.49,1496459370
Hacker Gold,HKG,252,0.0577784,0.00002336,2010.51,930862.0,16110893.0,16110893.0,0.2,4.71,2.31,1496459381
Syndicate,SYNX,253,0.0818226,0.00003308,11551.6,922047.0,11268860.0,11268860.0,0.34,-8.98,75.73,1496459375
HiCoin,XHI,254,0.00481949,0.00000195,121586.0,914402.0,189729990.0,10189729990.0,-0.75,-2.13,-0.66,1496459371
ArcticCoin,ARC,255,0.0382186,0.00001545,10729.9,892898.0,23362919.0,23362919.0,-0.57,0.94,-14.99,1496459379
PutinCoin,PUT,256,0.00437679,0.00000177,4264.09,877186.0,200417616.0,200417616.0,-7.74,2.95,30.08,1496459374
Pesetacoin,PTC,257,0.00653138,0.00000264,2056.21,852699.0,130554199.0,130554199.0,0.23,12.81,9.21,1496459349
Woodcoin,LOG,258,0.104916,0.00004242,585.448,843020.0,8035193.0,8035193.0,0.23,2.68,9.95,1496459361
BlueCoin,BLU,259,0.00144079,0.00000058,1810.35,827998.0,574683675.0,574683675.0,5.5,-12.23,227.78,1496459351
EverGreenCoin,EGC,260,0.0614906,0.00002486,13124.3,819135.0,13321301.0,13321301.0,-2.39,-4.57,6.42,1496459368
Hush,HUSH,261,0.742546,0.00030023,39276.8,817460.0,1100888.0,1222363.0,-0.68,2.64,60.71,1496459381
ShadowCash,SDC,262,0.121512,0.00004913,527.431,810160.0,6667323.0,6667323.0,0.24,-1.02,-6.34,1496459355
Centurion,CNT,263,0.0311516,0.00001260,30946.8,805278.0,25850279.0,63389078.0,0.35,-5.27,7.4,1496459385
Unitus,UIS,264,0.0167855,0.00000679,23774.5,785324.0,46785866.0,46785866.0,-0.49,-3.73,-6.94,1496459360
e-Gulden,EFL,265,0.0511604,0.00002069,1713.57,785115.0,15346143.0,20385483.0,1.1,5.25,-29.69,1496459350
ExclusiveCoin,EXCL,266,0.185471,0.00007499,6149.79,758424.0,4089180.0,4089180.0,-6.54,14.29,8.37,1496459358
GeoCoin,GEO,267,0.308108,0.00012458,5757.98,756430.0,2455079.0,2455079.0,0.25,16.0,40.15,1496459361
HempCoin,THC,268,0.00346238,0.00000140,16748.4,733412.0,211823061.0,211823061.0,0.66,13.58,-2.28,1496459354
ProCurrency,PROC,269,0.257759,0.00010422,1276.21,725644.0,2815205.0,15000053805.0,0.29,4.37,13.52,1496459391
Fantomcoin,FCN,270,0.123664,0.00005000,3627.04,725096.0,5863439.0,5863439.0,2.28,-2.31,11.88,1496459354
Tokes,TKS,271,1.11552,0.00045103,9541.04,722438.0,647624.0,50000000.0,0.23,7.71,23.88,1496459388
Ripto Bux,RBX,272,0.00210332,0.00000085,3032.54,719546.0,342100100.0,1000000000.0,0.5,-0.17,14.78,1496459388
Version,V,273,0.00163236,0.00000066,563.838,714131.0,437483734.0,437483734.0,-5.5,-5.87,,1496459394
Synergy,SNRG,274,0.241121,0.00009749,1019.09,669558.0,2776855.0,2776855.0,0.23,4.05,34.29,1496459363
Altcoin,ALT,275,5.47364,0.00221312,2039.17,668743.0,122175.0,134063.0,0.53,1.49,56.53,1496459391
DT Token,DRACO,276,0.00679457,0.00000275,85352.3,603962.0,88888888.0,88888888.0,2.18,15.37,62.58,1496459374
Deutsche eMark,DEM,277,0.0214482,0.00000867,888.9,596119.0,27793416.0,27793416.0,2.56,3.04,25.54,1496459345
BTSR,BTSR,278,0.179711,0.00007266,19181.6,594991.0,3310819.0,3310819.0,-0.03,14.13,54.09,1496459371
TrustPlus,TRUST,279,0.0184011,0.00000744,1340.87,590429.0,32086595.0,32086595.0,0.91,7.16,31.64,1496459355
Magi,XMG,280,0.0814222,0.00003292,4095.46,574569.0,7056663.0,7056663.0,1.35,-0.4,-3.87,1496459359
Moin,MOIN,281,0.0825566,0.00003338,1819.69,573805.0,6950449.0,6950449.0,-1.52,-2.55,41.87,1496459367
1337,1337,282,0.0000249936,0.00000001,5678.96,570962.0,22844332120.0,22844332120.0,10.92,14.93,80.27,1496459367
TileCoin,XTC,283,0.00529319,0.00000214,13090.7,529319.0,100000000.0,100000000.0,-1.39,-5.29,9.36,1496459359
Canada eCoin,CDN,284,0.00540783,0.00000219,753.043,526807.0,97415544.0,97415544.0,0.23,5.22,25.79,1496459352
ReeCoin,REE,285,0.0425402,0.00001720,1149.01,526125.0,12367704.0,6662367704.0,11.45,8.16,80.05,1496459375
FujiCoin,FJC,286,0.000544906,0.00000022,3152.3,525073.0,963603409.0,963603409.0,0.24,-27.88,15.48,1496459364
UniBURST,UNIBURST,287,0.505153,0.00020425,10440.5,505152.0,999999.0,1000000.0,5.2,-10.56,161.94,1496459386
IncaKoin,NKA,288,0.0000625406,0.00000003,4554.02,471368.0,7536998157.0,7536998157.0,-11.83,-15.45,184.53,1496459360
Elcoin,EL,289,0.0412632,0.00001668,2816.14,462518.0,11208967.0,20935289.0,-0.92,3.72,-14.11,1496459372
Capricoin,CPC,290,0.451906,0.00018272,52106.6,445089.0,984914.0,200984914.0,0.77,-0.63,29.65,1496459364
TrumpCoin,TRUMP,291,0.0679805,0.00002749,4971.89,444562.0,6539556.0,6539556.0,-0.95,15.81,24.3,1496459369
KoreCoin,KORE,292,0.23778,0.00009614,2984.73,435363.0,1830949.0,1830949.0,-2.66,-7.0,2.9,1496459354
I0Coin,I0C,293,0.0198109,0.00000801,1002.07,415523.0,20974468.0,20974468.0,0.48,2.44,14.93,1496459344
CasinoCoin,CSC,294,0.0103225,0.00000417,501.653,398461.0,38601187.0,38601187.0,2.18,-13.25,-16.06,1496459343
NobleCoin,NOBL,295,0.000172189,0.00000007,14990.9,394606.0,2291705018.0,2291705018.0,0.36,-20.49,-13.66,1496459347
BitBar,BTB,296,12.0308,0.00486433,933.964,392144.0,32595.0,32595.0,-2.63,3.4,7.92,1496459341
Newbium,NEWB,297,0.0163236,0.00000660,45385.8,391766.0,24000000.0,51000000.0,0.23,44.34,297.23,1496459373
PostCoin,POST,298,0.0242915,0.00000982,2866.47,383206.0,15775332.0,15775332.0,1.57,0.72,11.21,1496459372
Terracoin,TRC,299,0.018629,0.00000753,6788.37,374551.0,20105780.0,20105780.0,-0.3,17.87,5.4,1496459640
GCoin,GCN,300,0.0000026194,0.000000001,2250.64,364199.0,139037060000,139037060000,17.15,19.39,75.26,1496459359
iTicoin,ITI,301,11.0621,0.00447265,48004.0,353987.0,32000.0,9999992.0,5.83,-8.29,24.27,1496459391
Wyvern,WYV,302,0.319052,0.000129,1911.92,347968.0,1090631.0,1090631.0,-29.92,4.82,-5.5,1496459389
Jewels,JWL,303,0.017214,0.00000696,3491.78,347318.0,20176488.0,20176488.0,0.52,0.04,14.08,1496459378
Virtacoinplus,XVP,304,0.0392224,0.00001586,1134.89,345991.0,8821256.0,10355849.0,-0.21,-3.11,-29.86,1496459387
Trollcoin,TROLL,305,0.000617457,0.00000025,939.481,341935.0,553779462.0,553779462.0,-3.59,0.95,-5.97,1496459358
Dotcoin,DOT,306,0.00149073,0.00000060,38779.4,335412.0,224998500.0,489998500.0,2.93,6.81,24.08,1496459361
Master Swiscoin,MSCN,307,0.0326103,0.00001319,10220.8,334522.0,10258180.0,1002584210.0,-3.76,-5.91,-14.64,1496459385
NuShares,NSR,308,0.000123127,0.00000005,1113.49,332722.0,2702268334.0,3317185701.0,-25.76,-43.3,-64.01,1496459359
Atomic Coin,ATOM,309,0.0327499,0.00001324,1301.51,329172.0,10051073.0,10051073.0,2.25,28.7,49.22,1496459380
Bytecent,BYC,310,0.192668,0.00007790,8455.17,312535.0,1622141.0,1622141.0,-5.93,20.08,11.76,1496459359
ParkByte,PKB,311,0.063384,0.00002563,2091.27,301963.0,4764026.0,4764026.0,0.27,11.47,21.4,1496459364
MazaCoin,MZC,312,0.000271904,0.00000011,835.252,297087.0,1092618137.0,1092618137.0,-7.97,-16.13,10.22,1496459348
Joincoin,J,313,0.116306,0.00004703,699.122,284764.0,2448402.0,2448402.0,0.25,-72.66,-29.39,1496459356
Influxcoin,INFX,314,0.165776,0.00006703,8899.94,277407.0,1673383.0,1673383.0,1.77,5.54,-25.28,1496459366
Quatloo,QTL,315,0.0370802,0.00001499,6148.71,275824.0,7438588.0,7438588.0,2.12,-1.33,-3.35,1496459355
8Bit,8BIT,316,0.23436,0.00009476,2710.81,272892.0,1164415.0,1164415.0,0.71,15.78,-20.29,1496459363
Asiadigicoin,ADCN,317,0.0108824,0.00000440,923.621,271310.0,24931054.0,210000000.0,0.23,-9.26,-27.24,1496459370
LiteBar,LTB,318,0.40783,0.00016489,2342.46,263551.0,646227.0,646227.0,17.02,19.12,28.02,1496459352
Rubies,RBIES,319,0.024628,0.00000996,2226.06,255480.0,10373575.0,10373575.0,5.98,11.86,2.04,1496459369
Karbowanec,KRB,320,0.0704181,0.00002847,5127.06,249528.0,3543526.0,3543526.0,-1.13,-10.22,-1.77,1496459375
Torcoin,TOR,321,0.921466,0.00037257,7501.49,242516.0,263186.0,1263186.0,-0.16,21.13,27.74,1496459389
Sexcoin,SXC,322,0.00197743,0.00000080,2569.65,242330.0,122547939.0,122547939.0,-0.27,-3.19,-4.7,1496459343
Zoin,ZOI,323,0.0219599,0.00000888,620.556,236383.0,10764300.0,10764300.0,-0.33,-11.13,-4.77,1496459380
UltraCoin,UTC,324,0.00531753,0.00000215,3174.39,229208.0,43104233.0,43104233.0,-7.11,-2.11,30.39,1496459347
PRCoin,PRC,325,0.0241162,0.00000975,44428.3,228520.0,9475800.0,789475800.0,0.23,6.71,-1.02,1496459386
Flycoin,FLY,326,0.98963,0.00040013,1125.48,208620.0,210806.0,210806.0,0.23,70.17,229.89,1496459366
GoldBlocks,GB,327,0.0137049,0.00000554,907.045,203765.0,14868048.0,14868048.0,0.3,3.43,34.91,1496459374
NuBits,USNBT,328,0.99673,0.000403,81642.8,196128.0,196772.0,838087.0,-0.43,-0.73,-3.57,1496459358
TEKcoin,TEK,329,0.000129837,0.00000005,1816.64,183597.0,1414054562.0,1414054562.0,-6.94,34.72,437.05,1496459353
Cryptojacks,CJ,330,0.000451388,0.00000018,4244.88,183520.0,406568581.0,406568581.0,-51.99,92.46,34.26,1496459374
Netko,NETKO,331,0.0700905,0.00002834,914.631,172367.0,2459205.0,2459205.0,0.23,6.2,-4.3,1496459387
UnbreakableCoin,UNB,332,0.0752024,0.00003041,3013.5,171322.0,2278150.0,2278150.0,0.45,1.17,16.87,1496459352
Tattoocoin (Standard Edition),TSE,333,0.00147037,0.00000059,1046.08,168202.0,114394071.0,604394071.0,0.19,-4.47,30.78,1496459384
bitBTC,BITBTC,334,2524.42,1.02068,70655.6,160755.0,64.0,64.0,1.29,5.89,12.25,1496459357
Piggycoin,PIGGY,335,0.000325474,0.00000013,786.293,157469.0,483814326.0,483814326.0,34.78,19.09,-13.02,1496459354
Fastcoin,FST,336,0.00123566,0.00000050,1462.44,156638.0,126764507.0,126764507.0,0.21,-6.45,38.55,1496459342
BERNcash,BERN,337,0.00210468,0.00000085,979.503,149925.0,71234301.0,71234301.0,6.53,13.1,11.98,1496459371
Pascal Lite,PASL,338,0.0745444,0.00003014,2993.84,147904.0,1984100.0,1984100.0,1.38,26.78,-14.48,1496459387
Sumokoin,SUMO,339,0.309159,0.000125,8837.63,144253.0,466599.0,9355488.0,12.97,12.96,,1496459393
TheGCCcoin,GCC,340,0.0198109,0.00000801,2512.84,139523.0,7042752.0,867042752.0,0.23,-8.71,-17.64,1496459384
Bottlecaps,CAP,341,0.000970919,0.00000039,506.851,134978.0,139020866.0,139020866.0,-2.15,-13.06,45.46,1496459344
LanaCoin,LANA,342,0.000180092,0.00000007,509.979,134861.0,748844114.0,748844114.0,-0.05,24.66,90.85,1496459372
Truckcoin,TRK,343,0.00108824,0.00000044,626.825,134009.0,123143161.0,123143161.0,0.23,-1.8,52.23,1496459355
bitEUR,BITEUR,344,1.16148,0.00046961,20341.8,119168.0,102600.0,102600.0,1.45,3.0,-6.4,1496459363
Machinecoin,MAC,345,0.00608425,0.00000246,2452.71,119010.0,19560350.0,19560350.0,-0.34,-0.82,1.79,1496459360
Phoenixcoin,PXC,346,0.00202773,0.00000082,638.365,117394.0,57894425.0,57894425.0,0.26,19.23,77.77,1496459342
Rimbit,RBT,347,0.0010151,0.00000041,896.186,117244.0,115499623.0,393459356.0,1.4,7.18,14.58,1496459359
MojoCoin,MOJO,348,0.00959168,0.00000388,2593.71,115641.0,12056342.0,12056342.0,-0.54,1.33,-22.24,1496459370
bitSilver,BITSILVER,349,20.4057,0.0082505,10781.6,115018.0,5637.0,5637.0,-0.03,-1.87,22.77,1496459360
PipCoin,PIP,350,0.0170903,0.00000691,543.171,112338.0,6573177.0,6999979.0,0.37,-20.22,-13.79,1496459379
HoboNickels,HBN,351,0.00215175,0.00000087,539.587,104551.0,48588841.0,48588841.0,0.23,-19.43,65.96,1496459346
CHNCoin,CNC,352,0.00394761,0.00000160,13819.9,99718.0,25260247.0,170109984.0,-1.62,-6.52,0.33,1496459357
Eryllium,ERY,353,0.0220567,0.00000892,4105.42,96052.0,4354780.0,14354780.0,0.24,2.07,-35.01,1496459385
bitGold,BITGOLD,354,1575.93,0.637184,3684.26,88276.0,56.0,56.0,0.06,3.8,23.37,1496459360
Freicoin,FRC,355,0.0027206,0.00000110,18248.7,75925.0,27907379.0,100000000.0,0.26,2.65,17.88,1496459342
Greencoin,GREV2,356,0.0000247327,0.00000001,630.947,75694.0,3060496641.0,3060496641.0,0.23,2.65,12.62,1496459354
Gapcoin,GAP,357,0.0063047,0.00000255,10046.8,68636.0,10886551.0,10886551.0,0.01,-4.64,26.52,1496459360
Kurrent,KURT,358,0.00670867,0.00000271,2119.09,66547.0,9919485.0,21319485.0,-0.76,-15.08,7.13,1496459381
PonziCoin,PONZI,359,0.0764241,0.00003090,1039.79,65809.0,861099.0,861099.0,39.2,22.36,74.28,1496459373
MCAP,MCAP,360,6.57512,0.00265847,108249.0,65784.0,10005.0,100000000.0,0.71,4.29,,1496459393
CrevaCoin,CREVA,361,0.00176237,0.00000071,12473.2,64134.0,36390750.0,6240390800.0,2.71,6.33,1.27,1496459363
PetroDollar,XPD,362,0.000950911,0.00000038,2630.69,60852.0,63993275.0,63993275.0,2.31,-11.08,3.1,1496459351
Wexcoin,WEX,363,0.351481,0.00014211,6050.33,59017.0,167909.0,10000167909.0,0.1,-2.53,22.06,1496459378
Argentum,ARG,364,0.00719722,0.00000291,871.463,54041.0,7508578.0,7508578.0,-0.76,-1.02,1.99,1496459342
Acoin,ACOIN,365,0.0436038,0.00001763,11591.5,53200.0,1220085.0,1220085.0,0.54,1.42,-18.88,1496459357
Chronos,CRX,366,0.000683307,0.00000028,877.935,50380.0,73729962.0,73729962.0,-12.17,-16.3,11.54,1496459375
Philosopher Stones,PHS,367,0.0200088,0.00000809,2718.36,48606.0,2429219.0,2429219.0,0.35,2.85,18.91,1496459344
Prime-XI,PXI,368,0.00306402,0.00000124,686.54,45359.0,14803645.0,14803645.0,1.02,8.93,72.43,1496459359
LevoPlus,LVPS,369,0.0961317,0.00003887,3050.54,39766.0,413662.0,91413662.0,22.05,134.81,-25.43,1496459386
Independent Money System,IMS,370,0.00710805,0.00000287,895.205,38163.0,5368934.0,5368934.0,9.82,2.87,10.63,1496459371
Rawcoin,XRC,371,0.0518892,0.00002098,1754.71,36576.0,704882.0,704882.0,0.23,9.56,196.47,1496459381
Bolivarcoin,BOLI,372,0.00526011,0.00000213,898.668,34133.0,6488950.0,6488950.0,-8.87,-0.83,35.15,1496459369
Marijuanacoin,MAR,373,0.0582456,0.00002355,12858.5,30444.0,522690.0,522690.0,3.83,-4.67,19.83,1496459385
BeaverCoin,BVC,374,0.00974469,0.00000394,644.955,30357.0,3115258.0,3115258.0,5.88,10.85,6.1,1496459358
PIECoin,PIE,375,0.000369628,0.00000015,538.53,26639.0,72070078.0,72070078.0,0.23,-0.32,8.14,1496459386
Eurocoin,EUC,376,0.00155816,0.00000063,1324.26,18278.0,11730350.0,11730350.0,-5.04,3.72,-22.45,1496459368
Bitvolt,VOLT,377,0.00081618,0.00000033,909.386,12335.0,15112554.0,60132654.0,-2.72,11.47,3.1,1496459391
AllSafe,ASAFE,378,0.0000143968,0.000000006,889.086,10222.0,710000000.0,710000000.0,12.61,-23.52,177.05,1496459379
Beatcoin,XBTS,379,0.00608314,0.00000246,1361.79,9275.0,1524686.0,2524686.0,-3.97,-5.98,21.18,1496459379
Ebittree Coin,EBT,380,0.0105114,0.00000425,1117.92,9176.0,872910.0,810872910.0,0.23,-10.92,5.1,1496459389
BenjiRolls,BENJI,381,0.000469922,0.00000019,4659.77,8905.0,18949636.0,18949636.0,0.23,3.55,-0.87,1496459384
Argus,ARGUS,382,0.0066076,0.00000267,865.183,7588.0,1148324.0,5194373.0,-0.23,35.52,35.41,1496459386
Digital Money Bits,DMB,383,0.0166678,0.00000674,9324.48,5270.0,316200.0,10316200.0,2.24,3.46,130.38,1496459392
Environ,ENV,384,0.0000247232,0.000000010,3414.52,3242.0,131129509.0,931129509.0,0.24,2.67,,1496459391
Gold Pressed Latinum,GPL,385,0.183344,0.00007413,7192.2,,,204144.0,0.53,-5.54,-7.77,1496459392
SnakeEyes,SNAKE,386,0.155432,0.00006284,2391.78,,,10000000.0,6.27,6.83,61.36,1496459391
Arcade Token,ARC,387,3.74133,0.00167261,,10773690.0,2879642.0,2879642.0,,,53.66,1496180681
Scotcoin,SCOT,388,0.00774289,0.00000321,,7742890.0,1000000000.0,1000000000.0,,-6.99,80.32,1496426352
MUSE,MUSE,389,0.00493912,0.00000200,345.807,6790502.0,1374840478.0,1524840478.0,-1.35,114.52,120.78,1496459364
Jinn,JINN,390,56.0427,0.0228523,,3289875.0,58703.0,1000000.0,,15.23,-24.34,1496444660
XCurrency,XC,391,0.521737,0.00021095,202.808,3029680.0,5806910.0,5806910.0,0.23,20.31,19.13,1496459353
AsiaCoin,AC,392,0.00302649,0.00000122,4.68551,2543575.0,840437430.0,840437430.0,0.2,8.43,2.58,1496459351
SmileyCoin,SMLY,393,0.0000814509,0.00000003,127.99,2114486.0,25960250000.0,25960250000.0,350.4,-14.55,389.42,1496459360
Bitpark Coin,BPC,394,0.0186979,0.00000756,73.1195,1402343.0,75000000.0,100000000.0,0.23,20.52,20.17,1496459382
InsaneCoin,INSANE,395,0.0713507,0.00002885,342.314,1308644.0,18341005.0,18341005.0,-0.16,0.39,51.42,1496459380
NewYorkCoin,NYC,396,0.0000188998,0.000000008,138.492,1128695.0,59719935819.0,59719935819.0,0.21,-21.56,-11.64,1496459353
Devcoin,DVC,397,0.0000627300,0.00000003,8.69488,878576.0,14005677500.0,14005677500.0,-0.06,12.14,125.95,1496459640
GlobalCoin,GLC,398,0.0132567,0.00000536,2.53933,863953.0,65171010.0,65171010.0,0.23,-9.52,-47.72,1496459358
Pandacoin,PND,399,0.0000247327,0.00000001,248.047,804182.0,32514916898.0,32514916898.0,0.23,2.65,12.62,1496459349
DubaiCoin,DBIC,400,0.150572,0.00006088,273.373,772286.0,5129014.0,6146942.0,0.58,-8.89,0.33,1496459370
Carboncoin,CARBON,401,0.0000494654,0.00000002,16.9616,761368.0,15391934160.0,15391934160.0,0.23,2.68,12.62,1496459355
Tao,XTO,402,0.0236484,0.00000956,225.202,716947.0,30316948.0,32316948.0,0.23,30.93,29.62,1496459377
Ultimate Secure Cash,USC,403,0.068661,0.00002776,14.5977,710168.0,10343113.0,38602656.0,-1.6,-4.98,3.4,1496459388
CageCoin,CAGE,404,0.0000058620,0.000000002,348.844,593051.0,101168328395,101168328395,-3.56,23.05,-30.41,1496459348
Cryptofund,FUND,405,0.5588,0.0002553,,558800.0,1000000.0,1000000.0,,,-4.05,1495948164
E-Currency Coin ,ECC,406,0.0000247327,0.00000001,5.46593,545618.0,22060603799.0,22060603799.0,0.23,2.65,12.62,1496459349
Colossuscoin V2,CV2,407,0.0000215103,0.000000009,169.517,477347.0,22191545273.0,22191545273.0,0.1,13.23,-22.53,1496459361
PayCoin,XPY,408,0.0387835,0.00001568,120.46,453884.0,11703027.0,11753027.0,0.23,425.92,137.94,1496459360
Happycoin,HPC,409,0.0383357,0.00001550,145.724,435722.0,11365955.0,11365955.0,-2.9,3.62,130.42,1496459390
Dashcoin,DSH,410,0.0243215,0.00000983,189.048,420557.0,17291579.0,17291579.0,0.11,1.5,8.06,1496459358
Orbitcoin,ORB,411,0.132617,0.00005362,263.226,392014.0,2955989.0,2955989.0,0.22,6.49,20.59,1496459345
YashCoin,YASH,412,0.0383604,0.00001551,229.521,383608.0,10000117.0,10000117.0,0.28,-20.22,9.75,1496459382
FuelCoin,FC2,413,0.00375937,0.00000152,159.242,381249.0,101413126.0,101413126.0,0.23,4.72,,1496459354
LTBcoin,LTBC,414,0.000742106,0.00000032,,366499.0,493863915.0,493863915.0,,,,1496287754
TeslaCoin,TES,415,0.00508777,0.00000206,363.228,365170.0,71774059.0,71774059.0,0.23,35.21,5.17,1496459347
Mineum,MNM,416,0.0385337,0.00001558,145.732,363618.0,9436367.0,9586367.0,0.05,-0.28,-6.41,1496459374
RussiaCoin,RC,417,0.043678,0.00001766,0.87356,358878.0,8216446.0,8216446.0,0.23,2.54,16.69,1496459368
SuperCoin,SUPER,418,0.00853223,0.00000350,,351149.0,41155630.0,41155630.0,,1.18,,1496441051
SmartCoin,SMC,419,0.0149066,0.00000603,280.705,341277.0,22894382.0,22894382.0,-7.15,35.47,21.53,1496459347
Casino,CASINO,420,0.323816,0.00013093,3.88579,323816.0,1000000.0,1000000.0,5.2,-30.5,-38.37,1496459386
Shorty,SHORTY,421,0.00289373,0.00000117,0.289373,289373.0,100000000.0,100000000.0,0.23,,-9.19,1496459383
Rare Pepe Party,RAREPEPEPRTY,422,15.7387,0.00636349,33.9683,283297.0,18000.0,100000.0,,,18.47,1496459379
MTMGaming,MTM,423,0.090798,0.00003671,467.973,272394.0,3000000.0,5000000.0,6.87,-15.15,163.54,1496459386
HitCoin,HTC,424,0.0000247327,0.00000001,9.87815,271969.0,10996318099.0,20996318099.0,0.23,-48.66,-43.74,1496459371
HOdlcoin,HODL,425,0.00291846,0.00000118,322.725,270981.0,92850680.0,250000000.0,-21.67,-6.82,26.45,1496459370
Kobocoin,KOBO,426,0.0107587,0.00000435,1.03459,265743.0,24700248.0,24700248.0,0.23,46.71,-39.64,1496459361
Crypto Bullion,CBX,427,0.263944,0.00010672,311.76,262856.0,995877.0,995877.0,0.23,-19.69,-37.23,1496459343
SwagBucks,BUCKS,428,1.14591,0.00046332,1.28202,235794.0,205770.0,205770.0,-0.66,0.73,-4.43,1496459368
BTCtalkcoin,TALK,429,0.00357833,0.00000161,,233631.0,65290635.0,65290635.0,,,-24.21,1496191750
The Cypherfunks,FUNK,430,0.0000050198,0.000000002,168.191,221694.0,44163645000.0,44163645000.0,0.08,3.69,-28.03,1496459364
AgrolifeCoin,AGLC,431,0.0472658,0.00001990,,216898.0,4588901.0,204588901.0,,,,1496301878
VirtualCoin,VC,432,0.0213734,0.00000888,,215108.0,10064287.0,10064287.0,,-0.1,2.77,1496433855
BritCoin,BRIT,433,0.00986835,0.00000399,166.989,209881.0,21268092.0,21268092.0,0.23,2.68,10.95,1496459354
Vault Coin,VLTC,434,0.00702922,0.00000284,29.3627,208960.0,29727400.0,529727400.0,0.4,38.49,2.43,1496459382
Neutron,NTRN,435,0.0163997,0.00000663,166.714,206926.0,12617684.0,12617684.0,0.23,-18.1,182.7,1496459362
42-coin,42,436,4715.63,1.90664,266.612,198056.0,42.0,42.0,0.22,8.5,32.64,1496459347
Pesobit,PSB,437,0.00601005,0.00000243,411.413,196368.0,32673265.0,32673265.0,0.23,-0.98,11.53,1496459379
Coin(O),CNO,438,0.00190355,0.00000077,440.13,196296.0,103120818.0,103120818.0,0.23,107.92,127.68,1496459352
NetCoin,NET,439,0.000247052,0.00000010,31.7224,194461.0,787126712.0,787126712.0,11.42,14.9,9.15,1496459346
BillaryCoin,BLRY,440,0.0200582,0.00000811,11.4001,180186.0,8983158.0,8983158.0,0.23,-0.63,-6.31,1496459374
KibiCoin,KIC,441,0.0121987,0.00000493,431.441,178830.0,14659750.0,14659750.0,4.03,-20.7,,1496459393
Bitz,BITZ,442,0.0892373,0.00003720,,177662.0,1990891.0,1990891.0,,,9.13,1496351362
Zero,ZER,443,0.23548,0.00009521,453.082,176294.0,748660.0,748660.0,0.25,2.91,10.9,1496459387
Veltor,VLT,444,0.316628,0.00012802,343.029,175683.0,554855.0,554855.0,0.24,-30.72,-32.19,1496459377
Tristar Coin,TSTR,445,0.0343849,0.00001500,,172882.0,5027857.0,255027857.0,,,-13.04,1496271895
Bitstar,BITS,446,0.00737035,0.00000298,315.219,170106.0,23079737.0,23079737.0,-2.07,-39.16,38.71,1496459351
DigitalPrice,DP,447,0.00731869,0.00000296,424.468,165849.0,22661044.0,22661044.0,0.22,35.06,94.34,1496459358
Titcoin,TIT,448,0.00306419,0.00000124,125.923,152898.0,49898202.0,49898202.0,-0.45,3.96,-26.46,1496459356
LottoCoin,LOT,449,0.0000103428,0.000000004,11.2944,149878.0,14491014421.0,14491014421.0,-0.34,4.12,24.77,1496459346
Crave,CRAVE,450,0.115502,0.00004670,269.064,144342.0,1249695.0,1249695.0,0.23,,149.39,1496459362
GAIA,GAIA,451,0.00593585,0.00000240,59.3585,143062.0,24101381.0,24101381.0,0.23,,,1496459358
PureVidz,VIDZ,452,0.0011369,0.00000046,29.3891,142323.0,125185174.0,125185174.0,-1.79,11.72,17.06,1496459383
RedCoin,RED,453,0.00190401,0.00000077,225.221,141102.0,74107896.0,74107896.0,0.06,203.95,106.47,1496459347
Stress,STS,454,0.000247327,0.00000010,2.47327,139773.0,565134332.0,565134332.0,0.23,2.68,2.29,1496459370
Bitcurrency,BTCR,455,0.00075824,0.00000031,111.845,127637.0,168333453.0,168333453.0,0.23,6.76,68.17,1496459381
GameUnits,UNITS,456,0.0367797,0.00001487,10.6291,127493.0,3466394.0,3466394.0,0.23,68.59,34.87,1496459383
Dollarcoin,DLC,457,0.01356,0.00000548,6.18199,123487.0,9106714.0,9106714.0,0.23,26.8,58.15,1496459378
TittieCoin,TTC,458,0.0000961399,0.00000004,351.405,121119.0,1259816434.0,1259816434.0,7.66,34.98,24.54,1496459359
Xiaomicoin,MI,459,0.000293149,0.00000012,274.419,119060.0,406141855.0,406141855.0,0.22,16.87,12.11,1496459366
MetalCoin,METAL,460,0.00154592,0.00000064,,118921.0,76925527.0,76925527.0,,0.26,-17.26,1496430259
BitcoinTX,BTX,461,0.00145923,0.00000059,60.1178,118290.0,81063360.0,81063360.0,0.23,-44.43,-66.3,1496459362
C-Bit,XCT,462,0.000890378,0.00000036,80.4016,117353.0,131801000.0,131801000.0,0.23,9.89,19.68,1496459370
Universal Currency,UNIT,463,0.00885431,0.00000358,8.17077,115517.0,13046431.0,13046431.0,0.23,234.72,29.11,1496459363
QuazarCoin,QCN,464,0.0197862,0.00000800,93.7408,113056.0,5713892.0,5713892.0,14.55,5.85,33.92,1496459352
HyperStake,HYP,465,0.000292941,0.00000012,349.371,113015.0,385796097.0,385796097.0,1.61,0.3,39.07,1496459355
Emerald Crypto,EMD,466,0.0055901,0.00000226,436.037,106867.0,19117129.0,19117129.0,0.23,38.1,105.98,1496459343
Swing,SWING,467,0.0467201,0.00001889,46.6152,106493.0,2279389.0,2279389.0,0.27,7.84,2.02,1496459366
Pakcoin,PAK,468,0.00283621,0.00000115,249.364,103981.0,36662000.0,36662000.0,0.22,8.52,3.31,1496459366
BigUp,BIGUP,469,0.0000494654,0.00000002,215.65,101639.0,2054739783.0,2054739783.0,0.23,2.68,37.55,1496459370
Sterlingcoin,SLG,470,0.0256915,0.00001039,353.343,99713.0,3881156.0,3881156.0,0.23,0.62,8.63,1496459358
GlobalBoost-Y,BSTY,471,0.00861197,0.00000348,434.269,98163.0,11398430.0,11398430.0,-0.29,2.51,18.01,1496459358
Coin2.1,C2,472,0.000951725,0.00000038,307.123,95150.0,99976323.0,99976323.0,0.23,-4.27,-13.42,1496459353
Cannacoin,CCN,473,0.0198109,0.00000801,48.5722,93065.0,4697675.0,4697675.0,0.23,-31.31,-19.72,1496459351
CorgiCoin,CORG,474,0.0000739411,0.00000003,4.42201,92564.0,1251855418.0,1251855418.0,0.23,14.63,-62.24,1496459349
FlutterCoin,FLT,475,0.000285449,0.00000012,63.3214,91976.0,322214524.0,322214524.0,-0.04,5.19,-7.18,1496459351
NoLimitCoin,NLC2,476,0.000445189,0.00000018,71.9208,89242.0,200458905.0,200458905.0,0.23,31.98,12.62,1496459378
WayGuide,WAY,477,0.000890378,0.00000036,2.75928,89074.0,100040708.0,100040708.0,0.23,,12.52,1496459376
KiloCoin,KLC,478,0.000420456,0.00000017,4.20456,82535.0,196297971.0,10025186872.0,0.23,2.65,26.24,1496459370
Elementrem,ELE,479,0.00326688,0.00000132,41.6321,81742.0,25021299.0,25021299.0,0.23,1.22,22.79,1496459376
AmberCoin,AMBER,480,0.00183022,0.00000074,2.81797,79877.0,43643263.0,43643263.0,0.23,,16.55,1496459361
BunnyCoin,BUN,481,0.0000007755,0.0000000003,17.0469,78648.0,101413262229,101413262229,-22.7,-11.64,1.8,1496459357
KushCoin,KUSH,482,0.0141224,0.00000571,84.7343,76175.0,5393948.0,5393948.0,-3.98,43.71,30.82,1496459384
Digital Rupees,DRS,483,0.000148396,0.00000006,207.537,75801.0,510802961.0,510802961.0,0.23,-11.99,-40.88,1496459384
UFO Coin,UFO,484,0.0000229521,0.00000001,,75454.0,3287461262.0,3287461262.0,,,2.98,1496273048
Triangles,TRI,485,1.02668,0.00041511,0.130032,74836.0,72891.0,72891.0,0.23,2.64,-6.81,1496459356
Valorbit,VAL,486,0.0000247327,0.00000001,6.67786,71043.0,2872435385.0,922340072435385,0.23,2.68,12.52,1496459371
ChessCoin,CHESS,487,0.0013142,0.00000053,90.5742,70924.0,53967231.0,53967231.0,4.66,16.59,24.05,1496459373
SproutsExtreme,SPEX,488,0.0000247327,0.00000001,22.5068,70899.0,2866607586.0,2866607586.0,0.23,2.65,12.52,1496459370
Darsek,KED,489,0.00714776,0.00000289,58.3636,70504.0,9863788.0,9863788.0,0.23,-7.26,-14.78,1496459389
Blakecoin,BLC,490,0.00581088,0.00000235,208.178,69212.0,11910789.0,11910789.0,0.23,-0.46,7.66,1496459347
Guncoin,GUN,491,0.000370991,0.00000015,23.8173,67573.0,182141428.0,182141428.0,0.23,2.67,44.43,1496459352
HempCoin,HMP,492,0.0000494654,0.00000002,169.627,67106.0,1356621698.0,2856621698.0,0.23,2.68,12.52,1496459369
CCMiner,CCM100,493,0.0274726,0.00001111,62.9396,66384.0,2416354.0,6000000.0,5.2,2.54,53.77,1496459385
Zayedcoin,ZYD,494,0.0103877,0.00000420,79.402,64859.0,6243840.0,6243840.0,0.23,28.74,18.44,1496459377
Yacoin,YAC,495,0.00054412,0.00000022,87.7494,63185.0,116122821.0,116122821.0,-4.09,-1.81,2.83,1496459342
Ratecoin,XRA,496,0.000593529,0.00000024,171.512,62979.0,106110128.0,106110128.0,-5.86,2.87,-4.36,1496459364
Spots,SPT,497,0.00277364,0.00000112,479.231,62146.0,22406021.0,22406021.0,0.26,-39.47,55.28,1496459343
Bitcloud,BTD,498,0.00540268,0.00000222,,60182.0,11139340.0,11139340.0,,1.04,-17.52,1496440775
DigiCube,CUBE,499,0.0000240439,0.000000010,12.9713,58406.0,2429126009.0,2429126009.0,0.21,25.4,9.39,1496459367
Artex Coin,ATX,500,0.00312102,0.00000126,289.655,58359.0,18698540.0,268698540.0,0.23,-16.99,25.57,1496459376
RevolverCoin,XRE,501,0.00267113,0.00000108,40.8874,58217.0,21795082.0,21795082.0,0.23,24.05,20.32,1496459374
Nyancoin,NYAN,502,0.00019472,0.00000008,10.0216,58005.0,297891209.0,297891209.0,0.84,-23.58,9.18,1496459348
MarteXcoin,MXT,503,0.0211018,0.00000853,0.147596,57569.0,2728161.0,2728161.0,-0.93,-6.79,-13.87,1496459372
Debitcoin,DBTC,504,0.00301919,0.00000122,25.6739,54322.0,17992097.0,25992097.0,0.23,16.65,8.35,1496459373
MiloCoin,MILO,505,0.00519491,0.00000210,32.2762,53471.0,10292972.0,10292972.0,0.23,-1.67,51.56,1496459386
AquariusCoin,ARCO,506,0.042858,0.00001733,82.9315,52407.0,1222813.0,1222813.0,-0.09,-1.07,24.57,1496459373
Lex4All,LEX,507,0.0517976,0.00002094,31.1304,51800.0,1000043.0,5000000.0,5.2,11.17,0.38,1496459386
Evotion,EVO,508,0.0205227,0.00000830,73.4364,50675.0,2469220.0,2469220.0,0.28,19.77,-31.4,1496459368
AmsterdamCoin,AMS,509,0.00519387,0.00000210,51.5419,49880.0,9603707.0,16803707.0,0.23,15.0,53.13,1496459365
SatoshiMadness,MAD,510,0.0000247327,0.00000001,15.087,49482.0,2000683485.0,2000683485.0,0.23,2.65,12.52,1496459365
CoExistCoin,COXST,511,0.0018194,0.00000074,48.3321,49377.0,27138905.0,27138905.0,0.71,32.25,7.29,1496459371
AurumCoin,AU,512,0.164819,0.00006664,105.637,48822.0,296216.0,296216.0,0.43,2.49,-8.15,1496459359
Eternity,ENT,513,0.0156219,0.00000632,211.844,47973.0,3070902.0,3070902.0,0.3,-4.23,-22.18,1496459381
PayCon,CON,514,0.00207439,0.00000084,129.626,47799.0,23042604.0,23042604.0,0.24,55.2,57.02,1496459361
ICOBID,ICOB,515,0.000456767,0.00000018,69.6235,47441.0,103862796.0,103862796.0,-0.11,11.19,34.32,1496459385
808Coin,808,516,0.000221855,0.00000009,452.448,46218.0,208326810.0,208326810.0,-0.54,3.99,56.47,1496459376
NevaCoin,NEVA,517,0.0252345,0.00001020,139.974,45817.0,1815640.0,1815640.0,0.88,-8.07,10.71,1496459370
Aricoin,ARI,518,0.000321525,0.00000013,39.4568,45098.0,140262505.0,140262505.0,0.23,-12.2,20.33,1496459347
Jin Coin,JIN,519,0.00442716,0.00000179,67.4008,43601.0,9848485.0,9848485.0,0.23,-26.48,,1496459377
Sativacoin,STV,520,0.00602219,0.00000243,0.880525,42618.0,7076892.0,7076892.0,0.23,,12.41,1496459358
Joulecoin,XJO,521,0.0013069,0.00000053,12.0425,42169.0,32266056.0,32266056.0,-5.41,-8.04,17.01,1496459345
UniCoin,UNIC,522,0.0143082,0.00000579,106.367,41667.0,2912134.0,2912134.0,0.4,1.8,18.42,1496459363
UCoin,U,523,0.015359,0.00000621,176.467,41313.0,2689812.0,2689812.0,0.23,2.82,11.55,1496459360
Tigercoin,TGC,524,0.000939843,0.00000038,0.845411,40918.0,43536800.0,43536800.0,-9.32,-12.5,38.05,1496459346
Francs,FRN,525,0.0238148,0.00000963,227.216,40821.0,1714100.0,1714100.0,0.24,-18.61,21.41,1496459368
MACRON,MCRN,526,0.0000992792,0.00000004,230.678,39853.0,401421401.0,401421401.0,32.85,34.37,111.6,1496459390
BurstOcean,OCEAN,527,0.187813,0.00007594,0.89587,39784.0,211827.0,1000000.0,1.28,-9.93,29.69,1496459387
HealthyWormCoin,WORM,528,0.00244854,0.00000099,222.407,39540.0,16148419.0,16148419.0,0.23,45.22,-32.01,1496459389
Franko,FRK,529,0.061535,0.00002488,7.53445,39195.0,636950.0,636950.0,0.23,8.7,-37.02,1496459347
OctoCoin,888,530,0.000766698,0.00000031,29.4403,37099.0,48387748.0,48387748.0,0.23,-1.04,38.76,1496459351
FlavorCoin,FLVR,531,0.00173133,0.00000070,200.461,36182.0,20898106.0,20898106.0,0.23,18.31,48.37,1496459369
SpaceCoin,SPACE,532,0.00202808,0.00000082,49.4442,36109.0,17804355.0,17804355.0,0.23,1.58,8.31,1496459366
WMCoin,WMC,533,0.00311404,0.00000128,,35897.0,11527489.0,911527489.0,,1.0,41.67,1496438372
Cypher,CYP,534,0.00558959,0.00000226,247.327,35579.0,6365285.0,6365285.0,0.23,2.65,-14.95,1496459362
Dobbscoin,BOB,535,0.0068757,0.00000278,3.02889,34794.0,5060382.0,5060382.0,0.23,4.15,14.61,1496459357
PopularCoin,POP,536,0.0000103982,0.000000004,9.79878,34759.0,3342806271.0,3342806271.0,0.74,1.18,11.93,1496459352
Allion,ALL,537,0.0053974,0.00000218,155.735,33460.0,6199359.0,7323359.0,0.67,-14.82,-25.53,1496459386
PlatinumBAR,XPTX,538,0.187474,0.00007580,10.584,32813.0,175029.0,175029.0,0.23,,27.38,1496459372
CryptoWorldX Token,CWXT,539,0.000591875,0.00000024,1.82982,32381.0,54708520.0,54708520.0,0.18,3.8,20.22,1496459386
Creatio,XCRE,540,0.00156762,0.00000063,322.733,32168.0,20520514.0,20520514.0,0.23,116.65,32.07,1496459381
Uro,URO,541,0.0266371,0.00001077,63.1447,32159.0,1207310.0,1207310.0,0.23,1.45,2.97,1496459354
Evil Coin,EVIL,542,0.00152549,0.00000062,0.0605456,32066.0,21020383.0,21020383.0,0.2,2.78,10.37,1496459369
GoldPieces,GP,543,0.0262375,0.00001061,320.115,32014.0,1220161.0,1220161.0,-1.46,14.11,-13.87,1496459360
RonPaulCoin,RPC,544,0.0398691,0.00001612,22.1993,31478.0,789526.0,789526.0,0.17,2.53,56.79,1496459346
Solarflarecoin,SFC,545,0.00225067,0.00000091,168.436,30892.0,13725800.0,13725800.0,0.23,3.82,-21.68,1496459384
Universe,UNI,546,0.0102888,0.00000416,94.2059,30745.0,2988207.0,14188207.0,0.23,-13.79,-1.31,1496459388
Grantcoin,GRT,547,0.000741982,0.00000030,5.0767,30669.0,41333886.0,10041333886.0,0.23,23.19,35.03,1496459365
Hexx,HXX,548,0.0220661,0.00000892,160.436,29880.0,1354102.0,1354102.0,0.23,-7.28,-31.27,1496459364
LeaCoin,LEA,549,0.000107541,0.00000004,78.2818,29712.0,276288089.0,276288089.0,-0.06,58.62,-6.48,1496459362
NeuCoin,NEU,550,0.0000148316,0.000000006,0.80458,29526.0,1990764588.0,2014638413.0,-0.97,1.55,,1496459366
SixEleven,611,551,0.0714776,0.00002890,9.27351,29459.0,412142.0,412142.0,0.23,,-63.87,1496459372
Dreamcoin,DRM,552,0.0120275,0.00000503,,29311.0,2436996.0,2436996.0,,,3.14,1496330352
Zurcoin,ZUR,553,0.000370991,0.00000015,61.1643,29311.0,79007061.0,79007061.0,0.23,2.68,20.53,1496459372
Bitzeny,ZNY,554,0.000370991,0.00000015,60.9766,28052.0,75614500.0,75614500.0,0.23,2.65,11.64,1496459365
Unrealcoin,URC,555,0.00395723,0.00000160,24.6834,27797.0,7024402.0,7024402.0,0.54,3.95,8.55,1496459363
ParallelCoin,DUO,556,0.0965999,0.00003906,327.598,27771.0,287489.0,287489.0,-0.11,29.22,23.07,1496459366
BumbaCoin,BUMBA,557,0.00123664,0.00000050,2.29903,27140.0,21946840.0,21946840.0,0.23,2.65,-23.43,1496459370
Honey,HONEY,558,0.393377,0.00015905,360.518,26870.0,68306.0,68306.0,-0.07,36.48,-32.63,1496459387
PX,PX,559,0.000346258,0.00000014,11.4856,26613.0,76857526.0,76857526.0,0.23,-38.99,-17.09,1496459376
Cannation,CNNC,560,0.010363,0.00000419,86.3394,25441.0,2454992.0,2454992.0,0.23,96.77,-2.2,1496459393
Firecoin,FIRE,561,0.257344,0.00010405,0.771908,25326.0,98412.0,98412.0,0.23,77.78,-2.34,1496459355
CryptoEscudo,CESC,562,0.000173129,0.00000007,31.8834,24949.0,144105100.0,594105100.0,0.23,2.65,12.62,1496459351
Photon,PHO,563,0.0000013872,0.0000000006,34.5955,24756.0,17846749842.0,17846749842.0,-0.13,-28.41,19.74,1496459349
SoonCoin,SOON,564,0.00192915,0.00000078,5.15056,24042.0,12462620.0,12462620.0,0.23,-11.01,-5.57,1496459360
ARbit,ARB,565,0.00357811,0.00000149,,23167.0,6474675.0,6474675.0,,,-1.94,1496362165
Ride My Car,RIDE,566,0.00022713,0.00000009,95.5558,22963.0,101098994.0,101098994.0,0.23,5.74,-11.48,1496459386
AntiBitcoin,ANTI,567,0.00131083,0.00000053,212.152,22894.0,17465159.0,17465159.0,0.23,-6.17,8.43,1496459367
BiosCrypto,BIOS,568,0.0010627,0.00000043,,22037.0,20737003.0,20737003.0,,1.78,33.43,1496452465
Theresa May Coin,MAY,569,0.0014345,0.00000058,16.5296,21939.0,15293700.0,15293700.0,0.23,-14.92,,1496459393
X-Coin,XCO,570,0.00170656,0.00000069,4.40801,21136.0,12384976.0,12384976.0,0.23,-21.3,-15.09,1496459361
Prototanium,PR,571,0.105015,0.00004246,47.0332,20421.0,194462.0,194462.0,0.23,4.45,11.31,1496459366
Flaxscript,FLAX,572,0.00370991,0.00000150,2.93389,20393.0,5496817.0,5496817.0,0.23,-0.0,10.65,1496459364
MindCoin,MND,573,0.00160763,0.00000065,22.1179,20170.0,12546625.0,12546625.0,0.23,-0.41,4.48,1496459368
Kittehcoin,MEOW,574,0.0000008226,0.0000000003,381.496,19664.0,23905669976.0,23905669976.0,0.08,46.76,69.02,1496459347
Destiny,DES,575,0.0119954,0.00000485,207.645,19193.0,1600000.0,1600000.0,0.23,-22.21,12.39,1496459370
B3Coin,B3,576,0.0622179,0.00002516,97.0025,19130.0,307467.0,307467.0,0.23,-13.37,11.09,1496459377
IslaCoin,ISL,577,0.0126061,0.00000510,325.868,19082.0,1513704.0,1513704.0,0.23,,-25.23,1496459366
Magnum,MGM,578,0.00516496,0.00000225,,18735.0,3627420.0,253627420.0,,,74.06,1496272491
Sprouts,SPRTS,579,0.0000001067,0.00000000004,69.0914,18729.0,175505824855,175505824855,-0.97,33.02,17.31,1496459364
Luna Coin,LUNA,580,0.0151743,0.00000614,226.141,18625.0,1227386.0,1227386.0,0.25,3.15,20.96,1496459383
Alexium,AUM,581,0.000912034,0.00000037,,18512.0,20297336.0,20297336.0,,2.34,12.14,1496454265
BTCDragon,DRAGON,582,0.0453343,0.00001833,181.337,18322.0,404146.0,1000000.0,5.2,-51.35,-50.48,1496459385
Halcyon,HAL,583,0.0039325,0.00000159,11.1181,18293.0,4651746.0,4651746.0,0.55,8.09,-9.01,1496459356
BipCoin,BIP,584,0.0134546,0.00000544,55.4627,18081.0,1343889.0,1343889.0,0.23,5.79,-30.77,1496459380
SongCoin,SONG,585,0.000551688,0.00000022,38.6542,17966.0,32565300.0,32565300.0,-0.26,-10.04,19.23,1496459361
SecretCoin,SCRT,586,0.00424808,0.00000177,,17964.0,4228672.0,4228672.0,,-0.38,16.42,1496414965
Vector,VEC2,587,0.00111297,0.00000045,27.0943,17635.0,15844829.0,15844829.0,0.23,4.99,-47.81,1496459366
Litecred,LTCR,588,0.000574317,0.00000023,125.078,17360.0,30227750.0,30227750.0,0.23,-13.47,45.2,1496459368
DAPPSTER,DLISK,589,0.000173129,0.00000007,0.820978,17313.0,100000000.0,100000000.0,0.23,-10.15,-21.24,1496459375
GameBet Coin,GBT,590,0.000813435,0.00000033,,17296.0,21262780.0,22262780.0,,2.34,5.73,1496454270
PLNcoin,PLNC,591,0.000989309,0.00000040,1.58289,16907.0,17089600.0,19089600.0,0.23,-10.74,-11.67,1496459351
Sling,SLING,592,0.0154827,0.00000626,10.8566,16630.0,1074095.0,1074095.0,0.23,2.52,18.38,1496459362
Steps,STEPS,593,0.00089215,0.00000037,,16616.0,18625017.0,18625017.0,,0.08,9.7,1496434766
Shilling,SH,594,0.00511297,0.00000207,184.031,16520.0,3231050.0,3231050.0,0.23,75.43,138.64,1496459378
VIP Tokens,VIP,595,0.000197862,0.00000008,23.2491,16512.0,83450403.0,83450403.0,0.23,-17.85,-18.17,1496459369
1CRedit,1CR,596,0.185495,0.00007500,9.89309,16363.0,88213.0,88213.0,0.23,81.7,131.54,1496459370
VapersCoin,VPRC,597,0.0000208350,0.000000008,95.1401,16254.0,780124964.0,1635124964.0,0.54,28.15,14.45,1496459376
Impact,IMX,598,0.000148396,0.00000006,2.47327,16222.0,109314611.0,109314611.0,0.23,-12.01,-15.53,1496459389
Orlycoin,ORLY,599,0.000431634,0.00000018,,15818.0,36646779.0,36646779.0,,-0.44,15.51,1496410470
Blackstar,BSTAR,600,0.0000247327,0.00000001,49.4655,15601.0,630795971.0,630795971.0,0.23,2.65,12.52,1496459383
AnarchistsPrime,ACP,601,0.00351205,0.00000142,6.05041,15435.0,4394874.0,4394874.0,0.23,2.53,-38.27,1496459364
BowsCoin,BSC,602,0.00277006,0.00000112,16.6204,15374.0,5550102.0,5550102.0,0.23,2.65,77.5,1496459364
FuzzBalls,FUZZ,603,0.00309159,0.00000125,308.562,14932.0,4829945.0,4829945.0,-2.88,4.44,11.15,1496459371
BitQuark,BTQ,604,0.00207755,0.00000084,17.4255,14866.0,7155671.0,7155671.0,0.23,7.45,-33.84,1496459353
OsmiumCoin,OS76,605,0.0162741,0.00000658,1.77667,14549.0,894026.0,894026.0,0.23,9.48,26.56,1496459367
TajCoin,TAJ,606,0.00249247,0.00000101,43.1883,14392.0,5774128.0,5774128.0,11.4,30.03,57.08,1496459376
GuccioneCoin,GCC,607,0.000700961,0.00000029,,14219.0,20285537.0,23775537.0,,0.32,-8.89,1496435363
BlazeCoin,BLZ,608,0.0000227624,0.000000009,0.361418,13852.0,608557394.0,608557394.0,0.09,2.12,31.92,1496459354
Metal Music Coin,MTLMC3,609,0.00017203,0.00000007,33.3101,13714.0,79719140.0,79719140.0,0.23,-9.64,50.84,1496459363
BitTokens,BXT,610,0.0259694,0.00001050,33.3355,13501.0,519885.0,519885.0,0.23,2.68,176.04,1496459376
JobsCoin,JOBS,611,0.000123664,0.00000005,70.9964,13111.0,106019270.0,200019300.0,0.23,2.68,40.65,1496459379
LetItRide,LIR,612,0.000370991,0.00000015,31.5129,13085.0,35270529.0,35270529.0,15.64,2.68,22.66,1496459375
Crypto,CTO,613,0.00131083,0.00000053,161.553,13017.0,9930546.0,9930546.0,0.23,94.31,-33.74,1496459362
GPU Coin,GPU,614,0.000312522,0.00000013,32.1143,12650.0,40477042.0,51530001.0,4.78,-6.49,21.98,1496459373
MustangCoin,MST,615,0.0200526,0.00000810,,12608.0,628732.0,628732.0,,-13.18,-50.96,1496450376
TAGRcoin,TAGR,616,0.000321525,0.00000013,1.25583,12433.0,38669634.0,38669634.0,0.23,2.65,-13.95,1496459364
WARP,WARP,617,0.0105936,0.00000443,,11602.0,1095224.0,1095224.0,,-0.72,14.48,1496415568
Bitcoin 21,XBTC21,618,0.0145198,0.00000655,,11516.0,793108.0,7093108.0,,,-25.33,1496220571
Comet,CMT,619,0.0130137,0.00000526,4.18914,11359.0,872830.0,872830.0,0.23,4.47,18.27,1496459374
Money,$$$,620,0.000243626,0.00000010,67.8853,11179.0,45887218.0,45887218.0,-0.27,8.04,-15.94,1496459367
Iconic,ICON,621,0.0178076,0.00000720,0.497128,10558.0,592894.0,592894.0,0.23,,-4.12,1496459384
Solaris,XLR,622,0.0619235,0.00002504,123.052,10547.0,170323.0,270323.0,-6.29,-14.67,-35.78,1496459388
Cabbage,CAB,623,0.000989309,0.00000040,267.612,10388.0,10499996.0,10499996.0,0.23,-10.74,-18.91,1496459371
DPAY,DPAY,624,0.000123664,0.00000005,25.0962,9836.0,79541001.0,79541001.0,0.23,28.35,40.65,1496459379
Zonecoin,ZNE,625,0.00380884,0.00000154,59.4775,9834.0,2581970.0,2581970.0,0.23,3.35,32.28,1496459376
Cashcoin,CASH,626,0.00027206,0.00000011,1.91216,9748.0,35831128.0,35831128.0,0.23,,12.62,1496459351
G3N,G3N,627,0.0012861,0.00000052,0.407199,9725.0,7561891.0,7561891.0,0.23,2.65,8.45,1496459364
Xonecoin,XOC,628,0.0228036,0.00000922,2.92108,9578.0,420000.0,420000.0,0.23,2.79,12.64,1496459377
High Voltage,HVCO,629,0.00611441,0.00000256,,9136.0,1494171.0,1694171.0,,,22.12,1496333672
Coinonat,CXT,630,0.0041449,0.00000168,381.58,8909.0,2149502.0,8149502.0,0.23,50.33,37.54,1496459390
EGO,EGO,631,0.000148396,0.00000006,10.2064,8904.0,60000001.0,60000001.0,0.23,-11.99,-3.55,1496459378
JIO Token,JIO,632,0.00457555,0.00000185,130.746,8731.0,1908128.0,8888888.0,0.23,28.71,103.77,1496459382
iBank,IBANK,633,0.00188531,0.00000079,,8534.0,4526324.0,4526324.0,,,7.31,1496357683
Abncoin,ABN,634,0.123664,0.00005000,3.09159,8372.0,67700.0,4734367.0,0.26,-25.27,53.33,1496459383
Speedcash,SCS,635,0.031089,0.00001257,303.533,8116.0,261061.0,476148.0,0.23,-37.33,-20.19,1496459390
Scorecoin,SCORE,636,0.000481198,0.00000019,17.7604,8013.0,16652010.0,16652010.0,0.23,-44.06,-44.12,1496459388
Qibuck Asset,QBK,637,0.00544011,0.00000220,2.17604,7922.0,1456187.0,2000000.0,5.2,55.67,24.25,1496459392
Hirocoin,HIRO,638,0.0000247327,0.00000001,2.47327,7705.0,311544101.0,311544101.0,0.27,2.68,12.62,1496459350
Hommalicoin,HMC,639,2.94392,0.0011903,177.21,7121.0,2419.0,1000000000.0,0.55,,-38.4,1496459374
PosEx,PEX,640,0.002869,0.00000116,9.94883,7038.0,2453240.0,2453240.0,0.23,1.81,-6.77,1496459370
Dix Asset,DIX,641,0.0000000684,0.00000000003,,6844.0,100000000000,100000000000,,0.05,-9.8,1496417087
Future Digital Currency,FDC,642,0.00247327,0.00000100,64.3051,6392.0,2584401.0,1002584401.0,0.23,-10.71,7.16,1496459382
Printerium,PRX,643,0.000662925,0.00000027,285.763,6016.0,9074428.0,9074428.0,0.23,1.94,-23.78,1496459384
SydPak,SDP,644,0.0347495,0.00001405,0.856123,5509.0,158538.0,158538.0,0.23,-14.0,14.64,1496459365
ImpulseCoin,IMPS,645,0.00027206,0.00000011,1.60555,5508.0,20245510.0,20245510.0,0.23,-24.7,-6.14,1496459380
BioBar,BIOB,646,0.00524334,0.00000212,112.209,4644.0,885756.0,985756.0,-1.17,16.41,25.11,1496459387
Save and Gain,SANDG,647,0.00141989,0.00000064,,4352.0,3064800.0,3064800.0,,,-2.04,1496226272
Concoin,CONX,648,0.00618318,0.00000250,102.191,4253.0,687849.0,1538849.0,0.23,-19.2,46.41,1496459389
Antilitecoin,ALTC,649,0.000123664,0.00000005,2.00674,3897.0,31512613.0,31512613.0,0.23,-26.65,-29.67,1496459370
GeertCoin,GEERT,650,0.000762496,0.00000031,12.0977,3881.0,5090239.0,5090239.0,0.24,-6.88,-19.1,1496459386
NodeCoin,NODC,651,0.00221639,0.00000097,,3720.0,1678439.0,5878439.0,,,5.04,1496270080
Revenu,REV,652,0.00281953,0.00000114,30.6759,3371.0,1195525.0,1195525.0,0.23,,,1496459371
Elysium,ELS,653,0.000840912,0.00000034,54.8055,3368.0,4005012.0,4005012.0,0.23,-40.5,-23.49,1496459385
Pulse,PULSE,654,0.000226893,0.00000009,68.0668,3244.0,14298972.0,14298972.0,7.86,27.39,-54.21,1496459370
Selfiecoin,SLFI,655,0.0000247327,0.00000001,1.97862,2667.0,107829281.0,107829281.0,0.23,2.68,12.52,1496459361
Californium,CF,656,0.020083,0.00000812,16.9539,2231.0,111110.0,111110.0,0.23,-1.94,11.36,1496459362
P7Coin,P7C,657,0.0000494654,0.00000002,0.345838,1742.0,35220238.0,35220238.0,0.23,-31.56,12.52,1496459362
Doubloon,BOAT,658,0.000469917,0.00000019,127.927,1667.0,3547845.0,18547845.0,0.23,-10.85,-31.91,1496459384
Enigma,XNG,659,0.0974716,0.00003941,45.6567,1621.0,16627.0,66627.0,0.23,-26.18,14.14,1496459371
GanjaCoin,420G,660,0.00192924,0.00000078,28.8582,1298.0,672975.0,1741116.0,0.23,-73.31,-93.71,1496459358
Powercoin,PWR,661,0.0000247327,0.00000001,77.4188,1236.0,49983870.0,49983870.0,0.23,2.68,12.52,1496459373
Dollar Online,DOLLAR,662,0.0119954,0.00000485,224.847,1060.0,88379.0,10088379.0,0.23,-16.35,-1.57,1496459382
23 Skidoo,CHAO,663,3982.04,1.61003,118.738,1006.0,0.0,0.0,0.23,9.48,-27.56,1496459364
Impeachcoin,IMPCH,664,0.00284426,0.00000115,3.55941,877.0,308179.0,2501512.0,0.23,-26.17,-31.68,1496459385
Digital Credits,DGCS,665,0.000148396,0.00000006,36.6126,865.0,5826388.0,201284316.0,0.23,53.98,12.52,1496459367
SwapToken,TOKEN,666,0.0000241740,0.000000010,9.26263,849.0,35110531.0,35110531.0,0.57,91.35,5038.2,1496459375
Zcashshare,ZHS,667,0.000216504,0.00000009,,612.0,2826000.0,2826000.0,,-0.13,-21.42,1496411380
CRTCoin,CRT,668,0.00494654,0.00000200,0.0000000247,392.0,79270.0,10079270.0,0.23,2.68,12.62,1496459352
PizzaCoin,PIZZA,669,0.000247327,0.00000010,69.1526,341.0,1377917.0,10127917.0,0.23,14.09,70.07,1496459376
Xenixcoin,XEN,670,0.027206,0.00001100,37.0991,275.0,10100.0,10010100.0,0.23,37.84,-41.03,1496459383
CaliphCoin,CALC,671,0.00101718,0.00000041,15.192,89.0,87140.0,148587140.0,0.23,12.79,-37.38,1496459378
MikeTheMug,MUG,672,0.0000051456,0.000000002,,5.0,999279.0,1000000.0,,,-99.41,1496047185
BTCGold,XBG,673,0.139888,0.00005656,28.3796,,,99000001.0,0.23,2.68,-38.21,1496459391
Soarcoin,SOAR,674,0.0185176,0.00000749,142.474,,,5000000000.0,0.1,-2.3,-3.43,1496459387
Project-X,NANOX,675,311632.0,126.0,1097.07,,,1.0,0.23,-13.93,,1496459393
Internet of Things,XOT,676,1220.23,0.493366,1554.13,,,21000000.0,0.05,1.8,22.46,1496459389
AMIS,AMIS,677,277.548,0.115061,,,,,,-1.54,,1496391890
Bitcoin Unlimited (Futures),BTU,678,121.708,0.0492093,786.237,,,,0.0,0.55,-21.25,1496459387
Malcoin,MALC,679,32.2363,0.0130339,43529.0,,,1000000000.0,0.23,2.68,12.75,1496459391
GoldUnionCoin,GUC,680,23.019,0.0093071,20011.9,,,210000000.0,0.23,14.56,23.48,1496459390
Qtum (Pre-Launch),QTUM,681,13.1481,0.00531608,49692500.0,,,100000000.0,2.08,46.29,236.95,1496459392
ZenCash,ZEN,682,9.08104,0.00367167,25156.0,,,1394313.0,0.02,-12.06,,1496459393
Fargocoin,FRGC,683,7.06074,0.00285482,723640.0,,,443947475.0,0.07,3.68,7.56,1496459383
EcoCoin,ECO,684,3.7036,0.00149745,43790.3,,,1093895.0,-0.04,-4.68,19.93,1496459393
Internet of People,IOP,685,3.58646,0.00145009,2412.22,,,2139406.0,0.23,-2.59,56.72,1496459382
DECENT (Pre-Launch),DCT,686,3.49686,0.00141386,4314.92,,,73290000.0,-0.09,22.63,-6.42,1496459382
PRIZM,PZM,687,1.13501,0.00045891,35055.6,,,,0.23,8.55,21.19,1496459392
Bitcore,BTX,688,1.06803,0.00043183,15669.1,,,16361716.0,0.25,2.45,-33.33,1496459391
OBITS.WARRANT,WARRANT,689,1.0059,0.00040671,1986.84,,,,0.55,,,1496459394
DynamicCoin,DMC,690,0.997797,0.00040343,426890.0,,,10541442931.0,-0.04,-0.02,0.02,1496459380
Aeternity (Pre-Launch),AE,691,0.838439,0.000339,1990.3,,,,0.23,20.17,,1496459393
XDE II,XDE2,692,0.833369,0.00033695,256.404,,,42249.0,0.23,45.0,60.2,1496459388
Databits,DTB,693,0.824971,0.00033355,133398.0,,,,-2.57,1.79,8.13,1496459388
GAY Money,GAY,694,0.635656,0.00025701,182.091,,,5603062205.0,0.23,8.95,68.96,1496459378
TechShares,THS,695,0.635111,0.00025679,7.50783,,,646359158.0,0.23,6.18,10.34,1496459377
Bitgem,BTG,696,0.55797,0.0002256,26.113,,,,0.23,-29.86,-34.91,1496459342
LEOcoin,LEO,697,0.521977,0.00021105,278847.0,,,92928361.0,0.11,10.06,24.67,1496459364
InvisibleCoin,IVZ,698,0.437769,0.000177,165.991,,,,0.23,81.79,385.05,1496459367
WA Space,WA,699,0.379004,0.00015324,44480.9,,,,0.23,-4.66,19.5,1496459380
ZenGold,ZENGOLD,700,0.34939,0.00014127,2587.07,,,,-0.25,34.62,,1496459393
ClubCoin,CLUB,701,0.287318,0.00011617,19145.0,,,90899180.0,0.96,0.55,3.14,1496459368
TeslaCoilCoin,TESLA,702,0.275448,0.00011137,170.829,,,100000000.0,0.23,-50.27,22.81,1496459373
Yogold,YOG,703,0.272233,0.00011007,32.8912,,,100000000.0,0.23,2.78,23.73,1496459387
TROPTIONS,TROPTIONS,704,0.248173,0.00010598,,,,1000000001.0,,,,1496287780
Zilbercoin,ZBC,705,0.228389,0.00009234,93639.5,,,9009323.0,-5.05,-3.75,-23.52,1496459384
Pabyosi Coin (Special),PCS,706,0.172807,0.00006987,2345.3,,,30993751760.0,1.66,8.0,27.82,1496459382
Golos Gold,GBG,707,0.159848,0.00006463,4129.36,,,,-1.94,-2.44,1.15,1496459386
AlpaCoin,APC,708,0.157943,0.00006386,690.985,,,,0.23,-1.39,31.92,1496459368
EquiTrader,EQT,709,0.131083,0.00005300,92043.2,,,7670800.0,0.23,2.68,19.38,1496459393
Topaz Coin,TOPAZ,710,0.127044,0.00005137,25345.2,,,38267.0,0.23,219.04,10.93,1496459391
LandCoin,LDCN,711,0.108307,0.00004379,25334.3,,,19003881978.0,0.24,13.98,395.99,1496459383
Wowecoin,WEC,712,0.104,0.00004205,11334.2,,,8901692.0,,-0.0,4.0,1496459376
Tattoocoin (Limited Edition),TLE,713,0.0954653,0.00003860,18.037,,,975532.0,0.26,-26.6,22.08,1496459390
DeusCoin,DEUS,714,0.0897303,0.00003628,6961.74,,,,0.23,2.42,-12.04,1496459390
InsaneCoin,INSN,715,0.0775828,0.00003137,3503.39,,,18528345.0,0.11,-10.29,60.79,1496459392
Omicron,OMC,716,0.0763004,0.00003085,0.247327,,,10134130.0,0.23,5.59,12.48,1496459378
Quartz,QRZ,717,0.0664815,0.00002688,2563.88,,,21000000.0,0.23,-65.5,,1496459392
WavesGo,WGO,718,0.0613317,0.00002480,919.001,,,10000000.0,2.82,-9.09,53.36,1496459390
Fazzcoin,FAZZ,719,0.0558585,0.00002258,866.879,,,1022577370.0,4.49,42.17,-19.84,1496459389
Elacoin,ELC,720,0.051172,0.00002069,47.5291,,,,8.71,,75.38,1496459342
CryptoBuck,BUK,721,0.0397921,0.00001609,1.01367,,,,-0.97,24.0,42.79,1496459358
International Diamond,XID,722,0.038234,0.00001588,,,,,,0.12,,1496373575
DeltaCredits,DCRE,723,0.0293185,0.00001217,,,,,,0.02,3.4,1496419764
President Johnson,GARY,724,0.0292206,0.00001181,119.251,,,57968072167.0,0.23,2.67,77.89,1496459377
IvugeoCoin,IEC,725,0.0246091,0.00000995,0.248496,,,,0.23,2.65,,1496459364
RHFCoin,RHFC,726,0.0245108,0.00000991,9067.46,,,200157080.0,0.23,8.37,-4.81,1496459390
EDRCoin,EDRC,727,0.0224806,0.00000909,13699.8,,,3407292.0,-1.78,-5.92,-19.08,1496459370
ShellPay,SHELL,728,0.0211375,0.00000855,12168.8,,,,16.13,1.42,3.45,1496459364
Lepaoquan,HLB,729,0.0195522,0.00000791,1020440.0,,,935398795.0,-1.08,-1.26,8.77,1496459382
Gycoin,GYC,730,0.0192564,0.00000779,4938.27,,,22213403.0,-0.12,5.71,0.62,1496459376
Avoncoin,ACN,731,0.017585,0.00000711,2939.66,,,,-0.33,-9.27,-7.85,1496459386
KolschCoin,TP1,732,0.0147961,0.00000620,,,,,,,43.53,1496357661
Digitalfund,DTF,733,0.0143852,0.00000582,20858.5,,,54000053.0,-3.92,5.54,-11.94,1496459376
Mind Gene,MG,734,0.012119,0.00000490,6139.16,,,,-0.98,-6.68,-7.71,1496459378
Sharkcoin,SAK,735,0.00975811,0.00000395,3121.16,,,,-0.19,1.09,34.38,1496459362
Tyrocoin,TYC,736,0.0081618,0.00000330,7.41982,,,50134500.0,0.23,8.26,-69.31,1496459390
First Bitcoin,BIT,737,0.00784493,0.00000317,1022.64,,,20706894564.0,0.13,2.39,-19.33,1496459375
Goldpay Coin,GP,738,0.00717646,0.00000290,39231.1,,,,4.02,11.85,4.14,1496459392
9COIN,9COIN,739,0.00675203,0.00000273,258.182,,,350050250.0,0.23,-29.39,49.25,1496459392
Opal,OPAL,740,0.00652167,0.00000264,2271.69,,,,-1.15,-11.35,13.17,1496459358
GBCGoldCoin,GBC,741,0.00649,0.00000262,34.9231,,,,,29.8,15.91,1496459367
Helleniccoin,HNC,742,0.00640577,0.00000259,704.74,,,,0.23,1.14,78.91,1496459364
Psilocybin,PSY,743,0.00593585,0.00000240,16.9254,,,,0.23,,1.91,1496459370
Xaucoin,XAU,744,0.00593585,0.00000240,45.9584,,,,0.23,2.23,-5.12,1496459362
EggCoin,EGG,745,0.00562322,0.00000237,,,,,,,8.04,1496295864
PiCoin,PI,746,0.00546593,0.00000221,24.7327,,,1378369.0,0.1,-62.18,-72.33,1496459391
Slimcoin,SLM,747,0.00507021,0.00000205,128.61,,,13925626.0,0.23,-22.06,,1496459361
Axiom,AXIOM,748,0.00489708,0.00000198,8.16152,,,,0.23,1.63,9.24,1496459365
Dashs,DASHS,749,0.00447662,0.00000181,13.5357,,,,0.23,-4.33,-63.02,1496459390
GoldReserve,XGR,750,0.00445189,0.00000180,1392.08,,,17162354.0,0.37,1.87,15.0,1496459354
BagCoin,BGC,751,0.00421868,0.00000171,82876.8,,,497214120.0,3.14,1.02,-0.16,1496459375
netBit,NBIT,752,0.00417983,0.00000169,4.17983,,,,0.23,-1.4,36.3,1496459380
AvatarCoin,AV,753,0.0039325,0.00000159,0.0983126,,,,0.23,,12.52,1496459368
Bitcoin Scrypt,BTCS,754,0.00390777,0.00000158,39.9378,,,,0.23,-4.79,13.36,1496459349
President Trump,PRES,755,0.00314915,0.00000127,395.342,,,57968072167.0,0.23,14.54,23.57,1496459377
Quotient,XQN,756,0.0027206,0.00000110,72.5362,,,,0.23,2.68,,1496459360
RoyalCoin 2,RYCN,757,0.0025946,0.00000105,1770.66,,,2500124.0,0.23,,-2.65,1496459379
SportsCoin,SPORT,758,0.00252274,0.00000102,3490.88,,,19800001.0,0.23,,248.11,1496459379
BitcoinFast,BCF,759,0.00248878,0.00000101,63.468,,,,0.2,7.25,-14.67,1496459359
ZSEcoin,ZSE,760,0.00241699,0.00000098,40.1163,,,6383375.0,-8.3,-22.68,-66.09,1496459387
TrickyCoin,TRICK,761,0.00227541,0.00000092,0.49688,,,,0.23,3.81,-9.86,1496459361
OCOW,OCOW,762,0.00227517,0.00000099,,,,,,,4.55,1496142268
GameLeagueCoin,GML,763,0.00220121,0.00000089,0.550303,,,,0.23,,-2.68,1496459354
RichCoin,RICHX,764,0.00210122,0.00000093,,,,5925522.0,,,2.88,1496167172
Condensate,RAIN,765,0.00206671,0.00000084,1366.86,,,42978123.0,-1.3,26.75,13.68,1496459391
Neptune Classic,NTCC,766,0.00200335,0.00000081,1492.3,,,,0.23,-17.48,66.25,1496459386
Digital Bullion Gold,DBG,767,0.00183022,0.00000074,146.259,,,24523275.0,0.23,26.61,38.78,1496459374
MMXVI,MMXVI,768,0.00168182,0.00000068,330.3,,,,3.27,19.58,-32.94,1496459369
Clinton,CLINT,769,0.00168182,0.00000068,32.8105,,,,0.23,-35.37,-29.09,1496459373
Mavro,MAVRO,770,0.00168043,0.00000070,,,,15005722.0,,,-22.78,1496349588
Advanced Internet Blocks,AIB,771,0.00152679,0.00000062,106.378,,,31411917950.0,0.23,9.52,-40.78,1496459362
TodayCoin,TODAY,772,0.0013603,0.00000055,16.824,,,,0.23,22.74,50.94,1496459377
UR,UR,773,0.0012119,0.00000049,256.532,,,,0.23,-8.52,-0.23,1496459387
BestChain,BEST,774,0.00113359,0.00000046,7.59229,,,20042911.0,0.55,9.29,3.14,1496459388
True Investment Coin,TIC,775,0.000989309,0.00000040,30.9108,,,,0.23,-4.48,-16.91,1496459386
Skeincoin,SKC,776,0.000989309,0.00000040,0.643051,,,,0.27,-4.48,,1496459349
RoyalCoin,ROYAL,777,0.000962357,0.00000039,22.8228,,,2500124.0,0.56,-19.94,3.64,1496459379
The Aladin,ADT,778,0.000892522,0.00000032,,,,,,,,1495722585
Bitcedi,BXC,779,0.000865645,0.00000035,12.0229,,,,0.23,-14.65,,1496459373
Donationcoin,DON,780,0.000865645,0.00000035,9608.39,,,,0.23,2.9,,1496459354
Braincoin,BRAIN,781,0.000842028,0.00000035,,,,,,-0.15,32.1,1496420372
Dubstep,DUB,782,0.000817313,0.00000034,,,,,,-0.23,9.46,1496411064
FrankyWillCoin,FRWC,783,0.000745197,0.00000031,,,,,,-0.2,5.95,1496411075
Lazaruscoin,LAZ,784,0.000745197,0.00000031,,,,,,-0.2,47.4,1496411078
IrishCoin,IRL,785,0.000741982,0.00000030,248.748,,,,-10.91,-7.15,,1496459365
Motocoin,MOTO,786,0.000741982,0.00000030,16.8035,,,,0.23,-51.37,-0.36,1496459353
KashhCoin,KASHH,787,0.00072722,0.00000029,1651.98,,,,-2.91,-3.22,171.7,1496459385
WeAreSatoshi,WSX,788,0.000692516,0.00000028,7.34996,,,,0.23,-10.18,-7.25,1496459357
Quebecoin,QBC,789,0.000692516,0.00000028,2.59842,,,,0.23,10.55,14.08,1496459353
Opescoin,OPES,790,0.000674759,0.00000028,,,,,,0.05,9.64,1496432667
RubleBit,RUBIT,791,0.000667783,0.00000027,43.6432,,,,0.23,-32.4,-10.66,1496459367
Vsync,XVS,792,0.00061706,0.00000025,376.763,,,103334172.0,8.76,18.27,-17.96,1496459389
BitAlphaCoin,BAC,793,0.000511377,0.00000021,48.3535,,,,1.11,22.6,-20.75,1496459369
CBD Crystals,CBD,794,0.000504047,0.00000020,11.6293,,,,-5.06,-2.47,-58.44,1496459380
MarxCoin,MARX,795,0.000493024,0.00000020,149.708,,,29332120.0,36.65,9.71,10.49,1496459386
T-coin,TCOIN,796,0.000469922,0.00000019,1655.68,,,,0.23,3.12,20.81,1496459382
Alphabet Coin Fund,FUN,797,0.000445189,0.00000018,65.3131,,,20742012.0,0.23,,-73.35,1496459372
GoldMaxCoin,GMX,798,0.000395723,0.00000016,2.32488,,,84078950.0,0.23,,-9.98,1496459371
UGAIN,GAIN,799,0.000370991,0.00000015,18.1322,,,,0.23,2.68,68.88,1496459376
PrismChain,PRM,800,0.000370991,0.00000015,87.958,,,,0.23,10.02,-76.97,1496459373
Sakuracoin,SKR,801,0.000345799,0.00000014,135.81,,,,3.15,5.58,31.25,1496459379
Gambleo,GMB,802,0.000345025,0.00000014,,,,,,2.32,-22.48,1496454588
BlazerCoin,BLAZR,803,0.000321525,0.00000013,13.6239,,,,0.23,-33.26,5.19,1496459389
Cubits,QBT,804,0.00029263,0.00000012,0.00321893,,,,-0.36,-42.15,-35.92,1496459379
VGINA,VGINA,805,0.000292629,0.00000012,0.00292629,,,11603228.0,-0.36,,-61.96,1496459391
Operand,OP,806,0.000290011,0.00000012,,,,36309296.0,,0.31,-11.09,1496423371
TeraCoin,TERA,807,0.00027206,0.00000011,3909.46,,,,0.26,30.15,39.84,1496459385
DarkLisk,DISK,808,0.00027206,0.00000011,37.1061,,,17888425.0,0.23,-29.43,-11.59,1496459372
Cycling Coin,CYC,809,0.00027206,0.00000011,5.30101,,,,0.23,-5.9,12.62,1496459365
The Vegan Initiative,XVE,810,0.000271928,0.00000011,211.259,,,,0.23,-12.95,23.71,1496459389
Happy Creator Coin,HCC,811,0.000269169,0.00000011,23.4352,,,,7.33,1.34,27.94,1496459374
Grumfork,GMF,812,0.000247327,0.00000010,7.41982,,,,0.23,2.68,,1496459390
MobileCash,MBL,813,0.000222594,0.00000009,10.5289,,,1068669648.0,0.23,2.68,44.67,1496459378
President Sanders,BURN,814,0.000222594,0.00000009,142.975,,,57968072167.0,0.26,-7.59,-33.12,1496459383
AsicCoin,ASC,815,0.000212815,0.00000009,24.4289,,,,0.17,,,1496459346
Moneta,MONETA,816,0.000173129,0.00000007,159.578,,,,0.23,-10.15,-1.56,1496459366
LAthaan,LTH,817,0.000123664,0.00000005,168.039,,,,0.23,-26.65,-32.15,1496459379
Halloween Coin,HALLO,818,0.000122948,0.00000005,465.517,,,264606193.0,8.93,35.41,11.31,1496459392
TeamUp,TEAM,819,0.0000989309,0.00000004,0.259792,,,301004896.0,0.23,2.68,50.03,1496459379
PayPeer,PAYP,820,0.0000989309,0.00000004,125.586,,,,0.23,105.37,125.04,1496459370
Wowcoin,WOW,821,0.0000964807,0.00000004,,,,,,0.14,119.47,1496426381
TheCreed,TCR,822,0.0000741982,0.00000003,9.44053,,,,0.23,-22.99,-32.49,1496459371
FireFlyCoin,FFC,823,0.0000741982,0.00000003,1.57073,,,,0.23,208.05,237.56,1496459359
LinkedCoin,LKC,824,0.0000741982,0.00000003,14.122,,,,0.23,-22.99,-24.12,1496459375
LePen,LEPEN,825,0.0000699038,0.00000003,101.917,,,,0.22,25.27,152.57,1496459386
PokeCoin,POKE,826,0.0000494654,0.00000002,6.156,,,,0.23,2.68,-24.99,1496459375
PinkDog,PDG,827,0.0000494654,0.00000002,0.0000247327,,,,0.23,2.68,125.0,1496459385
CyberCoin,CC,828,0.0000494654,0.00000002,49.4654,,,549267534.0,0.23,2.65,125.04,1496459362
VegasCoin,VGC,829,0.0000494654,0.00000002,2.47327,,,,0.23,82.44,97.46,1496459351
X2,X2,830,0.0000494654,0.00000002,8.02268,,,,0.23,105.31,125.04,1496459368
Rcoin,RCN,831,0.0000494654,0.00000002,89.509,,,,0.23,105.37,46.79,1496459379
MoneyCoin,MONEY,832,0.0000494654,0.00000002,1080.89,,,,0.23,-19.81,-5.32,1496459382
Tellurion,TELL,833,0.0000494654,0.00000002,4.94652,,,,0.23,2.65,125.25,1496459379
Cashme,CME,834,0.0000491969,0.00000002,,,,,,2.13,11.91,1496446166
UNCoin,UNC,835,0.0000400834,0.00000002,1176.87,,,,0.23,26.44,-3.99,1496459362
InflationCoin,IFLT,836,0.0000344335,0.00000001,2411.78,,,3301217541.0,-30.38,9.27,-8.49,1496459383
SuperTurboStake,STRB,837,0.0000247327,0.00000001,0.247327,,,,0.23,2.65,12.52,1496459369
President Clinton,HILL,838,0.0000247327,0.00000001,3.95723,,,57968072167.0,0.23,,-25.94,1496459376
Aces,ACES,839,0.0000247327,0.00000001,3.71082,,,,0.23,2.68,12.52,1496459376
Safe Trade Coin,XSTC,840,0.0000247327,0.00000001,395.723,,,604880000.0,0.23,2.68,12.52,1496459383
Global Business Revolution,GBRC,841,0.0000247327,0.00000001,682.425,,,900096049.0,0.23,-48.66,12.52,1496459380
ChoofCoin,CHOOF,842,0.0000247327,0.00000001,7.46931,,,,0.23,2.65,12.62,1496459381
SoulCoin,SOUL,843,0.0000247327,0.00000001,3.97259,,,,0.23,2.68,12.5,1496459372
Yescoin,YES,844,0.0000247318,0.000000010,1006.86,,,,0.23,2.72,21.54,1496459384
FedoraShare,FEDS,845,0.0000195257,0.000000008,2612.82,,,499001351774,0.0,-18.57,-57.49,1496459377
Victoriouscoin,VTY,846,0.0000105137,0.000000004,6.46453,,,10263290326.0,-0.77,-55.71,9.96,1496459378
Virtacoin,VTA,847,0.0000104317,0.000000004,62.4158,,,12423206610.0,0.04,31.94,-5.79,1496459356
Dimecoin,DIME,848,0.0000074736,0.000000003,436.295,,,527139152400,-6.99,1715.07,75.09,1496459345
BatCoin,BAT,849,0.0000008155,0.0000000003,593.07,,,,0.09,-0.01,,1496459349
XP,XP,850,0.0000005844,0.0000000002,382.847,,,133635560466,-63.43,-88.06,-89.28,1496459378
BitCentavo,NBE,851,0.0000005705,0.0000000002,,,,,,15.85,141.09,1496398156
RabbitCoin,RBBT,852,0.0000004457,0.0000000002,21.0627,,,,4.78,-15.52,58.62,1496459356
StrongHands,SHND,853,0.0000002101,0.00000000008,202.627,,,,0.13,68.4,,1496459367
Paccoin,PAC,854,0.0000000702,0.00000000003,725.396,,,,-8.13,-4.14,62.17,1496459367
Bond,BOND,855,,,,,1349.0,1349.0,,,,
bitRUBLE,BITRUBLE,856,,,,,,,,,,
